# %ECSV 1.0
# ---
# datatype:
# - {name: wav, unit: Angstrom, datatype: float64}
# - {name: flux_nu, unit: erg / (cm2 Hz s), datatype: float64}
# meta: {C/O: '1.00', Kzz: '1.0000E+05', Teff: '800.', Y: '0.28', '[Fe/H]': '0.00', f_hole: '1.00', f_rain: '0.00', grav: '56.'}
# schema: astropy-2.0
wav flux_nu
4000.0559999999996 nan
4050.0559999999996 4.2299648140743464e-14
4100.056 3.0667420092998974e-12
4150.056 1.1936091535200675e-11
4200.056 1.0141743599373162e-11
4250.056 2.5657382149601814e-11
4300.056 3.576884592070243e-11
4350.056 4.149796045400154e-11
4400.056 5.1751894865001323e-11
4450.056 6.251497206999995e-11
4500.056 6.458945705000282e-11
4550.056 7.217921462602188e-11
4600.056 6.887289042760002e-11
4650.056 5.796971316799631e-11
4700.056 4.689625281300038e-11
4750.056 1.983222894789994e-11
4800.056 4.9553811093999254e-12
4850.056 1.2436822004899844e-12
4900.056 4.770070382699961e-13
4950.056 2.0005439334999812e-13
5000.056 6.415968892599914e-14
5050.056 2.2459654937999927e-14
5100.056 1.7715478504000032e-14
5150.056 1.5725161684000067e-14
5200.056 1.4374607113000002e-14
5250.056 1.3301805409999993e-14
5300.056 1.2709837362999997e-14
5350.056 1.2610122775000002e-14
5400.056 1.2815440006999997e-14
5450.056 1.3282417956000032e-14
5500.056 1.3929991085000067e-14
5550.056 1.4686563140000024e-14
5600.056 1.5406816964000004e-14
5650.056 1.5903612890999987e-14
5700.056 1.584700134e-14
5750.056 1.508883301699999e-14
5800.056 1.3195723804999966e-14
5850.056 9.142761531799872e-15
5900.056 2.820222878155612e-15
5950.056 1.8082118518500408e-14
6000.056 3.815509511899991e-14
6050.056 6.768751964100089e-14
6100.056 1.0913700946700099e-13
6150.056 1.6766143074000115e-13
6200.056 2.533177022900015e-13
6250.056 3.7911588819000147e-13
6300.056 5.763671275500033e-13
6350.056 8.848910698300072e-13
6400.056 1.370721853400011e-12
6450.056 2.090769335199969e-12
6500.056 3.2762465047999905e-12
6550.056 5.120393412600016e-12
6600.056 7.95499706580018e-12
6650.056 1.2158648698100099e-11
6700.056 1.5669042266310128e-11
6750.056 2.598945959400017e-11
6800.056 3.487062313900026e-11
6850.056 4.095821457400009e-11
6900.056 3.9856019587000574e-11
6950.056 3.5852893892999685e-11
7000.056 3.6774091694000484e-11
7050.056 4.0217292813999365e-11
7100.056 4.45328166639997e-11
7150.056 4.4420680263899165e-11
7200.056 4.282518328078041e-11
7250.056 4.11037688700974e-11
7300.056 3.69707806629201e-11
7350.056 3.296007943309901e-11
7400.056 2.9079072677000872e-11
7450.056 2.4886156160000578e-11
7500.056 2.06002586539998e-11
7550.056 1.6316972140999887e-11
7600.056 1.264942079319991e-11
7650.056 3.5723577270148313e-12
7700.056 2.344657437563113e-12
7750.056 1.2359408990500208e-11
7800.056 2.1404320441720187e-11
7850.056 4.188389291600014e-11
7900.056 6.810519145899975e-11
7950.056 8.584776674028108e-11
8000.056 1.6063412706700212e-10
8050.056 2.2988891479000595e-10
8100.056 2.9561808026200174e-10
8150.056 3.8361577644544607e-10
8200.056 5.335054993000422e-10
8250.056 6.728753365261516e-10
8300.056 8.5953659214727e-10
8350.056 1.0441146239129956e-09
8400.056 1.2841240135569668e-09
8450.056 1.6158824027099344e-09
8500.056 1.7792927695433495e-09
8550.056 2.3286353330200435e-09
8600.056 2.9226245518000234e-09
8650.056 3.4482079388000446e-09
8700.056 3.998397540599986e-09
8750.056 4.669228535100046e-09
8800.056 5.321355840800123e-09
8850.056 5.632347162199889e-09
8900.056 4.2972699332096724e-09
8950.056 4.284363395978326e-09
9000.056 4.827050675164992e-09
9050.056 7.803281073718795e-09
9100.056 9.040428153142846e-09
9150.056 9.635601850950827e-09
9200.056 1.1725937895304531e-08
9250.056 1.1766819930042546e-08
9300.056 5.721794986530528e-09
9350.056 6.7328749377302245e-09
9400.056 9.263628667272849e-09
9450.056 1.1253474033563074e-08
9500.056 1.0798794264849324e-08
9550.056 1.2330057296952182e-08
9600.056 1.221639251613891e-08
9650.056 1.4162137694911435e-08
9700.056 1.733930221003694e-08
9750.056 1.8061363002944838e-08
9800.056 2.0111791046999216e-08
9850.056 2.265836831388269e-08
9900.056 2.6263848903717468e-08
9950.056 2.7180041666599143e-08
10000.056 2.6696075602195656e-08
10050.056 3.3814200248800693e-08
10100.056 4.0613698296795374e-08
10150.056 4.644790536399439e-08
10200.056 5.3449737506999966e-08
10250.056 6.022136440100103e-08
10300.056 6.900874965799895e-08
10350.056 7.851187744799987e-08
10400.056 9.013835977699828e-08
10450.056 9.822695889199476e-08
10500.056 1.0493871282000146e-07
10550.056 1.1213537241200369e-07
10600.056 1.1832472283699458e-07
10650.056 1.263202922380043e-07
10700.056 1.2992980872860736e-07
10750.056 1.366606841536037e-07
10800.056 1.3947179908580323e-07
10850.056 1.3539494037189317e-07
10900.056 1.0381473293689612e-07
10950.056 5.973430557907961e-08
11000.056 4.955387809669615e-08
11050.056 3.826853202605498e-08
11100.056 2.8577268523739236e-08
11150.056 1.820483461218e-08
11200.056 1.6313604066019838e-08
11250.056 1.9172071829028174e-08
11300.056 2.1392067670350913e-08
11350.056 1.0399176164532223e-08
11400.056 1.8225589914689196e-08
11450.056 1.5662714843986515e-08
11500.056 1.3167886539749249e-08
11550.056 5.7524241962796505e-09
11600.056 6.572476920518386e-09
11650.056 1.1555699996829478e-08
11700.056 1.1458360152313691e-08
11750.056 3.852963087863296e-09
11800.056 1.3433246530969759e-08
11850.056 2.144531491157824e-08
11900.056 2.5305831063330732e-08
11950.056 3.688355210638027e-08
12000.056 4.949436142648617e-08
12050.056 6.551073783638766e-08
12100.056 8.385112986774646e-08
12150.056 1.0585088636068439e-07
12200.056 1.259370423673477e-07
12250.056 1.5023156224456225e-07
12300.056 1.7890649346292237e-07
12350.056 1.8917172598360502e-07
12400.056 2.15904482890993e-07
12450.056 2.193058518680154e-07
12500.056 2.36510891223003e-07
12550.056 2.5739564584102144e-07
12600.056 3.059261671280138e-07
12650.056 3.006550181379979e-07
12700.056 3.05408857349945e-07
12750.056 2.8950149390542815e-07
12800.056 2.8369614508051056e-07
12850.056 2.3652070015969988e-07
12900.056 2.027713598881664e-07
12950.056 1.9672675246027435e-07
13000.056 1.8164049772160993e-07
13050.056 1.553042699995148e-07
13100.056 1.397562592046409e-07
13150.056 1.1119016084765564e-07
13200.056 9.536405948455279e-08
13250.056 7.241680698928082e-08
13300.056 3.4710150757306905e-08
13350.056 1.1526284327392721e-08
13400.056 8.250199958937625e-09
13450.056 4.24224136675009e-09
13500.056 2.74624076420145e-09
13550.056 1.8147052356244242e-09
13600.056 7.52208378436964e-10
13650.056 2.178172291480663e-09
13700.056 1.6931025298391446e-09
13750.056 1.6995403514799744e-09
13800.056 1.7968084680592742e-09
13850.056 1.4360254107510466e-09
13900.056 1.5448042566399423e-09
13950.056 1.3133172189201569e-09
14000.056 1.3518432036057303e-09
14050.056 1.7598889504194597e-09
14100.056 1.7852820233133964e-09
14150.056 2.636582516808137e-09
14200.056 2.0512618208743713e-09
14250.056 2.4283660731827015e-09
14300.056 4.037477410099685e-09
14350.056 4.279875638434484e-09
14400.056 5.042480810383081e-09
14450.056 5.786653995215614e-09
14500.056 1.0251998182928045e-08
14550.056 1.1947235769458077e-08
14600.056 1.523436266889002e-08
14650.056 1.5326474544767017e-08
14700.056 1.214626879420701e-08
14750.056 1.389708182166531e-08
14800.056 1.9036807032908916e-08
14850.056 2.1309406149667446e-08
14900.056 2.2776857034179818e-08
14950.056 2.5214319164476675e-08
15000.056 3.111690762361914e-08
15050.056 3.3930302263902164e-08
15100.056 3.650922591882096e-08
15150.056 4.03878162729016e-08
15200.056 4.3758318444559475e-08
15250.056 5.716225796064053e-08
15300.056 6.593719392006396e-08
15350.056 7.481441677608216e-08
15400.056 8.659702307736906e-08
15450.056 9.76183383950733e-08
15500.056 1.0396512549567603e-07
15550.056 1.1991241719331041e-07
15600.056 1.2556756002740307e-07
15650.056 1.3745744466600703e-07
15700.056 1.5954472678804732e-07
15750.056 1.7101748239399095e-07
15800.056 1.6842812130503228e-07
15850.056 1.799205316740023e-07
15900.056 1.6313872395000848e-07
15950.056 1.5164603111697087e-07
16000.056 1.1888040405200735e-07
16050.056 7.811428243509725e-08
16100.056 5.462563621766462e-08
16150.056 3.5129757720811297e-08
16200.056 2.2255352594761607e-08
16250.056 1.794626793817623e-08
16300.056 1.3225179996889277e-08
16350.056 1.496885733823441e-08
16400.056 1.8640920755041476e-08
16450.056 1.9455751844834234e-08
16500.056 2.0438477129491463e-08
16550.056 2.0333424839618273e-08
16600.056 2.0089585965006088e-08
16650.056 1.6076558824121103e-08
16700.056 4.30207337838298e-09
16750.056 6.85652845920412e-09
16800.056 1.2534361318863084e-08
16850.056 1.4629428797818989e-08
16900.056 1.0568184422359297e-08
16950.056 7.662618486524339e-09
17000.056 5.247593502151204e-09
17050.056 9.140299895858516e-09
17100.056 1.3059589505704314e-08
17150.056 8.762521207087512e-09
17200.056 1.6626719688716776e-08
17250.056 1.4161354205071473e-08
17300.056 9.77106485613326e-09
17350.056 8.986408782336744e-09
17400.056 1.1377247694574548e-08
17450.056 1.4188612688020896e-08
17500.056 1.7522093225448294e-08
17550.056 1.6764274614214105e-08
17600.056 1.3823818731915983e-08
17650.056 1.3900694770460436e-08
17700.056 1.0055037876693697e-08
17750.056 1.0171181346156584e-08
17800.056 1.6721342010464557e-08
17850.056 1.0993981064674676e-08
17900.056 9.133343176201731e-09
17950.056 7.767001604672392e-09
18000.056 9.826948623406986e-09
18050.056 1.0103706741538616e-08
18100.056 1.1576367612266755e-08
18150.056 1.4392313570242478e-08
18200.056 9.214945220915464e-09
18250.056 1.9575957244726492e-08
18300.056 1.1996456939265865e-08
18350.056 9.620543621197306e-09
18400.056 9.590961078397783e-09
18450.056 1.3126477351532698e-08
18500.056 1.4294881258832353e-08
18550.056 1.117922258023138e-08
18600.056 1.0252869762661432e-08
18650.056 1.011696330977529e-08
18700.056 8.398549832793542e-09
18750.056 1.2335862334913162e-08
18800.056 2.1534811503289342e-08
18850.056 2.4672232919238458e-08
18900.056 2.3217301298768147e-08
18950.056 3.3585487009416094e-08
19000.056 2.3352042396474252e-08
19050.056 1.7333710514263456e-08
19100.056 2.8639783741065268e-08
19150.056 2.0961687368732e-08
19200.056 2.580498189714229e-08
19250.056 1.9910240485531337e-08
19300.056 1.8036637312130858e-08
19350.056 1.5144698905644322e-08
19400.056 1.1975964029914602e-08
19450.056 2.0954939586246854e-08
19500.056 1.983402790959982e-08
19550.056 1.4335776772847482e-08
19600.056 2.1867700734244612e-08
19650.056 2.336004024691906e-08
19700.056 2.4550926954155876e-08
19750.056 2.8670076740981357e-08
19800.056 2.8185353048320104e-08
19850.056 3.646929639630244e-08
19900.056 3.001724023712817e-08
19950.056 4.67150655130761e-08
20000.056 4.405804851877656e-08
20050.056 4.641871780194478e-08
20100.056 5.811350388247817e-08
20150.056 5.1945851576020444e-08
20200.056 5.6214781847240726e-08
20250.056 6.965047928158028e-08
20300.056 7.0924880026867e-08
20350.056 7.972890358397579e-08
20400.056 7.592588717605133e-08
20450.056 9.237947430601271e-08
20500.056 1.0065708283451905e-07
20550.056 1.0012992496741671e-07
20600.056 1.1164369244589891e-07
20650.056 1.1396645628172583e-07
20700.056 1.1825450306044919e-07
20750.056 1.2391064778068575e-07
20800.056 1.2470927420766476e-07
20850.056 1.218410193262006e-07
20900.056 1.2597285126596382e-07
20950.056 1.1925507869139266e-07
21000.056 1.1408204919103161e-07
21050.056 1.126224157783873e-07
21100.056 1.0409798051291245e-07
21150.056 1.0450442471137816e-07
21200.056 9.424330226360485e-08
21250.056 8.692420028252158e-08
21300.056 7.209401257570971e-08
21350.056 7.234091702003047e-08
21400.056 6.633657711344379e-08
21450.056 5.909339599601613e-08
21500.056 5.28350060055135e-08
21550.056 4.7323048672317415e-08
21600.056 3.9697277363304005e-08
21650.056 3.2817730414307164e-08
21700.056 3.2382569081703783e-08
21750.056 2.8320495071417454e-08
21800.056 2.3343884542992843e-08
21850.056 2.1108843274846095e-08
21900.056 1.4761894475869536e-08
21950.056 8.304769780849275e-09
22000.056 3.0967516877737103e-09
22050.056 2.1527828261179116e-09
22100.056 4.190130113856863e-09
22150.056 6.0481887615601224e-09
22200.056 6.9603666326939235e-09
22250.056 5.673613876096803e-09
22300.056 4.367764614393218e-09
22350.056 4.3990822326029234e-09
22400.056 2.8861025225121246e-09
22450.056 2.7058696074174387e-09
22500.056 2.3829009138179045e-09
22550.056 1.9037338385403907e-09
22600.056 1.9312163684253364e-09
22650.056 2.3070587625824764e-09
22700.056 1.870891101843333e-09
22750.056 1.9842591334833494e-09
22800.056 1.847925190083258e-09
22850.056 1.593135104350738e-09
22900.056 1.319141394521582e-09
22950.056 1.258589190199708e-09
23000.056 1.6886864682690093e-09
23050.056 2.218491285218314e-09
23100.056 4.603978190982771e-09
23150.056 5.215482898444581e-09
23200.056 1.009088624861634e-09
23250.056 1.415303979358828e-09
23300.056 1.3436919197044434e-09
23350.056 1.4377689735231395e-09
23400.056 1.5992703984787354e-09
23450.056 1.4235002720860542e-09
23500.056 1.5605901895163865e-09
23550.056 2.098228092095238e-09
23600.056 2.4450763160444816e-09
23650.056 3.5313452090297066e-09
23700.056 1.8770629222035967e-09
23750.056 1.4689781909878692e-09
23800.056 2.0453894420635e-09
23850.056 2.2134029125141685e-09
23900.056 3.568246701823623e-09
23950.056 3.726364409557419e-09
24000.056 4.4188257794182984e-09
24050.056 5.766454198682349e-09
24100.056 5.338265367958371e-09
24150.056 6.45468613696195e-09
24200.056 5.923055819093929e-09
24250.056 4.950296985393828e-09
24300.056 6.446249255462086e-09
24350.056 5.535265163090886e-09
24400.056 8.079235522488374e-09
24450.056 8.231945108204432e-09
24500.056 8.353865046203015e-09
24550.056 1.059093262942475e-08
24600.056 1.0722632211326733e-08
24650.056 1.3998663978678499e-08
24700.056 1.0250014068022272e-08
24750.056 1.2136293310350506e-08
24800.056 1.2471371448531235e-08
24850.056 1.6780816370904727e-08
24900.056 1.0618019505818128e-08
24950.056 1.804324369422595e-08
25000.056 1.6653495184291095e-08
25050.056 1.2359691632878774e-08
25100.056 1.7114286215099357e-08
25150.056 1.1279987122634254e-08
25200.056 1.5209274796044567e-08
25250.056 1.0011385871223123e-08
25300.056 1.4887556586120854e-08
25350.056 8.655426319639143e-09
25400.056 1.5903872066114634e-08
25450.056 8.504228157122762e-09
25500.056 8.416681722356251e-09
25550.056 1.0173049614444802e-08
25600.056 7.801994520187789e-09
25650.056 5.764599287603337e-09
25700.056 1.0363286961149782e-08
25750.056 4.4403618233411235e-09
25800.056 1.068603470869228e-08
25850.056 4.846772400163793e-09
25900.056 6.55375205999752e-09
25950.056 3.6911468669676708e-09
26000.056 1.1606365818204378e-08
26050.056 5.724453809089003e-09
26100.056 1.0382466111285701e-08
26150.056 7.643127089103136e-09
26200.056 9.155411290657429e-09
26250.056 1.6428126275408174e-08
26300.056 1.0031291761797283e-08
26350.056 2.0476581530770635e-08
26400.056 2.0979533011562506e-08
26450.056 2.242165257528962e-08
26500.056 2.568848000576273e-08
26550.056 1.2433160141702161e-08
26600.056 1.79553790056317e-08
26650.056 7.328588557320774e-09
26700.056 6.684405305398817e-09
26750.056 4.756115631214584e-09
26800.056 8.70631733486934e-09
26850.056 4.980907807276679e-09
26900.056 1.2545268698895655e-08
26950.056 6.216195539267697e-09
27000.056 1.7476194835152615e-08
27050.056 1.3922760484172221e-08
27100.056 8.731491664026815e-09
27150.056 2.0345915688146803e-08
27200.056 9.407825967986811e-09
27250.056 1.3020024574416435e-08
27300.056 3.300560609004654e-08
27350.056 2.2098393378487147e-08
27400.056 5.513558299169139e-09
27450.056 2.845538532518895e-08
27500.056 2.7652865349117324e-08
27550.056 1.0937905198200437e-08
27600.056 2.1145578291515508e-08
27650.056 9.337666448687244e-09
27700.056 7.50803734941206e-09
27750.056 2.2931912955295045e-08
27800.056 9.19529987359812e-09
27850.056 1.2415332401542858e-08
27900.056 1.3067871533840929e-08
27950.056 2.491404875750294e-08
28000.056 1.982030672516268e-08
28050.056 6.123350854225739e-09
28100.056 2.4194469367424955e-08
28150.056 1.5495649414004346e-08
28200.056 7.461890163030822e-09
28250.056 2.5261374452780814e-08
28300.056 3.134231151152409e-08
28350.056 1.0512072327437942e-08
28400.056 1.9519714787712864e-08
28450.056 2.672253758884789e-08
28500.056 2.0425768459475857e-08
28550.056 7.668520440218344e-09
28600.056 3.017895351042846e-08
28650.056 2.515381951634302e-08
28700.056 2.321491865088579e-08
28750.056 3.4567076121988076e-08
28800.056 2.5459355091177228e-08
28850.056 3.2121773405660316e-08
28900.056 1.6480098462530875e-08
28950.056 3.60681869364129e-08
29000.056 2.8763454974895148e-08
29050.056 3.254488928726429e-08
29100.056 2.3183794735945355e-08
29150.056 3.9994713228419044e-08
29200.056 2.9239367011584998e-08
29250.056 4.338701835321711e-08
29300.056 2.2823752524679885e-08
29350.056 6.324151697493946e-08
29400.056 3.3029027182688664e-08
29450.056 3.623425245421967e-08
29500.056 4.237855737742745e-08
29550.056 3.501099249353899e-08
29600.056 4.302234886212204e-08
29650.056 4.7098075141455697e-08
29700.056 3.139119914413843e-08
29750.056 4.689854443234077e-08
29800.056 4.769178125468358e-08
29850.056 5.2516041883273234e-08
29900.056 4.7623085915079286e-08
29950.056 4.582394352344114e-08
30000.056 1.5444610836546274e-08
30050.056 2.1486072999662922e-08
30100.056 2.1809937355088078e-08
30150.056 4.257360494497356e-08
30200.056 3.3618060003598464e-08
30250.056 5.817446678274877e-08
30300.056 5.287903326460948e-08
30350.056 4.224600554175117e-08
30400.056 5.579342887888702e-08
30450.056 3.769586686376628e-08
30500.056 3.371292694817916e-08
30550.056 3.501127945638896e-08
30600.056 4.40354741098003e-08
30650.056 3.21058801486745e-08
30700.056 2.9760654093030082e-08
30750.056 3.5292302257613755e-08
30800.056 2.7853722768325756e-08
30850.056 2.692756889756544e-08
30900.056 2.1012896637485983e-08
30950.056 2.2331634915965375e-08
31000.056 1.8846127719732845e-08
31050.056 1.8598852572219502e-08
31100.056 1.4939373497404e-08
31150.056 1.990011955550894e-08
31200.056 2.0817387817705075e-08
31250.056 1.513169362532748e-08
31300.056 1.344630835511572e-08
31350.056 1.490713771744074e-08
31400.056 1.1494615449768175e-08
31450.056 1.2327992017376886e-08
31500.056 9.216751803379858e-09
31550.056 1.0814536915732974e-08
31600.056 7.77235388016566e-09
31650.056 7.384413058727125e-09
31700.056 7.635355201909359e-09
31750.056 5.939105962879964e-09
31800.056 8.14009572268017e-09
31850.056 5.440563010379597e-09
31900.056 6.8411454034495895e-09
31950.056 4.386140528061853e-09
32000.056 5.7056542866548335e-09
32050.056 6.425628473020241e-09
32100.056 6.167055731966088e-09
32150.056 6.699830290209393e-09
32200.056 5.331205496607769e-09
32250.056 7.798188613661336e-09
32300.056 5.198355936200462e-09
32350.056 7.980488335818665e-09
32400.056 5.046605807618129e-09
32450.056 7.309045507717731e-09
32500.056 6.147929075852305e-09
32550.056 6.242846958689621e-09
32600.056 7.600199829004886e-09
32650.056 1.1726990874867485e-08
32700.056 9.236200158142453e-09
32750.056 1.2395963286142467e-08
32800.056 1.1231612926566467e-08
32850.056 1.3445048798478591e-08
32900.056 1.4693392773150706e-08
32950.056 1.5743446609699646e-08
33000.056 1.2539340483514294e-08
33050.056 1.2382529377187548e-08
33100.056 5.446927171857863e-09
33150.056 1.024625148779003e-09
33200.056 1.1589939549575115e-09
33250.056 6.622901670198978e-10
33300.056 9.07354759120191e-10
33350.056 1.8660177866599845e-09
33400.056 3.0578148991484905e-09
33450.056 4.520624251901337e-09
33500.056 7.848853121265638e-09
33550.056 6.158802323323382e-09
33600.056 1.0616404365238637e-08
33650.056 1.039134700551826e-08
33700.056 8.661362861222337e-09
33750.056 1.3153120821154827e-08
33800.056 9.416413968200902e-09
33850.056 1.1731665906498625e-08
33900.056 9.49341900346021e-09
33950.056 9.625081061047136e-09
34000.056 1.316125108178607e-08
34050.056 6.1974246086253825e-09
34100.056 1.2787665197821462e-08
34150.056 9.551696893069435e-09
34200.056 1.0672409660174557e-08
34250.056 1.0375822369223357e-08
34300.056 9.298434751664683e-09
34350.056 8.61608120179961e-09
34400.056 7.082600739434199e-09
34450.056 1.0567032590954868e-08
34500.056 9.565369545072238e-09
34550.056 7.100496985320836e-09
34600.056 1.314643026159966e-08
34650.056 8.264734477440802e-09
34700.056 1.1305240875898834e-08
34750.056 1.069540791993576e-08
34800.056 9.443551103986019e-09
34850.056 1.1571480293804114e-08
34900.056 1.1705899164853538e-08
34950.056 1.3183965644496434e-08
35000.056 2.0183099344555362e-08
35050.056 1.162807842799971e-08
35100.056 1.6241040436412963e-08
35150.056 1.4767771116844878e-08
35200.056 1.6141223120927645e-08
35250.056 2.1720591300571635e-08
35300.056 1.6233430059503163e-08
35350.056 1.659456200614321e-08
35400.056 1.892845473019732e-08
35450.056 1.280918734811779e-08
35500.056 2.668481852741777e-08
35550.056 2.4081290490774237e-08
35600.056 2.0168854337612705e-08
35650.056 2.3040367291897325e-08
35700.056 2.1175735950512658e-08
35750.056 2.799984283809607e-08
35800.056 3.595838166082087e-08
35850.056 2.0668799354936875e-08
35900.056 2.7788417948053194e-08
35950.056 2.680931534352994e-08
36000.056 2.6941423680504826e-08
36050.056 2.4117483967290247e-08
36100.056 2.5675831400583368e-08
36150.056 2.8612810975901614e-08
36200.056 3.088779637198947e-08
36250.056 2.852616588689948e-08
36300.056 3.623515437421882e-08
36350.056 3.295479679708696e-08
36400.056 3.3241724016511966e-08
36450.056 4.082107942372531e-08
36500.056 4.380785595844175e-08
36550.056 4.36109516124629e-08
36600.056 5.251902806199446e-08
36650.056 5.00526930387763e-08
36700.056 5.347777901174474e-08
36750.056 5.8332719184737916e-08
36800.056 5.796653819550023e-08
36850.056 5.232763770229067e-08
36900.056 6.053879458179082e-08
36950.056 6.597271763978725e-08
37000.056 6.02366834769901e-08
37050.056 6.215555594029281e-08
37100.056 6.846155873950217e-08
37150.056 5.7543313929373654e-08
37200.056 7.036223186528617e-08
37250.056 6.96911109455874e-08
37300.056 6.104953767253946e-08
37350.056 6.60204005376157e-08
37400.056 9.640996144059752e-08
37450.056 7.077478208281322e-08
37500.056 7.144629962603381e-08
37550.056 8.715429048426453e-08
37600.056 9.854601918161124e-08
37650.056 6.807638638970005e-08
37700.056 1.0410055699801029e-07
37750.056 7.688194807649927e-08
37800.056 8.193370448234814e-08
37850.056 5.878398830590644e-08
37900.056 6.923227335542128e-08
37950.056 8.671209149147838e-08
38000.056 1.0231229987139988e-07
38050.056 1.0095594026612771e-07
38100.056 1.008235527460231e-07
38150.056 1.164558666459972e-07
38200.056 1.2229435828803252e-07
38250.056 1.139787224076121e-07
38300.056 1.4840400927897503e-07
38350.056 1.512210420400244e-07
38400.056 9.709918092965727e-08
38450.056 9.988491821706462e-08
38500.056 7.107212809640287e-08
38550.056 1.0992400942703622e-07
38600.056 1.135195360165046e-07
38650.056 1.09450959884678e-07
38700.056 1.1622071114499846e-07
38750.056 1.2702537128801122e-07
38800.056 1.11212035347116e-07
38850.056 1.1511255125561666e-07
38900.056 1.5258752168900812e-07
38950.056 1.2223784640728185e-07
39000.056 1.3853161828149332e-07
39050.056 1.2367593468700346e-07
39100.056 1.3770964841400493e-07
39150.056 1.4007638891560434e-07
39200.056 1.4271878200948597e-07
39250.056 1.634337943711713e-07
39300.056 1.340292220529395e-07
39350.056 1.814548821980096e-07
39400.056 1.504832151532655e-07
39450.056 1.6298810269188817e-07
39500.056 1.6113690149363982e-07
39550.056 1.6068218825845345e-07
39600.056 1.7505778585395143e-07
39650.056 1.8832748834298245e-07
39700.056 1.817651498080243e-07
39750.056 1.508719233293566e-07
39800.056 1.7433867562196155e-07
39850.056 2.1363692263500411e-07
39900.056 2.1124078790701437e-07
39950.056 1.8329287395394914e-07
40000.056 2.4335610212405425e-07
40050.056 2.1171860131599888e-07
40100.056 1.743913713424819e-07
40150.056 2.2097420717917467e-07
40200.056 2.252069753159108e-07
40250.056 2.246855937629162e-07
40300.056 2.2344084986504069e-07
40350.056 2.2846093948397736e-07
40400.056 2.629855521702131e-07
40450.056 2.2576871186962898e-07
40500.056 2.62434954792981e-07
40550.056 2.644346230071338e-07
40600.056 2.5419817890003587e-07
40650.056 2.269129080662264e-07
40700.056 3.0918124981599316e-07
40750.056 2.549739207599598e-07
40800.056 2.089345891428917e-07
40850.056 3.2212846526008573e-07
40900.056 2.9658484010482637e-07
40950.056 2.743491163650171e-07
41000.056 2.762993370519946e-07
41050.056 3.40217693889952e-07
41100.056 2.8873150103801067e-07
41150.056 2.2149051722076943e-07
41200.056 3.317671084669733e-07
41250.056 2.818704138219694e-07
41300.056 2.594576936439373e-07
41350.056 3.553090591900415e-07
41400.056 3.1981723008005486e-07
41450.056 3.4249336206603354e-07
41500.056 2.8033549625171395e-07
41550.056 2.8086925534546434e-07
41600.056 3.3692291879975763e-07
41650.056 3.3998543780101426e-07
41700.056 3.119763515238823e-07
41750.056 3.219939059619787e-07
41800.056 3.6519994789399847e-07
41850.056 2.7184528828300286e-07
41900.056 3.1045219464633897e-07
41950.056 2.9871587398906293e-07
42000.056 2.88330071959909e-07
42050.056 2.656928190506276e-07
42100.056 3.612800164699954e-07
42150.056 2.7838372797999716e-07
42200.056 2.654101014640094e-07
42250.056 2.7554739814894464e-07
42300.056 2.7084753842620256e-07
42350.056 3.308537072110548e-07
42400.056 3.1148176495008496e-07
42450.056 2.809909167910472e-07
42500.056 2.7529851568298717e-07
42550.056 2.6727373635795457e-07
42600.056 2.8327145534106587e-07
42650.056 3.3975252151886903e-07
42700.056 2.936192850151779e-07
42750.056 2.751377480189973e-07
42800.056 3.0320921732805156e-07
42850.056 3.4021035199988275e-07
42900.056 3.5662935522609737e-07
42950.056 2.9377823141390584e-07
43000.056 3.2895656826403096e-07
43050.056 2.332862307610979e-07
43100.056 2.9590527933093687e-07
43150.056 2.7980181468103976e-07
43200.056 3.3360213932600726e-07
43250.056 3.8790622915002035e-07
43300.056 3.8542163623001076e-07
43350.056 2.686229911249353e-07
43400.056 3.171662048059693e-07
43450.056 2.8098424233805297e-07
43500.056 2.678007936500008e-07
43550.056 2.8282380586526965e-07
43600.056 3.739094661340391e-07
43650.056 2.881701403900049e-07
43700.056 3.592751660600499e-07
43750.056 3.4078241825906084e-07
43800.056 3.1995781998095705e-07
43850.056 2.8681702020404384e-07
43900.056 3.0955220869896617e-07
43950.056 2.298673027049916e-07
44000.056 2.219381537924956e-07
44050.056 3.43615183753017e-07
44100.056 4.0283596341002514e-07
44150.056 3.760219096279474e-07
44200.056 3.432715543799944e-07
44250.056 2.7000891717901174e-07
44300.056 2.412672792650474e-07
44350.056 2.649525339346736e-07
44400.056 2.679538899249953e-07
44450.056 3.186975168099569e-07
44500.056 3.2622982488608755e-07
44550.056 3.815520261899461e-07
44600.056 3.201247832466386e-07
44650.056 3.418010619990697e-07
44700.056 2.5603958166600546e-07
44750.056 3.296535795100369e-07
44800.056 2.92207439873027e-07
44850.056 3.344658605570567e-07
44900.056 2.849344283110262e-07
44950.056 3.1456966446201427e-07
45000.056 3.32064117319978e-07
45050.056 3.259324726779933e-07
45100.056 3.205266756979959e-07
45150.056 3.223819937387581e-07
45200.056 2.7126278021402525e-07
45250.056 2.959100408099059e-07
45300.056 2.6614384595104854e-07
45350.056 2.735463181059957e-07
45400.056 3.744583912560329e-07
45450.056 3.309412087199818e-07
45500.056 3.4100033268000666e-07
45550.056 3.7893659440589936e-07
45600.056 3.7202305813004136e-07
45650.056 3.012169614459634e-07
45700.056 2.8177352853602416e-07
45750.056 2.687887801899967e-07
45800.056 3.7259038770899877e-07
45850.056 3.831310898459965e-07
45900.056 4.013301066400018e-07
45950.056 3.3299490434498844e-07
46000.056 3.8119209617751563e-07
46050.056 3.345865143350276e-07
46100.056 3.818663523499736e-07
46150.056 3.1488602013898884e-07
46200.056 3.0505186112001856e-07
46250.056 2.181647739747598e-07
46300.056 3.423510917800013e-07
46350.056 3.2361944863802835e-07
46400.056 3.1152167013000886e-07
46450.056 2.9763454003004934e-07
46500.056 3.1339343628306597e-07
46550.056 2.633942462929911e-07
46600.056 3.1219403776998924e-07
46650.056 4.204855042429774e-07
46700.056 3.242825406609939e-07
46750.056 2.4127369253599916e-07
46800.056 1.9980293568802174e-07
46850.056 4.150285726470818e-07
46900.056 3.685546864599616e-07
46950.056 3.720707971179941e-07
47000.056 3.3892235171603753e-07
47050.056 3.3023540608707947e-07
47100.056 2.388211694551403e-07
47150.056 2.912602239570381e-07
47200.056 3.4703079641801884e-07
47250.056 2.6971261153498055e-07
47300.056 2.1228748482140513e-07
47350.056 3.660067840399653e-07
47400.056 3.4877926879996134e-07
47450.056 3.3900468589743e-07
47500.056 3.7992124390294394e-07
47550.056 3.390277274400026e-07
47600.056 3.3694064167498197e-07
47650.056 2.9793314899254824e-07
47700.056 3.1865915134978317e-07
47750.056 2.3211240790001062e-07
47800.056 2.5840008882400994e-07
47850.056 1.9314877389700834e-07
47900.056 2.461730293219611e-07
47950.056 2.8948640218603406e-07
48000.056 4.001203858800631e-07
48050.056 3.5836866116800725e-07
48100.056 2.3429849203501815e-07
48150.056 3.029124696600232e-07
48200.056 2.770406193650051e-07
48250.056 2.772818499980133e-07
48300.056 3.6439105896989155e-07
48350.056 2.430450291920214e-07
48400.056 1.6734198860276985e-07
48450.056 2.6370378562907695e-07
48500.056 3.369872946799507e-07
48550.056 2.7662195278400256e-07
48600.056 3.084385750740046e-07
48650.056 3.1810715732997523e-07
48700.056 2.8783143148999126e-07
48750.056 1.99887265256104e-07
48800.056 3.7645895135899223e-07
48850.056 2.3766558739495377e-07
48900.056 3.471952595959973e-07
48950.056 2.5545239878003263e-07
49000.056 1.578036443603676e-07
49050.056 2.954849098999759e-07
49100.056 3.196771545810624e-07
49150.056 2.751851174025322e-07
49200.056 3.470795934900458e-07
49250.056 3.338476263740486e-07
49300.056 2.9267198601199763e-07
49350.056 1.887341037590329e-07
49400.056 2.500496948479698e-07
49450.056 2.59999651125085e-07
49500.056 2.1545911167297731e-07
49550.056 1.2242938957701555e-07
49600.056 2.0175456320304944e-07
49650.056 2.4853703566298944e-07
49700.056 2.3485540631292935e-07
49750.056 2.843003173039395e-07
49800.056 2.3317406386721786e-07
49850.056 3.378181573240844e-07
49900.056 2.706113365409755e-07
49950.056 2.660250150289957e-07
50000.056 2.447080655459726e-07
50050.056 2.9171807343999975e-07
50100.056 2.4157637059101505e-07
50150.056 1.6675441169397771e-07
50200.056 8.358473617001443e-08
50250.056 2.2570874859197003e-07
50300.056 1.791874748600194e-07
50350.056 2.9412107992903e-07
50400.056 2.570452294959814e-07
50450.056 2.079931630860249e-07
50500.056 2.6661940747703774e-07
50550.056 2.438880651970171e-07
50600.056 2.1223781663694696e-07
50650.056 2.7960781501006187e-07
50700.056 2.972992544088897e-07
50750.056 2.3794275571003782e-07
50800.056 1.4384125598058786e-07
50850.056 1.3323040531104688e-07
50900.056 2.871539131639991e-07
50950.056 2.2198627340103238e-07
51000.056 2.4006743323701735e-07
51050.056 2.3294284155899654e-07
51100.056 1.334693809264845e-07
51150.056 1.857207450647818e-07
51200.056 3.1467581574997946e-07
51250.056 2.115916802209507e-07
51300.056 1.7557871340608658e-07
51350.056 1.86881856065988e-07
51400.056 1.1146656385999837e-07
51450.056 9.511997813717318e-08
51500.056 1.0501517229593875e-07
51550.056 2.333057061566161e-07
51600.056 1.668196445640335e-07
51650.056 1.7314014624796178e-07
51700.056 1.9169144134007635e-07
51750.056 1.396115160205197e-07
51800.056 2.0692934787995445e-07
51850.056 1.9075989787299146e-07
51900.056 2.687641016200374e-07
51950.056 2.0295334553198332e-07
52000.056 7.570931857898492e-08
52050.056 1.5113800412502275e-07
52100.056 1.1369875115798822e-07
52150.056 9.938507776440864e-08
52200.056 1.1519653495180057e-07
52250.056 1.505040001660286e-07
52300.056 2.1825478570598524e-07
52350.056 1.5015831325780674e-07
52400.056 1.097116503605096e-07
52450.056 2.0334139377601206e-07
52500.056 1.9261432959394563e-07
52550.056 1.9517457202195455e-07
52600.056 1.6291372524202268e-07
52650.056 1.7259048615102796e-07
52700.056 1.515268494749968e-07
52750.056 1.0039103977919721e-07
52800.056 1.2959104328102074e-07
52850.056 1.3922378479095483e-07
52900.056 1.2019907277038899e-07
52950.056 1.3321276704160262e-07
53000.056 1.8288453957201316e-07
53050.056 9.761397828647041e-08
53100.056 1.4445088687495717e-07
53150.056 2.0462771045002557e-07
53200.056 9.95486549046976e-08
53250.056 1.8514827992101142e-07
53300.056 1.9974615959180844e-07
53350.056 1.8465534285499358e-07
53400.056 1.6496083029300363e-07
53450.056 9.216640362898585e-08
53500.056 5.214334496508396e-08
53550.056 8.777074551518998e-08
53600.056 1.4976342664301386e-07
53650.056 1.1484461001077087e-07
53700.056 1.1207685142901102e-07
53750.056 1.1267541096901101e-07
53800.056 1.1459567665202347e-07
53850.056 1.590463647359398e-07
53900.056 1.1966128704700976e-07
53950.056 1.6490655745699698e-07
54000.056 1.2100114009603185e-07
54050.056 1.4930659714000737e-07
54100.056 6.63519779481882e-08
54150.056 9.456124410862081e-08
54200.056 4.254792778089398e-08
54250.056 7.209255344700871e-08
54300.056 7.781029455218853e-08
54350.056 1.140361798504833e-07
54400.056 1.279339534429654e-07
54450.056 1.1610320941901106e-07
54500.056 1.1181878824140381e-07
54550.056 9.639530240100332e-08
54600.056 1.064814559998934e-07
54650.056 5.1975553085991355e-08
54700.056 1.2688142541558201e-07
54750.056 1.2051074465099623e-07
54800.056 7.539370457700083e-08
54850.056 9.393821046480755e-08
54900.056 1.1606398122696899e-07
54950.056 1.4688185435597447e-07
55000.056 9.054632309998001e-08
55050.056 1.0658305034500157e-07
55100.056 1.1764072190202158e-07
55150.056 8.029492135777006e-08
55200.056 8.455181240319568e-08
55250.056 9.009618272401461e-08
55300.056 7.504846226419465e-08
55350.056 1.1958145311752581e-07
55400.056 1.1714823411561982e-07
55450.056 8.792950263338763e-08
55500.056 4.856333417920879e-08
55550.056 6.880921436938814e-08
55600.056 9.049238340509183e-08
55650.056 6.415910573908313e-08
55700.056 8.396971906701509e-08
55750.056 7.716202789998994e-08
55800.056 5.717927998760756e-08
55850.056 4.76055174431944e-08
55900.056 8.756621540948573e-08
55950.056 1.295335237331311e-07
56000.056 6.827743689028325e-08
56050.056 7.780940835821038e-08
56100.056 9.939759286019498e-08
56150.056 7.340864893700929e-08
56200.056 7.038118091367634e-08
56250.056 9.034603740411803e-08
56300.056 8.750784970948295e-08
56350.056 8.694152876701444e-08
56400.056 5.111926407489241e-08
56450.056 5.50417370544134e-08
56500.056 7.091121470462539e-08
56550.056 4.2709479228701966e-08
56600.056 8.424889409197203e-08
56650.056 1.0571322778501751e-07
56700.056 9.874721725100582e-08
56750.056 5.332216890019742e-08
56800.056 7.94003497196133e-08
56850.056 7.984605288161406e-08
56900.056 5.469949676799771e-08
56950.056 9.559426578239533e-08
57000.056 1.0107076104799381e-07
57050.056 7.555692530296971e-08
57100.056 3.5189552004197765e-08
57150.056 6.614612603143348e-08
57200.056 5.0870213222398026e-08
57250.056 5.453898143179725e-08
57300.056 7.453620936161463e-08
57350.056 4.890446563839704e-08
57400.056 9.815512674770097e-08
57450.056 7.032693912307878e-08
57500.056 7.124573429843818e-08
57550.056 8.643841665440606e-08
57600.056 7.9662850721585e-08
57650.056 3.3972797025904935e-08
57700.056 5.09579839995934e-08
57750.056 7.636194642360437e-08
57800.056 4.727193343958071e-08
57850.056 1.0494283383001998e-07
57900.056 1.1457870391801196e-07
57950.056 1.1619507483199564e-07
58000.056 6.254782588368815e-08
58050.056 8.540224404999047e-08
58100.056 8.248315559741433e-08
58150.056 7.707399708097109e-08
58200.056 3.7811062275199754e-08
58250.056 4.6174507679984994e-08
58300.056 3.675642838180317e-08
58350.056 5.28081646071128e-08
58400.056 6.594556411599889e-08
58450.056 7.626755757901943e-08
58500.056 8.139996454400844e-08
58550.056 8.285097172700292e-08
58600.056 5.0230216820697214e-08
58650.056 6.849252289638914e-08
58700.056 6.641790150179201e-08
58750.056 7.704973497099478e-08
58800.056 2.4029814300290866e-08
58850.056 5.731907447910264e-08
58900.056 6.416589170070281e-08
58950.056 4.520465238237874e-08
59000.056 7.526555946741276e-08
59050.056 6.04108784924908e-08
59100.056 9.417701709409295e-08
59150.056 7.800453434997795e-08
59200.056 7.40492978059965e-08
59250.056 8.956852389002311e-08
59300.056 8.906138918440467e-08
59350.056 3.6226076545099756e-08
59400.056 3.6762348809688416e-08
59450.056 7.972854371179892e-08
59500.056 4.780720922888741e-08
59550.056 5.373642756980064e-08
59600.056 9.445794802800814e-08
59650.056 7.535993783700752e-08
59700.056 4.9503168634494385e-08
59750.056 1.076609485359682e-07
59800.056 6.667049332600202e-08
59850.056 8.399842787899705e-08
59900.056 5.1974757341388926e-08
59950.056 6.791391350680114e-08
60000.056 1.0622379332611597e-07
60050.056 9.597843945703926e-08
60100.056 1.0033934598996567e-07
60150.056 5.7356455610685334e-08
60200.056 7.912074378098852e-08
60250.056 8.636068598191397e-08
60300.056 8.599153702587712e-08
60350.056 6.385838280910961e-08
60400.056 8.729060850946821e-08
60450.056 3.726561971048983e-08
60500.056 2.4352815745705933e-08
60550.056 6.5022939782504e-08
60600.056 8.098608133901161e-08
60650.056 7.266685910287481e-08
60700.056 6.187633949099991e-08
60750.056 4.419952833551373e-08
60800.056 7.363553364668567e-08
60850.056 1.0062386300262164e-07
60900.056 9.393297299004561e-08
60950.056 6.70106744699256e-08
61000.056 8.853356662160118e-08
61050.056 5.6917581687591915e-08
61100.056 6.744623635441477e-08
61150.056 3.4897722411704e-08
61200.056 8.199112002221003e-08
61250.056 7.664986396099254e-08
61300.056 6.313636677802309e-08
61350.056 1.0055126476877004e-07
61400.056 5.648416324272603e-08
61450.056 5.109905757750124e-08
61500.056 4.362467678263684e-08
61550.056 6.542570541297877e-08
61600.056 4.3199382404991696e-08
61650.056 4.881743072670636e-08
61700.056 5.448552759438874e-08
61750.056 5.919455910277994e-08
61800.056 7.581470920860059e-08
61850.056 3.763158781399383e-08
61900.056 9.148622310202547e-08
61950.056 7.972679173409325e-08
62000.056 6.984743304801116e-08
62050.056 8.193335612659138e-08
62100.056 6.588091585516593e-08
62150.056 7.489040409463466e-08
62200.056 8.165930204396927e-08
62250.056 8.19762739021825e-08
62300.056 1.0117776562297828e-07
62350.056 9.742881735499113e-08
62400.056 6.800180565581252e-08
62450.056 7.307534412819516e-08
62500.056 9.353817622298308e-08
62550.056 9.76978210899805e-08
62600.056 8.43474607460181e-08
62650.056 7.403633057600924e-08
62700.056 8.206315080100305e-08
62750.056 1.0147039785396041e-07
62800.056 9.276437158398801e-08
62850.056 8.246222648247193e-08
62900.056 9.405482054696116e-08
62950.056 1.0530406191401002e-07
63000.056 6.843642250412099e-08
63050.056 1.2927995338501037e-07
63100.056 1.338917234079746e-07
63150.056 9.017364071149542e-08
63200.056 1.0359523988201006e-07
63250.056 9.395630164499695e-08
63300.056 7.968057053399089e-08
63350.056 1.1293630749601515e-07
63400.056 6.256550716058771e-08
63450.056 4.600040333540796e-08
63500.056 1.1490939381001238e-07
63550.056 9.956931431397289e-08
63600.056 7.751807918279743e-08
63650.056 8.334560160000213e-08
63700.056 5.797413336899017e-08
63750.056 7.86794193591837e-08
63800.056 8.71127732848108e-08
63850.056 8.20992845450095e-08
63900.056 6.49988697830321e-08
63950.056 7.092453877003012e-08
64000.056 9.56750523543153e-08
64050.056 6.515950515998443e-08
64100.056 3.253273905760513e-08
64150.056 3.9466549881996115e-08
64200.056 3.530301296980254e-08
64250.056 7.31875147920034e-08
64300.056 5.9362488033688256e-08
64350.056 4.6237324858308726e-08
64400.056 7.237594486900291e-08
64450.056 6.794099554619986e-08
64500.056 4.860959855899788e-08
64550.056 6.849389770200066e-08
64600.056 5.51741629010008e-08
64650.056 7.214668303799935e-08
64700.056 3.4573698959494066e-08
64750.056 4.658818327499499e-08
64800.056 3.838129368700736e-08
64850.056 3.231075133521141e-08
64900.056 3.7300117082180993e-08
64950.056 3.3171313604799395e-08
65000.056 4.4513179492018235e-08
65050.056 6.054820053798925e-08
65100.056 5.250825392640421e-08
65150.056 5.53108718209969e-08
65200.056 3.938549743889771e-08
65250.056 6.139531183359057e-08
65300.056 6.349619924991408e-08
65350.056 9.267459913720682e-08
65400.056 5.1895838288202886e-08
65450.056 5.677256789359135e-08
65500.056 7.429970717599913e-08
65550.056 4.388819623000507e-08
65600.056 7.038388400152447e-08
65650.056 6.15469428549966e-08
65700.056 5.604118277201714e-08
65750.056 4.266177551911684e-08
65800.056 5.980927124600533e-08
65850.056 8.675471275798768e-08
65900.056 4.095707844360664e-08
65950.056 3.59963381831029e-08
66000.056 4.3709665236610324e-08
66050.056 9.182040056003126e-08
66100.056 6.131334402050278e-08
66150.056 5.2897954334808566e-08
66200.056 5.171693728219523e-08
66250.056 4.33326327644955e-08
66300.056 3.253503780250448e-08
66350.056 2.7307514628607737e-08
66400.056 4.2321368381989853e-08
66450.056 6.928059128700546e-08
66500.056 9.679806100203942e-08
66550.056 8.351887686299004e-08
66600.056 6.843799363102462e-08
66650.056 6.89758826285264e-08
66700.056 5.5260861765017433e-08
66750.056 7.902339120699387e-08
66800.056 7.552822751199309e-08
66850.056 4.716661127382534e-08
66900.056 8.56935354528583e-08
66950.056 9.454180538194962e-08
67000.056 1.0904281121702764e-07
67050.056 5.57443572198768e-08
67100.056 5.952823540500739e-08
67150.056 5.256062941500873e-08
67200.056 7.687866572802512e-08
67250.056 7.200214019200936e-08
67300.056 8.499802822900111e-08
67350.056 6.87142834016112e-08
67400.056 8.981983568198457e-08
67450.056 7.058810567241579e-08
67500.056 4.780923968408999e-08
67550.056 7.681571410703651e-08
67600.056 1.2342252619999015e-07
67650.056 9.333770807506209e-08
67700.056 6.888459156055343e-08
67750.056 5.8456100358986827e-08
67800.056 6.755845662194846e-08
67850.056 5.600796626800916e-08
67900.056 5.972623768100073e-08
67950.056 5.849325193998947e-08
68000.056 8.506495949199151e-08
68050.056 7.069662753817747e-08
68100.056 8.033060570463305e-08
68150.056 7.366682383377949e-08
68200.056 6.892682770080777e-08
68250.056 4.935037395198485e-08
68300.056 7.459725254098947e-08
68350.056 6.436503977697591e-08
68400.056 8.948446457897746e-08
68450.056 9.624129597103204e-08
68500.056 7.692096173996586e-08
68550.056 5.0744085321004673e-08
68600.056 5.776070179601085e-08
68650.056 3.60966125556145e-08
68700.056 5.938528208701289e-08
68750.056 7.5015488428012e-08
68800.056 7.436275968795458e-08
68850.056 5.6840306677970574e-08
68900.056 1.176158435880024e-07
68950.056 1.0915926731104991e-07
69000.056 7.667914852399695e-08
69050.056 5.468648508598486e-08
69100.056 1.1477046442297636e-07
69150.056 1.196961244860434e-07
69200.056 8.100087469602193e-08
69250.056 1.098410225649826e-07
69300.056 1.0012785330501276e-07
69350.056 1.0102777767448149e-07
69400.056 5.922627637398903e-08
69450.056 9.913860621900017e-08
69500.056 8.541869357697714e-08
69550.056 8.159010822201058e-08
69600.056 3.515689436820364e-08
69650.056 7.113631884103472e-08
69700.056 9.681351284598816e-08
69750.056 6.794022551220558e-08
69800.056 8.3492507959987e-08
69850.056 9.385559263305243e-08
69900.056 8.700293113698626e-08
69950.056 8.454704569301982e-08
70000.056 6.928091560298811e-08
70050.056 1.115402586600519e-07
70100.056 7.294671684002334e-08
70150.056 7.323846771600697e-08
70200.056 6.623356708080242e-08
70250.056 7.382447207118366e-08
70300.056 9.412210402298607e-08
70350.056 8.871995726399066e-08
70400.056 7.183884816000455e-08
70450.056 3.700330960920753e-08
70500.056 6.327087754601848e-08
70550.056 5.467532406359288e-08
70600.056 5.440967583309985e-08
70650.056 7.347873953600054e-08
70700.056 7.03999807160062e-08
70750.056 9.99125471740647e-08
70800.056 7.06337717169973e-08
70850.056 6.024604721300007e-08
70900.056 8.941851327899016e-08
70950.056 8.859011345602013e-08
71000.056 7.309846761896926e-08
71050.056 8.404036534300827e-08
71100.056 5.794821538002291e-08
71150.056 5.763923068847986e-08
71200.056 6.979303073702094e-08
71250.056 8.489663762001123e-08
71300.056 7.171030852598249e-08
71350.056 9.287918046301563e-08
71400.056 8.585184066095166e-08
71450.056 5.7457161919005963e-08
71500.056 5.9553186805977125e-08
71550.056 5.3070715128803474e-08
71600.056 7.305763221899302e-08
71650.056 6.55751243700063e-08
71700.056 4.994027259619449e-08
71750.056 5.966421324699592e-08
71800.056 7.945202590400154e-08
71850.056 7.304287444097879e-08
71900.056 6.242240112857677e-08
71950.056 7.134549874796101e-08
72000.056 6.599948732002506e-08
72050.056 5.1878007632109205e-08
72100.056 5.31308726119047e-08
72150.056 6.982876182568105e-08
72200.056 5.4409917668010925e-08
72250.056 8.23693694150278e-08
72300.056 5.4396918348619545e-08
72350.056 6.797984530399002e-08
72400.056 6.23852480760194e-08
72450.056 5.8627255641958956e-08
72500.056 6.826438209703192e-08
72550.056 3.7025748064415574e-08
72600.056 6.438615417200365e-08
72650.056 6.638077437801587e-08
72700.056 5.3399541807991813e-08
72750.056 6.80924941329857e-08
72800.056 4.572443157561949e-08
72850.056 4.683557677300956e-08
72900.056 7.447698927300725e-08
72950.056 5.429808249341135e-08
73000.056 5.5540443453568804e-08
73050.056 4.3616068464022284e-08
73100.056 5.4764412615014283e-08
73150.056 7.344921393398047e-08
73200.056 4.1832416116079507e-08
73250.056 5.6056272900986607e-08
73300.056 3.96433398432909e-08
73350.056 4.160916617199118e-08
73400.056 5.762106418698905e-08
73450.056 4.34356567759954e-08
73500.056 4.7648069613004126e-08
73550.056 5.511271642199546e-08
73600.056 4.8483929588970774e-08
73650.056 5.3181112998403175e-08
73700.056 4.462535862197752e-08
73750.056 3.7309219614375364e-08
73800.056 4.85824074284235e-08
73850.056 5.3086405185969336e-08
73900.056 4.998787174328855e-08
73950.056 5.128959828402745e-08
74000.056 3.6459572933394414e-08
74050.056 6.657559707102539e-08
74100.056 5.859707840796819e-08
74150.056 5.689732628198519e-08
74200.056 4.062832757877746e-08
74250.056 3.2352143149798736e-08
74300.056 4.747861799599319e-08
74350.056 5.810432501901996e-08
74400.056 5.948540879200057e-08
74450.056 4.23200038789874e-08
74500.056 4.027117681749224e-08
74550.056 5.002947499201881e-08
74600.056 3.620925027671257e-08
74650.056 3.957512520901676e-08
74700.056 4.5041776543614524e-08
74750.056 3.5849492252186084e-08
74800.056 4.437475807200767e-08
74850.056 6.192693536901488e-08
74900.056 6.771833465496749e-08
74950.056 5.058530634698514e-08
75000.056 5.443571777000511e-08
75050.056 3.666169891210565e-08
75100.056 6.935748396403143e-08
75150.056 7.036268295901353e-08
75200.056 6.310177621098798e-08
75250.056 7.04912655929863e-08
75300.056 6.686542709100669e-08
75350.056 4.312721152499554e-08
75400.056 7.977966023700208e-08
75450.056 7.267273288901951e-08
75500.056 5.932768439100983e-08
75550.056 5.5423041476008637e-08
75600.056 8.073838081001773e-08
75650.056 6.15555332919987e-08
75700.056 7.29196670339731e-08
75750.056 6.373394045706791e-08
75800.056 6.36898698509764e-08
75850.056 7.603979242604837e-08
75900.056 7.218558153899316e-08
75950.056 6.129126033898615e-08
76000.056 7.090460745996494e-08
76050.056 7.059150281197515e-08
76100.056 6.943152137898457e-08
76150.056 7.721092967297291e-08
76200.056 6.575929156603313e-08
76250.056 7.279599754528413e-08
76300.056 8.856839383797536e-08
76350.056 1.0625580318503552e-07
76400.056 8.57796199780335e-08
76450.056 8.876510538202131e-08
76500.056 7.933287893900951e-08
76550.056 5.2023328476892216e-08
76600.056 2.4639415097600453e-08
76650.056 3.171209851399869e-08
76700.056 3.065990162739734e-08
76750.056 3.2133274490409096e-08
76800.056 4.5363465308004354e-08
76850.056 3.8708073710227443e-08
76900.056 3.941884205298621e-08
76950.056 3.138821282420472e-08
77000.056 3.8736827583993753e-08
77050.056 2.8723829494792488e-08
77100.056 3.73169478280016e-08
77150.056 4.304559576299453e-08
77200.056 3.303930552899764e-08
77250.056 4.081982591900346e-08
77300.056 4.470421465299316e-08
77350.056 3.4255388513284465e-08
77400.056 3.528479423100166e-08
77450.056 4.15611944809974e-08
77500.056 4.307438633999651e-08
77550.056 4.41145981332099e-08
77600.056 3.9332069957999474e-08
77650.056 4.457054915701057e-08
77700.056 4.673689670396736e-08
77750.056 4.430206163001285e-08
77800.056 5.182585164700714e-08
77850.056 6.113523253100585e-08
77900.056 4.521986036198475e-08
77950.056 4.6278744809004885e-08
78000.056 5.054600365800392e-08
78050.056 3.7692348185002136e-08
78100.056 4.611925855701624e-08
78150.056 5.0768774479026934e-08
78200.056 6.61286999249838e-08
78250.056 5.5442382596011905e-08
78300.056 4.833768386599012e-08
78350.056 5.4698956535021034e-08
78400.056 5.836183647698227e-08
78450.056 5.3332687299022206e-08
78500.056 7.486874957399513e-08
78550.056 6.423580731797964e-08
78600.056 6.907062347400126e-08
78650.056 5.077572899900348e-08
78700.056 5.6214627341013924e-08
78750.056 5.937407463001175e-08
78800.056 5.869570852298231e-08
78850.056 4.914455972498519e-08
78900.056 5.85471335460209e-08
78950.056 6.331009840599832e-08
79000.056 6.008703305800625e-08
79050.056 5.1696475411000064e-08
79100.056 6.19682195259952e-08
79150.056 5.4816314468025415e-08
79200.056 6.32056802439969e-08
79250.056 5.225940398600652e-08
79300.056 6.28094717739881e-08
79350.056 6.893123975400453e-08
79400.056 4.9581869582016774e-08
79450.056 6.104922355600195e-08
79500.056 7.85783609969925e-08
79550.056 7.902235539304231e-08
79600.056 6.41182258630092e-08
79650.056 7.333073344598297e-08
79700.056 6.457287678000259e-08
79750.056 6.605854404200592e-08
79800.056 5.203793836304348e-08
79850.056 7.797561084501211e-08
79900.056 8.344182885199617e-08
79950.056 9.889982531400372e-08
