# %ECSV 1.0
# ---
# datatype:
# - {name: wav, unit: Angstrom, datatype: float64}
# - {name: flux_nu, unit: erg / (cm2 Hz s), datatype: float64}
# meta: {C/O: '1.00', Kzz: '1.0000E+05', Teff: '375.', Y: '0.28', '[Fe/H]': '0.00', f_hole: '1.00', f_rain: '0.00', grav: '316.'}
# schema: astropy-2.0
wav flux_nu
4000.0559999999996 nan
4050.0559999999996 2.857813975341075e-18
4100.056 1.9207537701200352e-16
4150.056 1.5433119947800155e-15
4200.056 1.7112766495040101e-15
4250.056 1.4298627988900125e-14
4300.056 3.4791271260000174e-14
4350.056 6.722220885300028e-14
4400.056 1.1760448520200046e-13
4450.056 1.9316223522000062e-13
4500.056 3.0428010389000096e-13
4550.056 3.281324430579984e-13
4600.056 9.110505436799966e-14
4650.056 5.464255235999975e-14
4700.056 2.997151733899983e-14
4750.056 1.5058323941999917e-14
4800.056 8.346186051999956e-15
4850.056 4.305904517699973e-15
4900.056 2.5629405444999905e-15
4950.056 1.7340054346999942e-15
5000.056 1.0902370052299949e-15
5050.056 7.644317188200011e-16
5100.056 8.177319130000046e-16
5150.056 9.294089490800009e-16
5200.056 1.0538276244600023e-15
5250.056 1.1743736948000014e-15
5300.056 1.3102941362000019e-15
5350.056 1.4675830109000017e-15
5400.056 1.6243625302000024e-15
5450.056 1.8184028584000063e-15
5500.056 2.0438909720000034e-15
5550.056 2.289277829600002e-15
5600.056 2.5249922530000033e-15
5650.056 2.719991310400001e-15
5700.056 2.772230575100002e-15
5750.056 2.7392143502999997e-15
5800.056 2.454749714099993e-15
5850.056 1.7051904985999797e-15
5900.056 4.924425863725291e-16
5950.056 3.313746774900077e-15
6000.056 7.21244981870002e-15
6050.056 1.319706818180011e-14
6100.056 2.142725463700016e-14
6150.056 3.2538136497000186e-14
6200.056 4.766885832700024e-14
6250.056 6.642165947400018e-14
6300.056 9.311387348500024e-14
6350.056 1.279313241730003e-13
6400.056 1.726941936300007e-13
6450.056 2.0818150441999847e-13
6500.056 2.7494573576000293e-13
6550.056 3.771115471599944e-13
6600.056 5.184484763000094e-13
6650.056 7.292242539000056e-13
6700.056 9.554691469500054e-13
6750.056 1.3182569549000062e-12
6800.056 1.5587674718000066e-12
6850.056 1.5798779544999984e-12
6900.056 1.256190273220003e-12
6950.056 9.347510905300054e-13
7000.056 1.0434725268599817e-12
7050.056 1.0827134859799976e-12
7100.056 1.2205756268699911e-12
7150.056 9.629897754359708e-13
7200.056 7.517910805565739e-13
7250.056 8.565443758309671e-13
7300.056 8.826634724907609e-13
7350.056 1.133855475068994e-12
7400.056 1.4010937937400339e-12
7450.056 1.7937527197000515e-12
7500.056 2.121788391300004e-12
7550.056 2.347096807800004e-12
7600.056 2.4299272511999983e-12
7650.056 1.2386416485029705e-12
7700.056 1.1530012915460285e-12
7750.056 2.8799634702000274e-12
7800.056 3.6389671618000115e-12
7850.056 4.6680198781999644e-12
7900.056 5.681677821999979e-12
7950.056 6.4057530716000134e-12
8000.056 8.006008792300042e-12
8050.056 9.289363685800085e-12
8100.056 7.252044234249731e-12
8150.056 5.493691629832315e-12
8200.056 1.0265048362776238e-11
8250.056 1.0885063621279279e-11
8300.056 1.2543415545287812e-11
8350.056 1.447896547491977e-11
8400.056 1.8333688492700182e-11
8450.056 2.6151802227199946e-11
8500.056 3.20341471539998e-11
8550.056 4.070868965400063e-11
8600.056 4.999223070300029e-11
8650.056 5.776799706400034e-11
8700.056 6.156019353000041e-11
8750.056 6.808054946000036e-11
8800.056 7.060025385699974e-11
8850.056 6.198426548099826e-11
8900.056 1.691911230759872e-11
8950.056 1.1800399488268792e-11
9000.056 1.1562551971170544e-11
9050.056 4.1990502915929816e-11
9100.056 4.908111232300556e-11
9150.056 6.02212187700879e-11
9200.056 9.983443300030182e-11
9250.056 8.101077795236547e-11
9300.056 2.0817332188667842e-12
9350.056 3.4689011590445125e-12
9400.056 2.239026038749357e-11
9450.056 1.622608936198899e-11
9500.056 1.3035314629968916e-11
9550.056 1.3046810064066938e-11
9600.056 1.676569199533196e-11
9650.056 3.380751205439465e-11
9700.056 1.0531142776836242e-10
9750.056 9.107593717676525e-11
9800.056 1.1427986007177936e-10
9850.056 1.4653449434599642e-10
9900.056 2.1400449965511231e-10
9950.056 2.3490511686801125e-10
10000.056 2.1962165692211695e-10
10050.056 2.816209293400009e-10
10100.056 2.86111695760001e-10
10150.056 2.126398128339985e-10
10200.056 1.2579271220700983e-10
10250.056 1.6551774416297095e-10
10300.056 2.605476135856849e-10
10350.056 1.60087853082907e-10
10400.056 3.132077507800155e-10
10450.056 4.4321114029494694e-10
10500.056 5.896600834800033e-10
10550.056 7.942380747800093e-10
10600.056 9.107373189600097e-10
10650.056 9.41906690050005e-10
10700.056 8.570956694499976e-10
10750.056 8.559570214599926e-10
10800.056 8.04863556764009e-10
10850.056 7.074893505750089e-10
10900.056 5.425289841289826e-10
10950.056 2.737674272759971e-10
11000.056 1.3626966407138098e-10
11050.056 5.5753618496634144e-11
11100.056 2.0839940854493005e-11
11150.056 6.048260458961393e-12
11200.056 3.6406436715866204e-12
11250.056 4.373351121260773e-12
11300.056 8.782771269390735e-12
11350.056 1.981522238251749e-12
11400.056 1.632452745264845e-11
11450.056 7.216939544873497e-12
11500.056 7.318861200768676e-12
11550.056 1.5105630696675201e-12
11600.056 5.587781687330465e-13
11650.056 3.5834719910270523e-12
11700.056 5.21339804359487e-12
11750.056 1.4756120120982555e-12
11800.056 9.255672160287542e-12
11850.056 1.2010468912098334e-11
11900.056 1.318857254230643e-11
11950.056 2.0446606747602425e-11
12000.056 3.1826717036915765e-11
12050.056 5.1890096355300845e-11
12100.056 6.417700208826191e-11
12150.056 9.417658439060317e-11
12200.056 1.0843301357240201e-10
12250.056 1.7928013505643425e-10
12300.056 3.141121631176212e-10
12350.056 3.861378236340019e-10
12400.056 6.091907627799925e-10
12450.056 9.385571723100176e-10
12500.056 1.1241466990400406e-09
12550.056 1.322971276220013e-09
12600.056 1.8122617548800923e-09
12650.056 2.383915855939979e-09
12700.056 2.5432850622300088e-09
12750.056 1.766391516900049e-09
12800.056 1.128499870069943e-09
12850.056 5.892718578579783e-10
12900.056 4.18162576174635e-10
12950.056 3.1583846935952364e-10
13000.056 3.661873642250567e-10
13050.056 2.1599065411482314e-10
13100.056 2.1021338218348607e-10
13150.056 1.0871662727733245e-10
13200.056 1.2801489544955006e-10
13250.056 1.100123996469371e-10
13300.056 3.736466640582195e-11
13350.056 1.4610650660204857e-11
13400.056 3.930400123409499e-12
13450.056 7.548600270980477e-13
13500.056 1.8312112241798154e-13
13550.056 3.0304647653427887e-14
13600.056 4.73095829850359e-15
13650.056 5.0141077801312365e-14
13700.056 2.1310822632150136e-14
13750.056 1.2521795679538597e-13
13800.056 1.1436540486156343e-13
13850.056 3.381461923902968e-14
13900.056 8.403242679438272e-14
13950.056 6.917546625788642e-14
14000.056 1.159331126457717e-13
14050.056 1.8085591437446118e-13
14100.056 1.6435964386620705e-13
14150.056 5.16756006855801e-13
14200.056 3.23408795017673e-13
14250.056 5.328578622619548e-13
14300.056 2.204554458640661e-12
14350.056 1.6072059589004697e-12
14400.056 1.5849328572578762e-12
14450.056 3.775393982413859e-12
14500.056 9.047829594847126e-12
14550.056 1.0407030119163234e-11
14600.056 1.6716012677076845e-11
14650.056 5.947048444314759e-12
14700.056 2.3885933527429753e-12
14750.056 8.494687255612073e-13
14800.056 1.1156996537634109e-12
14850.056 1.3130461967126216e-12
14900.056 1.2363431016052616e-12
14950.056 7.879953910732929e-13
15000.056 3.017480549399243e-12
15050.056 3.4159704971334786e-12
15100.056 1.3109307143565828e-12
15150.056 4.5122703066178067e-13
15200.056 2.3736947220739165e-12
15250.056 5.541147109215232e-12
15300.056 7.905002585119333e-12
15350.056 1.0712872099109506e-11
15400.056 1.3611253091914809e-11
15450.056 2.0618924015675727e-11
15500.056 2.846829359319484e-11
15550.056 6.630730674272905e-11
15600.056 1.2236297815313254e-10
15650.056 2.4620491052904134e-10
15700.056 4.677527558960183e-10
15750.056 6.609006533450225e-10
15800.056 8.722731183300015e-10
15850.056 1.1425043144400984e-09
15900.056 1.2913759732499972e-09
15950.056 1.4851891860699814e-09
16000.056 1.2882619581800268e-09
16050.056 8.49608545129952e-10
16100.056 4.775268306149899e-10
16150.056 2.2743966073707596e-10
16200.056 9.070431866521686e-11
16250.056 4.5143287509435035e-11
16300.056 2.2713044313900002e-11
16350.056 3.0170896859803276e-11
16400.056 3.617411695856363e-11
16450.056 3.63033203120462e-11
16500.056 2.6499588611302697e-11
16550.056 2.7498767041973436e-11
16600.056 6.946714507858779e-11
16650.056 4.1342336342778735e-11
16700.056 5.358783717570176e-12
16750.056 2.2981573530665758e-11
16800.056 3.697207293183192e-11
16850.056 3.953685232108783e-11
16900.056 1.454972783092207e-11
16950.056 8.789040329457182e-12
17000.056 3.822200168850362e-12
17050.056 8.755939036090576e-12
17100.056 1.9684980452856576e-11
17150.056 1.0448899274894588e-11
17200.056 4.3241934070290334e-11
17250.056 1.4600656235355742e-11
17300.056 1.0035987219212469e-11
17350.056 1.3502240108638886e-11
17400.056 2.8162675806565264e-11
17450.056 3.6650057995273657e-11
17500.056 5.3959911937967685e-11
17550.056 4.440538081850786e-11
17600.056 3.694750353343275e-11
17650.056 2.481791860954635e-11
17700.056 2.1396366169485657e-11
17750.056 1.661922987780826e-11
17800.056 4.139935679099915e-11
17850.056 1.6791835914721292e-11
17900.056 1.0771913624781478e-11
17950.056 6.912109108295829e-12
18000.056 1.3842647333137599e-11
18050.056 6.2300543840150786e-12
18100.056 7.547754428466366e-12
18150.056 4.666910817266517e-12
18200.056 3.2184858710308162e-12
18250.056 1.4948647771352605e-11
18300.056 1.5353657706476617e-12
18350.056 1.3242960790455567e-12
18400.056 7.051899025618229e-13
18450.056 7.070386659320663e-12
18500.056 6.79061417989788e-12
18550.056 2.6874493383914033e-12
18600.056 4.7377983940439306e-12
18650.056 2.9728108843028676e-12
18700.056 3.1862476943950743e-13
18750.056 8.301160589075643e-13
18800.056 1.241381720626716e-11
18850.056 1.0743791332781792e-11
18900.056 1.0841859469865171e-11
18950.056 1.7094881136091903e-11
19000.056 2.821255654613377e-12
19050.056 1.0633103788436454e-12
19100.056 3.9143908419205795e-12
19150.056 1.3813781959641546e-12
19200.056 3.010583433149505e-12
19250.056 2.0050732563683136e-12
19300.056 1.1133597549822107e-12
19350.056 1.1034841991889032e-12
19400.056 8.27102486923433e-13
19450.056 1.3285661159217574e-12
19500.056 9.946217619973014e-13
19550.056 2.380180314969159e-12
19600.056 5.689454075250967e-12
19650.056 3.692494937794495e-12
19700.056 5.869368879596557e-12
19750.056 8.888563653586426e-12
19800.056 5.13130655103683e-12
19850.056 6.36846718088455e-12
19900.056 1.0502918866234962e-11
19950.056 1.5082793831903007e-11
20000.056 1.897097436240044e-11
20050.056 1.2849987988959461e-11
20100.056 2.251564622066305e-11
20150.056 1.3620746107347574e-11
20200.056 8.336011625142367e-12
20250.056 1.999107238077064e-11
20300.056 2.483286418956231e-11
20350.056 2.6586100288924223e-11
20400.056 2.251628455726951e-11
20450.056 4.190059189845331e-11
20500.056 4.7172917312800127e-11
20550.056 5.2514038893499016e-11
20600.056 5.6921047792012324e-11
20650.056 6.721063531819167e-11
20700.056 7.348419268809963e-11
20750.056 7.863509224899638e-11
20800.056 7.520920359198858e-11
20850.056 8.579496566400139e-11
20900.056 8.809565214499665e-11
20950.056 8.495521303800273e-11
21000.056 8.272145122700132e-11
21050.056 8.68323371579976e-11
21100.056 8.393072010800121e-11
21150.056 8.388181964299746e-11
21200.056 8.080282705300438e-11
21250.056 7.78823673069928e-11
21300.056 7.02581951336014e-11
21350.056 6.894657471521562e-11
21400.056 7.082004872740617e-11
21450.056 5.844696676218207e-11
21500.056 5.27953242654001e-11
21550.056 5.065122413558971e-11
21600.056 4.458966758539074e-11
21650.056 3.3808516138630443e-11
21700.056 3.04355974885399e-11
21750.056 2.9641980810196526e-11
21800.056 2.0126239800465942e-11
21850.056 1.8939882229159766e-11
21900.056 1.375988939440115e-11
21950.056 5.418765140672013e-12
22000.056 5.350043698103317e-13
22050.056 1.200553424193237e-12
22100.056 5.0692701580889664e-12
22150.056 3.123707392215483e-12
22200.056 2.9672693528395795e-12
22250.056 2.4128208769558236e-12
22300.056 9.633731944141905e-13
22350.056 1.4709102274256053e-12
22400.056 4.251832672377015e-13
22450.056 8.436541221224793e-13
22500.056 6.186570939435876e-13
22550.056 2.6021395286616746e-13
22600.056 1.9941060919673418e-13
22650.056 4.0088325992650664e-13
22700.056 3.9378677426481363e-13
22750.056 7.031670446067572e-13
22800.056 8.373272647419329e-13
22850.056 5.280455020078801e-13
22900.056 3.438782490845609e-13
22950.056 2.3796871146003355e-13
23000.056 3.2569523729098215e-13
23050.056 3.5115509264176815e-13
23100.056 3.8014055432383804e-12
23150.056 3.5562535182465165e-12
23200.056 8.329044548631977e-14
23250.056 6.083052082690302e-13
23300.056 4.616830814110066e-13
23350.056 6.92176947448368e-13
23400.056 4.882828032530263e-13
23450.056 2.3413234120565123e-13
23500.056 2.557388594239678e-13
23550.056 7.01850185702199e-13
23600.056 1.9432771947174047e-12
23650.056 2.4231607890971036e-12
23700.056 2.861771681535013e-13
23750.056 3.8029240118803736e-13
23800.056 2.667641825921755e-12
23850.056 1.3775222304661743e-12
23900.056 3.5446746753939265e-12
23950.056 1.3775715382351346e-12
24000.056 4.325194723809091e-12
24050.056 4.8414593713232495e-12
24100.056 6.642609884386295e-12
24150.056 9.865217255162766e-12
24200.056 5.923517786966848e-12
24250.056 4.5279599539131956e-12
24300.056 1.072855159564183e-11
24350.056 8.119572807533411e-12
24400.056 2.1584554180571524e-11
24450.056 2.3679087621940064e-11
24500.056 1.9590810409893997e-11
24550.056 3.613135920711905e-11
24600.056 4.1634523337325536e-11
24650.056 6.130954296483014e-11
24700.056 4.1673522539117976e-11
24750.056 5.660182498842905e-11
24800.056 4.654069243263456e-11
24850.056 7.542869936541948e-11
24900.056 3.145839461677618e-11
24950.056 6.181730506824267e-11
25000.056 6.97555033422752e-11
25050.056 3.794905246789943e-11
25100.056 6.402196525183061e-11
25150.056 2.6490408443336855e-11
25200.056 4.0957671380475694e-11
25250.056 1.345497463658272e-11
25300.056 1.6950486489030858e-11
25350.056 7.377108056083187e-12
25400.056 2.041267448593731e-11
25450.056 4.82928920700583e-12
25500.056 3.714917883757023e-12
25550.056 1.083061866249286e-11
25600.056 4.574107155006115e-12
25650.056 1.7016744851161086e-12
25700.056 1.2827415998028662e-12
25750.056 3.1431521918142723e-13
25800.056 2.3451232887324287e-12
25850.056 2.7362486927863266e-13
25900.056 3.974775628439186e-13
25950.056 6.156019763676395e-14
26000.056 1.6616753149231313e-12
26050.056 9.731391746886064e-14
26100.056 7.36720689014844e-13
26150.056 2.2136467988714262e-13
26200.056 3.4554708089297575e-13
26250.056 4.307294163145982e-12
26300.056 4.27927855124172e-13
26350.056 1.1896070799439124e-11
26400.056 2.363869852632105e-11
26450.056 1.0608281255055084e-11
26500.056 3.63924021199759e-11
26550.056 1.7417651625506363e-12
26600.056 1.6828257776525822e-12
26650.056 1.4632721731488758e-13
26700.056 8.64201072490532e-14
26750.056 1.897388465411968e-13
26800.056 1.0011947087438476e-12
26850.056 5.117554292606684e-13
26900.056 3.545649720633014e-12
26950.056 7.997442877831443e-13
27000.056 6.113155193745566e-12
27050.056 1.0504857102354151e-11
27100.056 3.4766163439082e-13
27150.056 9.534756217576033e-12
27200.056 3.56263179313326e-13
27250.056 2.2100765394388074e-12
27300.056 3.2826518588127475e-11
27350.056 6.920530917869298e-12
27400.056 2.0881746140284035e-13
27450.056 1.1021420428061813e-11
27500.056 1.5291653508985677e-11
27550.056 1.3780969527263376e-12
27600.056 5.723291528884154e-12
27650.056 1.0474904049669938e-12
27700.056 1.1711349439773055e-12
27750.056 1.1196260256323378e-11
27800.056 2.7959069841868874e-12
27850.056 6.216354557869861e-12
27900.056 7.726541267848683e-12
27950.056 1.8579404218302658e-11
28000.056 2.0055295870339428e-11
28050.056 1.3436725423683015e-12
28100.056 2.2785918579776125e-11
28150.056 1.566948795362329e-11
28200.056 2.67100027898482e-12
28250.056 3.2095192593596874e-11
28300.056 2.9173919933843596e-11
28350.056 3.470556219025227e-12
28400.056 1.8515514354198082e-11
28450.056 3.9564192443269566e-11
28500.056 1.8114471396865624e-11
28550.056 2.914128526755948e-12
28600.056 3.5967362661395486e-11
28650.056 1.8022295035244547e-11
28700.056 3.764484906470494e-11
28750.056 6.325098701002588e-11
28800.056 1.7748866857535936e-11
28850.056 7.049620331400528e-11
28900.056 2.895234890209474e-11
28950.056 3.990870611061232e-11
29000.056 2.473678920148272e-11
29050.056 4.397990572657522e-11
29100.056 1.7797181211294396e-11
29150.056 2.5844642588034254e-11
29200.056 8.424862228625386e-11
29250.056 6.699732589325161e-11
29300.056 4.1169960857355865e-11
29350.056 1.0984957395610352e-10
29400.056 4.638012171339358e-11
29450.056 2.0253008327370007e-11
29500.056 1.201585219729893e-10
29550.056 3.40528032765453e-11
29600.056 4.0738618897163e-11
29650.056 1.851222232236231e-10
29700.056 2.6982285777967655e-11
29750.056 1.1796174370331999e-10
29800.056 6.766077661412108e-11
29850.056 1.5749227382607085e-10
29900.056 6.079897937597711e-11
29950.056 7.38886145221944e-11
30000.056 9.519076061047011e-13
30050.056 9.014622888749972e-12
30100.056 4.223286155307525e-11
30150.056 1.68234561128225e-10
30200.056 1.0158337815862199e-10
30250.056 1.7234716163923594e-10
30300.056 2.4139210732687607e-10
30350.056 4.214499833333347e-11
30400.056 2.539921434598668e-10
30450.056 1.8985708004731468e-10
30500.056 8.698877439782362e-11
30550.056 7.08558181480386e-11
30600.056 8.572121601728525e-10
30650.056 2.981952652933707e-10
30700.056 1.4577118078482732e-10
30750.056 3.241531976494157e-10
30800.056 3.3345980679816964e-10
30850.056 3.5148561948478365e-10
30900.056 1.7840769438834962e-10
30950.056 1.3034852529029672e-10
31000.056 1.754647096804796e-10
31050.056 1.0194668979217517e-10
31100.056 6.800050215625879e-11
31150.056 1.3075100633487522e-10
31200.056 4.903890795958971e-10
31250.056 2.0508186515871765e-10
31300.056 1.1573259453064485e-10
31350.056 3.6294518273485567e-10
31400.056 2.2361603206104157e-10
31450.056 2.3096395886382657e-10
31500.056 7.147574668687978e-11
31550.056 1.4544744737445673e-10
31600.056 1.068384164063139e-10
31650.056 8.303618467426596e-11
31700.056 6.823719605478847e-11
31750.056 3.3316544328645193e-11
31800.056 6.80076591077172e-11
31850.056 1.0863768822239009e-11
31900.056 2.7679472845244764e-11
31950.056 1.537793860667491e-11
32000.056 1.009848586037514e-11
32050.056 1.4665939403536702e-11
32100.056 1.2177881584736736e-11
32150.056 1.1252552070463303e-11
32200.056 5.100068169957482e-12
32250.056 1.265043612998461e-11
32300.056 3.231064744934398e-12
32350.056 1.2859495680795972e-11
32400.056 1.285805493814678e-12
32450.056 8.4082187756744e-12
32500.056 1.342855063410399e-12
32550.056 7.399476912329898e-12
32600.056 1.258974795988874e-12
32650.056 1.8089648871723933e-11
32700.056 2.2149308751578003e-12
32750.056 4.543796597662377e-11
32800.056 2.130353315297829e-11
32850.056 1.0618375845492353e-10
32900.056 8.774773631828893e-11
32950.056 8.874246246768915e-11
33000.056 2.2342494496218608e-11
33050.056 2.3213827074354615e-11
33100.056 3.926789216744586e-12
33150.056 1.3446840131943633e-15
33200.056 1.3382728672480946e-13
33250.056 2.706773000977819e-13
33300.056 4.438735864498839e-12
33350.056 1.148210634344493e-11
33400.056 4.831165949987325e-11
33450.056 1.5573490269528915e-11
33500.056 7.566513824224333e-11
33550.056 1.1535462325399643e-11
33600.056 3.3125528207225225e-11
33650.056 3.309409825982075e-11
33700.056 7.15763797645487e-12
33750.056 4.4619134289392615e-11
33800.056 2.5216767768351648e-12
33850.056 2.0494774754640018e-11
33900.056 2.263085302628566e-11
33950.056 1.9538397842263737e-11
34000.056 4.824846574813308e-11
34050.056 6.741566225250708e-12
34100.056 4.9680390396835106e-11
34150.056 1.5739223000329143e-11
34200.056 5.86630054175759e-11
34250.056 2.758408179302882e-11
34300.056 3.2951387645329284e-11
34350.056 1.1157709176423723e-10
34400.056 2.0387179210300376e-11
34450.056 9.449708104143373e-11
34500.056 3.691009534276977e-11
34550.056 4.430097950679137e-11
34600.056 2.2087813853272372e-10
34650.056 1.7777260149011237e-11
34700.056 1.3394988345575354e-10
34750.056 7.16270611095636e-11
34800.056 5.472076393833067e-11
34850.056 2.388031267929708e-10
34900.056 2.926109216714188e-11
34950.056 2.3924039645196915e-10
35000.056 3.417532679343504e-10
35050.056 2.0600766017608112e-10
35100.056 4.754547106554845e-10
35150.056 3.940902845218097e-10
35200.056 2.8447734531129975e-10
35250.056 5.80982333148641e-10
35300.056 1.6165012123515826e-10
35350.056 2.0430181270520383e-10
35400.056 1.3933855397269486e-10
35450.056 1.313149589368904e-10
35500.056 5.327653989022604e-10
35550.056 2.855720305660214e-10
35600.056 4.520019389375192e-10
35650.056 5.727367647764137e-10
35700.056 5.873712471999234e-10
35750.056 7.22792315205295e-10
35800.056 4.158085658186008e-10
35850.056 1.8787198528502255e-10
35900.056 2.5536794312407086e-10
35950.056 4.468189445078021e-10
36000.056 5.15698560905826e-10
36050.056 3.420023557641568e-10
36100.056 3.2410749071954055e-10
36150.056 1.0785626097043207e-09
36200.056 1.0471878308268957e-09
36250.056 5.952815097849252e-10
36300.056 1.7672867123878562e-09
36350.056 9.029574143312267e-10
36400.056 1.5531352650561124e-09
36450.056 1.2163110422919733e-09
36500.056 1.288982331812578e-09
36550.056 2.533108685309946e-09
36600.056 2.628560945457271e-09
36650.056 1.539601683437887e-09
36700.056 1.8200973259398678e-09
36750.056 2.6182320864713012e-09
36800.056 3.231565902517941e-09
36850.056 1.3771190550294575e-09
36900.056 2.1145359665523377e-09
36950.056 3.2860801692545176e-09
37000.056 2.0109608780157203e-09
37050.056 3.608373485074322e-09
37100.056 1.486832715249098e-09
37150.056 2.1570156845823277e-09
37200.056 4.42637266356959e-09
37250.056 2.3185377110187536e-09
37300.056 1.3621805136622294e-09
37350.056 2.6697100889649064e-09
37400.056 4.508975472095929e-09
37450.056 1.5356166650545673e-09
37500.056 2.348409365487722e-09
37550.056 5.692557417601926e-09
37600.056 9.315298616520759e-09
37650.056 2.083121511381013e-09
37700.056 4.314883370923631e-09
37750.056 3.1514810021563013e-09
37800.056 3.039650389069197e-09
37850.056 1.5610619381474808e-09
37900.056 1.850115810038096e-09
37950.056 3.920194432140813e-09
38000.056 3.4571212320703368e-09
38050.056 5.907971676806616e-09
38100.056 7.72080031119714e-09
38150.056 9.018496065842918e-09
38200.056 6.064546572241329e-09
38250.056 8.15323096073797e-09
38300.056 1.3291037781024106e-08
38350.056 1.0423920899909704e-08
38400.056 3.6543608155296336e-09
38450.056 1.3148202700253746e-09
38500.056 1.0449455256068758e-09
38550.056 4.585309072710865e-09
38600.056 5.348277692368867e-09
38650.056 5.746430759518656e-09
38700.056 4.41416389169439e-09
38750.056 5.09613714461016e-09
38800.056 4.960671880150317e-09
38850.056 6.066392509700782e-09
38900.056 7.438817376549415e-09
38950.056 4.180740244508101e-09
39000.056 7.7421855716042e-09
39050.056 3.7070413947076617e-09
39100.056 6.491549622341331e-09
39150.056 1.0046115974120172e-08
39200.056 6.417628427588949e-09
39250.056 1.0523164175862222e-08
39300.056 6.641417074146641e-09
39350.056 1.345629310701961e-08
39400.056 7.057425751905524e-09
39450.056 1.1198509624754534e-08
39500.056 1.1851870813100646e-08
39550.056 4.646210965605856e-09
39600.056 1.0341417488887292e-08
39650.056 1.4890195668799158e-08
39700.056 1.3739170116201887e-08
39750.056 5.303968156845486e-09
39800.056 5.902975930559138e-09
39850.056 1.6286809806401704e-08
39900.056 1.92085471749011e-08
39950.056 7.156477494549975e-09
40000.056 1.3699149115819692e-08
40050.056 1.59569231513194e-08
40100.056 4.503340879278604e-09
40150.056 1.3389080520780591e-08
40200.056 1.5316049469977457e-08
40250.056 1.7452591416196424e-08
40300.056 1.7771832258501844e-08
40350.056 9.05318704852903e-09
40400.056 1.3782579016019846e-08
40450.056 5.959855150755619e-09
40500.056 1.756174336780047e-08
40550.056 1.8658573019433336e-08
40600.056 1.655622704479991e-08
40650.056 1.2029786059432408e-08
40700.056 2.3958664529698057e-08
40750.056 1.577557831967704e-08
40800.056 8.586898559877611e-09
40850.056 2.79090391739053e-08
40900.056 2.4747278762396723e-08
40950.056 1.879581241355063e-08
41000.056 1.4681427249259712e-08
41050.056 3.067647768679679e-08
41100.056 2.5751101202199026e-08
41150.056 8.342510566237116e-09
41200.056 2.916065176110357e-08
41250.056 2.452992475309668e-08
41300.056 2.6271718967202946e-08
41350.056 3.494243756699897e-08
41400.056 2.673235962239914e-08
41450.056 3.688456131659716e-08
41500.056 2.0791394965675404e-08
41550.056 1.8839133116675672e-08
41600.056 2.0835626737843702e-08
41650.056 3.125077412660353e-08
41700.056 4.281946698699394e-08
41750.056 3.0796210086498026e-08
41800.056 3.2930212283003474e-08
41850.056 2.8762259968705673e-08
41900.056 2.3411863392223365e-08
41950.056 2.3665604821599004e-08
42000.056 1.146414925829026e-08
42050.056 1.5416360838365513e-08
42100.056 1.9736632260659618e-08
42150.056 2.1990121157318932e-08
42200.056 2.521601322999868e-08
42250.056 2.0827870562404272e-08
42300.056 1.7851068313198473e-08
42350.056 3.150082851080134e-08
42400.056 3.789710427000305e-08
42450.056 3.796138293900485e-08
42500.056 3.936124944099745e-08
42550.056 3.3424102017997016e-08
42600.056 3.226191100111019e-08
42650.056 4.88380565061924e-08
42700.056 2.1483403458793133e-08
42750.056 3.3151409170905465e-08
42800.056 4.980368983300256e-08
42850.056 5.253123098099101e-08
42900.056 5.376406563660488e-08
42950.056 4.092426199599934e-08
43000.056 4.818104107700021e-08
43050.056 2.288006933550082e-08
43100.056 4.01932073799988e-08
43150.056 3.3356064899001785e-08
43200.056 4.8448223529003336e-08
43250.056 6.701739219900284e-08
43300.056 5.94856084459999e-08
43350.056 3.1407879683294865e-08
43400.056 4.766838466700271e-08
43450.056 3.061841896120173e-08
43500.056 2.9574601344303915e-08
43550.056 3.301962871150256e-08
43600.056 5.6943082079003235e-08
43650.056 3.172427693269862e-08
43700.056 6.211292888301137e-08
43750.056 6.028610634099593e-08
43800.056 5.10034122489976e-08
43850.056 4.637419226860558e-08
43900.056 3.358643835029733e-08
43950.056 2.374064386409795e-08
44000.056 2.3520886990499284e-08
44050.056 5.8900924406003096e-08
44100.056 7.925171558800167e-08
44150.056 6.99036696859968e-08
44200.056 6.604513804600191e-08
44250.056 3.496030320199671e-08
44300.056 2.485538655180273e-08
44350.056 2.7553643100453427e-08
44400.056 2.6741750665098534e-08
44450.056 5.0611668693904727e-08
44500.056 4.361868713300477e-08
44550.056 6.425120450999861e-08
44600.056 5.087948147040057e-08
44650.056 5.005899145699933e-08
44700.056 3.294646545819561e-08
44750.056 4.983612580220745e-08
44800.056 3.218621955620213e-08
44850.056 4.735453710000188e-08
44900.056 4.2630773176598995e-08
44950.056 4.990200185000532e-08
45000.056 6.077113644400087e-08
45050.056 5.297428051399503e-08
45100.056 4.791699771300274e-08
45150.056 4.156257611249594e-08
45200.056 2.9397551367902658e-08
45250.056 3.5803052721693574e-08
45300.056 3.4731138872404184e-08
45350.056 2.5247119620484704e-08
45400.056 7.316709187800588e-08
45450.056 5.8510140779606435e-08
45500.056 7.175797315600394e-08
45550.056 7.689085516098631e-08
45600.056 6.4927895086006e-08
45650.056 5.505833334509764e-08
45700.056 3.2327332404477776e-08
45750.056 2.827489083410209e-08
45800.056 7.357911131800325e-08
45850.056 5.7249374603001146e-08
45900.056 7.522621557599731e-08
45950.056 6.821063425299635e-08
46000.056 7.172374146350665e-08
46050.056 5.359585869400533e-08
46100.056 8.553445065299503e-08
46150.056 4.830839201020013e-08
46200.056 3.8329642417194476e-08
46250.056 1.3834864184299125e-08
46300.056 4.757765107320233e-08
46350.056 5.051933516880623e-08
46400.056 5.012846808100164e-08
46450.056 4.276940261153729e-08
46500.056 4.9409099567807515e-08
46550.056 2.5087783451399256e-08
46600.056 3.287866492225546e-08
46650.056 5.487390828710268e-08
46700.056 3.6592460103993155e-08
46750.056 1.5247498390092597e-08
46800.056 9.699390962139131e-09
46850.056 4.91967485850074e-08
46900.056 5.991574608099751e-08
46950.056 5.9443163226996724e-08
47000.056 5.9428723543005397e-08
47050.056 3.8128784675508856e-08
47100.056 2.807658469290149e-08
47150.056 4.6677832049605984e-08
47200.056 5.1857762881997055e-08
47250.056 2.3077387317695777e-08
47300.056 1.5545187501074064e-08
47350.056 5.4848119901004164e-08
47400.056 5.583271400199663e-08
47450.056 3.566107213020313e-08
47500.056 6.42102447970002e-08
47550.056 5.468841761700166e-08
47600.056 4.5195816070744474e-08
47650.056 5.171190260345841e-08
47700.056 3.889180026132658e-08
47750.056 2.814080999410025e-08
47800.056 2.0762937772502464e-08
47850.056 8.41352190687156e-09
47900.056 1.4907484541669918e-08
47950.056 4.3138339409002774e-08
48000.056 5.80617921379972e-08
48050.056 4.438985092839951e-08
48100.056 1.8695106107841214e-08
48150.056 3.6705931568801814e-08
48200.056 2.301084971525775e-08
48250.056 3.347882833950003e-08
48300.056 5.48205361499992e-08
48350.056 3.1317694997995836e-08
48400.056 5.986387985636282e-09
48450.056 1.2904883541354223e-08
48500.056 2.5303468588194252e-08
48550.056 3.045514358264464e-08
48600.056 4.8429669951000314e-08
48650.056 6.101456264299786e-08
48700.056 3.9446802512805657e-08
48750.056 2.8688914665004054e-08
48800.056 4.875975859000225e-08
48850.056 2.341299073401634e-08
48900.056 2.6154184297237278e-08
48950.056 1.3505382016299419e-08
49000.056 7.538646845833822e-09
49050.056 2.677450036849684e-08
49100.056 3.769858879286638e-08
49150.056 2.9224289273840402e-08
49200.056 4.922292071200566e-08
49250.056 5.1749060386000976e-08
49300.056 4.108836903999773e-08
49350.056 1.4632882607403766e-08
49400.056 2.19844521357849e-08
49450.056 1.8535108877039134e-08
49500.056 1.4533894650997421e-08
49550.056 2.3113292730410137e-09
49600.056 7.406275241761448e-09
49650.056 2.3912954666302036e-08
49700.056 2.980424201199449e-08
49750.056 2.5038743004519186e-08
49800.056 1.4116152169189978e-08
49850.056 3.591414876480449e-08
49900.056 3.508580883299868e-08
49950.056 3.3100976300999417e-08
50000.056 2.0468819299241588e-08
50050.056 2.5217879211902205e-08
50100.056 2.1021977372998592e-08
50150.056 7.909070620888412e-09
50200.056 1.0346208264265126e-09
50250.056 7.838198123699946e-09
50300.056 5.29232560216111e-09
50350.056 2.391949599820354e-08
50400.056 2.9520029858797432e-08
50450.056 2.2060654127601203e-08
50500.056 3.5643895853201366e-08
50550.056 3.443288539700141e-08
50600.056 2.2225717999343294e-08
50650.056 3.7287259211005094e-08
50700.056 3.551142630699834e-08
50750.056 1.9827366027800085e-08
50800.056 5.2835149033069395e-09
50850.056 2.2897449701711875e-09
50900.056 1.9602085920301965e-08
50950.056 2.127326986399802e-08
51000.056 1.4690863179086204e-08
51050.056 2.5367122461696693e-08
51100.056 8.50485092433531e-09
51150.056 7.827111702481848e-09
51200.056 3.062411737099989e-08
51250.056 2.333593717569624e-08
51300.056 1.4322353047232581e-08
51350.056 1.2007973411254837e-08
51400.056 2.8900372571876557e-09
51450.056 2.4391645542131823e-09
51500.056 2.299052569052946e-09
51550.056 1.0987727177002238e-08
51600.056 1.1991727614002088e-08
51650.056 1.749848819629964e-08
51700.056 1.6075132219937606e-08
51750.056 1.0609275914742289e-08
51800.056 2.2349469163998173e-08
51850.056 1.7121562062799134e-08
51900.056 1.755599499770045e-08
51950.056 8.376097057698684e-09
52000.056 6.108238304507558e-10
52050.056 4.071321981400452e-09
52100.056 1.985604632459553e-09
52150.056 1.0376484475103867e-09
52200.056 4.97436872089989e-09
52250.056 9.270726622901808e-09
52300.056 1.082678973119916e-08
52350.056 2.346660876663724e-09
52400.056 2.7400153373029877e-09
52450.056 1.3882630072601474e-08
52500.056 9.749414354502151e-09
52550.056 1.4065838389699209e-08
52600.056 1.1317896063540818e-08
52650.056 1.391622077050047e-08
52700.056 8.155517925449516e-09
52750.056 2.3774333104871157e-09
52800.056 5.115242316630993e-09
52850.056 6.33698611896841e-09
52900.056 1.8293045055841247e-09
52950.056 3.610902034140647e-09
53000.056 8.570797857800818e-09
53050.056 2.734208993515421e-09
53100.056 1.2687911002900586e-08
53150.056 1.2786859839000139e-08
53200.056 5.2670226325398624e-09
53250.056 1.0600973723099844e-08
53300.056 1.2072677638542743e-08
53350.056 9.656940334600238e-09
53400.056 5.75482133059901e-09
53450.056 1.4596532888094737e-09
53500.056 2.109540124074283e-10
53550.056 5.612331283130026e-10
53600.056 3.5273430338017953e-09
53650.056 5.551876411099772e-09
53700.056 4.362554019099082e-09
53750.056 4.089383654569167e-09
53800.056 3.682668926050083e-09
53850.056 7.849358920088635e-09
53900.056 1.0121280086600063e-08
53950.056 7.998351071669796e-09
54000.056 6.17948422007541e-09
54050.056 7.376351054398835e-09
54100.056 1.2321109508239404e-09
54150.056 1.4477662557401625e-09
54200.056 1.7377065495492634e-10
54250.056 5.581359986780898e-10
54300.056 1.7949809382360884e-09
54350.056 3.4965668354500066e-09
54400.056 2.804003249632225e-09
54450.056 2.3040941656076943e-09
54500.056 3.4608713369988163e-09
54550.056 2.7281019509597093e-09
54600.056 1.6061284019495936e-09
54650.056 1.2780024912958138e-10
54700.056 1.748782750110099e-09
54750.056 1.853042087319766e-09
54800.056 9.145059336383822e-10
54850.056 1.5308055806494246e-09
54900.056 2.259046808200175e-09
54950.056 5.373026313338131e-09
55000.056 2.1759295426067265e-09
55050.056 2.2903072933342197e-09
55100.056 3.6441789254112045e-09
55150.056 1.573559913710895e-09
55200.056 1.0914443427730486e-09
55250.056 1.5177415975193297e-09
55300.056 1.36523195226583e-09
55350.056 2.2819498195080575e-09
55400.056 1.6940726521148669e-09
55450.056 1.7845664757585018e-09
55500.056 5.193043011480896e-10
55550.056 3.697834544829083e-10
55600.056 1.2554353043801301e-09
55650.056 9.530068606476453e-10
55700.056 9.108024711141525e-10
55750.056 4.6524701494289317e-10
55800.056 1.8095767077102368e-10
55850.056 3.14417546726945e-10
55900.056 1.2695025458369276e-09
55950.056 2.2903737956549416e-09
56000.056 8.928574333254005e-10
56050.056 7.035155017179902e-10
56100.056 1.2949636375200976e-09
56150.056 5.093429174899693e-10
56200.056 6.063495837808804e-10
56250.056 2.250284752002022e-09
56300.056 1.0847477951146814e-09
56350.056 3.066354994056363e-10
56400.056 1.2067654164468015e-10
56450.056 1.3699923506407214e-10
56500.056 7.695043468242045e-10
56550.056 2.2221807025701527e-10
56600.056 8.245813654555303e-10
56650.056 8.503039917719736e-10
56700.056 6.375435394429552e-10
56750.056 2.699372930179497e-10
56800.056 2.535588300775283e-10
56850.056 7.166019690962314e-10
56900.056 2.7260140515185705e-10
56950.056 1.0356656086138081e-09
57000.056 1.4480366558305567e-09
57050.056 8.663693606896888e-10
57100.056 1.1908292176046401e-10
57150.056 3.6639311238816913e-10
57200.056 1.6350262856559898e-10
57250.056 3.4371799861699037e-10
57300.056 3.9294487455570784e-10
57350.056 2.2371646873406554e-10
57400.056 8.037656711001874e-10
57450.056 2.2021464768939255e-10
57500.056 1.881522451261768e-10
57550.056 2.818110940103699e-10
57600.056 1.3019264911683786e-10
57650.056 9.015147487771117e-11
57700.056 2.366464325659841e-10
57750.056 5.428579289550861e-10
57800.056 2.9165866884783364e-10
57850.056 9.646110356879678e-10
57900.056 1.7047462325001241e-09
57950.056 1.5594218659302274e-09
58000.056 3.259752551020622e-10
58050.056 8.005788273588275e-10
58100.056 3.898462884751716e-10
58150.056 3.356607372057677e-10
58200.056 8.229371230799908e-11
58250.056 1.396834845728914e-10
58300.056 1.0587048994281415e-10
58350.056 1.8427906156262905e-10
58400.056 4.2857439918939e-10
58450.056 9.618166396919931e-10
58500.056 1.0331733949398836e-09
58550.056 3.3445623241315304e-10
58600.056 1.3575289973282678e-10
58650.056 3.1919314076516677e-10
58700.056 1.781044415372413e-10
58750.056 4.0418078507994646e-10
58800.056 4.994591197338452e-11
58850.056 1.4185466891122006e-10
58900.056 1.143067820018382e-10
58950.056 1.169937026399509e-10
59000.056 2.1353762539902548e-10
59050.056 2.552571338911091e-10
59100.056 9.499699428382072e-11
59150.056 2.0409789148428447e-10
59200.056 5.922990662250279e-10
59250.056 7.100012544050728e-10
59300.056 4.4876609001986417e-10
59350.056 9.043249411399806e-11
59400.056 9.411980158143181e-11
59450.056 4.508189642758111e-10
59500.056 3.6789478107632007e-10
59550.056 4.516639129309456e-10
59600.056 5.715023398995141e-10
59650.056 1.2510914021040134e-10
59700.056 1.9666193005307298e-10
59750.056 9.920070270759244e-10
59800.056 3.7560982588226645e-10
59850.056 3.247376382830588e-10
59900.056 1.5081263380411045e-10
59950.056 2.7852849347339727e-10
60000.056 8.405133723573308e-10
60050.056 1.3592040513501909e-09
60100.056 7.757202869998959e-10
60150.056 1.791957723529659e-10
60200.056 2.790895518534332e-10
60250.056 1.078054829568464e-09
60300.056 7.355392402965117e-10
60350.056 5.32980285147809e-10
60400.056 4.697236363248163e-10
60450.056 9.897629317407713e-11
60500.056 5.1959166594511784e-11
60550.056 2.5648873716864103e-10
60600.056 3.846386902599787e-10
60650.056 3.045885769409247e-10
60700.056 1.671245751759735e-10
60750.056 6.62210561564443e-11
60800.056 3.7332590639367556e-10
60850.056 7.244978782804898e-10
60900.056 4.3810885545783647e-10
60950.056 2.547871344724145e-10
61000.056 7.896209356011402e-10
61050.056 2.3188060574090245e-10
61100.056 1.6958763759068526e-10
61150.056 7.578239590729118e-11
61200.056 4.46167040627108e-10
61250.056 3.962633918150308e-10
61300.056 1.9423110523602632e-10
61350.056 5.835777716770021e-10
61400.056 1.5741773250600773e-10
61450.056 6.956348147101722e-11
61500.056 4.618398513760461e-11
61550.056 1.348815015231891e-10
61600.056 8.313993568976405e-11
61650.056 8.32896049549339e-11
61700.056 3.151669232878803e-10
61750.056 2.37757428574057e-10
61800.056 2.271141070740187e-10
61850.056 6.389611129678733e-11
61900.056 5.450848536631302e-10
61950.056 3.5419830189723e-10
62000.056 2.384727167355564e-10
62050.056 1.3872603546134027e-09
62100.056 2.1634022425255065e-10
62150.056 8.235386338877387e-10
62200.056 6.731804873919934e-10
62250.056 6.616549664565056e-10
62300.056 1.5397843312399813e-09
62350.056 1.9165153959883044e-09
62400.056 1.2470165829420734e-09
62450.056 8.53581236001589e-10
62500.056 1.659841111872426e-09
62550.056 4.047464726149757e-09
62600.056 8.031631364363085e-10
62650.056 7.244270288941099e-10
62700.056 3.252017680518443e-10
62750.056 1.6467774427902656e-09
62800.056 1.1035170102037793e-09
62850.056 6.257090547363733e-10
62900.056 2.186133132082007e-09
62950.056 3.2481487689398497e-09
63000.056 6.044437507834031e-10
63050.056 4.846219541481522e-09
63100.056 6.199202973869421e-09
63150.056 4.238867923450286e-09
63200.056 2.2462295023996864e-09
63250.056 2.1731190338899286e-09
63300.056 3.239331791112554e-10
63350.056 6.960444216601965e-10
63400.056 3.126788463018891e-10
63450.056 1.0779920233283063e-10
63500.056 9.116731307703365e-10
63550.056 1.6045183766795343e-09
63600.056 5.241247880582362e-10
63650.056 8.697108250001062e-10
63700.056 2.2572929038594202e-10
63750.056 4.1579930784793855e-10
63800.056 1.4707972923788691e-09
63850.056 1.1039050926477479e-09
63900.056 2.756155772920039e-10
63950.056 3.526320344354713e-10
64000.056 8.223934551261693e-10
64050.056 1.2201180874752114e-10
64100.056 1.3400166564591549e-10
64150.056 1.5377589972287513e-10
64200.056 1.2354481456920717e-10
64250.056 6.294455880633321e-10
64300.056 5.014747732678554e-10
64350.056 2.398345175179718e-10
64400.056 8.92400567711435e-10
64450.056 7.941968302270712e-10
64500.056 5.739935336200071e-10
64550.056 9.077945366320424e-10
64600.056 5.506897397603176e-10
64650.056 9.41201971052691e-10
64700.056 1.9391308709951964e-10
64750.056 3.953533668929271e-10
64800.056 1.3963154992903094e-10
64850.056 1.648315856670357e-10
64900.056 1.1712520320794332e-10
64950.056 1.1357789859697936e-10
65000.056 1.510515666150483e-10
65050.056 5.120813105718627e-10
65100.056 3.494930926091191e-10
65150.056 4.189893343615704e-10
65200.056 1.4348582217979556e-10
65250.056 2.216525956473513e-10
65300.056 4.652190481600766e-10
65350.056 1.0333167324896042e-09
65400.056 4.0879514643194917e-10
65450.056 5.1626803428331e-10
65500.056 6.530968379940333e-10
65550.056 2.816338977810283e-10
65600.056 7.280265115161808e-10
65650.056 4.0832998014402e-10
65700.056 3.1718140942706e-10
65750.056 2.3944980447515803e-10
65800.056 4.805533068461215e-10
65850.056 1.0714162264297991e-09
65900.056 2.134317726399337e-10
65950.056 2.383488310166476e-10
66000.056 3.177680188446108e-10
66050.056 8.049227052197489e-10
66100.056 5.539243347393927e-10
66150.056 5.474590336850669e-10
66200.056 7.941953146399522e-10
66250.056 3.100572760659138e-10
66300.056 2.904940365931066e-10
66350.056 1.6214503656201958e-10
66400.056 2.3120921065703904e-10
66450.056 6.614772718901729e-10
66500.056 1.171461320490448e-09
66550.056 1.1465429045486674e-09
66600.056 9.474882428940428e-10
66650.056 3.552510096531126e-10
66700.056 3.51172220089115e-10
66750.056 7.250817123029205e-10
66800.056 4.1694051792998905e-10
66850.056 3.156745890035435e-10
66900.056 1.4507967838869822e-09
66950.056 1.0598274262898342e-09
67000.056 2.223105693010705e-09
67050.056 8.257904739799853e-10
67100.056 5.125204757400795e-10
67150.056 7.14801958720162e-10
67200.056 1.0858602000597413e-09
67250.056 1.0236985624103777e-09
67300.056 2.1181006517200317e-09
67350.056 6.069173004578558e-10
67400.056 1.7669094146375576e-09
67450.056 1.2478324578114253e-09
67500.056 7.323639803001881e-10
67550.056 3.244957617301423e-09
67600.056 5.4293489766995106e-09
67650.056 2.9186673097523086e-09
67700.056 1.7312073769193358e-09
67750.056 8.361314702702914e-10
67800.056 9.203879867273897e-10
67850.056 5.326840034219945e-10
67900.056 5.143136602600185e-10
67950.056 5.880462507579975e-10
68000.056 1.8560368467497813e-09
68050.056 9.374632134217716e-10
68100.056 2.0536236730536954e-09
68150.056 2.2815408361392023e-09
68200.056 1.2846722882215749e-09
68250.056 3.7959940166793673e-10
68300.056 1.7172697189202969e-09
68350.056 2.6080945618797145e-09
68400.056 3.3436687446002108e-09
68450.056 3.555350863200282e-09
68500.056 1.4323107151193659e-09
68550.056 4.68316599193999e-10
68600.056 4.4502585629504953e-10
68650.056 3.143405252380639e-10
68700.056 7.138329805402718e-10
68750.056 1.3966221503501848e-09
68800.056 1.2236967688792872e-09
68850.056 9.955153332693701e-10
68900.056 4.286601219580119e-09
68950.056 4.378276068600303e-09
69000.056 1.5684357523669398e-09
69050.056 7.921879161499281e-10
69100.056 3.300797318700224e-09
69150.056 5.907007496151796e-09
69200.056 5.55512922670054e-09
69250.056 5.447291078699447e-09
69300.056 5.35557772962094e-09
69350.056 5.868473032899942e-09
69400.056 2.3816022239130777e-09
69450.056 4.594354696598009e-09
69500.056 2.7881875255698585e-09
69550.056 1.4304055171999553e-09
69600.056 3.429770672600338e-10
69650.056 1.4919507003504855e-09
69700.056 3.385780605099945e-09
69750.056 1.6108460379509686e-09
69800.056 4.361174600500054e-09
69850.056 4.1814911692811414e-09
69900.056 2.2345734623423304e-09
69950.056 2.15059616802805e-09
70000.056 2.690517723009675e-09
70050.056 6.586601324502562e-09
70100.056 4.350787016389738e-09
70150.056 3.3113992190595686e-09
70200.056 1.77344479446922e-09
70250.056 1.8838893683505974e-09
70300.056 3.8880693319704186e-09
70350.056 4.17967420629965e-09
70400.056 1.3738575938295132e-09
70450.056 3.393715842351147e-10
70500.056 1.5004926393303324e-09
70550.056 1.3128964994600467e-09
70600.056 1.8852281783502274e-09
70650.056 3.2185491119996163e-09
70700.056 5.25380308635233e-09
70750.056 8.990006784501526e-09
70800.056 2.8879518547882718e-09
70850.056 3.6291744625603442e-09
70900.056 5.627419051879302e-09
70950.056 6.803510550702201e-09
71000.056 6.047528378599642e-09
71050.056 7.0166072180698115e-09
71100.056 4.621229933599443e-09
71150.056 2.0576748225791487e-09
71200.056 2.2410317443196e-09
71250.056 5.846501344401285e-09
71300.056 8.385275849199727e-09
71350.056 7.718830330699842e-09
71400.056 4.820827843598828e-09
71450.056 1.1690180525139085e-09
71500.056 2.0012013068096867e-09
71550.056 2.084782069860137e-09
71600.056 2.6407262308595587e-09
71650.056 1.1522712106749997e-09
71700.056 8.640768098600319e-10
71750.056 2.9760113184014127e-09
71800.056 5.422424477279887e-09
71850.056 5.658266724500579e-09
71900.056 3.4824573340093087e-09
71950.056 4.746676142437881e-09
72000.056 3.6327955455401812e-09
72050.056 1.1951157196055662e-09
72100.056 1.621927056158353e-09
72150.056 3.880384179529036e-09
72200.056 3.770526818870499e-09
72250.056 9.248083790500742e-09
72300.056 2.6969458583498392e-09
72350.056 5.036090061739197e-09
72400.056 3.943203143330218e-09
72450.056 3.615437898137689e-09
72500.056 4.784067398530056e-09
72550.056 1.0045330349017775e-09
72600.056 2.2567836309863008e-09
72650.056 4.4844669214219155e-09
72700.056 1.592544731889077e-09
72750.056 2.080503468409918e-09
72800.056 8.947792102241692e-10
72850.056 1.5796784660627643e-09
72900.056 5.8953628274005686e-09
72950.056 2.4237509267060426e-09
73000.056 2.352741228846395e-09
73050.056 7.794307421001965e-10
73100.056 1.2765636685581878e-09
73150.056 5.019988096899404e-09
73200.056 1.0834808218039829e-09
73250.056 1.640102201789839e-09
73300.056 7.209623431446226e-10
73350.056 5.593081505237341e-10
73400.056 1.797212590890289e-09
73450.056 8.49084177498993e-10
73500.056 4.941203806290924e-10
73550.056 1.3769238352553902e-09
73600.056 1.6975217582292517e-09
73650.056 1.1163916405987892e-09
73700.056 7.548166088831518e-10
73750.056 2.229137095017093e-10
73800.056 9.110948585683487e-10
73850.056 1.4646728950091482e-09
73900.056 3.705162051228258e-10
73950.056 7.20927499646096e-10
74000.056 1.6115891823509827e-10
74050.056 1.4862009532608126e-09
74100.056 1.6283011807519175e-09
74150.056 1.2701536599296489e-09
74200.056 2.2514192901553686e-10
74250.056 7.604486818888816e-11
74300.056 1.0797486096934718e-09
74350.056 1.938566063960506e-09
74400.056 1.0926841769717772e-09
74450.056 2.8389516852170646e-10
74500.056 1.1448755258880786e-10
74550.056 3.887249342901154e-10
74600.056 6.525720175190988e-10
74650.056 9.045317990300381e-10
74700.056 7.089241826702216e-10
74750.056 1.3839968676651017e-10
74800.056 2.127408859511882e-10
74850.056 1.5284904452205857e-09
74900.056 1.9773236967241413e-09
74950.056 1.1548418809796236e-09
75000.056 5.06542800929758e-10
75050.056 4.266830218474957e-11
75100.056 7.185538110565832e-10
75150.056 2.258831560380696e-09
75200.056 2.148676081699616e-09
75250.056 1.0721630934793415e-09
75300.056 4.878477838800173e-10
75350.056 8.452794164397125e-11
75400.056 1.2916464358304506e-09
75450.056 2.895146742200585e-09
75500.056 2.1816787848292717e-09
75550.056 1.1018985908843806e-09
75600.056 1.1739479904297336e-09
75650.056 4.870140309315977e-10
75700.056 2.9738268808601417e-09
75750.056 2.3384283951413798e-09
75800.056 2.329026286512836e-09
75850.056 2.6309691048101018e-09
75900.056 2.4645274791191775e-09
75950.056 6.908703836611751e-10
76000.056 4.047256949949645e-09
76050.056 4.039658887798682e-09
76100.056 3.3378763207654947e-09
76150.056 3.1904127341794098e-09
76200.056 2.1143402483604495e-09
76250.056 3.929451106069354e-10
76300.056 2.949441704780471e-09
76350.056 4.413356239500527e-09
76400.056 2.73764274042006e-09
76450.056 1.7760705543505017e-09
76500.056 9.805469481897931e-10
76550.056 1.7870917988451704e-10
76600.056 4.134404106882863e-11
76650.056 6.298643038335965e-11
76700.056 7.746572828030894e-11
76750.056 9.52457905080167e-11
76800.056 1.835541664220492e-10
76850.056 2.1104041014463813e-10
76900.056 3.8024340253384413e-10
76950.056 2.688904255915447e-10
77000.056 1.0348159535797053e-09
77050.056 1.754423190941744e-10
77100.056 3.6013590528197524e-10
77150.056 9.163771284362806e-10
77200.056 2.7781371466302606e-10
77250.056 1.9367629024489526e-10
77300.056 1.1275749525097348e-09
77350.056 5.587841969305956e-10
77400.056 1.3461352445306928e-09
77450.056 3.2169933938988282e-09
77500.056 1.7999440916338624e-09
77550.056 6.181162031667924e-10
77600.056 1.5018355387631128e-10
77650.056 2.5849448207785335e-10
77700.056 1.2272633034294581e-09
77750.056 1.6411341823460289e-09
77800.056 2.9860508772103874e-09
77850.056 3.1721873353989507e-09
77900.056 5.749699115552083e-10
77950.056 1.4319950577152255e-10
78000.056 6.219709567309013e-10
78050.056 7.634739613479449e-10
78100.056 1.5970370204454701e-09
78150.056 2.658724479980366e-09
78200.056 4.410975398499926e-09
78250.056 1.937686437329517e-09
78300.056 2.407310410576739e-10
78350.056 1.0445013712066273e-09
78400.056 4.297280531306182e-10
78450.056 9.996143737553469e-10
78500.056 3.195185184839507e-09
78550.056 4.448378688699821e-09
78600.056 2.5978483111996454e-09
78650.056 3.1738133843613287e-10
78700.056 3.9105937315253263e-10
78750.056 1.1791589368798443e-09
78800.056 4.4250317003769584e-10
78850.056 2.7295605609886773e-10
78900.056 9.640056129959183e-10
78950.056 2.3379046806703076e-09
79000.056 1.1634609963383278e-09
79050.056 1.0545456964364595e-09
79100.056 1.7383199319104104e-09
79150.056 7.69178891455257e-10
79200.056 1.085220528559969e-09
79250.056 3.9625436372767825e-10
79300.056 6.814326139966427e-10
79350.056 9.768100032500183e-10
79400.056 3.7024964395517034e-10
79450.056 2.30602919489074e-09
79500.056 4.753803101100072e-09
79550.056 3.5031569206997212e-09
79600.056 1.1476722545938618e-09
79650.056 3.4284601297793813e-09
79700.056 1.1191934050639707e-09
79750.056 1.2153134609865296e-09
79800.056 9.760012443416267e-10
79850.056 2.679502831380773e-09
79900.056 6.354653434981074e-09
79950.056 8.151411093900067e-09
