# %ECSV 1.0
# ---
# datatype:
# - {name: wav, unit: Angstrom, datatype: float64}
# - {name: flux_nu, unit: erg / (cm2 Hz s), datatype: float64}
# meta: {C/O: '1.00', Kzz: '1.0000E+05', Teff: '575.', Y: '0.28', '[Fe/H]': '0.00', f_hole: '1.00', f_rain: '0.00', grav: '316.'}
# schema: astropy-2.0
wav flux_nu
4000.0559999999996 nan
4050.0559999999996 3.4596568049559725e-16
4100.056 6.206618563810125e-14
4150.056 5.812846264900071e-13
4200.056 5.570620774875628e-13
4250.056 3.9906677486000355e-12
4300.056 7.97684273460012e-12
4350.056 1.2155975499600065e-11
4400.056 1.768589913200011e-11
4450.056 2.5008822059000193e-11
4500.056 3.045804234300029e-11
4550.056 2.8786301628119674e-11
4600.056 6.21665672069997e-12
4650.056 3.37793565299998e-12
4700.056 1.5353543298499857e-12
4750.056 4.2021894762999466e-13
4800.056 1.1477581970199878e-13
4850.056 3.827414473999965e-14
4900.056 1.8215642463999893e-14
4950.056 1.0020177975299942e-14
5000.056 5.043259396499961e-15
5050.056 3.0519416804999987e-15
5100.056 3.0399483515000154e-15
5150.056 3.24453807090001e-15
5200.056 3.4999680861000057e-15
5250.056 3.770396931600003e-15
5300.056 4.096580806500005e-15
5350.056 4.495837875500006e-15
5400.056 4.933248138400007e-15
5450.056 5.438284590500018e-15
5500.056 5.993434285500016e-15
5550.056 6.572177140900009e-15
5600.056 7.111434598000005e-15
5650.056 7.526139633099997e-15
5700.056 7.633027885699999e-15
5750.056 7.390590694099996e-15
5800.056 6.50442495209998e-15
5850.056 4.431805567799946e-15
5900.056 1.3986955647846666e-15
5950.056 8.881812733800204e-15
6000.056 1.9107387568000006e-14
6050.056 3.397270739100039e-14
6100.056 5.427998366400043e-14
6150.056 8.16449505250005e-14
6200.056 1.187581261150006e-13
6250.056 1.6702363270000057e-13
6300.056 2.3399739067000064e-13
6350.056 3.238074032900013e-13
6400.056 4.4482917998000227e-13
6450.056 5.827919794199963e-13
6500.056 7.983907713800033e-13
6550.056 1.1085215656299905e-12
6600.056 1.5429333720200309e-12
6650.056 2.1578744918000158e-12
6700.056 2.802876942270024e-12
6750.056 3.981192785500019e-12
6800.056 4.929196355800031e-12
6850.056 5.311030384900001e-12
6900.056 4.654929421500045e-12
6950.056 3.873468716299984e-12
7000.056 4.00898679139999e-12
7050.056 4.258540612999962e-12
7100.056 4.680052484099966e-12
7150.056 4.3510248131499125e-12
7200.056 4.088011314353946e-12
7250.056 4.308962197759832e-12
7300.056 4.280314462850237e-12
7350.056 4.61107388443993e-12
7400.056 4.926295826300151e-12
7450.056 5.3412217320001794e-12
7500.056 5.593238235499996e-12
7550.056 5.601373158499993e-12
7600.056 5.314714205899984e-12
7650.056 2.076277044009926e-12
7700.056 1.6400135396320593e-12
7750.056 5.750633873600074e-12
7800.056 8.181533912600015e-12
7850.056 1.1876358412800003e-11
7900.056 1.5342025491099884e-11
7950.056 1.7343863769600068e-11
8000.056 2.40850145880002e-11
8050.056 2.979439781900035e-11
8100.056 3.148084811149918e-11
8150.056 3.4488427797610294e-11
8200.056 5.029556063898227e-11
8250.056 5.927227567644929e-11
8300.056 7.427975222790228e-11
8350.056 8.94713834495968e-11
8400.056 1.1142411800399925e-10
8450.056 1.4554753973999907e-10
8500.056 1.691461460879945e-10
8550.056 2.2152717768000463e-10
8600.056 2.7896287911000246e-10
8650.056 3.362234614900033e-10
8700.056 3.926600575300036e-10
8750.056 4.6504635603000324e-10
8800.056 5.34263185040004e-10
8850.056 5.627173497099941e-10
8900.056 3.771202818119788e-10
8950.056 3.645495276812975e-10
9000.056 3.9989454105632863e-10
9050.056 7.774455571372213e-10
9100.056 9.104793416827465e-10
9150.056 1.0286577787716664e-09
9200.056 1.3438275556751782e-09
9250.056 1.3140137441232435e-09
9300.056 3.32289606571107e-10
9350.056 4.5593397178985687e-10
9400.056 9.661144161173653e-10
9450.056 1.0070662497573515e-09
9500.056 9.172025687149375e-10
9550.056 1.0190695905549878e-09
9600.056 1.0736497460242586e-09
9650.056 1.4462306399858009e-09
9700.056 2.3438587478088877e-09
9750.056 2.4327842848356255e-09
9800.056 2.869706259855546e-09
9850.056 3.3909471041509615e-09
9900.056 4.3184674981200496e-09
9950.056 4.6933100191401345e-09
10000.056 4.6111134479198795e-09
10050.056 6.273666665400082e-09
10100.056 7.310847477599998e-09
10150.056 7.820684022999995e-09
10200.056 8.126907704900404e-09
10250.056 9.472346593270274e-09
10300.056 1.1524413763799255e-08
10350.056 1.1735555764800389e-08
10400.056 1.4732553213700199e-08
10450.056 1.6960672368598282e-08
10500.056 1.9103348389999622e-08
10550.056 2.1528950981000172e-08
10600.056 2.2961623157999845e-08
10650.056 2.4165305429000426e-08
10700.056 2.4180443297300304e-08
10750.056 2.4951257854300284e-08
10800.056 2.4782314594200293e-08
10850.056 2.343191651320021e-08
10900.056 1.8692242891499554e-08
10950.056 1.0545441573580149e-08
11000.056 6.916760704786903e-09
11050.056 4.056695990105107e-09
11100.056 2.3907094619579274e-09
11150.056 1.182639568090278e-09
11200.056 1.0465227031499954e-09
11250.056 1.3672499316938044e-09
11300.056 1.6892471352528204e-09
11350.056 6.150406695746585e-10
11400.056 2.028709935509852e-09
11450.056 1.329858142535698e-09
11500.056 1.1909202394604397e-09
11550.056 4.015355932949781e-10
11600.056 3.2386185265566194e-10
11650.056 8.166672157188373e-10
11700.056 9.77484788633048e-10
11750.056 3.190169700846713e-10
11800.056 1.3938999684718843e-09
11850.056 2.248474632921903e-09
11900.056 2.7860365837197833e-09
11950.056 4.245060228700616e-09
12000.056 6.190855786811558e-09
12050.056 8.893553811170505e-09
12100.056 1.1858777022088451e-08
12150.056 1.592777146679922e-08
12200.056 1.909167134029994e-08
12250.056 2.4803794457897546e-08
12300.056 3.247453158820194e-08
12350.056 3.4969800702999545e-08
12400.056 4.479599468799864e-08
12450.056 5.369181521700152e-08
12500.056 5.8903834093003664e-08
12550.056 6.616679544599942e-08
12600.056 7.274297887800221e-08
12650.056 7.378430309999908e-08
12700.056 7.298102226700229e-08
12750.056 6.216816638900255e-08
12800.056 5.410282518419967e-08
12850.056 3.894105042590138e-08
12900.056 3.1230526834863266e-08
12950.056 2.6888860439041246e-08
13000.056 2.7520346993503094e-08
13050.056 2.0361885641264875e-08
13100.056 1.9466224490465517e-08
13150.056 1.3704940894521265e-08
13200.056 1.278552530539571e-08
13250.056 9.328516830163037e-09
13300.056 3.851933130794927e-09
13350.056 1.1688795158798793e-09
13400.056 4.702028035959485e-10
13450.056 1.8104946700628804e-10
13500.056 8.075467966536685e-11
13550.056 3.637425077922877e-11
13600.056 1.296336500078954e-11
13650.056 6.501082099547335e-11
13700.056 3.8327545872202887e-11
13750.056 8.124879881686963e-11
13800.056 8.623369632195571e-11
13850.056 4.648574484321369e-11
13900.056 5.954776284864743e-11
13950.056 5.535784157238869e-11
14000.056 6.133992538971373e-11
14050.056 9.471372558194918e-11
14100.056 8.131299773318646e-11
14150.056 1.453497643573876e-10
14200.056 9.748597671557777e-11
14250.056 1.220975175327451e-10
14300.056 3.093755125935256e-10
14350.056 2.8354247124110456e-10
14400.056 2.975255409393257e-10
14450.056 4.602886496608541e-10
14500.056 9.372958092420672e-10
14550.056 9.909375960962222e-10
14600.056 1.4481311683882079e-09
14650.056 1.0062625119706025e-09
14700.056 5.431103786030411e-10
14750.056 4.415900222160864e-10
14800.056 6.760742309358877e-10
14850.056 7.667489750461986e-10
14900.056 7.984082487683971e-10
14950.056 7.646031753979138e-10
15000.056 1.5642180682387971e-09
15050.056 1.4650284170527884e-09
15100.056 1.1463941683473872e-09
15150.056 9.093594001337401e-10
15200.056 1.591203527228139e-09
15250.056 3.0524460929297173e-09
15300.056 3.784086285159204e-09
15350.056 4.807683417412077e-09
15400.056 6.148982243906223e-09
15450.056 7.792832944820231e-09
15500.056 9.160092527989319e-09
15550.056 1.2893518356362499e-08
15600.056 1.677982170339907e-08
15650.056 2.1861233979301524e-08
15700.056 2.8583569956401016e-08
15750.056 3.2688321234200025e-08
15800.056 3.57695601280001e-08
15850.056 3.956521088600195e-08
15900.056 3.7471425852000476e-08
15950.056 3.551084709599821e-08
16000.056 2.820768587100142e-08
16050.056 1.8036915787298914e-08
16100.056 1.1747344884319116e-08
16150.056 6.840479978961531e-09
16200.056 3.807339349927967e-09
16250.056 2.7507132285136557e-09
16300.056 1.899942786241327e-09
16350.056 2.3445474368851587e-09
16400.056 2.840030311293604e-09
16450.056 2.801020002778696e-09
16500.056 2.7568946525770434e-09
16550.056 2.7364373347629192e-09
16600.056 3.6626178222590825e-09
16650.056 2.571889651043274e-09
16700.056 5.219355241277645e-10
16750.056 1.4486833786794469e-09
16800.056 2.3529467423423734e-09
16850.056 2.54747028787041e-09
16900.056 1.563346617589263e-09
16950.056 1.086017559703826e-09
17000.056 6.707985378657429e-10
17050.056 1.2488225326180191e-09
17100.056 1.9124345767367687e-09
17150.056 1.229219042964381e-09
17200.056 2.9851333642642208e-09
17250.056 1.915070362475789e-09
17300.056 1.366806828656471e-09
17350.056 1.4037064525870334e-09
17400.056 2.0022098441884468e-09
17450.056 2.4627697907380394e-09
17500.056 3.0200263270129614e-09
17550.056 2.6137222281458512e-09
17600.056 2.1209798614406827e-09
17650.056 1.8849096414284304e-09
17700.056 1.496156801082254e-09
17750.056 1.3131221134304514e-09
17800.056 2.3236453700825694e-09
17850.056 1.2845278834279049e-09
17900.056 1.0428973665910715e-09
17950.056 7.757471714188706e-10
18000.056 1.1653730345443197e-09
18050.056 7.982409346987642e-10
18100.056 9.640944091160462e-10
18150.056 9.599814323158522e-10
18200.056 6.147644660815723e-10
18250.056 1.8180756619853854e-09
18300.056 5.716591878548935e-10
18350.056 4.759375470993461e-10
18400.056 3.7323661870317496e-10
18450.056 1.07761333780277e-09
18500.056 1.0461328567211463e-09
18550.056 6.657075031121995e-10
18600.056 7.190120833443772e-10
18650.056 5.264379136857468e-10
18700.056 2.3995168695264115e-10
18750.056 4.928012317879504e-10
18800.056 1.64023882044535e-09
18850.056 1.627802008156771e-09
18900.056 1.4059845907597514e-09
18950.056 2.385449406977523e-09
19000.056 9.206572442021639e-10
19050.056 4.87832558615268e-10
19100.056 1.0177634436369604e-09
19150.056 4.95861744833252e-10
19200.056 7.117963653320785e-10
19250.056 4.834287972358574e-10
19300.056 3.597347557429886e-10
19350.056 3.1390966729402533e-10
19400.056 2.6491595771330246e-10
19450.056 4.496344974413137e-10
19500.056 3.5900804147748265e-10
19550.056 4.4703191699953915e-10
19600.056 7.938721823043671e-10
19650.056 6.680476051678182e-10
19700.056 7.789489096828754e-10
19750.056 1.2031646952694774e-09
19800.056 9.101934722133106e-10
19850.056 1.1894833814358067e-09
19900.056 1.3706232738859254e-09
19950.056 1.9691815406847714e-09
20000.056 2.359687257780186e-09
20050.056 2.029267948310004e-09
20100.056 3.258597423210922e-09
20150.056 2.006419413123503e-09
20200.056 1.6538057072852313e-09
20250.056 2.873665504920489e-09
20300.056 3.267262485595912e-09
20350.056 3.3931396920382634e-09
20400.056 3.10549218021277e-09
20450.056 4.9590541599989525e-09
20500.056 5.6617256299770294e-09
20550.056 6.15964487254253e-09
20600.056 6.632928496221572e-09
20650.056 7.875990751209677e-09
20700.056 8.603116818820483e-09
20750.056 9.36719239899914e-09
20800.056 9.41873424909821e-09
20850.056 1.0382253162100311e-08
20900.056 1.0930796601498603e-08
20950.056 1.0642282401300706e-08
21000.056 1.0466643628700667e-08
21050.056 1.0793219587599201e-08
21100.056 1.0343801077500419e-08
21150.056 1.0341052575298696e-08
21200.056 9.727938462100817e-09
21250.056 9.132557232688486e-09
21300.056 7.979704718469978e-09
21350.056 7.820851508523302e-09
21400.056 7.562080197327147e-09
21450.056 6.425382626856167e-09
21500.056 5.788095017668077e-09
21550.056 5.193928537073931e-09
21600.056 4.540009129284476e-09
21650.056 3.512930102255055e-09
21700.056 3.374779564273836e-09
21750.056 2.969576427693973e-09
21800.056 2.221722285708541e-09
21850.056 2.048672152778628e-09
21900.056 1.490262709660944e-09
21950.056 7.181239952005385e-10
22000.056 1.7713119604933407e-10
22050.056 1.956314162207962e-10
22100.056 6.419649634563185e-10
22150.056 5.684564590171339e-10
22200.056 6.177985920674766e-10
22250.056 5.085774093463735e-10
22300.056 2.9659657628525735e-10
22350.056 3.581075160696582e-10
22400.056 1.5811949379411578e-10
22450.056 2.1146091127775603e-10
22500.056 1.7420319402106798e-10
22550.056 1.1619427326357007e-10
22600.056 9.878212101518575e-11
22650.056 1.6811737273124813e-10
22700.056 1.347481041415229e-10
22750.056 1.56045598109965e-10
22800.056 1.661400956154982e-10
22850.056 1.2483450495268639e-10
22900.056 9.766262747096659e-11
22950.056 8.972161537606496e-11
23000.056 1.1586542643386442e-10
23050.056 1.5360599517397883e-10
23100.056 5.818425180199673e-10
23150.056 5.194819380415454e-10
23200.056 3.643781230101656e-11
23250.056 1.1729274917360447e-10
23300.056 1.0423586473915881e-10
23350.056 1.3677255691832502e-10
23400.056 1.168341424300465e-10
23450.056 8.5586382703023e-11
23500.056 9.71386580417668e-11
23550.056 1.6434504056588117e-10
23600.056 2.713228304550816e-10
23650.056 3.7765769368518953e-10
23700.056 9.924430594226296e-11
23750.056 9.073227019274338e-11
23800.056 2.839810291369862e-10
23850.056 2.218514713716508e-10
23900.056 4.561361140474998e-10
23950.056 3.1029132667893446e-10
24000.056 5.515076609714008e-10
24050.056 6.350189893754816e-10
24100.056 6.443618802170485e-10
24150.056 9.139571515472235e-10
24200.056 6.760951259782837e-10
24250.056 5.711401849750302e-10
24300.056 9.529911339326225e-10
24350.056 7.654367394058046e-10
24400.056 1.4368702336534752e-09
24450.056 1.4869180404603171e-09
24500.056 1.3680003433200977e-09
24550.056 1.9782590505505394e-09
24600.056 2.048864672998762e-09
24650.056 2.9121319062391088e-09
24700.056 1.7874154293026377e-09
24750.056 2.2196561437371585e-09
24800.056 2.010800612555265e-09
24850.056 3.3158451614996506e-09
24900.056 1.427025231409976e-09
24950.056 2.9993137945656095e-09
25000.056 2.705260659187112e-09
25050.056 1.6589326183778637e-09
25100.056 2.6684781349279016e-09
25150.056 1.3652949735160054e-09
25200.056 1.9664831661769762e-09
25250.056 8.396608139487439e-10
25300.056 1.316628157558182e-09
25350.056 6.057411172178102e-10
25400.056 1.5149455523594777e-09
25450.056 5.295796322560601e-10
25500.056 4.737317394235681e-10
25550.056 8.459492791826334e-10
25600.056 5.417855825553846e-10
25650.056 2.729248755534898e-10
25700.056 4.458342227062847e-10
25750.056 1.2577651148840384e-10
25800.056 6.29611564182858e-10
25850.056 1.3978940515961422e-10
25900.056 2.0878921907392705e-10
25950.056 6.063356116140171e-11
26000.056 6.007851814878473e-10
26050.056 1.0253397958377519e-10
26100.056 4.4728522799595423e-10
26150.056 2.285956972309183e-10
26200.056 2.7268941895567565e-10
26250.056 1.3643836639858287e-09
26300.056 3.896384102703548e-10
26350.056 1.9084648714629465e-09
26400.056 2.2393807008731177e-09
26450.056 1.7629841085548987e-09
26500.056 3.0947322183597717e-09
26550.056 5.638657883938238e-10
26600.056 7.7327654963915e-10
26650.056 1.3882008986922456e-10
26700.056 8.992711379134951e-11
26750.056 9.36514956711968e-11
26800.056 2.5352623347371625e-10
26850.056 1.3516344213453967e-10
26900.056 6.209043567269875e-10
26950.056 2.1953438040162515e-10
27000.056 1.124716807028305e-09
27050.056 1.1021011763610071e-09
27100.056 2.3268448471161298e-10
27150.056 1.5293140809451977e-09
27200.056 2.3272406446235422e-10
27250.056 6.210181929797843e-10
27300.056 3.2132509882432097e-09
27350.056 1.3412896075221035e-09
27400.056 9.457004106681521e-11
27450.056 1.6421645183494495e-09
27500.056 1.9220660508711586e-09
27550.056 3.4827203224252223e-10
27600.056 9.48939861138509e-10
27650.056 2.758417949330615e-10
27700.056 2.2149376817550646e-10
27750.056 1.2877667501310268e-09
27800.056 3.8272663645012794e-10
27850.056 5.984886886414286e-10
27900.056 6.100140214405179e-10
27950.056 1.524910435735111e-09
28000.056 1.2421641395317174e-09
28050.056 1.8709352701824264e-10
28100.056 1.277197518634421e-09
28150.056 9.047466032376853e-10
28200.056 2.857560969940565e-10
28250.056 1.7092668662759257e-09
28300.056 1.6646293158856737e-09
28350.056 3.7810670895013924e-10
28400.056 1.2044384973809298e-09
28450.056 1.986654471761679e-09
28500.056 1.2948519230262459e-09
28550.056 2.9577984006607105e-10
28600.056 2.1278693048831563e-09
28650.056 1.4712180368558817e-09
28700.056 1.834029416868787e-09
28750.056 2.8070533701632135e-09
28800.056 1.4692063412046278e-09
28850.056 2.5972678249090517e-09
28900.056 1.2879543600116102e-09
28950.056 2.3104865173679623e-09
29000.056 1.8294097176172266e-09
29050.056 2.5220913575657594e-09
29100.056 1.4645310379912624e-09
29150.056 2.4006777355363575e-09
29200.056 2.5046414224454994e-09
29250.056 3.7075654314634615e-09
29300.056 1.74765404721708e-09
29350.056 5.5077257461844035e-09
29400.056 2.2506201601869343e-09
29450.056 2.2296162184788067e-09
29500.056 4.181561371077032e-09
29550.056 2.221587483318689e-09
29600.056 3.0598515322894047e-09
29650.056 5.668466875407586e-09
29700.056 2.131996160696748e-09
29750.056 4.5843161118568645e-09
29800.056 4.207366726679364e-09
29850.056 5.3762416494774085e-09
29900.056 3.876438337122249e-09
29950.056 3.88556073710001e-09
30000.056 1.823591920034801e-10
30050.056 6.001986524751347e-10
30100.056 1.5239747776529905e-09
30150.056 4.316588224549777e-09
30200.056 3.521624751622592e-09
30250.056 7.07592553489988e-09
30300.056 7.664171494635514e-09
30350.056 3.3674403438403717e-09
30400.056 8.410303082071748e-09
30450.056 5.095921747502422e-09
30500.056 4.864875655110781e-09
30550.056 4.0684783169864755e-09
30600.056 1.113727627747311e-08
30650.056 5.821647633502703e-09
30700.056 4.689606872627059e-09
30750.056 7.510466849790915e-09
30800.056 5.630126514269083e-09
30850.056 6.025084392580041e-09
30900.056 3.6585528397534578e-09
30950.056 3.748697573819983e-09
31000.056 3.834292437065983e-09
31050.056 3.7136404012403405e-09
31100.056 2.1800474340102527e-09
31150.056 3.919184519305341e-09
31200.056 6.6823489741309e-09
31250.056 3.816972788885889e-09
31300.056 2.792086935016949e-09
31350.056 4.266855703226769e-09
31400.056 3.0287089027853674e-09
31450.056 3.422904441209218e-09
31500.056 1.5248411585628226e-09
31550.056 2.361745702908724e-09
31600.056 1.5896780551181052e-09
31650.056 1.4302986955401977e-09
31700.056 1.5350887124472903e-09
31750.056 7.958615068148037e-10
31800.056 1.651748610110276e-09
31850.056 4.70472955896467e-10
31900.056 9.704673085339798e-10
31950.056 5.391166303401353e-10
32000.056 6.37750381305663e-10
32050.056 7.73597927347087e-10
32100.056 6.478654385744527e-10
32150.056 8.459414826022452e-10
32200.056 4.553710109177824e-10
32250.056 1.108184824340129e-09
32300.056 4.0435705506536247e-10
32350.056 1.0934368440520264e-09
32400.056 3.193660201283027e-10
32450.056 9.339167446779075e-10
32500.056 4.422870285547767e-10
32550.056 7.648156283531502e-10
32600.056 5.983795459967563e-10
32650.056 1.5982730663200841e-09
32700.056 8.211233799396023e-10
32750.056 2.4586292417378268e-09
32800.056 1.9301124112572854e-09
32850.056 3.3995682862697613e-09
32900.056 3.2380203165051397e-09
32950.056 3.520677066714568e-09
33000.056 1.8660978764581752e-09
33050.056 2.2998851811477897e-09
33100.056 6.62033177965767e-10
33150.056 3.3396681323003356e-12
33200.056 2.5303028231825906e-11
33250.056 2.6804801788450562e-11
33300.056 1.0428769334034968e-10
33350.056 3.2150025413756203e-10
33400.056 8.375141094239812e-10
33450.056 8.295330833441202e-10
33500.056 2.389299080991748e-09
33550.056 8.288228602258842e-10
33600.056 1.9602918158745193e-09
33650.056 1.8658805365468577e-09
33700.056 9.569801834234484e-10
33750.056 2.5943918786362698e-09
33800.056 5.322720136234842e-10
33850.056 1.4775016673728652e-09
33900.056 1.4324039115516301e-09
33950.056 1.2014375431684406e-09
34000.056 2.2768285889413284e-09
34050.056 5.243014157756051e-10
34100.056 2.011857182722163e-09
34150.056 9.80294587780129e-10
34200.056 2.0138076584608237e-09
34250.056 1.5186782270927101e-09
34300.056 1.2838807752771237e-09
34350.056 2.1087302026266315e-09
34400.056 9.049102635712465e-10
34450.056 2.3256408486542993e-09
34500.056 1.483314089088518e-09
34550.056 8.236913583237818e-10
34600.056 3.272083864630368e-09
34650.056 8.832400018642345e-10
34700.056 2.4929160083637188e-09
34750.056 1.7935504136876773e-09
34800.056 1.3738431383814265e-09
34850.056 3.492448583448508e-09
34900.056 1.545823852036927e-09
34950.056 3.116521093248908e-09
35000.056 5.8338997305395e-09
35050.056 2.4691918788066447e-09
35100.056 5.5588308650833425e-09
35150.056 4.928677904841367e-09
35200.056 4.04502898102209e-09
35250.056 7.119775420137865e-09
35300.056 3.2653873474126593e-09
35350.056 4.399922780824135e-09
35400.056 4.323536873270982e-09
35450.056 3.0364330605657386e-09
35500.056 9.338052043829287e-09
35550.056 6.1770469060836096e-09
35600.056 6.322085707424277e-09
35650.056 6.8506977821203075e-09
35700.056 6.356415640309918e-09
35750.056 9.982364688685349e-09
35800.056 1.0087919453946906e-08
35850.056 4.634618902644119e-09
35900.056 6.87262917181767e-09
35950.056 8.327991749177265e-09
36000.056 8.339111334501406e-09
36050.056 6.763952159784878e-09
36100.056 6.344761280489843e-09
36150.056 1.0770509842984305e-08
36200.056 1.2249632445368917e-08
36250.056 8.920548424550187e-09
36300.056 1.6502180268538077e-08
36350.056 1.1710739399023028e-08
36400.056 1.5431328404546886e-08
36450.056 1.508060870502632e-08
36500.056 1.721113482149291e-08
36550.056 2.1596916962059023e-08
36600.056 2.4320431922692356e-08
36650.056 1.9250121036025892e-08
36700.056 1.96082584443391e-08
36750.056 2.466923524471056e-08
36800.056 2.711539047191671e-08
36850.056 1.8752300159398198e-08
36900.056 2.54628916579089e-08
36950.056 2.8084911250494302e-08
37000.056 2.16836045104737e-08
37050.056 2.9526263283638108e-08
37100.056 2.3244519441858303e-08
37150.056 2.3782266666740234e-08
37200.056 3.3803034903393414e-08
37250.056 2.4136890325814956e-08
37300.056 2.0204593103044798e-08
37350.056 2.944926027181868e-08
37400.056 4.203134445623965e-08
37450.056 2.210650173566465e-08
37500.056 2.6487146460911464e-08
37550.056 4.2842134138439955e-08
37600.056 5.5094254139010586e-08
37650.056 2.398278727791208e-08
37700.056 4.2251861406463595e-08
37750.056 2.9614933012995295e-08
37800.056 3.217616151506648e-08
37850.056 1.9578885844851648e-08
37900.056 2.380702085898344e-08
37950.056 3.7958394021456464e-08
38000.056 3.7682187170298075e-08
38050.056 4.4895958872955094e-08
38100.056 5.320593699194718e-08
38150.056 5.575437046939849e-08
38200.056 5.119602224395444e-08
38250.056 4.9894801284548295e-08
38300.056 7.320130405838037e-08
38350.056 7.133882982522041e-08
38400.056 3.828442521677065e-08
38450.056 2.7500266322034472e-08
38500.056 1.9102185562723418e-08
38550.056 4.309923905401348e-08
38600.056 4.339817293079205e-08
38650.056 4.8450002294690446e-08
38700.056 4.753192791739587e-08
38750.056 4.622495514870498e-08
38800.056 4.5617311489592654e-08
38850.056 4.946205966690433e-08
38900.056 6.321722666327159e-08
38950.056 4.3205392398540425e-08
39000.056 5.776286689258674e-08
39050.056 4.6305504588422326e-08
39100.056 5.509025936769938e-08
39150.056 6.7369456699601e-08
39200.056 5.385671606335071e-08
39250.056 7.247274456059988e-08
39300.056 5.753014606558932e-08
39350.056 8.425279381920189e-08
39400.056 5.949935565532194e-08
39450.056 7.327486190295532e-08
39500.056 7.70436022620111e-08
39550.056 5.2135741705425686e-08
39600.056 7.42409014951988e-08
39650.056 9.1733492167991e-08
39700.056 8.317367073400996e-08
39750.056 5.245589493771992e-08
39800.056 6.172894117859915e-08
39850.056 1.0167435435700593e-07
39900.056 1.0520535222300431e-07
39950.056 6.80303576153904e-08
40000.056 9.859039548000523e-08
40050.056 9.708591400299927e-08
40100.056 5.3552095932013284e-08
40150.056 9.499741838920465e-08
40200.056 9.896797972597708e-08
40250.056 1.0555038674097373e-07
40300.056 1.0445796247400992e-07
40350.056 7.944347161758471e-08
40400.056 1.074649233195065e-07
40450.056 6.954549523207251e-08
40500.056 1.1319936973799057e-07
40550.056 1.2044409338936255e-07
40600.056 1.0535631328100669e-07
40650.056 9.031578630219603e-08
40700.056 1.4720302151499076e-07
40750.056 1.0461886221998012e-07
40800.056 7.501137028456992e-08
40850.056 1.5464571135002988e-07
40900.056 1.379045571667931e-07
40950.056 1.1687646299621585e-07
41000.056 1.0649093503619182e-07
41050.056 1.6042534030797062e-07
41100.056 1.3661501246099387e-07
41150.056 7.573025050775431e-08
41200.056 1.5527121322301088e-07
41250.056 1.3315357907038646e-07
41300.056 1.2794424842999543e-07
41350.056 1.648133878129946e-07
41400.056 1.426243683110112e-07
41450.056 1.6966603144498398e-07
41500.056 1.1954154234565456e-07
41550.056 1.1293213962743486e-07
41600.056 1.2950584764698303e-07
41650.056 1.5249636336801036e-07
41700.056 1.5967513941596767e-07
41750.056 1.4083895368798358e-07
41800.056 1.6166387077303024e-07
41850.056 1.263010409864838e-07
41900.056 1.3176679294036772e-07
41950.056 1.4246382577001197e-07
42000.056 1.1359665202864131e-07
42050.056 1.0841298729714376e-07
42100.056 1.4796109079198408e-07
42150.056 1.1921173438040542e-07
42200.056 1.2056208411799328e-07
42250.056 1.1924798372410573e-07
42300.056 1.1237029760659739e-07
42350.056 1.491983216340141e-07
42400.056 1.5915354671801553e-07
42450.056 1.388394587370317e-07
42500.056 1.4033767352899055e-07
42550.056 1.2411069872198373e-07
42600.056 1.4051166192844324e-07
42650.056 1.9671843239795371e-07
42700.056 1.2262391508996e-07
42750.056 1.2959500342901835e-07
42800.056 1.6800132947001652e-07
42850.056 1.8365691224795414e-07
42900.056 1.9792672258902914e-07
42950.056 1.4913921763897687e-07
43000.056 1.7286303037800956e-07
43050.056 9.814632062002058e-08
43100.056 1.502274163229857e-07
43150.056 1.266739913490126e-07
43200.056 1.6740273326601013e-07
43250.056 2.2585906275001583e-07
43300.056 2.122741484840039e-07
43350.056 1.1759220335897053e-07
43400.056 1.653378588790052e-07
43450.056 1.2191647248901463e-07
43500.056 1.299494643670218e-07
43550.056 1.3596295798181292e-07
43600.056 1.9301312625802002e-07
43650.056 1.2363682501920137e-07
43700.056 2.1838171767003113e-07
43750.056 1.8850053708800065e-07
43800.056 1.7286420128398529e-07
43850.056 1.5557137706402074e-07
43900.056 1.4264587458998493e-07
43950.056 9.909199273998869e-08
44000.056 9.295155998099902e-08
44050.056 1.942313211820058e-07
44100.056 2.5342278849000443e-07
44150.056 2.3770674691899346e-07
44200.056 2.0619805613900213e-07
44250.056 1.267652234179963e-07
44300.056 1.0289437095721724e-07
44350.056 1.1890785957002594e-07
44400.056 1.1168497980179132e-07
44450.056 1.775058809000026e-07
44500.056 1.6190666436003018e-07
44550.056 2.2312927094998314e-07
44600.056 1.97098689216505e-07
44650.056 1.8053222459600977e-07
44700.056 1.2394661026099002e-07
44750.056 1.737922131710338e-07
44800.056 1.3533594499581285e-07
44850.056 1.8837767887401321e-07
44900.056 1.4934176121900425e-07
44950.056 1.7093764120501208e-07
45000.056 1.9283140816100607e-07
45050.056 1.8095515643298316e-07
45100.056 1.714205606020075e-07
45150.056 1.636244187234811e-07
45200.056 1.2570647508801062e-07
45250.056 1.4532579590496713e-07
45300.056 1.3002085623301856e-07
45350.056 1.1858281622361531e-07
45400.056 2.3372352069602523e-07
45450.056 2.0403683915901552e-07
45500.056 2.289270563760132e-07
45550.056 2.4705873493894534e-07
45600.056 2.305975371500304e-07
45650.056 1.895934136799968e-07
45700.056 1.3175262482479485e-07
45750.056 1.2212469853270414e-07
45800.056 2.533509443170095e-07
45850.056 2.2124295353999217e-07
45900.056 2.5187222148799585e-07
45950.056 2.046308931839954e-07
46000.056 2.3960541457202533e-07
46050.056 1.8363573283900463e-07
46100.056 2.6869960823998166e-07
46150.056 1.7014418943600234e-07
46200.056 1.5290960893798707e-07
46250.056 7.498663282420096e-08
46300.056 1.7792005487800175e-07
46350.056 1.8537370258902007e-07
46400.056 1.7195722094900662e-07
46450.056 1.539646591292045e-07
46500.056 1.7241021542303656e-07
46550.056 1.0669058098400581e-07
46600.056 1.480753705413799e-07
46650.056 2.219208877300131e-07
46700.056 1.488547155739674e-07
46750.056 8.731773543671266e-08
46800.056 6.265237883636104e-08
46850.056 2.146430075520298e-07
46900.056 2.1109046326499143e-07
46950.056 2.031223948079823e-07
47000.056 1.950489092020282e-07
47050.056 1.5250731957214992e-07
47100.056 1.0823729889441077e-07
47150.056 1.604069328970236e-07
47200.056 1.886327311539925e-07
47250.056 1.1177816765798665e-07
47300.056 7.6953509469032e-08
47350.056 2.1391084474600124e-07
47400.056 1.8835307842298447e-07
47450.056 1.6279014617102214e-07
47500.056 2.185217311169807e-07
47550.056 1.8729563946900767e-07
47600.056 1.8461771675848563e-07
47650.056 1.846514485277472e-07
47700.056 1.498974767269576e-07
47750.056 1.1294624320100308e-07
47800.056 1.0174393119101189e-07
47850.056 5.791270937420858e-08
47900.056 8.491116952119241e-08
47950.056 1.664238171140069e-07
48000.056 2.2169685897001167e-07
48050.056 1.8886128355599254e-07
48100.056 8.805036984240632e-08
48150.056 1.4495689240400427e-07
48200.056 1.1058070236099771e-07
48250.056 1.3346584165500265e-07
48300.056 2.0934504487998316e-07
48350.056 1.3034037386699287e-07
48400.056 4.496794316402973e-08
48450.056 8.983308201892086e-08
48500.056 1.3544271106197114e-07
48550.056 1.403825613316121e-07
48600.056 1.6134159623200302e-07
48650.056 2.005338721079912e-07
48700.056 1.4240083173801563e-07
48750.056 9.213530196103374e-08
48800.056 1.8182813944600761e-07
48850.056 1.0600538644408127e-07
48900.056 1.5101145728096746e-07
48950.056 9.01839551930016e-08
49000.056 4.910420693266323e-08
49050.056 1.3546856294298162e-07
49100.056 1.6122739032752687e-07
49150.056 1.2209547192930364e-07
49200.056 1.8070305220802735e-07
49250.056 1.789938977650153e-07
49300.056 1.5175194461199618e-07
49350.056 7.118150759591507e-08
49400.056 1.0333191869027621e-07
49450.056 1.0261717695812689e-07
49500.056 8.308680570349128e-08
49550.056 2.486254870916091e-08
49600.056 6.093266051233057e-08
49650.056 1.0815394910399728e-07
49700.056 1.1538771841296674e-07
49750.056 1.2739122769509248e-07
49800.056 8.821395871291823e-08
49850.056 1.5726702269802357e-07
49900.056 1.3071642999699194e-07
49950.056 1.2408388560299912e-07
50000.056 1.0552773604228126e-07
50050.056 1.2828916800300135e-07
50100.056 1.0236985633699503e-07
50150.056 5.496380911369064e-08
50200.056 1.4400235618205538e-08
50250.056 6.981548087899645e-08
50300.056 4.7999117333016747e-08
50350.056 1.2042208180201587e-07
50400.056 1.1964842204298974e-07
50450.056 8.810168034080259e-08
50500.056 1.343267186990099e-07
50550.056 1.2118164734700623e-07
50600.056 8.861565828097625e-08
50650.056 1.3853189556502307e-07
50700.056 1.437835863129834e-07
50750.056 9.621496513340902e-08
50800.056 4.1127068346672874e-08
50850.056 2.7342103454651834e-08
50900.056 1.1738665672600185e-07
50950.056 9.790259121099737e-08
51000.056 8.671176446344715e-08
51050.056 1.109965457619863e-07
51100.056 4.59822494584166e-08
51150.056 5.7858361006954935e-08
51200.056 1.427264608949933e-07
51250.056 9.742026744718315e-08
51300.056 6.779657426572192e-08
51350.056 7.199504545375122e-08
51400.056 3.110135827189449e-08
51450.056 2.435665118908751e-08
51500.056 2.322588199604911e-08
51550.056 7.528781238340941e-08
51600.056 5.863473434881106e-08
51650.056 7.10657614469923e-08
51700.056 7.902853911419445e-08
51750.056 5.285542289890805e-08
51800.056 9.170414740298339e-08
51850.056 7.525363946879571e-08
51900.056 1.0520438487400134e-07
51950.056 6.663701325099259e-08
52000.056 1.0012234664996507e-08
52050.056 3.8651676675905316e-08
52100.056 2.5018391390996816e-08
52150.056 1.6321494307221196e-08
52200.056 3.562996937919954e-08
52250.056 5.3151725445711305e-08
52300.056 7.818090214799654e-08
52350.056 3.1618649554200976e-08
52400.056 2.992851282701101e-08
52450.056 8.246512607800819e-08
52500.056 6.986428957038054e-08
52550.056 7.181083671099363e-08
52600.056 5.375456646300086e-08
52650.056 6.270490010100734e-08
52700.056 4.6176381558598716e-08
52750.056 2.2895894217735432e-08
52800.056 3.624050620510512e-08
52850.056 4.2256094672487516e-08
52900.056 2.4763307628625022e-08
52950.056 3.4483101388803476e-08
53000.056 5.5036764041007025e-08
53050.056 2.389107913043358e-08
53100.056 6.135871596499581e-08
53150.056 7.051160645700661e-08
53200.056 2.9473303003707654e-08
53250.056 6.215682272900357e-08
53300.056 7.421756830541871e-08
53350.056 5.9204381731000754e-08
53400.056 4.30509734269948e-08
53450.056 1.7800161123144514e-08
53500.056 4.864685050738203e-09
53550.056 1.125863668636994e-08
53600.056 3.767208013635468e-08
53650.056 3.281981604895413e-08
53700.056 2.9034427657294686e-08
53750.056 2.8044647791745738e-08
53800.056 2.891997893870181e-08
53850.056 4.6603287697984655e-08
53900.056 4.733071572799992e-08
53950.056 5.182379410060219e-08
54000.056 3.699086235126988e-08
54050.056 4.9788871967594765e-08
54100.056 1.2025329541118803e-08
54150.056 1.8934299919824863e-08
54200.056 3.866161367420516e-09
54250.056 1.013093749880107e-08
54300.056 1.774958241662031e-08
54350.056 2.8954060290798105e-08
54400.056 2.792273599799163e-08
54450.056 2.6323305477317162e-08
54500.056 2.8742311738904017e-08
54550.056 2.3116624919499783e-08
54600.056 2.1958467452597352e-08
54650.056 3.7073960484677114e-09
54700.056 2.5202278090997956e-08
54750.056 2.450619829769661e-08
54800.056 1.3545484397419146e-08
54850.056 1.6620301152122835e-08
54900.056 2.350610768621942e-08
54950.056 4.195473626899436e-08
55000.056 1.7691294235797856e-08
55050.056 2.1271945601260752e-08
55100.056 2.9204876219909026e-08
55150.056 1.5298609013561932e-08
55200.056 1.5204957615046024e-08
55250.056 2.0056269368893457e-08
55300.056 1.4725257948318936e-08
55350.056 2.4878111105121644e-08
55400.056 2.0769071719799812e-08
55450.056 1.736832943671493e-08
55500.056 6.495023947561308e-09
55550.056 7.956090445309415e-09
55600.056 1.6582440093920906e-08
55650.056 1.1936433554460428e-08
55700.056 1.4367960713303288e-08
55750.056 1.0507546171827725e-08
55800.056 4.929214297992345e-09
55850.056 5.48702025823894e-09
55900.056 1.581951299375579e-08
55950.056 2.6868399237892298e-08
56000.056 1.1495038690605494e-08
56050.056 1.1043225581712151e-08
56100.056 1.7699149231195783e-08
56150.056 1.0763924786801045e-08
56200.056 8.995278034519014e-09
56250.056 2.437556755380351e-08
56300.056 1.7522958091670165e-08
56350.056 9.172890119221127e-09
56400.056 3.788799425157374e-09
56450.056 4.450746334138061e-09
56500.056 1.3024608658323941e-08
56550.056 4.512687292444476e-09
56600.056 1.4157812913899086e-08
56650.056 1.6952330877779993e-08
56700.056 1.4116155275798598e-08
56750.056 5.790470992349724e-09
56800.056 6.9473959245499444e-09
56850.056 1.1257728511337869e-08
56900.056 5.831434558687603e-09
56950.056 1.6221937630937777e-08
57000.056 1.982453017490462e-08
57050.056 1.1956038187695207e-08
57100.056 2.8593941202738664e-09
57150.056 7.508176483240476e-09
57200.056 4.476523615460059e-09
57250.056 7.063867829388353e-09
57300.056 9.33840504314303e-09
57350.056 4.976725610480275e-09
57400.056 1.647565101007701e-08
57450.056 7.09876173858248e-09
57500.056 6.627886214286249e-09
57550.056 9.434379722453944e-09
57600.056 5.852007762811961e-09
57650.056 2.207098501302087e-09
57700.056 5.123307185329737e-09
57750.056 1.0422360113555786e-08
57800.056 5.554937102028575e-09
57850.056 1.791098007230652e-08
57900.056 2.2449210511402682e-08
57950.056 2.336085412370287e-08
58000.056 7.677479586587783e-09
58050.056 1.4839318956696697e-08
58100.056 1.1219493937683425e-08
58150.056 9.226410227663272e-09
58200.056 2.2671435669350233e-09
58250.056 4.318544104819005e-09
58300.056 3.268606623882979e-09
58350.056 5.603352195526873e-09
58400.056 1.00615973193711e-08
58450.056 1.6301572442100997e-08
58500.056 1.7015192086600528e-08
58550.056 1.0936623297998363e-08
58600.056 4.6365506859254204e-09
58650.056 8.230499180050548e-09
58700.056 7.025011726999335e-09
58750.056 9.89891881169962e-09
58800.056 9.014606017997338e-10
58850.056 5.0819928168907525e-09
58900.056 4.823238037055635e-09
58950.056 3.239609930154495e-09
59000.056 7.017516316589633e-09
59050.056 7.761536873992957e-09
59100.056 7.149774938946515e-09
59150.056 7.691866227241225e-09
59200.056 1.1144496650259841e-08
59250.056 1.3973069975202566e-08
59300.056 1.1471198972057532e-08
59350.056 1.887940961777828e-09
59400.056 2.3445358377308657e-09
59450.056 1.1653608184053583e-08
59500.056 6.06437299779727e-09
59550.056 8.495676058242665e-09
59600.056 1.3837024147059468e-08
59650.056 6.604387068118086e-09
59700.056 5.029329477127405e-09
59750.056 2.0275491556394088e-08
59800.056 8.337169091648553e-09
59850.056 9.978776007599227e-09
59900.056 3.937700333800192e-09
59950.056 7.61132201063539e-09
60000.056 1.6227401309440362e-08
60050.056 2.1000585005805425e-08
60100.056 1.838699541559701e-08
60150.056 5.9878164781108594e-09
60200.056 9.450338203869427e-09
60250.056 1.8534266586567002e-08
60300.056 1.5557560656188342e-08
60350.056 9.392061656618737e-09
60400.056 1.1469235962455196e-08
60450.056 2.3944885474993913e-09
60500.056 9.178305486321704e-10
60550.056 7.470605798133195e-09
60600.056 1.0950374548499901e-08
60650.056 8.368636053337054e-09
60700.056 5.293795883049596e-09
60750.056 2.6829854761244167e-09
60800.056 1.0137524585547267e-08
60850.056 1.636693453951571e-08
60900.056 1.2016141583683257e-08
60950.056 8.148905793133941e-09
61000.056 1.58317311913902e-08
61050.056 5.927101118068449e-09
61100.056 6.125709547195017e-09
61150.056 2.0447466106528936e-09
61200.056 1.08048292899027e-08
61250.056 9.122106999199845e-09
61300.056 6.248472311143543e-09
61350.056 1.3011386705065956e-08
61400.056 4.57414515101142e-09
61450.056 3.28782755956572e-09
61500.056 2.7560397831042593e-09
61550.056 5.837112545448316e-09
61600.056 2.9768481873440605e-09
61650.056 3.812573302418278e-09
61700.056 7.04284136312775e-09
61750.056 6.561267790315104e-09
61800.056 7.424315273650694e-09
61850.056 2.055421442799471e-09
61900.056 1.245294566760341e-08
61950.056 9.586932498595074e-09
62000.056 7.140443434799081e-09
62050.056 1.815280344990383e-08
62100.056 6.9197732245947164e-09
62150.056 1.3278805611334141e-08
62200.056 1.1218589817328044e-08
62250.056 1.0358685413230126e-08
62300.056 1.8896134509497967e-08
62350.056 1.8961210951403392e-08
62400.056 1.3905333014600694e-08
62450.056 1.2510636351666623e-08
62500.056 1.9057633282600906e-08
62550.056 2.7288046648893227e-08
62600.056 1.253341669966449e-08
62650.056 1.2605423528151046e-08
62700.056 1.0443954580222121e-08
62750.056 2.0068841028988113e-08
62800.056 1.6040547140947324e-08
62850.056 1.3135007167444651e-08
62900.056 2.0430851710493415e-08
62950.056 2.8656661835102072e-08
63000.056 1.0217173303431766e-08
63050.056 3.755661797980654e-08
63100.056 4.375758686309525e-08
63150.056 2.7411320708578195e-08
63200.056 2.0503955435300245e-08
63250.056 2.583737021030065e-08
63300.056 1.10701672909495e-08
63350.056 1.748843077930305e-08
63400.056 6.879145819237896e-09
63450.056 3.2486491478611852e-09
63500.056 2.1295079455604254e-08
63550.056 2.593772745451134e-08
63600.056 1.3900222905045291e-08
63650.056 1.5890678157601425e-08
63700.056 4.8796158481782105e-09
63750.056 1.1199819996641235e-08
63800.056 2.1800206640427344e-08
63850.056 1.7045511941838568e-08
63900.056 7.181234695842338e-09
63950.056 1.000207824776651e-08
64000.056 1.7563314032380512e-08
64050.056 5.370190348297341e-09
64100.056 1.9811063101596917e-09
64150.056 2.710238961399453e-09
64200.056 2.7166409023937653e-09
64250.056 1.1579697013161363e-08
64300.056 8.518379145687115e-09
64350.056 5.1717986825930216e-09
64400.056 1.3384803363470042e-08
64450.056 1.2388068878263745e-08
64500.056 7.106573153209998e-09
64550.056 1.3875576051100748e-08
64600.056 8.745886076132424e-09
64650.056 1.3754255095706566e-08
64700.056 3.804376760839295e-09
64750.056 6.312943197179217e-09
64800.056 3.8609134329607696e-09
64850.056 2.845743747336214e-09
64900.056 2.8556032822184083e-09
64950.056 2.2901579654486555e-09
65000.056 3.529018326642174e-09
65050.056 9.820395542997707e-09
65100.056 7.4176343533114165e-09
65150.056 8.190794322458732e-09
65200.056 2.7153101533067e-09
65250.056 6.061381438022069e-09
65300.056 8.598538086366209e-09
65350.056 1.7418145565782196e-08
65400.056 6.9478043638004564e-09
65450.056 7.632549107173964e-09
65500.056 1.0848526742900448e-08
65550.056 4.62473901264647e-09
65600.056 1.1679512626846517e-08
65650.056 7.1425529682371285e-09
65700.056 5.7477323191015e-09
65750.056 3.8152853763064955e-09
65800.056 7.79590708018146e-09
65850.056 1.5470038090195874e-08
65900.056 3.39370650206927e-09
65950.056 4.450781482487425e-09
66000.056 5.22256461173838e-09
66050.056 1.3281401702008562e-08
66100.056 8.057294396096333e-09
66150.056 7.405195766180869e-09
66200.056 8.208769542028734e-09
66250.056 4.705429361037059e-09
66300.056 3.4826220806911357e-09
66350.056 1.9147822492204205e-09
66400.056 3.544825325749456e-09
66450.056 1.057410332430222e-08
66500.056 1.677872179600835e-08
66550.056 1.4592708042497461e-08
66600.056 1.1676344377702174e-08
66650.056 7.427076419687514e-09
66700.056 6.391618287702918e-09
66750.056 1.1421285054107538e-08
66800.056 7.422125526239084e-09
66850.056 5.22192633441428e-09
66900.056 1.7101141705045268e-08
66950.056 1.524935493582072e-08
67000.056 2.501967087800848e-08
67050.056 8.851499307627235e-09
67100.056 7.042863920121068e-09
67150.056 7.812742544302656e-09
67200.056 1.40734636417991e-08
67250.056 1.2007261258413642e-08
67300.056 1.8692722811401227e-08
67350.056 8.976022479833022e-09
67400.056 1.8609349070918267e-08
67450.056 1.2387429997241654e-08
67500.056 7.691152400850381e-09
67550.056 2.1319461467013345e-08
67600.056 3.623121830299624e-08
67650.056 2.4532577684717955e-08
67700.056 1.5083366486613104e-08
67750.056 9.562069757032388e-09
67800.056 1.2036815518431665e-08
67850.056 6.762590090120206e-09
67900.056 8.113965068610004e-09
67950.056 7.63293211832991e-09
68000.056 1.8421574252597574e-08
68050.056 1.0855834876056609e-08
68100.056 1.647235187392807e-08
68150.056 1.7767908344494094e-08
68200.056 1.475194332861238e-08
68250.056 5.625778955158482e-09
68300.056 1.980242522270137e-08
68350.056 1.9738859812475016e-08
68400.056 2.4448209341397032e-08
68450.056 2.7063396777108014e-08
68500.056 1.5680709052710066e-08
68550.056 5.94317588840055e-09
68600.056 6.741248193150524e-09
68650.056 3.3694722765713655e-09
68700.056 8.604023101802846e-09
68750.056 1.3438170256202301e-08
68800.056 1.240163874479314e-08
68850.056 9.01678524759445e-09
68900.056 3.183412664509856e-08
68950.056 2.9226703792606493e-08
69000.056 1.4850811081810744e-08
69050.056 8.106639385689799e-09
69100.056 2.9690584525001146e-08
69150.056 3.7422949945013084e-08
69200.056 2.5458705317401822e-08
69250.056 3.372377434889502e-08
69300.056 3.2675984359709835e-08
69350.056 3.276559602749715e-08
69400.056 1.4573371261038073e-08
69450.056 2.7206133353492182e-08
69500.056 1.9228706238296817e-08
69550.056 1.4832906102300734e-08
69600.056 3.5231776505608672e-09
69650.056 1.3903857420105747e-08
69700.056 2.711147227569782e-08
69750.056 1.493825971716089e-08
69800.056 2.692516090399949e-08
69850.056 2.8351648911910005e-08
69900.056 2.062763263552018e-08
69950.056 1.9642292719683885e-08
70000.056 1.7324087353995664e-08
70050.056 3.783812027691778e-08
70100.056 2.0428208288102868e-08
70150.056 2.030763853219989e-08
70200.056 1.4241816748195872e-08
70250.056 1.680159492230119e-08
70300.056 2.7039700845298134e-08
70350.056 2.9055117328198392e-08
70400.056 1.3497869167095823e-08
70450.056 3.2981645220552895e-09
70500.056 1.3520209856701747e-08
70550.056 1.037808935459965e-08
70600.056 1.2976600944741095e-08
70650.056 1.815031946799746e-08
70700.056 2.297565343150984e-08
70750.056 4.103291328101562e-08
70800.056 1.9222087819790696e-08
70850.056 1.729555632999644e-08
70900.056 2.9898959911077206e-08
70950.056 2.928302679071061e-08
71000.056 2.5463069274794905e-08
71050.056 2.9613466530300473e-08
71100.056 1.9705866496600043e-08
71150.056 1.4651285920944782e-08
71200.056 1.591854073200261e-08
71250.056 2.799608436000466e-08
71300.056 3.1920193937401274e-08
71350.056 3.640383408440245e-08
71400.056 2.7841432427889777e-08
71450.056 1.035956119471684e-08
71500.056 1.4522321274195367e-08
71550.056 1.259140989267102e-08
71600.056 1.9840781292799654e-08
71650.056 1.168576618749015e-08
71700.056 8.097509587359802e-09
71750.056 1.814941802940764e-08
71800.056 2.8224979440202258e-08
71850.056 2.553805560309734e-08
71900.056 1.699005997949401e-08
71950.056 2.436114579338958e-08
72000.056 2.1319388627204973e-08
72050.056 9.60198240786777e-09
72100.056 1.214027785981187e-08
72150.056 2.1680633005094363e-08
72200.056 1.7955961845302832e-08
72250.056 3.6151701816006646e-08
72300.056 1.5850788914923832e-08
72350.056 2.283273143769218e-08
72400.056 1.9231062486602755e-08
72450.056 1.7969915860386522e-08
72500.056 2.362859130690304e-08
72550.056 7.3519639642048454e-09
72600.056 1.6386613479903072e-08
72650.056 2.567104530201233e-08
72700.056 1.2312846292752343e-08
72750.056 1.7584732930498676e-08
72800.056 8.73311515468421e-09
72850.056 1.0785322129794323e-08
72900.056 2.840546610900593e-08
72950.056 1.5947890260985548e-08
73000.056 1.4966550505769884e-08
73050.056 8.363535005102914e-09
73100.056 1.3146751194655365e-08
73150.056 3.0482248485994756e-08
73200.056 1.0389866688818425e-08
73250.056 1.5156887581198855e-08
73300.056 7.874697854703966e-09
73350.056 6.247335774098145e-09
73400.056 1.495232234630003e-08
73450.056 8.333464509301223e-09
73500.056 7.877780335801653e-09
73550.056 1.3105769217601746e-08
73600.056 1.3867353138393058e-08
73650.056 1.347927704500098e-08
73700.056 9.152699570290598e-09
73750.056 5.2598104586885716e-09
73800.056 1.0345176647024587e-08
73850.056 1.4447481003793028e-08
73900.056 7.84867305858749e-09
73950.056 1.1208716181883883e-08
74000.056 4.464209374955572e-09
74050.056 1.828661499190788e-08
74100.056 1.5324049116413407e-08
74150.056 1.5350813373697853e-08
74200.056 6.093920530888032e-09
74250.056 2.7723475278607325e-09
74300.056 1.3044866873999484e-08
74350.056 1.871773870870572e-08
74400.056 1.5076538685159682e-08
74450.056 7.1063429446032464e-09
74500.056 4.281341309625235e-09
74550.056 8.763133524735911e-09
74600.056 7.165191905960196e-09
74650.056 8.419376429802487e-09
74700.056 8.97318492823344e-09
74750.056 4.449630655917537e-09
74800.056 6.000121474421641e-09
74850.056 1.687256848120606e-08
74900.056 2.0166748844488805e-08
74950.056 1.4981842301196476e-08
75000.056 1.055424142509882e-08
75050.056 2.4445778041169035e-09
75100.056 1.653288699498047e-08
75150.056 2.2680090074505724e-08
75200.056 1.803950114459686e-08
75250.056 1.7483820573389e-08
75300.056 1.4719539328200757e-08
75350.056 4.312298445080587e-09
75400.056 2.4826870119003553e-08
75450.056 2.4434833609406582e-08
75500.056 1.7836149706397343e-08
75550.056 1.3294054418403593e-08
75600.056 2.051744078960077e-08
75650.056 1.3956227347265285e-08
75700.056 2.4588423464195424e-08
75750.056 1.719483199261358e-08
75800.056 1.7700283796191062e-08
75850.056 2.301305602611309e-08
75900.056 2.208153160029387e-08
75950.056 1.2895224546567224e-08
76000.056 2.532700449218854e-08
76050.056 2.212209088079076e-08
76100.056 2.1881749010596448e-08
76150.056 2.2296907022693102e-08
76200.056 2.034308403691004e-08
76250.056 1.3482640175722726e-08
76300.056 3.5091900723999237e-08
76350.056 4.391367501301026e-08
76400.056 2.66911733270075e-08
76450.056 2.5040790770005672e-08
76500.056 1.9714730120999568e-08
76550.056 6.476926677948432e-09
76600.056 1.6803065347597375e-09
76650.056 2.5987209976590857e-09
76700.056 2.7293944740695016e-09
76750.056 2.980136720248756e-09
76800.056 5.681344370251265e-09
76850.056 4.803527979025996e-09
76900.056 7.498549372966641e-09
76950.056 4.868747376060701e-09
77000.056 1.013301184273725e-08
77050.056 3.8847743806190985e-09
77100.056 6.5276936106998126e-09
77150.056 1.0815864766741432e-08
77200.056 5.572036515349871e-09
77250.056 6.318668101571058e-09
77300.056 1.1849879001796987e-08
77350.056 6.516999189784815e-09
77400.056 9.79920324100412e-09
77450.056 1.535862366899439e-08
77500.056 1.2634002699500178e-08
77550.056 9.812180606801934e-09
77600.056 6.243414404373041e-09
77650.056 7.95628613194684e-09
77700.056 1.3707073184190635e-08
77750.056 1.3114039301829494e-08
77800.056 2.0220130820002978e-08
77850.056 2.6789107746996507e-08
77900.056 1.0698228439391917e-08
77950.056 5.7751423163130525e-09
78000.056 1.3579262188797013e-08
78050.056 8.832279994520474e-09
78100.056 1.3393698717405265e-08
78150.056 1.7924206028288222e-08
78200.056 2.687394695499756e-08
78250.056 1.9345304551000054e-08
78300.056 7.632804538838421e-09
78350.056 1.4927745634508345e-08
78400.056 1.0110194512193205e-08
78450.056 1.4574806911534815e-08
78500.056 2.7543948621651133e-08
78550.056 2.67253445717962e-08
78600.056 2.1754731596398557e-08
78650.056 7.313778949664912e-09
78700.056 9.241947495361051e-09
78750.056 1.5404243908901694e-08
78800.056 1.0884513773795152e-08
78850.056 7.266549025195224e-09
78900.056 1.4230584328136378e-08
78950.056 1.9519537024800112e-08
79000.056 1.494731088029892e-08
79050.056 1.2805663455722121e-08
79100.056 1.6245271330101807e-08
79150.056 1.1337283266260471e-08
79200.056 1.5746411105897448e-08
79250.056 8.760700241863118e-09
79300.056 1.2573510420400527e-08
79350.056 1.498100316377058e-08
79400.056 7.3466383418539295e-09
79450.056 1.8761465521107544e-08
79500.056 3.289990716399651e-08
79550.056 2.7676759717010124e-08
79600.056 1.4428012274039043e-08
79650.056 2.589497921299552e-08
79700.056 1.4633016694099643e-08
79750.056 1.570128092171888e-08
79800.056 1.1678001530834214e-08
79850.056 2.397883500740682e-08
79900.056 3.4330868155600564e-08
79950.056 4.253653966600459e-08
