# %ECSV 1.0
# ---
# datatype:
# - {name: wav, unit: Angstrom, datatype: float64}
# - {name: flux_nu, unit: erg / (cm2 Hz s), datatype: float64}
# meta: {C/O: '1.00', Kzz: '1.0000E+05', Teff: '800.', Y: '0.28', '[Fe/H]': '0.00', f_hole: '1.00', f_rain: '0.00', grav: '316.'}
# schema: astropy-2.0
wav flux_nu
4000.0559999999996 nan
4050.0559999999996 2.8767760267077177e-14
4100.056 2.9844444649399686e-12
4150.056 1.600021523150058e-11
4200.056 1.3776895538507808e-11
4250.056 4.413724873800081e-11
4300.056 6.660531239500285e-11
4350.056 7.922393104400125e-11
4400.056 1.0032571501800119e-10
4450.056 1.2479754926200124e-10
4500.056 1.2660666963200342e-10
4550.056 1.3180727986976666e-10
4600.056 8.312694603699967e-11
4650.056 6.080584271599893e-11
4700.056 3.9737427950999783e-11
4750.056 1.381721337509986e-11
4800.056 3.2236632409999557e-12
4850.056 7.886392546899905e-13
4900.056 3.015421091899976e-13
4950.056 1.3202194230099885e-13
5000.056 4.758162497399944e-14
5050.056 1.967869435199993e-14
5100.056 1.6521522696000032e-14
5150.056 1.531095777700004e-14
5200.056 1.4482620936000005e-14
5250.056 1.3754086860999996e-14
5300.056 1.3349869996999999e-14
5350.056 1.3334518877e-14
5400.056 1.3562342182000004e-14
5450.056 1.4009654365000032e-14
5500.056 1.4600508391000046e-14
5550.056 1.5262017069000015e-14
5600.056 1.5853851747000005e-14
5650.056 1.621856871799999e-14
5700.056 1.6121899896999997e-14
5750.056 1.5486880128999993e-14
5800.056 1.3797278914999964e-14
5850.056 9.765315490699887e-15
5900.056 3.251836751318184e-15
5950.056 1.9090531002100386e-14
6000.056 3.923106291200002e-14
6050.056 6.864783237700079e-14
6100.056 1.1156661865800095e-13
6150.056 1.7363356443000117e-13
6200.056 2.6445730383000156e-13
6250.056 3.9628799024000187e-13
6300.056 5.98401151340003e-13
6350.056 9.04638795940006e-13
6400.056 1.3689979808000103e-12
6450.056 2.0226976494999896e-12
6500.056 3.053457695300006e-12
6550.056 4.601194984000003e-12
6600.056 6.889854241400116e-12
6650.056 1.0205378235300074e-11
6700.056 1.3302703849540119e-11
6750.056 2.0688475840000113e-11
6800.056 2.7010735136000164e-11
6850.056 3.0800222490000035e-11
6900.056 2.88899317070002e-11
6950.056 2.505922639599987e-11
7000.056 2.501439512800012e-11
7050.056 2.6936326546999768e-11
7100.056 2.947073178899988e-11
7150.056 2.924625295289956e-11
7200.056 2.7941549622100236e-11
7250.056 2.6758088660198914e-11
7300.056 2.4110824615100504e-11
7350.056 2.200781169149964e-11
7400.056 1.9962228355000417e-11
7450.056 1.796083438600035e-11
7500.056 1.5801830908999913e-11
7550.056 1.3451495966999937e-11
7600.056 1.1162779735999935e-11
7650.056 3.5577496200368505e-12
7700.056 2.5600938280941087e-12
7750.056 1.1107909180900173e-11
7800.056 1.803090037662012e-11
7850.056 3.1822694700000176e-11
7900.056 4.835797376899995e-11
7950.056 5.941410983604063e-11
8000.056 1.0516304389300107e-10
8050.056 1.4890631336000215e-10
8100.056 1.920039850909985e-10
8150.056 2.47767894755e-10
8200.056 3.511415864550158e-10
8250.056 4.463073644099036e-10
8300.056 5.769063154380369e-10
8350.056 7.180131990909735e-10
8400.056 8.989137724699821e-10
8450.056 1.1446533541299856e-09
8500.056 1.2787637041439337e-09
8550.056 1.684940784130044e-09
8600.056 2.13210172940002e-09
8650.056 2.5559262010000265e-09
8700.056 3.006799057900018e-09
8750.056 3.548604883300025e-09
8800.056 4.102747468200049e-09
8850.056 4.490361166499981e-09
8900.056 3.902006390599824e-09
8950.056 3.732808497546065e-09
9000.056 4.5368381059594815e-09
9050.056 6.831722428723046e-09
9100.056 7.819152610555277e-09
9150.056 8.511248707780551e-09
9200.056 1.0164635142799261e-08
9250.056 1.0213437125143955e-08
9300.056 4.653638243191506e-09
9350.056 5.908146460198172e-09
9400.056 9.197453174703517e-09
9450.056 1.0188645421398835e-08
9500.056 9.790769869814129e-09
9550.056 1.092396566591628e-08
9600.056 1.1226515942530679e-08
9650.056 1.3340516455524217e-08
9700.056 1.7433818769481225e-08
9750.056 1.858595113383111e-08
9800.056 2.1141491250911866e-08
9850.056 2.4134512156959944e-08
9900.056 2.843050246339905e-08
9950.056 3.051010873980003e-08
10000.056 2.9141540983298823e-08
10050.056 3.8163786643000135e-08
10100.056 4.4264714285999346e-08
10150.056 4.937197057899841e-08
10200.056 5.488939778200097e-08
10250.056 6.154878273600104e-08
10300.056 7.0060667527998e-08
10350.056 7.666928224000117e-08
10400.056 8.638229756299978e-08
10450.056 9.390438642299644e-08
10500.056 1.0081049888099982e-07
10550.056 1.080453604200008e-07
10600.056 1.1362370059999813e-07
10650.056 1.197458904110028e-07
10700.056 1.230157450720029e-07
10750.056 1.2788784906000246e-07
10800.056 1.300506556450021e-07
10850.056 1.2762623963399913e-07
10900.056 1.0516610149699817e-07
10950.056 6.568090138990195e-08
11000.056 5.051452970662158e-08
11050.056 3.612145972517236e-08
11100.056 2.5978321978898304e-08
11150.056 1.6811366164875948e-08
11200.056 1.6929065073745573e-08
11250.056 2.1026154090057796e-08
11300.056 2.2456204826107824e-08
11350.056 1.0629086021750734e-08
11400.056 2.25831876225961e-08
11450.056 1.766707556285932e-08
11500.056 1.6884121848215024e-08
11550.056 8.532203127794521e-09
11600.056 8.695827066127058e-09
11650.056 1.4078525580525138e-08
11700.056 1.4719863973784977e-08
11750.056 6.8626763313162525e-09
11800.056 1.8825094696861098e-08
11850.056 2.9068056127517353e-08
11900.056 3.5400429443027143e-08
11950.056 4.99123336234341e-08
12000.056 6.448319239119974e-08
12050.056 8.240988478750993e-08
12100.056 1.0198838664369332e-07
12150.056 1.2520781706799392e-07
12200.056 1.4591374899399055e-07
12250.056 1.7163802201098643e-07
12300.056 2.0195131714701047e-07
12350.056 2.119633687270003e-07
12400.056 2.3717527565999293e-07
12450.056 2.4262842922200735e-07
12500.056 2.557056098400046e-07
12550.056 2.789609815450089e-07
12600.056 3.302238746200086e-07
12650.056 3.288885603099999e-07
12700.056 3.292647838150193e-07
12750.056 3.0613467745801213e-07
12800.056 2.945573486090019e-07
12850.056 2.4105361633421505e-07
12900.056 2.086500895952147e-07
12950.056 1.9610770721078782e-07
13000.056 1.913413341154981e-07
13050.056 1.6285751228360142e-07
13100.056 1.5236220499277243e-07
13150.056 1.2090735608683647e-07
13200.056 1.06759892386804e-07
13250.056 7.966943694064726e-08
13300.056 3.943622209278979e-08
13350.056 1.2816383027211723e-08
13400.056 6.821415811488815e-09
13450.056 3.516980922335001e-09
13500.056 2.0529367729283348e-09
13550.056 1.3020671913822946e-09
13600.056 6.666185086101075e-10
13650.056 2.0089754834095193e-09
13700.056 1.4157424442159907e-09
13750.056 1.96244069744371e-09
13800.056 2.2825975191887605e-09
13850.056 1.6103181937128164e-09
13900.056 1.7268536834251474e-09
13950.056 1.6136057200516772e-09
14000.056 1.6151693499794608e-09
14050.056 2.116312814186998e-09
14100.056 1.8234186693995345e-09
14150.056 2.7725099478613518e-09
14200.056 2.065901171552347e-09
14250.056 2.2781560018021787e-09
14300.056 4.2957909011410224e-09
14350.056 4.267599249074481e-09
14400.056 4.653613143335915e-09
14450.056 5.7384073461959575e-09
14500.056 1.0377985828509555e-08
14550.056 1.1399842980323604e-08
14600.056 1.5677827791618617e-08
14650.056 1.46020290893859e-08
14700.056 1.057665513385376e-08
14750.056 1.2239794656205923e-08
14800.056 1.6740329699020513e-08
14850.056 1.8095661998157766e-08
14900.056 1.9006343650227606e-08
14950.056 2.1471194367268695e-08
15000.056 2.798769833982202e-08
15050.056 3.070272011010568e-08
15100.056 3.225857182960017e-08
15150.056 3.4495230146213556e-08
15200.056 3.873964382342929e-08
15250.056 5.442727416632968e-08
15300.056 6.283743763785866e-08
15350.056 7.460492825899653e-08
15400.056 8.673485166911633e-08
15450.056 9.911537940675164e-08
15500.056 1.0746307293898627e-07
15550.056 1.2703280090900848e-07
15600.056 1.4059076402599926e-07
15650.056 1.5314753563400556e-07
15700.056 1.7619077895901778e-07
15750.056 1.8704300663499525e-07
15800.056 1.8942965504800767e-07
15850.056 1.9964695141700347e-07
15900.056 1.8476607077600428e-07
15950.056 1.715109736669868e-07
16000.056 1.4063335460400543e-07
16050.056 9.819022480999569e-08
16100.056 7.089670588149416e-08
16150.056 4.7449150901798536e-08
16200.056 3.1020942112551804e-08
16250.056 2.590096961472627e-08
16300.056 2.033181874076458e-08
16350.056 2.3399325559869847e-08
16400.056 2.8011505723520473e-08
16450.056 2.9530343201274732e-08
16500.056 3.179166809536682e-08
16550.056 3.092752990895189e-08
16600.056 3.3021875599672684e-08
16650.056 2.42703067641612e-08
16700.056 7.633080938230771e-09
16750.056 1.3587800511837034e-08
16800.056 2.2213132344281462e-08
16850.056 2.397969037925648e-08
16900.056 1.8499947494895152e-08
16950.056 1.443170903736779e-08
17000.056 1.0464018257673273e-08
17050.056 1.684659004095241e-08
17100.056 2.2190497093181448e-08
17150.056 1.644432792426331e-08
17200.056 2.8004343430486765e-08
17250.056 2.2564064790283404e-08
17300.056 1.730636913215197e-08
17350.056 1.611899705263488e-08
17400.056 1.9307999680009054e-08
17450.056 2.1999427300704867e-08
17500.056 2.5557370843749706e-08
17550.056 2.3041956983898795e-08
17600.056 1.9664294247998202e-08
17650.056 1.896832039526366e-08
17700.056 1.4576650923799366e-08
17750.056 1.3314504498076437e-08
17800.056 1.9610436037466403e-08
17850.056 1.2594921398858697e-08
17900.056 1.1703255758615659e-08
17950.056 9.268274041153927e-09
18000.056 1.1715726889779417e-08
18050.056 9.86402979000982e-09
18100.056 1.1050669997239635e-08
18150.056 1.3205258103624429e-08
18200.056 8.251707132060782e-09
18250.056 1.889407639105794e-08
18300.056 9.921702348186732e-09
18350.056 8.412803844500852e-09
18400.056 7.693979436077536e-09
18450.056 1.1917187645526714e-08
18500.056 1.2370024127098265e-08
18550.056 9.263148435495782e-09
18600.056 8.355167710327452e-09
18650.056 7.48915345952938e-09
18700.056 5.85712176841025e-09
18750.056 9.105856493491329e-09
18800.056 1.8231014111385426e-08
18850.056 1.9880163882013332e-08
18900.056 1.7943283794151716e-08
18950.056 2.892645775801641e-08
19000.056 1.696195349356646e-08
19050.056 1.2008371825022189e-08
19100.056 2.0939750250399004e-08
19150.056 1.3468933706717436e-08
19200.056 1.804315959714725e-08
19250.056 1.2712851863745084e-08
19300.056 1.0882109312020371e-08
19350.056 9.478454853876206e-09
19400.056 7.174519555389726e-09
19450.056 1.2524702542884106e-08
19500.056 1.196809521727242e-08
19550.056 9.634467961448946e-09
19600.056 1.3658071930869643e-08
19650.056 1.523739605954602e-08
19700.056 1.5450401282462828e-08
19750.056 1.9464431111365854e-08
19800.056 1.8496003743076716e-08
19850.056 2.451017135296082e-08
19900.056 2.1299917107297864e-08
19950.056 3.2159787262236086e-08
20000.056 3.169752573166834e-08
20050.056 3.3341369470800416e-08
20100.056 4.214002704468373e-08
20150.056 3.59894188626175e-08
20200.056 3.811332602359186e-08
20250.056 4.897857315914263e-08
20300.056 5.052258004367791e-08
20350.056 5.587446909923137e-08
20400.056 5.396664721961779e-08
20450.056 6.784544498282147e-08
20500.056 7.487365083377416e-08
20550.056 7.563646144791071e-08
20600.056 8.416139083901783e-08
20650.056 8.835686541400284e-08
20700.056 9.172181526381078e-08
20750.056 9.595756527189252e-08
20800.056 9.802813598218604e-08
20850.056 9.825309103899986e-08
20900.056 1.024297530029826e-07
20950.056 9.876823417000395e-08
21000.056 9.627455080400946e-08
21050.056 9.554897243099277e-08
21100.056 9.100607729100437e-08
21150.056 9.122189242398406e-08
21200.056 8.481614323110501e-08
21250.056 8.022486074338474e-08
21300.056 7.010897574309635e-08
21350.056 6.94162511652849e-08
21400.056 6.573880798331444e-08
21450.056 5.947807441986831e-08
21500.056 5.451935862421883e-08
21550.056 4.981313195529355e-08
21600.056 4.408189369099927e-08
21650.056 3.734775726402211e-08
21700.056 3.712655363590154e-08
21750.056 3.23696859264245e-08
21800.056 2.6833983259913197e-08
21850.056 2.4071288246727794e-08
21900.056 1.7958823962228275e-08
21950.056 1.077229554366761e-08
22000.056 4.179545254699944e-09
22050.056 3.4515571146426014e-09
22100.056 7.004128458182279e-09
22150.056 8.293436493327368e-09
22200.056 9.273049937655767e-09
22250.056 7.904922245874767e-09
22300.056 5.873900855368287e-09
22350.056 6.117279452777839e-09
22400.056 3.99073516670543e-09
22450.056 3.9691463477782675e-09
22500.056 3.6668327213756845e-09
22550.056 2.9145772440476067e-09
22600.056 2.8861092942041277e-09
22650.056 3.5550241395650757e-09
22700.056 2.9137634565364155e-09
22750.056 3.0645003425037067e-09
22800.056 3.0293432316158443e-09
22850.056 2.5826305282141037e-09
22900.056 2.2467118535175448e-09
22950.056 2.1033292573243e-09
23000.056 2.711487686567247e-09
23050.056 3.46394839307728e-09
23100.056 7.48770009713836e-09
23150.056 7.50725730923713e-09
23200.056 1.3976524864584431e-09
23250.056 2.3907133509443852e-09
23300.056 2.1622698264452634e-09
23350.056 2.3300866949275233e-09
23400.056 2.440624113647211e-09
23450.056 2.1387070183854397e-09
23500.056 2.373506403127787e-09
23550.056 3.177772198581841e-09
23600.056 3.917498235245748e-09
23650.056 5.311840702510715e-09
23700.056 2.530942572676512e-09
23750.056 2.183308175895032e-09
23800.056 3.3753993740612625e-09
23850.056 3.4361108154750106e-09
23900.056 5.614335653213373e-09
23950.056 5.260308127712693e-09
24000.056 6.771070255212996e-09
24050.056 7.907747980635978e-09
24100.056 7.380410306167706e-09
24150.056 9.176231099070783e-09
24200.056 8.280774224377951e-09
24250.056 7.142189302827302e-09
24300.056 9.524050046010359e-09
24350.056 8.096505761256937e-09
24400.056 1.1807698933659773e-08
24450.056 1.153279903903208e-08
24500.056 1.1460552838774816e-08
24550.056 1.4436804306084493e-08
24600.056 1.4603215967484817e-08
24650.056 1.898239479282879e-08
24700.056 1.309461890642722e-08
24750.056 1.5039493643942976e-08
24800.056 1.4828678821187141e-08
24850.056 2.126815843429202e-08
24900.056 1.1623479832208372e-08
24950.056 2.077095173994441e-08
25000.056 1.8385686337752766e-08
25050.056 1.2624806873057896e-08
25100.056 1.8168434152042725e-08
25150.056 1.1612893893352812e-08
25200.056 1.5438491536948823e-08
25250.056 9.212759852078731e-09
25300.056 1.3627224936868195e-08
25350.056 7.76151691932968e-09
25400.056 1.4843793909184505e-08
25450.056 7.547678762899926e-09
25500.056 7.497378161854562e-09
25550.056 9.387656297796575e-09
25600.056 7.665285585476956e-09
25650.056 5.060989251319274e-09
25700.056 9.367447674440492e-09
25750.056 3.890293340217611e-09
25800.056 1.063048479208403e-08
25850.056 4.2856600239620445e-09
25900.056 6.147448630189907e-09
25950.056 3.1023105605491183e-09
26000.056 1.0763667804322846e-08
26050.056 4.845343302009778e-09
26100.056 1.014070674525696e-08
26150.056 7.16310187617833e-09
26200.056 8.143069072790528e-09
26250.056 1.67766061398155e-08
26300.056 9.239326879774818e-09
26350.056 2.0267134937809923e-08
26400.056 2.0290539429223323e-08
26450.056 1.9998236373792285e-08
26500.056 2.443674055710229e-08
26550.056 1.0709826111946555e-08
26600.056 1.5010415436107476e-08
26650.056 5.7529677844857445e-09
26700.056 5.10164531753699e-09
26750.056 3.723055136803966e-09
26800.056 6.774696697920442e-09
26850.056 3.885265914631844e-09
26900.056 1.0176783166084234e-08
26950.056 4.958867492104252e-09
27000.056 1.4226977838330066e-08
27050.056 1.195589347562428e-08
27100.056 6.862348271391869e-09
27150.056 1.6915020452303417e-08
27200.056 7.269821148847726e-09
27250.056 1.0748818730828912e-08
27300.056 2.8139932597537947e-08
27350.056 1.8220852403103036e-08
27400.056 4.069501066532411e-09
27450.056 2.201974003915796e-08
27500.056 2.2646010756070893e-08
27550.056 8.293232189078638e-09
27600.056 1.611238075735962e-08
27650.056 7.266700032733287e-09
27700.056 5.812992475005918e-09
27750.056 1.7849981087960912e-08
27800.056 7.447360393054541e-09
27850.056 9.696193822605596e-09
27900.056 1.0243727615528565e-08
27950.056 1.9440588735496164e-08
28000.056 1.5189813338276338e-08
28050.056 4.70296803158126e-09
28100.056 1.801675746515899e-08
28150.056 1.2008104426067572e-08
28200.056 5.875135838676267e-09
28250.056 1.9709791109033895e-08
28300.056 2.239474249268632e-08
28350.056 7.755893246968401e-09
28400.056 1.5342552188344972e-08
28450.056 2.1582260362586847e-08
28500.056 1.5886018852138614e-08
28550.056 5.9370580734820975e-09
28600.056 2.3731608400405154e-08
28650.056 1.8850110770350673e-08
28700.056 1.8464517825728615e-08
28750.056 2.6998498098088673e-08
28800.056 1.978997044921831e-08
28850.056 2.502752146553184e-08
28900.056 1.3299025842471144e-08
28950.056 2.7308038729127378e-08
29000.056 2.246093251662897e-08
29050.056 2.6463732289558377e-08
29100.056 1.8312395397491815e-08
29150.056 3.2375221537816414e-08
29200.056 2.352025829832292e-08
29250.056 3.443517511542457e-08
29300.056 1.7939438425562932e-08
29350.056 5.2878591125634486e-08
29400.056 2.6021223192896004e-08
29450.056 2.8327553788897827e-08
29500.056 3.5073824752317945e-08
29550.056 2.80316876829722e-08
29600.056 3.4309362394063546e-08
29650.056 4.065385886109854e-08
29700.056 2.6388967057050897e-08
29750.056 4.007254366894666e-08
29800.056 4.0103146674389e-08
29850.056 4.4788022061652263e-08
29900.056 4.1669925561647173e-08
29950.056 3.905959318539119e-08
30000.056 8.775924726994721e-09
30050.056 1.5013087156270996e-08
30100.056 1.8993058508208597e-08
30150.056 3.78924495670969e-08
30200.056 3.198229363146206e-08
30250.056 5.522162578859438e-08
30300.056 5.093159826460483e-08
30350.056 3.8129571534755276e-08
30400.056 5.605467874998065e-08
30450.056 3.708789788372575e-08
30500.056 3.496792545402406e-08
30550.056 3.485114649249217e-08
30600.056 4.966966005310251e-08
30650.056 3.477618417877804e-08
30700.056 3.141119184471085e-08
30750.056 3.886895801876379e-08
30800.056 3.205518394490686e-08
30850.056 3.061758399022894e-08
30900.056 2.336882108581126e-08
30950.056 2.413429702560487e-08
31000.056 2.2221802989893814e-08
31050.056 2.2892586751978985e-08
31100.056 1.6520523649803228e-08
31150.056 2.3329422043438628e-08
31200.056 2.706234767200642e-08
31250.056 1.866472099302825e-08
31300.056 1.6051355531848973e-08
31350.056 1.8616699904278105e-08
31400.056 1.4120528519108944e-08
31450.056 1.6053960075595907e-08
31500.056 1.071259753407301e-08
31550.056 1.3172765601652041e-08
31600.056 9.775341411431554e-09
31650.056 8.989465898096283e-09
31700.056 9.684594148720045e-09
31750.056 6.8246051014754335e-09
31800.056 1.0417964589859811e-08
31850.056 5.96164742324726e-09
31900.056 8.445314874140359e-09
31950.056 5.270213905704591e-09
32000.056 6.990176450833366e-09
32050.056 7.540695702049562e-09
32100.056 6.9233910964955335e-09
32150.056 8.298820847819478e-09
32200.056 6.040763439776738e-09
32250.056 9.944582627602688e-09
32300.056 5.660783183942434e-09
32350.056 1.0260984201459515e-08
32400.056 5.641860661378367e-09
32450.056 9.238871449007652e-09
32500.056 7.388699621295816e-09
32550.056 8.181306923809384e-09
32600.056 9.300239329368158e-09
32650.056 1.3867552535006136e-08
32700.056 1.1218292445823388e-08
32750.056 1.6076789785292823e-08
32800.056 1.491958979673118e-08
32850.056 1.7968732673598194e-08
32900.056 1.9061085069486892e-08
32950.056 2.0238410375279222e-08
33000.056 1.587671922997355e-08
33050.056 1.6054588579446244e-08
33100.056 7.11548665514701e-09
33150.056 6.828393877540495e-10
33200.056 1.0241622688903172e-09
33250.056 7.009122358598445e-10
33300.056 1.1818884652662922e-09
33350.056 2.551617430740014e-09
33400.056 4.374878577178432e-09
33450.056 6.070517407068171e-09
33500.056 1.1170619825206623e-08
33550.056 7.934646771471285e-09
33600.056 1.3686416370598834e-08
33650.056 1.3881412432989845e-08
33700.056 1.0391799036529476e-08
33750.056 1.740495050619435e-08
33800.056 9.737681607815687e-09
33850.056 1.4078222280449773e-08
33900.056 1.144084346811992e-08
33950.056 1.1738232487790235e-08
34000.056 1.632485013760597e-08
34050.056 7.314591343840187e-09
34100.056 1.5440022678082904e-08
34150.056 1.0328428000618831e-08
34200.056 1.3641034369873474e-08
34250.056 1.2683335802334345e-08
34300.056 1.0521672643658356e-08
34350.056 1.16312910089604e-08
34400.056 8.457673132641916e-09
34450.056 1.406058767733348e-08
34500.056 1.1790089367692284e-08
34550.056 7.813078672468293e-09
34600.056 1.7251400004600314e-08
34650.056 9.24049846577071e-09
34700.056 1.4242350460389663e-08
34750.056 1.3014282143344865e-08
34800.056 1.0579274085087257e-08
34850.056 1.5806439141652963e-08
34900.056 1.3460422301141896e-08
34950.056 1.610231474269631e-08
35000.056 2.563936831800377e-08
35050.056 1.4081029610454258e-08
35100.056 2.1709195707462483e-08
35150.056 2.0842450051305874e-08
35200.056 2.0175368814638836e-08
35250.056 2.8901556655309396e-08
35300.056 1.904137635898348e-08
35350.056 2.1237571628643634e-08
35400.056 2.3910106543396565e-08
35450.056 1.6102750567619544e-08
35500.056 3.479761139673505e-08
35550.056 2.9221260686996313e-08
35600.056 2.6832871757614456e-08
35650.056 3.020467213421172e-08
35700.056 2.6481428816182854e-08
35750.056 3.618762965899697e-08
35800.056 4.384728880224192e-08
35850.056 2.5464195948428182e-08
35900.056 3.577401102765675e-08
35950.056 3.6124677159791674e-08
36000.056 3.549727111290526e-08
36050.056 3.3057004315788875e-08
36100.056 3.297655183776127e-08
36150.056 3.9746696650090323e-08
36200.056 4.4322603897388694e-08
36250.056 3.8026180438400964e-08
36300.056 5.1902821211412334e-08
36350.056 4.5846224546706534e-08
36400.056 4.932486060719047e-08
36450.056 5.418058045932271e-08
36500.056 5.808207426644306e-08
36550.056 6.41188280075185e-08
36600.056 7.397413552698929e-08
36650.056 6.634341019364812e-08
36700.056 6.907914010576328e-08
36750.056 7.883299042303035e-08
36800.056 8.026432958999802e-08
36850.056 6.942790551368802e-08
36900.056 8.071589263329289e-08
36950.056 8.852516439198442e-08
37000.056 7.892928228918997e-08
37050.056 8.787058612199945e-08
37100.056 8.590613150090094e-08
37150.056 7.988945474140014e-08
37200.056 9.886390738198956e-08
37250.056 8.808704188518118e-08
37300.056 7.857363832914542e-08
37350.056 9.156112484921585e-08
37400.056 1.250242208471975e-07
37450.056 8.88730179593737e-08
37500.056 9.198862729009318e-08
37550.056 1.209964660480606e-07
37600.056 1.3978919207101703e-07
37650.056 8.882122783530848e-08
37700.056 1.3216339047541186e-07
37750.056 1.0002909818790903e-07
37800.056 1.0922480523014692e-07
37850.056 7.8816228375005e-08
37900.056 9.133866632022719e-08
37950.056 1.1527068758728093e-07
38000.056 1.2933697217259458e-07
38050.056 1.3234300571083447e-07
38100.056 1.417671113578152e-07
38150.056 1.516601186609972e-07
38200.056 1.54804538272023e-07
38250.056 1.427595629410122e-07
38300.056 1.8868649047996402e-07
38350.056 1.9055451634403402e-07
38400.056 1.2639679464434756e-07
38450.056 1.2339572715155248e-07
38500.056 9.190507159701795e-08
38550.056 1.442571800500408e-07
38600.056 1.4288215644098603e-07
38650.056 1.513381038699767e-07
38700.056 1.5954989417299855e-07
38750.056 1.6233562827800633e-07
38800.056 1.4625363605194799e-07
38850.056 1.5679740371101894e-07
38900.056 1.931853640249893e-07
38950.056 1.5245162488598993e-07
39000.056 1.774730166279823e-07
39050.056 1.6289649053002391e-07
39100.056 1.727680921469953e-07
39150.056 1.8749854816199792e-07
39200.056 1.7396824935538254e-07
39250.056 2.0644124133598654e-07
39300.056 1.7828746804495573e-07
39350.056 2.2761711603101617e-07
39400.056 1.9034719496174907e-07
39450.056 2.0619938553488841e-07
39500.056 2.1004971687102503e-07
39550.056 1.9031824892325887e-07
39600.056 2.1958905280096253e-07
39650.056 2.456065480989829e-07
39700.056 2.2911844499002346e-07
39750.056 1.8243591107015762e-07
39800.056 2.0860613792997894e-07
39850.056 2.6936821826000786e-07
39900.056 2.660110453900043e-07
39950.056 2.3022891487896807e-07
40000.056 2.843391493160313e-07
40050.056 2.6150303658700363e-07
40100.056 2.0473478802261272e-07
40150.056 2.69916806984002e-07
40200.056 2.7666336330992974e-07
40250.056 2.793582597499253e-07
40300.056 2.775301389640333e-07
40350.056 2.582340857429705e-07
40400.056 3.0878649476901437e-07
40450.056 2.517176727376003e-07
40500.056 3.100297768349881e-07
40550.056 3.2008614469793804e-07
40600.056 2.9819880069002814e-07
40650.056 2.75146946031541e-07
40700.056 3.762132001949853e-07
40750.056 2.952183417099447e-07
40800.056 2.420680631518986e-07
40850.056 3.774686757000668e-07
40900.056 3.555643005200062e-07
40950.056 3.1376574787901835e-07
41000.056 3.146988341329884e-07
41050.056 3.9026026903994774e-07
41100.056 3.346800378579814e-07
41150.056 2.4542307325997687e-07
41200.056 3.765405206199991e-07
41250.056 3.327218877719802e-07
41300.056 3.038091067399543e-07
41350.056 3.950149855700166e-07
41400.056 3.534732248340398e-07
41450.056 3.8446015364000053e-07
41500.056 3.037849731952859e-07
41550.056 2.967733041670681e-07
41600.056 3.5193057790664647e-07
41650.056 3.6790782735502044e-07
41700.056 3.418606412499248e-07
41750.056 3.4023145693997365e-07
41800.056 4.064375657000276e-07
41850.056 2.8483757572098576e-07
41900.056 3.33487679504932e-07
41950.056 3.52122271065051e-07
42000.056 3.291868628879157e-07
42050.056 2.8905951729601977e-07
42100.056 4.066977467299902e-07
42150.056 2.955808762040172e-07
42200.056 2.9069546021299747e-07
42250.056 3.1369983150797723e-07
42300.056 2.964699400599949e-07
42350.056 3.5787391875005004e-07
42400.056 3.547369023400505e-07
42450.056 3.0473622230404954e-07
42500.056 3.063498637829931e-07
42550.056 2.8612985889797546e-07
42600.056 3.191442269860675e-07
42650.056 4.0775181435989016e-07
42700.056 3.1473781264993714e-07
42750.056 2.9518242784902627e-07
42800.056 3.418147576820388e-07
42850.056 3.797770740898973e-07
42900.056 4.064453954720704e-07
42950.056 3.12324967483923e-07
43000.056 3.603803412800249e-07
43050.056 2.3445091080507936e-07
43100.056 3.202108407899573e-07
43150.056 2.9081942478402845e-07
43200.056 3.444506109700097e-07
43250.056 4.402249477000311e-07
43300.056 4.2700843250001815e-07
43350.056 2.66007311737929e-07
43400.056 3.394517676209942e-07
43450.056 2.816682274260467e-07
43500.056 2.9547159072002034e-07
43550.056 3.032028486110348e-07
43600.056 3.9238151704003985e-07
43650.056 2.7753951003400854e-07
43700.056 4.154799683000422e-07
43750.056 3.681562483280369e-07
43800.056 3.448811189519623e-07
43850.056 3.072319995040521e-07
43900.056 3.235741871559682e-07
43950.056 2.3318980114897105e-07
44000.056 2.1638274184200157e-07
44050.056 3.693741467150082e-07
44100.056 4.5019765568002464e-07
44150.056 4.359425932139732e-07
44200.056 3.7708330523599975e-07
44250.056 2.7268841112700464e-07
44300.056 2.3749600383304135e-07
44350.056 2.712463406020642e-07
44400.056 2.5896768698098604e-07
44450.056 3.3948257752598353e-07
44500.056 3.3172372232807154e-07
44550.056 4.138659480599603e-07
44600.056 3.621583513510237e-07
44650.056 3.5883492623803677e-07
44700.056 2.6507425880198945e-07
44750.056 3.4060593831805077e-07
44800.056 3.003755013460309e-07
44850.056 3.737010255800457e-07
44900.056 2.9559605649802113e-07
44950.056 3.2710029099001375e-07
45000.056 3.5311217423999997e-07
45050.056 3.438001381739808e-07
45100.056 3.4335969916300794e-07
45150.056 3.3850839386696906e-07
45200.056 2.7215166937002267e-07
45250.056 3.035067471999232e-07
45300.056 2.7532153938503707e-07
45350.056 2.750144413979991e-07
45400.056 4.0116821019003603e-07
45450.056 3.6372700495999885e-07
45500.056 3.756201968700152e-07
45550.056 4.1954751110990855e-07
45600.056 4.0829608999004586e-07
45650.056 3.3628145623597055e-07
45700.056 2.844363891600095e-07
45750.056 2.71523165689002e-07
45800.056 4.1580230033001175e-07
45850.056 4.130165463499899e-07
45900.056 4.3709956723001194e-07
45950.056 3.5125768154599023e-07
46000.056 4.16387214000033e-07
46050.056 3.4847881707101165e-07
46100.056 4.2958968850997075e-07
46150.056 3.2395831031298964e-07
46200.056 3.1036988128200663e-07
46250.056 2.0038584338717e-07
46300.056 3.490719756439992e-07
46350.056 3.4087298136002883e-07
46400.056 3.3232140461001175e-07
46450.056 3.0569649826702877e-07
46500.056 3.267171995200686e-07
46550.056 2.4673141637300423e-07
46600.056 3.123219377119756e-07
46650.056 4.3957376860100717e-07
46700.056 3.1773149175996043e-07
46750.056 2.277107870392179e-07
46800.056 1.8043601799701286e-07
46850.056 4.286958917200631e-07
46900.056 3.929825283899749e-07
46950.056 3.8550129538997714e-07
47000.056 3.561048738200506e-07
47050.056 3.265397197088905e-07
47100.056 2.323921118500277e-07
47150.056 3.0406383991604743e-07
47200.056 3.638647455500024e-07
47250.056 2.611371285619737e-07
47300.056 1.966110802150142e-07
47350.056 3.977417033599819e-07
47400.056 3.624742952999681e-07
47450.056 3.426278499300434e-07
47500.056 3.9714144325996136e-07
47550.056 3.5166070727800816e-07
47600.056 3.563400231549742e-07
47650.056 3.231563815315549e-07
47700.056 3.1305464124978643e-07
47750.056 2.3669733495000662e-07
47800.056 2.4071333753001353e-07
47850.056 1.7327231902801306e-07
47900.056 2.2342100134096973e-07
47950.056 3.1559985002801517e-07
48000.056 4.177306214600421e-07
48050.056 3.6736583681399265e-07
48100.056 2.1518855003501347e-07
48150.056 2.961156190780138e-07
48200.056 2.6106498474599913e-07
48250.056 2.761473151060103e-07
48300.056 3.927251382399384e-07
48350.056 2.522465301170041e-07
48400.056 1.4460166086827256e-07
48450.056 2.470685948502558e-07
48500.056 3.1891817316994937e-07
48550.056 2.867771890880123e-07
48600.056 3.1105051357000635e-07
48650.056 3.4756795829998205e-07
48700.056 2.8973486187301017e-07
48750.056 1.8954376861008334e-07
48800.056 3.658876134170075e-07
48850.056 2.34194065279955e-07
48900.056 3.4824185650398737e-07
48950.056 2.3371278830001634e-07
49000.056 1.4361631755098595e-07
49050.056 2.9956082778196414e-07
49100.056 3.2382859909605196e-07
49150.056 2.6645241384221145e-07
49200.056 3.5175932957004907e-07
49250.056 3.3676847149004035e-07
49300.056 2.9459993042799147e-07
49350.056 1.7612788009303086e-07
49400.056 2.402446053349583e-07
49450.056 2.5045952249607294e-07
49500.056 2.0586790310398364e-07
49550.056 1.0602305448800766e-07
49600.056 1.8444185140503495e-07
49650.056 2.3594470832898388e-07
49700.056 2.3481713316193484e-07
49750.056 2.8803613413496505e-07
49800.056 2.2458527225580432e-07
49850.056 3.3147541857005895e-07
49900.056 2.7118481617298226e-07
49950.056 2.553377770149936e-07
50000.056 2.3856553435897785e-07
50050.056 2.878908546249905e-07
50100.056 2.3463646845000075e-07
50150.056 1.5506073402498229e-07
50200.056 7.336971999861573e-08
50250.056 2.0718757685898242e-07
50300.056 1.6322793535401577e-07
50350.056 2.799910282700307e-07
50400.056 2.5263313870398365e-07
50450.056 1.968876708262082e-07
50500.056 2.720314832960277e-07
50550.056 2.487218624180149e-07
50600.056 1.9926467199495275e-07
50650.056 2.776820734350495e-07
50700.056 2.974904225399345e-07
50750.056 2.242155280670294e-07
50800.056 1.3120425783718187e-07
50850.056 1.1662076042603583e-07
50900.056 2.815620877159948e-07
50950.056 2.1983951302401362e-07
51000.056 2.2888098792151534e-07
51050.056 2.367153341489848e-07
51100.056 1.2387805714968312e-07
51150.056 1.697864157388014e-07
51200.056 3.179160383399778e-07
51250.056 2.0894549794696941e-07
51300.056 1.6279644268105757e-07
51350.056 1.8325493492198357e-07
51400.056 1.0690699376500432e-07
51450.056 8.938518062337774e-08
51500.056 9.344874256562994e-08
51550.056 2.0998194472121617e-07
51600.056 1.528076395090218e-07
51650.056 1.6525570153397294e-07
51700.056 1.8903011275448192e-07
51750.056 1.3507537252351174e-07
51800.056 2.061906452239547e-07
51850.056 1.8195232957198922e-07
51900.056 2.6381864502401963e-07
51950.056 1.9290212372298295e-07
52000.056 6.448368475568607e-08
52050.056 1.3608206111701556e-07
52100.056 1.0391215118699342e-07
52150.056 8.548281962940864e-08
52200.056 1.0940173798849934e-07
52250.056 1.4551110369302186e-07
52300.056 2.192745745899907e-07
52350.056 1.338973785624823e-07
52400.056 1.0557235906600939e-07
52450.056 1.989281356650143e-07
52500.056 1.922198572219509e-07
52550.056 1.8506091672597307e-07
52600.056 1.5180521256600997e-07
52650.056 1.6174332468102535e-07
52700.056 1.3615214248199804e-07
52750.056 9.014142774679603e-08
52800.056 1.1710790746301526e-07
52850.056 1.2947037117196212e-07
52900.056 1.0793589604565766e-07
52950.056 1.232425708160056e-07
53000.056 1.7070206394101025e-07
53050.056 9.165920320937573e-08
53100.056 1.5054556513297775e-07
53150.056 2.0076698361602237e-07
53200.056 9.188610354309369e-08
53250.056 1.754723833080127e-07
53300.056 1.9357939444479465e-07
53350.056 1.745966695619978e-07
53400.056 1.532228286249987e-07
53450.056 8.492524482648517e-08
53500.056 4.4014094060785695e-08
53550.056 7.47784300491952e-08
53600.056 1.3796730457301443e-07
53650.056 1.0409952079718165e-07
53700.056 1.0041922673699893e-07
53750.056 1.0195977369599673e-07
53800.056 1.0546199278701444e-07
53850.056 1.4576218007294933e-07
53900.056 1.2110159082200894e-07
53950.056 1.5948130133200505e-07
54000.056 1.1572052134983065e-07
54050.056 1.391965741619989e-07
54100.056 5.898757786099236e-08
54150.056 8.611619822382047e-08
54200.056 3.632598991859295e-08
54250.056 6.328735725800663e-08
54300.056 7.345950835319034e-08
54350.056 1.0711599197299135e-07
54400.056 1.1513184569897154e-07
54450.056 1.0774411659151766e-07
54500.056 1.0338591364810666e-07
54550.056 8.81247163450008e-08
54600.056 9.852470594829557e-08
54650.056 4.2711380229912045e-08
54700.056 1.1364102801498466e-07
54750.056 1.0923312494398872e-07
54800.056 6.959001061600726e-08
54850.056 8.444533335780358e-08
54900.056 1.0426797501897918e-07
54950.056 1.4377527754498208e-07
55000.056 7.976571054398983e-08
55050.056 9.380470448660145e-08
55100.056 1.0925213482602228e-07
55150.056 7.215216324997179e-08
55200.056 7.764435466919391e-08
55250.056 8.593730196501759e-08
55300.056 6.862357848939656e-08
55350.056 1.0977789435481544e-07
55400.056 1.0307027954581088e-07
55450.056 8.051044084728393e-08
55500.056 4.213019194120656e-08
55550.056 6.023096714979232e-08
55600.056 8.0233188380598e-08
55650.056 5.876826035919067e-08
55700.056 7.598770593301444e-08
55750.056 6.907541057598958e-08
55800.056 4.8705426815403965e-08
55850.056 4.1113815100893334e-08
55900.056 7.972457114268585e-08
55950.056 1.2027220606483633e-07
56000.056 6.143747535028349e-08
56050.056 6.817037408820917e-08
56100.056 8.976383520459663e-08
56150.056 6.74669006494063e-08
56200.056 5.892147473518195e-08
56250.056 8.880680377471843e-08
56300.056 8.494324465298129e-08
56350.056 7.461909609461467e-08
56400.056 4.362498949819496e-08
56450.056 4.7949807902712536e-08
56500.056 6.805903165311809e-08
56550.056 3.6869404641102026e-08
56600.056 7.728775722047958e-08
56650.056 9.266399609301372e-08
56700.056 8.947626019400099e-08
56750.056 4.7774283939200226e-08
56800.056 6.404740851780746e-08
56850.056 6.798769648211654e-08
56900.056 4.7591314764092196e-08
56950.056 8.757394950319404e-08
57000.056 9.411358758600326e-08
57050.056 6.991810210497411e-08
57100.056 2.883821791559875e-08
57150.056 5.6927519103624734e-08
57200.056 4.299088611779936e-08
57250.056 5.058419724979694e-08
57300.056 6.522783985421066e-08
57350.056 4.182199224699939e-08
57400.056 9.14434658716032e-08
57450.056 6.114696640388137e-08
57500.056 5.895262860043122e-08
57550.056 7.545674987760384e-08
57600.056 6.389572447389059e-08
57650.056 2.8059721715302484e-08
57700.056 4.503308743329594e-08
57750.056 6.515665574020313e-08
57800.056 4.0937068809382194e-08
57850.056 9.544383910502487e-08
57900.056 1.0818062738001228e-07
57950.056 1.0541913964000052e-07
58000.056 5.5299473716193806e-08
58050.056 8.033512464599088e-08
58100.056 7.564093646841397e-08
58150.056 6.906501548396937e-08
58200.056 3.092022369540045e-08
58250.056 4.119315601368771e-08
58300.056 3.201456949140461e-08
58350.056 4.6588623658411994e-08
58400.056 6.256448015800083e-08
58450.056 7.493389434101408e-08
58500.056 7.925446607800854e-08
58550.056 7.579486416800114e-08
58600.056 4.4853097198397946e-08
58650.056 6.266905241969079e-08
58700.056 5.808949507039001e-08
58750.056 7.176678367899943e-08
58800.056 1.869353248229281e-08
58850.056 4.890108141960308e-08
58900.056 5.349297495980392e-08
58950.056 3.821549668148399e-08
59000.056 6.416370206110727e-08
59050.056 5.449604279508591e-08
59100.056 7.812534558429901e-08
59150.056 6.695561538618527e-08
59200.056 6.706380965899769e-08
59250.056 8.168656220701833e-08
59300.056 8.160237100699715e-08
59350.056 2.9515701557400002e-08
59400.056 3.0042764762891226e-08
59450.056 7.36347256843932e-08
59500.056 4.2022198503488276e-08
59550.056 5.400965427800128e-08
59600.056 8.622709117700168e-08
59650.056 6.304013038800543e-08
59700.056 4.500816041080103e-08
59750.056 1.0219050130396763e-07
59800.056 6.080897816779679e-08
59850.056 7.618677791299903e-08
59900.056 4.470803404039093e-08
59950.056 6.082257098840147e-08
60000.056 9.721262860981991e-08
60050.056 9.463697181262876e-08
60100.056 9.773498963097364e-08
60150.056 5.271187926908781e-08
60200.056 6.887149938168557e-08
60250.056 8.455140874521274e-08
60300.056 8.260896351828242e-08
60350.056 5.729127261080583e-08
60400.056 8.060895629847174e-08
60450.056 3.151236410899382e-08
60500.056 1.927504575290593e-08
60550.056 6.198533063350887e-08
60600.056 7.223284889400496e-08
60650.056 6.415182255977935e-08
60700.056 5.367320568799837e-08
60750.056 3.6546721146311386e-08
60800.056 6.882259324519895e-08
60850.056 9.598687111301244e-08
60900.056 8.459749026802844e-08
60950.056 6.107628581032197e-08
61000.056 8.406670122529684e-08
61050.056 4.917716614519346e-08
61100.056 5.8467312222111623e-08
61150.056 2.832678728460331e-08
61200.056 7.257388230721522e-08
61250.056 6.616170088999086e-08
61300.056 5.149797694371454e-08
61350.056 8.610062741138064e-08
61400.056 4.5759363190217997e-08
61450.056 3.9486454128404086e-08
61500.056 3.196552803642496e-08
61550.056 5.3471921380982815e-08
61600.056 3.678188287019357e-08
61650.056 3.957539047420957e-08
61700.056 4.7166292118792864e-08
61750.056 4.973352979728873e-08
61800.056 6.26849926241976e-08
61850.056 2.9881473595194405e-08
61900.056 8.092782410601665e-08
61950.056 7.015430227858745e-08
62000.056 5.723758463260294e-08
62050.056 7.896446794859816e-08
62100.056 5.574445000586823e-08
62150.056 6.937217131002893e-08
62200.056 7.060014202197902e-08
62250.056 7.039007765138532e-08
62300.056 9.349757011998576e-08
62350.056 8.979993801600083e-08
62400.056 6.451922726140946e-08
62450.056 6.553945925029284e-08
62500.056 8.844797598399492e-08
62550.056 9.733742679197659e-08
62600.056 7.484214552001519e-08
62650.056 6.719662070750629e-08
62700.056 7.322606511700881e-08
62750.056 9.335632188995754e-08
62800.056 8.417651131099018e-08
62850.056 7.537192846727483e-08
62900.056 8.74594429679709e-08
62950.056 1.0528934032700545e-07
63000.056 6.096769443741477e-08
63050.056 1.2827958619500743e-07
63100.056 1.351609926239832e-07
63150.056 9.158862657609235e-08
63200.056 9.397172750900885e-08
63250.056 9.792742524500062e-08
63300.056 7.469732110399489e-08
63350.056 1.0237880753000626e-07
63400.056 5.520358906358858e-08
63450.056 3.9522650126209686e-08
63500.056 1.104885829510109e-07
63550.056 1.0202705702497413e-07
63600.056 7.633447610400072e-08
63650.056 8.090167812600371e-08
63700.056 5.0870278843589124e-08
63750.056 7.499322256688796e-08
63800.056 8.71954444171163e-08
63850.056 8.100371943500163e-08
63900.056 5.8646895267025885e-08
63950.056 6.64074002970298e-08
64000.056 9.304876926861024e-08
64050.056 5.542462634798469e-08
64100.056 2.617561944630422e-08
64150.056 3.289018816819652e-08
64200.056 3.071395065600334e-08
64250.056 6.965438861000604e-08
64300.056 5.5390831429787864e-08
64350.056 4.2318296651211997e-08
64400.056 6.979447464499805e-08
64450.056 6.767474171560454e-08
64500.056 4.524353892999707e-08
64550.056 7.003400201100351e-08
64600.056 5.176147275119959e-08
64650.056 7.072715545799159e-08
64700.056 3.0632065171495336e-08
64750.056 4.212035325199783e-08
64800.056 3.538415293800692e-08
64850.056 2.9276023497110313e-08
64900.056 3.294768836378641e-08
64950.056 2.88886471904987e-08
65000.056 3.8583950052015056e-08
65050.056 5.8287187357989966e-08
65100.056 4.982767925060351e-08
65150.056 5.2478433025596155e-08
65200.056 3.285708474949727e-08
65250.056 5.153309562879221e-08
65300.056 5.580482121281217e-08
65350.056 9.056339048920388e-08
65400.056 4.6387321719402436e-08
65450.056 4.928111170109023e-08
65500.056 6.60755730820029e-08
65550.056 3.8469522705703375e-08
65600.056 6.525656392251345e-08
65650.056 5.4285801938800695e-08
65700.056 4.754533691601519e-08
65750.056 3.5691233556715154e-08
65800.056 5.255495554580764e-08
65850.056 8.023364388498772e-08
65900.056 3.384217471420358e-08
65950.056 3.080603589270192e-08
66000.056 3.7385606892609125e-08
66050.056 8.087745373602954e-08
66100.056 5.252418836739906e-08
66150.056 4.5800677147707194e-08
66200.056 4.568120619239288e-08
66250.056 3.5793275302199836e-08
66300.056 2.7256314881603522e-08
66350.056 2.249186107560586e-08
66400.056 3.577106095279349e-08
66450.056 6.330275993100517e-08
66500.056 8.826341509203341e-08
66550.056 7.561760027198908e-08
66600.056 6.112892539601396e-08
66650.056 5.627006825801394e-08
66700.056 4.8913005766014995e-08
66750.056 6.956131000998816e-08
66800.056 6.195163976199452e-08
66850.056 4.012985282201498e-08
66900.056 7.70059021986411e-08
66950.056 8.407976267284419e-08
67000.056 1.0363933714602129e-07
67050.056 4.9489105539580254e-08
67100.056 5.1042401869005816e-08
67150.056 4.65944447672071e-08
67200.056 7.053165426601627e-08
67250.056 6.500057377401257e-08
67300.056 7.841985146900214e-08
67350.056 5.6184595499512306e-08
67400.056 8.458238768298091e-08
67450.056 6.377254028961613e-08
67500.056 4.375908131889683e-08
67550.056 7.531059009503809e-08
67600.056 1.2146175550898572e-07
67650.056 9.031544308105304e-08
67700.056 6.482445297096739e-08
67750.056 5.364723755529856e-08
67800.056 6.319541875315734e-08
67850.056 4.8451402947404966e-08
67900.056 5.701477254299751e-08
67950.056 5.129699676899519e-08
68000.056 7.91551633519898e-08
68050.056 6.0696593422183e-08
68100.056 7.07970742528254e-08
68150.056 6.762275190188286e-08
68200.056 6.671229559930785e-08
68250.056 4.298684442738945e-08
68300.056 7.295589682399459e-08
68350.056 6.369497898258011e-08
68400.056 8.523042097798381e-08
68450.056 9.254262665402437e-08
68500.056 7.164061317196529e-08
68550.056 4.44166780790031e-08
68600.056 5.013707241060697e-08
68650.056 2.970248408650852e-08
68700.056 5.371533076301071e-08
68750.056 6.704742571060924e-08
68800.056 6.298696711316606e-08
68850.056 4.88561003079751e-08
68900.056 1.1385083081799822e-07
68950.056 1.0481127627503584e-07
69000.056 7.149792682120702e-08
69050.056 4.801975913599383e-08
69100.056 1.1153233352199095e-07
69150.056 1.1643644570803635e-07
69200.056 7.726784923401398e-08
69250.056 1.0863308166498577e-07
69300.056 1.0126295312302692e-07
69350.056 9.886774230998474e-08
69400.056 5.7096009091188685e-08
69450.056 9.445562584699136e-08
69500.056 7.601075981698139e-08
69550.056 7.429255037600737e-08
69600.056 2.9247590784003644e-08
69650.056 6.567282480402675e-08
69700.056 9.700702903099393e-08
69750.056 6.54405589148028e-08
69800.056 8.690375985798724e-08
69850.056 9.454565653203749e-08
69900.056 8.268566007338216e-08
69950.056 8.121639156862557e-08
70000.056 6.62864263019881e-08
70050.056 1.1375242178804497e-07
70100.056 6.820696296001702e-08
70150.056 7.288685452900724e-08
70200.056 6.192390257699616e-08
70250.056 6.979387385598922e-08
70300.056 9.108174558998726e-08
70350.056 8.983828922299756e-08
70400.056 6.703212600799612e-08
70450.056 3.052566064450761e-08
70500.056 6.10007235838097e-08
70550.056 5.052569398199543e-08
70600.056 5.363016045900176e-08
70650.056 6.990294405199797e-08
70700.056 7.101107820801487e-08
70750.056 1.0657439126105402e-07
70800.056 6.999821303298723e-08
70850.056 5.997329830599252e-08
70900.056 8.756395580699145e-08
70950.056 8.625416746302526e-08
71000.056 7.567627707397775e-08
71050.056 8.43984476530013e-08
71100.056 5.962767151300955e-08
71150.056 5.6853912453985743e-08
71200.056 6.657511199501793e-08
71250.056 8.340978463300754e-08
71300.056 7.782193067998923e-08
71350.056 9.509400459101047e-08
71400.056 8.432517511696245e-08
71450.056 5.190120538640324e-08
71500.056 5.9125018105977666e-08
71550.056 4.989194309910145e-08
71600.056 7.261598127699772e-08
71650.056 6.05450085730046e-08
71700.056 4.528968699279475e-08
71750.056 6.096978548300579e-08
71800.056 8.136998896580535e-08
71850.056 7.627713447498275e-08
71900.056 5.876218183917891e-08
71950.056 7.38970308689643e-08
72000.056 6.882933699902004e-08
72050.056 4.70645831074023e-08
72100.056 5.212131085670333e-08
72150.056 7.031391699168077e-08
72200.056 5.60070912194109e-08
72250.056 8.695199555102194e-08
72300.056 5.530619775661497e-08
72350.056 6.803889135998262e-08
72400.056 6.133028133801332e-08
72450.056 5.84005581089585e-08
72500.056 7.051848988802164e-08
72550.056 3.469613047521581e-08
72600.056 6.27158459950071e-08
72650.056 7.06821062120199e-08
72700.056 5.1782104696587693e-08
72750.056 6.796881888499023e-08
72800.056 4.316954182991436e-08
72850.056 4.461884593761138e-08
72900.056 7.797699888401213e-08
72950.056 5.517407145331426e-08
73000.056 5.407776340137361e-08
73050.056 4.0907815137017474e-08
73100.056 5.4751143253710006e-08
73150.056 8.174577952398618e-08
73200.056 4.3089408490182566e-08
73250.056 5.8786370692990635e-08
73300.056 3.893862385508716e-08
73350.056 3.6852602609992224e-08
73400.056 5.793152265699263e-08
73450.056 4.091603175399873e-08
73500.056 4.436430532600911e-08
73550.056 5.4950735678998325e-08
73600.056 4.9711467699972484e-08
73650.056 5.4813957221009445e-08
73700.056 4.447303087897372e-08
73750.056 3.411944644777605e-08
73800.056 4.655694378382154e-08
73850.056 5.418060731397465e-08
73900.056 4.641205139958767e-08
73950.056 5.0557204475021e-08
74000.056 3.29511983835949e-08
74050.056 6.773474519902003e-08
74100.056 5.77020235429684e-08
74150.056 5.850459620799008e-08
74200.056 3.907827519038177e-08
74250.056 2.805767090019598e-08
74300.056 4.87730324709928e-08
74350.056 6.16854326430179e-08
74400.056 5.920894429800069e-08
74450.056 4.1458005670985035e-08
74500.056 3.551515793909259e-08
74550.056 4.768286127892216e-08
74600.056 3.5053177991706846e-08
74650.056 3.8021157932513236e-08
74700.056 4.2870055266911543e-08
74750.056 3.200306736598785e-08
74800.056 3.943929012580603e-08
74850.056 6.207431788601394e-08
74900.056 6.90647001819682e-08
74950.056 5.4683012421988146e-08
75000.056 5.4248219603002104e-08
75050.056 3.095180441530574e-08
75100.056 7.122165859203469e-08
75150.056 7.205977586701485e-08
75200.056 6.20488051729873e-08
75250.056 7.023926937697865e-08
75300.056 6.724072946200682e-08
75350.056 3.834048485299637e-08
75400.056 8.176325206400441e-08
75450.056 7.346581167002111e-08
75500.056 5.974323112700425e-08
75550.056 5.477141796501082e-08
75600.056 8.133704850301382e-08
75650.056 6.247946221500393e-08
75700.056 7.341240509398136e-08
75750.056 6.163083204905626e-08
75800.056 6.284342640697676e-08
75850.056 7.622313562204269e-08
75900.056 7.075514386898978e-08
75950.056 5.916573134599183e-08
76000.056 7.044343613596706e-08
76050.056 6.824273804997594e-08
76100.056 6.889840911798343e-08
76150.056 7.463256171497645e-08
76200.056 6.773518895003337e-08
76250.056 7.05365414208868e-08
76300.056 9.712437746098509e-08
76350.056 1.1425311275103269e-07
76400.056 8.514362964002654e-08
76450.056 8.950156648701654e-08
76500.056 8.008569819400835e-08
76550.056 4.6071142061893526e-08
76600.056 1.996664520530351e-08
76650.056 2.7087028159999046e-08
76700.056 2.6575505655097515e-08
76750.056 2.704109101960687e-08
76800.056 4.1372685619004086e-08
76850.056 3.381078206332438e-08
76900.056 3.7531845722686924e-08
76950.056 2.914271531100507e-08
77000.056 3.861758543659562e-08
77050.056 2.6161230962093998e-08
77100.056 3.4932168313900324e-08
77150.056 4.294394609699817e-08
77200.056 3.186161967500079e-08
77250.056 3.874856264500184e-08
77300.056 4.506529603399226e-08
77350.056 3.190734607107948e-08
77400.056 3.616219339500304e-08
77450.056 4.385682268199545e-08
77500.056 4.336416478300017e-08
77550.056 4.351518597480866e-08
77600.056 3.9348092915299924e-08
77650.056 4.2730305728409875e-08
77700.056 4.7789930165969175e-08
77750.056 4.601505528901432e-08
77800.056 5.663985256300587e-08
77850.056 6.725947770400433e-08
77900.056 4.6421874379978514e-08
77950.056 4.370122907510697e-08
78000.056 5.408084286899914e-08
78050.056 3.662579230699992e-08
78100.056 4.708824337402122e-08
78150.056 5.341877097182285e-08
78200.056 7.03205822209889e-08
78250.056 5.926508605100489e-08
78300.056 4.590024787399386e-08
78350.056 5.539969013802005e-08
78400.056 5.56087418749775e-08
78450.056 5.518488817701851e-08
78500.056 7.840457277998821e-08
78550.056 6.896309304198152e-08
78600.056 6.920381245200102e-08
78650.056 4.620242534800276e-08
78700.056 5.294246150000943e-08
78750.056 6.01268748310119e-08
78800.056 5.7288641009985545e-08
78850.056 4.616605062098338e-08
78900.056 5.7240516883318437e-08
78950.056 6.285002113799683e-08
79000.056 5.975029804200977e-08
79050.056 5.080723994599742e-08
79100.056 5.908867098099681e-08
79150.056 5.259116571901695e-08
79200.056 6.457153988099137e-08
79250.056 4.9568873528007194e-08
79300.056 6.010044863298877e-08
79350.056 6.783719257210497e-08
79400.056 4.4401758354015003e-08
79450.056 6.307154181201204e-08
79500.056 8.704393036599139e-08
79550.056 8.259720634204216e-08
79600.056 6.069811700341076e-08
79650.056 7.584492191798491e-08
79700.056 6.147711775400322e-08
79750.056 6.654666051390229e-08
79800.056 4.9991520715039003e-08
79850.056 7.992782490701352e-08
79900.056 8.938377758199793e-08
79950.056 1.036571683180106e-07
