# %ECSV 1.0
# ---
# datatype:
# - {name: wav, unit: Angstrom, datatype: float64}
# - {name: flux_nu, unit: erg / (cm2 Hz s), datatype: float64}
# schema: astropy-2.0
wav flux_nu
3000.0480007680403 nan
3050.0480007680403 0.0
3100.0480007680403 0.0
3150.0480007680403 0.0
3200.0480007680403 0.0
3250.0480007680403 0.0
3300.0480007680403 0.0
3350.0480007680403 0.0
3400.0480007680403 0.0
3450.0480007680403 0.0
3500.0480007680403 0.0
3550.0480007680403 0.0
3600.0480007680403 0.0
3650.0480007680403 0.0
3700.0480007680403 0.0
3750.0480007680403 0.0
3800.0480007680403 0.0
3850.0480007680403 0.0
3900.0480007680403 0.0
3950.0480007680403 0.0
4000.0480007680403 0.0
4050.0480007680403 0.0
4100.04800076804 0.0
4150.04800076804 0.0
4200.04800076804 0.0
4250.04800076804 0.0
4300.04800076804 0.0
4350.04800076804 0.0
4400.04800076804 0.0
4450.04800076804 0.0
4500.04800076804 0.0
4550.04800076804 0.0
4600.04800076804 0.0
4650.04800076804 0.0
4700.04800076804 0.0
4750.04800076804 0.0
4800.04800076804 0.0
4850.04800076804 0.0
4900.04800076804 0.0
4950.04800076804 0.0
5000.04800076804 1.1403389929848928e-11
5050.04800076804 3.117049525070584e-11
5100.04800076804 3.640927492781171e-11
5150.04800076804 4.260752337493901e-11
5200.04800076804 4.974438227308052e-11
5250.04800076804 5.751224719750235e-11
5300.04800076804 6.607137618421134e-11
5350.04800076804 7.551070837906867e-11
5400.04800076804 8.538892936448111e-11
5450.04800076804 9.636247003699887e-11
5500.04800076804 1.082655935970851e-10
5550.04800076804 1.2114063893010528e-10
5600.04800076804 1.3409276886234778e-10
5650.04800076804 1.4623605858730213e-10
5700.04800076804 1.54722702232088e-10
5750.04800076804 1.6200890627625934e-10
5800.04800076804 1.6117340102747678e-10
5850.04800076804 1.4773062826895045e-10
5900.04800076804 6.318392325308461e-11
5950.04800076804 1.003499856929353e-10
6000.04800076804 2.2872419537297515e-10
6050.04800076804 3.1773780541146246e-10
6100.04800076804 4.066575966326768e-10
6150.04800076804 4.927412549251695e-10
6200.04800076804 5.778309019881008e-10
6250.04800076804 6.593603216827813e-10
6300.04800076804 7.506167288368559e-10
6350.04800076804 8.466408379506129e-10
6400.04800076804 9.417761321477269e-10
6450.04800076804 9.999771814155111e-10
6500.04800076804 1.1034876579933237e-09
6550.04800076804 1.23525875910691e-09
6600.04800076804 1.3673328163934593e-09
6650.04800076804 1.524646982556172e-09
6700.04800076804 1.7067073757802207e-09
6750.04800076804 1.885409372822725e-09
6800.04800076804 2.0681693869083867e-09
6850.04800076804 2.2651005360665013e-09
6900.04800076804 2.317136915077035e-09
6950.04800076804 2.360343019612686e-09
7000.04800076804 2.6554207039074425e-09
7050.04800076804 2.7624604365356256e-09
7100.04800076804 2.94949365722737e-09
7150.04800076804 2.5557563093749908e-09
7200.04800076804 2.4458620229683955e-09
7250.04800076804 2.802007785094317e-09
7300.04800076804 2.9219796309173996e-09
7350.04800076804 3.291846619608622e-09
7400.04800076804 3.72738447107001e-09
7450.04800076804 4.273151121887404e-09
7500.04800076804 4.693846973931806e-09
7550.04800076804 5.149694794050695e-09
7600.04800076804 5.605017304437434e-09
7650.04800076804 5.934836316897206e-09
7700.04800076804 4.3497411157583675e-09
7750.04800076804 2.6028005444510507e-09
7800.04800076804 6.444341213761068e-09
7850.04800076804 7.293186951135498e-09
7900.04800076804 8.003662576052676e-09
7950.04800076804 8.677653447804952e-09
8000.04800076804 9.030122170588772e-09
8050.04800076804 9.277536145454062e-09
8100.04800076804 7.54415640440422e-09
8150.04800076804 6.7723419323169895e-09
8200.04800076804 9.101663117246649e-09
8250.04800076804 8.81448295102978e-09
8300.04800076804 9.573138228808611e-09
8350.04800076804 9.782471789678228e-09
8400.04800076804 1.034229785814577e-08
8450.04800076804 1.1707296029930371e-08
8500.04800076804 1.2923604511643786e-08
8550.04800076804 1.42857837017431e-08
8600.04800076804 1.580463820817355e-08
8650.04800076804 1.6889642126203475e-08
8700.04800076804 1.7365329268590097e-08
8750.04800076804 1.836742864820474e-08
8800.04800076804 1.8496317900978468e-08
8850.04800076804 1.6365797078601164e-08
8900.04800076804 8.87516683130495e-09
8950.04800076804 7.707880980394051e-09
9000.04800076804 7.375284618997075e-09
9050.04800076804 1.4135067220684988e-08
9100.04800076804 1.479247220272004e-08
9150.04800076804 1.3881561132599261e-08
9200.04800076804 1.621841481425621e-08
9250.04800076804 1.2527813201802688e-08
9300.04800076804 1.0946440160299524e-09
9350.04800076804 1.9004343590900565e-09
9400.04800076804 5.633974991828955e-09
9450.04800076804 4.632658422073456e-09
9500.04800076804 3.8141288177108286e-09
9550.04800076804 3.9611132078550506e-09
9600.04800076804 4.041793515349341e-09
9650.04800076804 5.560192217726229e-09
9700.04800076804 9.283466377385077e-09
9750.04800076804 9.580107852523549e-09
9800.04800076804 1.149683732315644e-08
9850.04800076804 1.3913859690659402e-08
9900.04800076804 1.7974065221643214e-08
9950.04800076804 1.918087266974748e-08
10000.04800076804 2.327078247817007e-08
10050.04800076804 2.4681862514491102e-08
10100.04800076804 2.840341958537975e-08
10150.04800076804 3.0772437893967595e-08
10200.04800076804 3.327420629585895e-08
10250.04800076804 3.698002580701091e-08
10300.04800076804 4.119970707590501e-08
10350.04800076804 4.267605182094796e-08
10400.04800076804 4.7698460868118346e-08
10450.04800076804 5.0581649333472074e-08
10500.04800076804 5.264050597358613e-08
10550.04800076804 5.4758397860070495e-08
10600.04800076804 5.468376610718885e-08
10650.04800076804 5.4586845864456836e-08
10700.04800076804 5.2689327963739646e-08
10750.04800076804 5.194404670805513e-08
10800.04800076804 4.95391007895936e-08
10850.04800076804 4.56528937221512e-08
10900.04800076804 3.5742891138397963e-08
10950.04800076804 1.9808944687712887e-08
11000.04800076804 1.208498199872955e-08
11050.04800076804 6.325971226733896e-09
11100.04800076804 3.4295051403902046e-09
11150.04800076804 1.7130619256041168e-09
11200.04800076804 1.6376933297501117e-09
11250.04800076804 2.371693184585845e-09
11300.04800076804 2.816476764446344e-09
11350.04800076804 1.065530395044298e-09
11400.04800076804 3.78863580557944e-09
11450.04800076804 2.285996365222958e-09
11500.04800076804 2.339188507330961e-09
11550.04800076804 9.324311590153085e-10
11600.04800076804 7.396030513718915e-10
11650.04800076804 1.6966595004642593e-09
11700.04800076804 2.0912172777222685e-09
11750.04800076804 9.363164366047966e-10
11800.04800076804 3.412754274748815e-09
11850.04800076804 5.544327516905297e-09
11900.04800076804 7.23339796705899e-09
11950.04800076804 1.0845493885849066e-08
12000.04800076804 1.5008657854652047e-08
12050.04800076804 2.0207139993417305e-08
12100.04800076804 2.5596354108057393e-08
12150.04800076804 3.204314087375051e-08
12200.04800076804 3.737286338569629e-08
12250.04800076804 4.457464328298026e-08
12300.04800076804 5.330227284899285e-08
12350.04800076804 5.641726170844036e-08
12400.04800076804 6.746885928302998e-08
12450.04800076804 7.701574912542259e-08
12500.04800076804 8.350599165572694e-08
12550.04800076804 8.996227111071917e-08
12600.04800076804 9.39303680667652e-08
12650.04800076804 9.449327589141077e-08
12700.04800076804 9.415120019070792e-08
12750.04800076804 8.47354422921108e-08
12800.04800076804 7.814786745987373e-08
12850.04800076804 6.237435501816002e-08
12900.04800076804 5.283617153495279e-08
12950.04800076804 4.574724601555019e-08
13000.04800076804 4.712437213633193e-08
13050.04800076804 3.738806509105229e-08
13100.04800076804 3.666168144898359e-08
13150.04800076804 2.7155637959343777e-08
13200.04800076804 2.6031217645549928e-08
13250.04800076804 1.7805649187260745e-08
13300.04800076804 7.636058582663193e-09
13350.04800076804 2.342060921776658e-09
13400.04800076804 6.008387318714167e-10
13450.04800076804 2.1942286329970546e-10
13500.04800076804 8.715630310794945e-11
13550.04800076804 3.559663165084643e-11
13600.04800076804 1.2735212460907233e-11
13650.04800076804 7.398624809488523e-11
13700.04800076804 4.3111191949131944e-11
13750.04800076804 1.2411023715926282e-10
13800.04800076804 1.4039474781931286e-10
13850.04800076804 5.682438981537685e-11
13900.04800076804 7.457529224682695e-11
13950.04800076804 7.3285997543513e-11
14000.04800076804 8.432687409541081e-11
14050.04800076804 1.3404695844230126e-10
14100.04800076804 1.0312951435501153e-10
14150.04800076804 1.977063586172938e-10
14200.04800076804 1.3132878820869242e-10
14250.04800076804 1.7272099483634597e-10
14300.04800076804 5.231080334826549e-10
14350.04800076804 4.252451944139692e-10
14400.04800076804 4.403665540907787e-10
14450.04800076804 7.460062428400779e-10
14500.04800076804 1.5878767789810562e-09
14550.04800076804 1.6531911806955959e-09
14600.04800076804 3.1080670465095703e-09
14650.04800076804 2.608905626989033e-09
14700.04800076804 1.504144354311672e-09
14750.04800076804 2.1319163591342477e-09
14800.04800076804 2.6281323551926644e-09
14850.04800076804 2.7742599355527106e-09
14900.04800076804 3.203901467152893e-09
14950.04800076804 4.178663091529376e-09
15000.04800076804 6.0779871087297556e-09
15050.04800076804 6.787694570657487e-09
15100.04800076804 7.194089855880282e-09
15150.04800076804 6.990243326642673e-09
15200.04800076804 9.121391046288872e-09
15250.04800076804 1.3668324583009642e-08
15300.04800076804 1.5967609206992944e-08
15350.04800076804 2.0408148612914904e-08
15400.04800076804 2.4078038189834004e-08
15450.04800076804 2.746175098758024e-08
15500.04800076804 3.060425856214858e-08
15550.04800076804 3.684546150733601e-08
15600.04800076804 4.217914224989346e-08
15650.04800076804 4.673019507506678e-08
15700.04800076804 5.413533476408254e-08
15750.04800076804 5.766906829275296e-08
15800.04800076804 5.971716124953853e-08
15850.04800076804 6.274868948892455e-08
15900.04800076804 5.862377012677833e-08
15950.04800076804 5.4900483006903e-08
16000.04800076804 4.533532128816332e-08
16050.04800076804 3.174863317229921e-08
16100.04800076804 2.1904593697334306e-08
16150.04800076804 1.3292591567769259e-08
16200.04800076804 7.564838199302756e-09
16250.04800076804 5.983430137591244e-09
16300.04800076804 4.461576981686428e-09
16350.04800076804 5.191475387965035e-09
16400.04800076804 6.192620087438494e-09
16450.04800076804 6.351003202975032e-09
16500.04800076804 6.757581271305253e-09
16550.04800076804 6.541986081547168e-09
16600.04800076804 8.664244649652133e-09
16650.04800076804 5.86010427073081e-09
16700.04800076804 1.2646588812620216e-09
16750.04800076804 3.697448012433088e-09
16800.04800076804 5.716744339302612e-09
16850.04800076804 5.632414538588638e-09
16900.04800076804 3.708296354815918e-09
16950.04800076804 2.9175766594402483e-09
17000.04800076804 1.907363363821957e-09
17050.04800076804 3.054292641970458e-09
17100.04800076804 4.225249119386877e-09
17150.04800076804 2.9426263108874292e-09
17200.04800076804 6.302082945226303e-09
17250.04800076804 3.968463540883143e-09
17300.04800076804 2.9485457395004025e-09
17350.04800076804 3.132812771092719e-09
17400.04800076804 3.8995194969616565e-09
17450.04800076804 4.608983504738211e-09
17500.04800076804 5.608184129810816e-09
17550.04800076804 4.401800304069536e-09
17600.04800076804 3.555237185747577e-09
17650.04800076804 2.9766616899454096e-09
17700.04800076804 2.434800243223668e-09
17750.04800076804 1.879553014589447e-09
17800.04800076804 2.8381887515709782e-09
17850.04800076804 1.6366690596359773e-09
17900.04800076804 1.4838551989439172e-09
17950.04800076804 8.858819512548965e-10
18000.04800076804 1.4089610802477171e-09
18050.04800076804 8.42064877792677e-10
18100.04800076804 9.1968662455642e-10
18150.04800076804 9.970484538742482e-10
18200.04800076804 5.506497638711969e-10
18250.04800076804 1.8830958137618226e-09
18300.04800076804 5.043764221570532e-10
18350.04800076804 4.341188022635043e-10
18400.04800076804 3.102981054320509e-10
18450.04800076804 1.1179975262402646e-09
18500.04800076804 1.0711699799429757e-09
18550.04800076804 6.172629737650692e-10
18600.04800076804 7.005826050325542e-10
18650.04800076804 4.409602959537147e-10
18700.04800076804 1.965424409830358e-10
18750.04800076804 4.2926681099737433e-10
18800.04800076804 2.057479469628047e-09
18850.04800076804 1.889761844810868e-09
18900.04800076804 1.5943029643102644e-09
18950.04800076804 3.306663599174098e-09
19000.04800076804 1.0988646396383724e-09
19050.04800076804 6.241859709780592e-10
19100.04800076804 1.6252419488186118e-09
19150.04800076804 7.627389720025684e-10
19200.04800076804 1.4708934640419339e-09
19250.04800076804 9.837080829979778e-10
19300.04800076804 6.782324812651579e-10
19350.04800076804 7.909201663515523e-10
19400.04800076804 5.396318168479552e-10
19450.04800076804 1.1368196270732119e-09
19500.04800076804 1.060547873771739e-09
19550.04800076804 9.218744005309218e-10
19600.04800076804 1.4469857773134332e-09
19650.04800076804 1.7852507533513488e-09
19700.04800076804 1.901781024138423e-09
19750.04800076804 2.6900096007438605e-09
19800.04800076804 2.5813694029364353e-09
19850.04800076804 3.650217799405987e-09
19900.04800076804 3.3372547242171344e-09
19950.04800076804 4.905012189835846e-09
20000.04800076804 4.786983721440966e-09
20050.04800076804 4.924012016682247e-09
20100.04800076804 6.539594647837712e-09
20150.04800076804 5.111273213407774e-09
20200.04800076804 5.2731236079633935e-09
20250.04800076804 7.0712879826026365e-09
20300.04800076804 6.859657026126264e-09
20350.04800076804 7.804568752403946e-09
20400.04800076804 7.138921771065844e-09
20450.04800076804 9.257220326733998e-09
20500.04800076804 9.533498557629311e-09
20550.04800076804 9.701872062574513e-09
20600.04800076804 1.025969876503412e-08
20650.04800076804 1.0472982028229497e-08
20700.04800076804 1.0345295332800379e-08
20750.04800076804 1.0808725189271076e-08
20800.04800076804 1.0459590949930861e-08
20850.04800076804 1.0785731221574566e-08
20900.04800076804 1.0803114628995153e-08
20950.04800076804 1.0442528762063098e-08
21000.04800076804 1.0235613636017119e-08
21050.04800076804 1.0030110730577502e-08
21100.04800076804 9.733110300681047e-09
21150.04800076804 9.638638311270116e-09
21200.04800076804 9.180315894339497e-09
21250.04800076804 8.778299341865515e-09
21300.04800076804 8.056865345335083e-09
21350.04800076804 7.825918652976768e-09
21400.04800076804 7.68154520533253e-09
21450.04800076804 6.6252538787719015e-09
21500.04800076804 6.572577167807067e-09
21550.04800076804 6.2474028635132136e-09
21600.04800076804 5.742713827084171e-09
21650.04800076804 5.118410466951784e-09
21700.04800076804 5.314912975950657e-09
21750.04800076804 5.1354950381940126e-09
21800.04800076804 4.38645329519818e-09
21850.04800076804 3.8404606439956105e-09
21900.04800076804 3.2437237939294737e-09
21950.04800076804 1.5790519149436857e-09
22000.04800076804 3.7144333237272267e-10
22050.04800076804 4.68569479024693e-10
22100.04800076804 1.3896457388896292e-09
22150.04800076804 1.3009118876966657e-09
22200.04800076804 1.1246679893926951e-09
22250.04800076804 1.0812148613820087e-09
22300.04800076804 6.588579654626924e-10
22350.04800076804 7.397460013170175e-10
22400.04800076804 4.0272983163978013e-10
22450.04800076804 3.9888563391467193e-10
22500.04800076804 4.3477015831301635e-10
22550.04800076804 2.366024078568243e-10
22600.04800076804 3.043966237508161e-10
22650.04800076804 4.727261796325628e-10
22700.04800076804 3.1627299639592636e-10
22750.04800076804 3.2622419325777096e-10
22800.04800076804 3.867016241325331e-10
22850.04800076804 3.240040087743705e-10
22900.04800076804 2.2052624876986425e-10
22950.04800076804 1.7068699994823223e-10
23000.04800076804 2.603791319892626e-10
23050.04800076804 3.1707376420864866e-10
23100.04800076804 1.1594804981636532e-09
23150.04800076804 1.1402310320788616e-09
23200.04800076804 8.929511366719536e-11
23250.04800076804 2.2612644592674013e-10
23300.04800076804 2.6481689763067004e-10
23350.04800076804 2.132070036443801e-10
23400.04800076804 2.591938593252623e-10
23450.04800076804 1.628867863575641e-10
23500.04800076804 1.7786340127170785e-10
23550.04800076804 3.030831267993692e-10
23600.04800076804 4.917884570902236e-10
23650.04800076804 5.728194800100393e-10
23700.04800076804 1.5253442340361783e-10
23750.04800076804 1.601282439811131e-10
23800.04800076804 4.966070844709415e-10
23850.04800076804 3.5919956818000403e-10
23900.04800076804 7.439352277829855e-10
23950.04800076804 5.027518174178554e-10
24000.04800076804 9.060325924003657e-10
24050.04800076804 9.724844848301773e-10
24100.04800076804 9.001491960668818e-10
24150.04800076804 1.243616913415644e-09
24200.04800076804 1.1288685407962285e-09
24250.04800076804 7.901613074782287e-10
24300.04800076804 1.502498262500454e-09
24350.04800076804 9.780233297729518e-10
24400.04800076804 2.0608007946901213e-09
24450.04800076804 1.8509910051059512e-09
24500.04800076804 1.781581953588446e-09
24550.04800076804 2.6108209894745186e-09
24600.04800076804 2.9390279411277866e-09
24650.04800076804 3.489418015650245e-09
24700.04800076804 2.3840240396709806e-09
24750.04800076804 2.780893280066123e-09
24800.04800076804 2.463151438958122e-09
24850.04800076804 3.971501967415589e-09
24900.04800076804 1.4590245697748785e-09
24950.04800076804 3.070610318439956e-09
25000.04800076804 2.8660051854660063e-09
25050.04800076804 1.561973117030705e-09
25100.04800076804 2.5769492109025602e-09
25150.04800076804 1.209756230795533e-09
25200.04800076804 1.7630144932952088e-09
25250.04800076804 7.253393230830192e-10
25300.04800076804 1.0780731029008396e-09
25350.04800076804 4.731355213242606e-10
25400.04800076804 1.2691393674781136e-09
25450.04800076804 4.949841545894525e-10
25500.04800076804 4.179998262431962e-10
25550.04800076804 8.117695182725909e-10
25600.04800076804 4.575631269162161e-10
25650.04800076804 2.4238337894438463e-10
25700.04800076804 3.902811943475276e-10
25750.04800076804 1.4282011010866473e-10
25800.04800076804 5.994060802006817e-10
25850.04800076804 1.324614797486642e-10
25900.04800076804 2.1968877656719708e-10
25950.04800076804 7.496971808639158e-11
26000.04800076804 5.390980259937758e-10
26050.04800076804 1.096706752939575e-10
26100.04800076804 4.703976010663716e-10
26150.04800076804 2.356336527681272e-10
26200.04800076804 2.8512446596800194e-10
26250.04800076804 1.2614886908487703e-09
26300.04800076804 3.692586304549541e-10
26350.04800076804 1.752006137543738e-09
26400.04800076804 2.287991654254221e-09
26450.04800076804 1.5237887135306714e-09
26500.04800076804 2.6707297590318907e-09
26550.04800076804 5.551735026239651e-10
26600.04800076804 5.843244862828079e-10
26650.04800076804 1.4326319799838997e-10
26700.04800076804 8.581713007708994e-11
26750.04800076804 1.127042057576229e-10
26800.04800076804 2.3382698608068786e-10
26850.04800076804 1.4586240097987639e-10
26900.04800076804 5.588384116972611e-10
26950.04800076804 2.094425925895669e-10
27000.04800076804 9.138124928289486e-10
27050.04800076804 9.911426778751007e-10
27100.04800076804 2.437533302570148e-10
27150.04800076804 1.4060435479009793e-09
27200.04800076804 2.3255728866504394e-10
27250.04800076804 5.560205034797676e-10
27300.04800076804 3.026862909993301e-09
27350.04800076804 1.204947851707139e-09
27400.04800076804 1.0801863211723724e-10
27450.04800076804 1.527763223891359e-09
27500.04800076804 2.1047699534229502e-09
27550.04800076804 3.650209103665267e-10
27600.04800076804 9.220027446412379e-10
27650.04800076804 3.017592780181641e-10
27700.04800076804 2.567339174897969e-10
27750.04800076804 1.2190699699602137e-09
27800.04800076804 4.597005598230682e-10
27850.04800076804 6.035880445297339e-10
27900.04800076804 8.524692064924465e-10
27950.04800076804 1.8450891320946078e-09
28000.04800076804 1.3252881633979386e-09
28050.04800076804 2.9788159731248926e-10
28100.04800076804 2.08672538064085e-09
28150.04800076804 1.2777777807243732e-09
28200.04800076804 4.188823836442081e-10
28250.04800076804 2.5640021552273457e-09
28300.04800076804 3.2999565425905495e-09
28350.04800076804 5.307490781012232e-10
28400.04800076804 1.8657847058453144e-09
28450.04800076804 3.6018841668594075e-09
28500.04800076804 1.7718906332292683e-09
28550.04800076804 5.11180511628739e-10
28600.04800076804 3.1685338155837605e-09
28650.04800076804 2.7236146749702597e-09
28700.04800076804 2.361803307774802e-09
28750.04800076804 4.980145467516849e-09
28800.04800076804 3.888137369943147e-09
28850.04800076804 4.487944942735727e-09
28900.04800076804 2.0899704904624435e-09
28950.04800076804 6.0320315019496986e-09
29000.04800076804 4.219124265562034e-09
29050.04800076804 4.678961483677805e-09
29100.04800076804 3.471812567697561e-09
29150.04800076804 7.573969150675739e-09
29200.04800076804 4.922744997013492e-09
29250.04800076804 7.2265190126749874e-09
29300.04800076804 3.91143363609388e-09
29350.04800076804 1.7942505847575775e-08
29400.04800076804 4.457037514869891e-09
29450.04800076804 5.5169913572783874e-09
29500.04800076804 1.0764958782829894e-08
29550.04800076804 6.07846977442227e-09
29600.04800076804 9.300788196420328e-09
29650.04800076804 1.208360601748632e-08
29700.04800076804 4.747229333268093e-09
29750.04800076804 9.431922030626848e-09
29800.04800076804 9.108018261851613e-09
29850.04800076804 1.5234111156908792e-08
29900.04800076804 1.4670386451554572e-08
29950.04800076804 1.0098950490831187e-08
30000.04800076804 2.06244803093163e-09
30050.04800076804 4.16756828298602e-09
30100.04800076804 8.492740816041853e-09
30150.04800076804 1.423140739755462e-08
30200.04800076804 8.731563248188956e-09
30250.04800076804 2.1775393906776055e-08
30300.04800076804 1.8834230658206945e-08
30350.04800076804 1.0323103989625358e-08
30400.04800076804 2.0630178099748503e-08
30450.04800076804 1.2957018014284326e-08
30500.04800076804 1.2148640546806554e-08
30550.04800076804 9.525170542921587e-09
30600.04800076804 2.3948011503983804e-08
30650.04800076804 1.5364544656541778e-08
30700.04800076804 1.1426466614628516e-08
30750.04800076804 1.4843095093290116e-08
30800.04800076804 1.0768384392048837e-08
30850.04800076804 1.270500483165619e-08
30900.04800076804 1.0905046584206587e-08
30950.04800076804 5.911363588395788e-09
31000.04800076804 8.872192534914376e-09
31050.04800076804 8.860732023234317e-09
31100.04800076804 5.5599480133894185e-09
31150.04800076804 7.531460665388721e-09
31200.04800076804 1.1974718291626885e-08
31250.04800076804 5.6607016723762904e-09
31300.04800076804 5.155653640632799e-09
31350.04800076804 6.506555519326437e-09
31400.04800076804 4.023640464581062e-09
31450.04800076804 5.524128080447493e-09
31500.04800076804 2.6794723992990844e-09
31550.04800076804 3.4455172912285775e-09
31600.04800076804 2.4968786075973257e-09
31650.04800076804 2.0536459673286656e-09
31700.04800076804 2.7246086438581006e-09
31750.04800076804 1.1008933663819395e-09
31800.04800076804 2.531453153351033e-09
31850.04800076804 8.546427715531998e-10
31900.04800076804 1.720099543999334e-09
31950.04800076804 1.0040796340922632e-09
32000.04800076804 1.0690668364726985e-09
32050.04800076804 9.967081785655742e-10
32100.04800076804 7.646562674440147e-10
32150.04800076804 1.1069436985668044e-09
32200.04800076804 6.160902739460308e-10
32250.04800076804 1.4604058789493238e-09
32300.04800076804 4.985125529521922e-10
32350.04800076804 1.6194034623798957e-09
32400.04800076804 5.200450534869209e-10
32450.04800076804 1.2237144307596126e-09
32500.04800076804 6.759658548001887e-10
32550.04800076804 1.1996555336451146e-09
32600.04800076804 8.148346557530029e-10
32650.04800076804 1.9090578580346912e-09
32700.04800076804 1.0899664482331548e-09
32750.04800076804 3.0474529321277293e-09
32800.04800076804 2.3738753797876224e-09
32850.04800076804 4.447239574430559e-09
32900.04800076804 4.1150530378497685e-09
32950.04800076804 4.642233855785706e-09
33000.04800076804 2.451791096631715e-09
33050.04800076804 2.7966481790241382e-09
33100.04800076804 9.785388876169074e-10
33150.04800076804 8.001982458876568e-12
33200.04800076804 5.467349705738006e-11
33250.04800076804 6.18316181433224e-11
33300.04800076804 2.1209277604576864e-10
33350.04800076804 6.382936543357953e-10
33400.04800076804 1.4500805367572724e-09
33450.04800076804 1.1969584362093487e-09
33500.04800076804 3.267690036164621e-09
33550.04800076804 1.4915958538707315e-09
33600.04800076804 2.3612601995262466e-09
33650.04800076804 2.296187557778744e-09
33700.04800076804 1.3267251803964237e-09
33750.04800076804 3.101543400231389e-09
33800.04800076804 7.061880787695454e-10
33850.04800076804 1.7611717538515638e-09
33900.04800076804 1.8895138236012583e-09
33950.04800076804 1.7184617474650118e-09
34000.04800076804 2.991083644070342e-09
34050.04800076804 6.847424536018044e-10
34100.04800076804 2.4045441396776844e-09
34150.04800076804 1.1373567759860292e-09
34200.04800076804 2.2484222910518963e-09
34250.04800076804 1.8023978730471877e-09
34300.04800076804 1.469657313332591e-09
34350.04800076804 3.231089786384212e-09
34400.04800076804 1.2586571149352007e-09
34450.04800076804 3.2567429148337676e-09
34500.04800076804 1.8248132291087525e-09
34550.04800076804 1.3320952802621723e-09
34600.04800076804 4.374716340374051e-09
34650.04800076804 1.1015875072528376e-09
34700.04800076804 2.6530092630399398e-09
34750.04800076804 2.2821457590247166e-09
34800.04800076804 1.5311662025861227e-09
34850.04800076804 4.3959874476870635e-09
34900.04800076804 2.1205454977170257e-09
34950.04800076804 3.480134768849064e-09
35000.04800076804 5.893739971370245e-09
35050.04800076804 3.1012581006178604e-09
35100.04800076804 6.996917790150702e-09
35150.04800076804 5.944334964594734e-09
35200.04800076804 5.5363334847811096e-09
35250.04800076804 7.64160986815253e-09
35300.04800076804 3.6441251486795315e-09
35350.04800076804 6.313360965045031e-09
35400.04800076804 5.088899311232301e-09
35450.04800076804 4.140895177219664e-09
35500.04800076804 1.1958316406021872e-08
35550.04800076804 6.83769423627634e-09
35600.04800076804 8.461048633451731e-09
35650.04800076804 8.993552904236094e-09
35700.04800076804 6.847286912242499e-09
35750.04800076804 1.4508953947304273e-08
35800.04800076804 9.615649561004156e-09
35850.04800076804 5.498366307019984e-09
35900.04800076804 9.544036242967076e-09
35950.04800076804 1.102268316680493e-08
36000.04800076804 7.304681935235462e-09
36050.04800076804 9.307754067027107e-09
36100.04800076804 8.080429414679254e-09
36150.04800076804 1.5405616098737286e-08
36200.04800076804 1.4594495308551986e-08
36250.04800076804 1.3088235052124464e-08
36300.04800076804 2.0231598897383497e-08
36350.04800076804 1.4947787105124552e-08
36400.04800076804 2.337277080096884e-08
36450.04800076804 1.8082151068555668e-08
36500.04800076804 1.8887368384480114e-08
36550.04800076804 3.0879202403143504e-08
36600.04800076804 3.40843118316986e-08
36650.04800076804 2.734032733121927e-08
36700.04800076804 2.701905869519504e-08
36750.04800076804 3.3614783941586124e-08
36800.04800076804 3.44455482412871e-08
36850.04800076804 2.2310725933184806e-08
36900.04800076804 2.995382039578816e-08
36950.04800076804 3.501082193754303e-08
37000.04800076804 2.7952832734298396e-08
37050.04800076804 3.8282466670482675e-08
37100.04800076804 2.8934214387739772e-08
37150.04800076804 3.4340036005925035e-08
37200.04800076804 4.333590987175086e-08
37250.04800076804 2.953527452892496e-08
37300.04800076804 2.747400505854249e-08
37350.04800076804 3.9866848327082666e-08
37400.04800076804 5.653570567660909e-08
37450.04800076804 2.8659254578148486e-08
37500.04800076804 3.392984204749357e-08
37550.04800076804 6.241959179411238e-08
37600.04800076804 7.767022357246696e-08
37650.04800076804 3.726061664704237e-08
37700.04800076804 5.639888443370551e-08
37750.04800076804 3.8874667942564015e-08
37800.04800076804 4.512207623406671e-08
37850.04800076804 2.8327766207599827e-08
37900.04800076804 3.627641209097063e-08
37950.04800076804 5.2379478523509536e-08
38000.04800076804 5.814225236340471e-08
38050.04800076804 6.005875173631178e-08
38100.04800076804 7.535913891141909e-08
38150.04800076804 7.390292490285235e-08
38200.04800076804 6.939060483138598e-08
38250.04800076804 7.237396607145156e-08
38300.04800076804 1.1066559841819686e-07
38350.04800076804 9.770464530444517e-08
38400.04800076804 5.531778816814481e-08
38450.04800076804 4.331962546862877e-08
38500.04800076804 3.02722159685686e-08
38550.04800076804 5.958630212763721e-08
38600.04800076804 6.534164470475556e-08
38650.04800076804 8.081052423048738e-08
38700.04800076804 8.184008316975035e-08
38750.04800076804 8.340895262461087e-08
38800.04800076804 6.532325525481739e-08
38850.04800076804 9.01340041634173e-08
38900.04800076804 9.597688052102214e-08
38950.04800076804 6.649655785400348e-08
39000.04800076804 1.0173232218843727e-07
39050.04800076804 7.279830826307776e-08
39100.04800076804 8.928521545376292e-08
39150.04800076804 9.599514653959316e-08
39200.04800076804 8.173124474118417e-08
39250.04800076804 1.0771618234253775e-07
39300.04800076804 9.383410092317681e-08
39350.04800076804 1.3655673872508728e-07
39400.04800076804 1.0415106873131385e-07
39450.04800076804 1.1556691071670386e-07
39500.04800076804 1.2746765229823884e-07
39550.04800076804 9.737142915961395e-08
39600.04800076804 1.1641257372185565e-07
39650.04800076804 1.5853331546591697e-07
39700.04800076804 1.2819619443086007e-07
39750.04800076804 7.54823260366473e-08
39800.04800076804 9.742226268896673e-08
39850.04800076804 1.588621722344905e-07
39900.04800076804 1.6318849369708777e-07
39950.04800076804 1.1853951708881034e-07
40000.04800076804 1.6793784164986523e-07
40050.04800076804 1.5532443837325494e-07
40100.04800076804 7.976548221320983e-08
40150.04800076804 1.5811841965963514e-07
40200.04800076804 1.6754779330744244e-07
40250.04800076804 1.7635933074839146e-07
40300.04800076804 1.7332834448350311e-07
40350.04800076804 1.1168156396700212e-07
40400.04800076804 1.7008772506232486e-07
40450.04800076804 1.2044448848941573e-07
40500.04800076804 1.8275639172965122e-07
40550.04800076804 1.733827356620988e-07
40600.04800076804 1.706942916637448e-07
40650.04800076804 1.4686094223252882e-07
40700.04800076804 2.400065144192742e-07
40750.04800076804 1.7783508109761012e-07
40800.04800076804 1.22188491085124e-07
40850.04800076804 2.3337813316780026e-07
40900.04800076804 2.211409038144765e-07
40950.04800076804 1.546328040688497e-07
41000.04800076804 1.8727703894632974e-07
41050.04800076804 2.3851413408737716e-07
41100.04800076804 1.8502996072991545e-07
41150.04800076804 1.0951768888579711e-07
41200.04800076804 2.336755654190437e-07
41250.04800076804 2.0054066967158935e-07
41300.04800076804 1.916067448307174e-07
41350.04800076804 2.5093595940757394e-07
41400.04800076804 2.1125058705188315e-07
41450.04800076804 2.3178944664060952e-07
41500.04800076804 1.6835125357553876e-07
41550.04800076804 1.5216844993768652e-07
41600.04800076804 1.9274487762687328e-07
41650.04800076804 2.2775711677747107e-07
41700.04800076804 2.1473423328460582e-07
41750.04800076804 1.9736066417393648e-07
41800.04800076804 2.5665627643530883e-07
41850.04800076804 1.603029618423528e-07
41900.04800076804 1.6084397423659636e-07
41950.04800076804 2.0450734983812204e-07
42000.04800076804 2.249433933003832e-07
42050.04800076804 1.8674492337026212e-07
42100.04800076804 2.492653491257726e-07
42150.04800076804 1.7980187687496914e-07
42200.04800076804 1.8598989336240034e-07
42250.04800076804 1.6595783393658036e-07
42300.04800076804 1.5929380451294833e-07
42350.04800076804 2.0391826295005421e-07
42400.04800076804 2.2307903200102392e-07
42450.04800076804 1.9144802595522877e-07
42500.04800076804 1.880195531624117e-07
42550.04800076804 1.7455157084812876e-07
42600.04800076804 1.840299202044201e-07
42650.04800076804 2.595784192090386e-07
42700.04800076804 1.4465976318374417e-07
42750.04800076804 1.5669000427874562e-07
42800.04800076804 1.8818193262391735e-07
42850.04800076804 2.139281408582198e-07
42900.04800076804 2.3082593086422588e-07
42950.04800076804 1.6888331867071023e-07
43000.04800076804 2.1400635466023492e-07
43050.04800076804 1.0231892551314739e-07
43100.04800076804 1.742416077192198e-07
43150.04800076804 1.6529770826897256e-07
43200.04800076804 1.915893463601773e-07
43250.04800076804 2.7718987135868475e-07
43300.04800076804 2.512854642373779e-07
43350.04800076804 1.3348885471634078e-07
43400.04800076804 1.89576087662377e-07
43450.04800076804 1.4005370838910525e-07
43500.04800076804 1.6282343417048723e-07
43550.04800076804 1.5378554434628243e-07
43600.04800076804 2.195106089237594e-07
43650.04800076804 1.1994345760280753e-07
43700.04800076804 2.463389871704465e-07
43750.04800076804 2.300916469022629e-07
43800.04800076804 1.8550035170770176e-07
43850.04800076804 1.8733729324224725e-07
43900.04800076804 1.649465575418729e-07
43950.04800076804 1.2175903442711704e-07
44000.04800076804 9.668975369199727e-08
44050.04800076804 2.0685477133973186e-07
44100.04800076804 2.7122171639132e-07
44150.04800076804 2.634960542840219e-07
44200.04800076804 2.2642728258519647e-07
44250.04800076804 1.3876408577249188e-07
44300.04800076804 1.0358126187805033e-07
44350.04800076804 1.1951154001650342e-07
44400.04800076804 1.215583073365216e-07
44450.04800076804 1.747600436916377e-07
44500.04800076804 1.4398046362969132e-07
44550.04800076804 2.0376683193882357e-07
44600.04800076804 1.503175785692331e-07
44650.04800076804 1.7205441243221685e-07
44700.04800076804 1.2426216480361331e-07
44750.04800076804 1.521618813303452e-07
44800.04800076804 1.1790030636018366e-07
44850.04800076804 1.5918535207650644e-07
44900.04800076804 1.1949303694230424e-07
44950.04800076804 1.1644179488405337e-07
45000.04800076804 1.454458592232907e-07
45050.04800076804 1.4647721459911737e-07
45100.04800076804 1.4503086636770265e-07
45150.04800076804 1.1697053590227838e-07
45200.04800076804 7.336061378432943e-08
45250.04800076804 8.288741244249769e-08
45300.04800076804 1.0491708873297557e-07
45350.04800076804 9.309882515243436e-08
45400.04800076804 1.1584922609889685e-07
45450.04800076804 1.0591343898775235e-07
45500.04800076804 1.1775430064265529e-07
45550.04800076804 1.392670437107651e-07
45600.04800076804 1.1228860916788798e-07
45650.04800076804 1.0361687071180174e-07
45700.04800076804 9.892606230610284e-08
45750.04800076804 7.346997882141787e-08
45800.04800076804 1.009980335754251e-07
45850.04800076804 1.2867315598911614e-07
45900.04800076804 1.4389787663952254e-07
45950.04800076804 9.03842912628122e-08
46000.04800076804 1.3933433449510266e-07
46050.04800076804 1.291128485115091e-07
46100.04800076804 1.08577243609782e-07
46150.04800076804 1.0782538437911522e-07
46200.04800076804 8.705506378476558e-08
46250.04800076804 4.820798796404481e-08
46300.04800076804 1.3433163441755398e-07
46350.04800076804 1.0479108902538306e-07
46400.04800076804 1.2592165928241067e-07
46450.04800076804 1.3549156236311588e-07
46500.04800076804 1.1164750436456337e-07
46550.04800076804 8.74390001223199e-08
46600.04800076804 1.0755716926341153e-07
46650.04800076804 2.0042504995795884e-07
46700.04800076804 1.27318045742647e-07
46750.04800076804 7.166457691082896e-08
46800.04800076804 4.9052005907319624e-08
46850.04800076804 1.5719914898056024e-07
46900.04800076804 1.4278790740398998e-07
46950.04800076804 1.684970114364475e-07
47000.04800076804 1.0700820235683622e-07
47050.04800076804 1.3481482424980683e-07
47100.04800076804 5.986341478055582e-08
47150.04800076804 1.0748007934233227e-07
47200.04800076804 1.3395728102652997e-07
47250.04800076804 7.554108287252384e-08
47300.04800076804 6.561021269356386e-08
47350.04800076804 1.0707273249769679e-07
47400.04800076804 1.6594473029197784e-07
47450.04800076804 9.299443292384173e-08
47500.04800076804 1.8955402628225133e-07
47550.04800076804 1.0758724424217931e-07
47600.04800076804 1.5297624662501995e-07
47650.04800076804 8.63447174745886e-08
47700.04800076804 1.3482807209406403e-07
47750.04800076804 6.6928773675456e-08
47800.04800076804 8.184180982447702e-08
47850.04800076804 4.08609286120276e-08
47900.04800076804 6.526500724212525e-08
47950.04800076804 1.072272693347363e-07
48000.04800076804 1.7662150992119285e-07
48050.04800076804 1.2003215453723896e-07
48100.04800076804 7.750919318489178e-08
48150.04800076804 9.019825154302394e-08
48200.04800076804 1.0280936908229536e-07
48250.04800076804 9.26862041243294e-08
48300.04800076804 1.836986820524298e-07
48350.04800076804 8.248700876352256e-08
48400.04800076804 3.884392450268909e-08
48450.04800076804 6.474589476566461e-08
48500.04800076804 1.1950535953005285e-07
48550.04800076804 8.627764138402904e-08
48600.04800076804 1.481916393422647e-07
48650.04800076804 1.2815307601830847e-07
48700.04800076804 1.413494125470123e-07
48750.04800076804 8.193812783147654e-08
48800.04800076804 1.5406206532473718e-07
48850.04800076804 8.835598099118093e-08
48900.04800076804 1.21545199756088e-07
48950.04800076804 7.88174016305598e-08
49000.04800076804 4.9570990634990085e-08
49050.04800076804 1.223858699357612e-07
49100.04800076804 1.1929988447377252e-07
49150.04800076804 1.2125049569012774e-07
49200.04800076804 1.3956869854217725e-07
49250.04800076804 1.6702792572435875e-07
49300.04800076804 1.268997247558181e-07
49350.04800076804 6.374206374318202e-08
49400.04800076804 8.899279428765819e-08
49450.04800076804 9.1737422142828e-08
49500.04800076804 7.962771048110006e-08
49550.04800076804 2.1781887991407933e-08
49600.04800076804 5.330854976758771e-08
49650.04800076804 9.019315084160055e-08
49700.04800076804 1.0706921840211942e-07
49750.04800076804 1.1826492074951175e-07
49800.04800076804 7.56354178353175e-08
49850.04800076804 1.4969910564917548e-07
49900.04800076804 1.3539427704445785e-07
49950.04800076804 1.179934181132551e-07
50000.04800076804 1.0759871042993163e-07
50050.04800076804 1.229483554628623e-07
50100.04800076804 1.0388155768970032e-07
50150.04800076804 5.129228077477026e-08
50200.04800076804 1.480377459122602e-08
50250.04800076804 6.1901985876589e-08
50300.04800076804 4.377022376679304e-08
50350.04800076804 1.171944761564468e-07
50400.04800076804 1.2199079975451367e-07
50450.04800076804 8.690582382988108e-08
50500.04800076804 1.366610910360032e-07
50550.04800076804 1.4238530587738085e-07
50600.04800076804 9.534170307185615e-08
50650.04800076804 1.347842794365087e-07
50700.04800076804 1.5542743764795871e-07
50750.04800076804 9.756986487983046e-08
50800.04800076804 4.0591968692382036e-08
50850.04800076804 2.5400357888534988e-08
50900.04800076804 1.1163179645116635e-07
50950.04800076804 1.0848244575782844e-07
51000.04800076804 8.403080308749034e-08
51050.04800076804 1.0812122455192819e-07
51100.04800076804 3.937127123823266e-08
51150.04800076804 5.281982553331105e-08
51200.04800076804 1.4901470577694299e-07
51250.04800076804 9.44920841186202e-08
51300.04800076804 6.964476228922734e-08
51350.04800076804 7.697120117988482e-08
51400.04800076804 3.1856434179248924e-08
51450.04800076804 2.629633584812178e-08
51500.04800076804 2.232623971427672e-08
51550.04800076804 6.559430416107434e-08
51600.04800076804 5.871916264948695e-08
51650.04800076804 7.873327450900622e-08
51700.04800076804 7.901255439137281e-08
51750.04800076804 4.868257574565905e-08
51800.04800076804 1.069320625708034e-07
51850.04800076804 8.633932690766041e-08
51900.04800076804 1.0881658997616096e-07
51950.04800076804 6.588561112634473e-08
52000.04800076804 1.0999017228112046e-08
52050.04800076804 3.726035045161281e-08
52100.04800076804 2.6390632203935652e-08
52150.04800076804 1.6831348852796343e-08
52200.04800076804 3.407939300409013e-08
52250.04800076804 5.936291102413395e-08
52300.04800076804 8.858824026187709e-08
52350.04800076804 3.029965164633265e-08
52400.04800076804 3.1511734438330675e-08
52450.04800076804 8.639485113068212e-08
52500.04800076804 7.644284748508201e-08
52550.04800076804 7.498694736658548e-08
52600.04800076804 6.188461944851916e-08
52650.04800076804 6.443373050771984e-08
52700.04800076804 4.713462001284766e-08
52750.04800076804 2.5728363722523336e-08
52800.04800076804 3.640898434387734e-08
52850.04800076804 4.499326244410343e-08
52900.04800076804 2.397633113344292e-08
52950.04800076804 3.583334818464585e-08
53000.04800076804 7.106725816923174e-08
53050.04800076804 2.391735146732434e-08
53100.04800076804 8.206711794558874e-08
53150.04800076804 9.363083191614334e-08
53200.04800076804 3.59849766064978e-08
53250.04800076804 8.145706488247489e-08
53300.04800076804 8.850820155788884e-08
53350.04800076804 8.743256994740177e-08
53400.04800076804 6.161537112291713e-08
53450.04800076804 1.923182359370937e-08
53500.04800076804 6.9444048278717465e-09
53550.04800076804 1.3617432868931843e-08
53600.04800076804 4.0539600983155254e-08
53650.04800076804 3.904029244177081e-08
53700.04800076804 3.326744696176624e-08
53750.04800076804 3.0163927224373295e-08
53800.04800076804 3.067460531111752e-08
53850.04800076804 4.9344210996535774e-08
53900.04800076804 6.89024846591505e-08
53950.04800076804 7.349588381174564e-08
54000.04800076804 4.5919228245182206e-08
54050.04800076804 4.94025726278871e-08
54100.04800076804 1.3197274223881735e-08
54150.04800076804 2.0445199775126354e-08
54200.04800076804 5.1462114171696835e-09
54250.04800076804 1.1317865709672775e-08
54300.04800076804 2.6838444911269128e-08
54350.04800076804 3.925332730272306e-08
54400.04800076804 3.330475936936164e-08
54450.04800076804 3.0149120314909e-08
54500.04800076804 2.7288278182506975e-08
54550.04800076804 2.4775427277154295e-08
54600.04800076804 2.5556829524125512e-08
54650.04800076804 5.770588409357631e-09
54700.04800076804 2.892038194212606e-08
54750.04800076804 2.6919608650064835e-08
54800.04800076804 1.5469195275649238e-08
54850.04800076804 2.283923759883572e-08
54900.04800076804 3.9011031720621635e-08
54950.04800076804 5.838408357285482e-08
55000.04800076804 1.9841135788182033e-08
55050.04800076804 3.028589710867039e-08
55100.04800076804 3.8109121609397764e-08
55150.04800076804 2.1400688253520002e-08
55200.04800076804 1.6857852046721967e-08
55250.04800076804 2.4818288707536332e-08
55300.04800076804 1.5794206378954502e-08
55350.04800076804 3.169653607565783e-08
55400.04800076804 3.635022586224974e-08
55450.04800076804 2.2416956445618343e-08
55500.04800076804 9.546545070240722e-09
55550.04800076804 1.042529428462832e-08
55600.04800076804 1.6707903107944577e-08
55650.04800076804 1.4827666061309259e-08
55700.04800076804 1.6609740009857674e-08
55750.04800076804 1.4896115313655351e-08
55800.04800076804 7.154659818295469e-09
55850.04800076804 1.0075034944741346e-08
55900.04800076804 2.4648162434450298e-08
55950.04800076804 3.691871796399415e-08
56000.04800076804 1.4051128580470996e-08
56050.04800076804 1.7264253519324684e-08
56100.04800076804 2.530769808005683e-08
56150.04800076804 1.2732001787540478e-08
56200.04800076804 1.706494325617345e-08
56250.04800076804 3.0803869372164906e-08
56300.04800076804 2.025874203200301e-08
56350.04800076804 1.4183721838986194e-08
56400.04800076804 5.841534175953529e-09
56450.04800076804 5.562115966737944e-09
56500.04800076804 1.6899855641456333e-08
56550.04800076804 7.245785428623798e-09
56600.04800076804 2.420720761120317e-08
56650.04800076804 2.7545293890443416e-08
56700.04800076804 2.1726979843649385e-08
56750.04800076804 7.857974189890187e-09
56800.04800076804 1.5252450867737517e-08
56850.04800076804 1.834828621046414e-08
56900.04800076804 1.1142512702937731e-08
56950.04800076804 2.2585002470822047e-08
57000.04800076804 2.8892921467550448e-08
57050.04800076804 1.4126654523530534e-08
57100.04800076804 4.70992453831797e-09
57150.04800076804 8.736048603324745e-09
57200.04800076804 6.903139325344091e-09
57250.04800076804 1.038585052194259e-08
57300.04800076804 1.5617668540010097e-08
57350.04800076804 7.970605627092083e-09
57400.04800076804 2.189848145607298e-08
57450.04800076804 1.1676539049308185e-08
57500.04800076804 1.0376233595536298e-08
57550.04800076804 1.513999144749746e-08
57600.04800076804 1.349415113160851e-08
57650.04800076804 3.5203695559259345e-09
57700.04800076804 6.45185093851218e-09
57750.04800076804 1.165706698175347e-08
57800.04800076804 4.407421432732165e-09
57850.04800076804 3.100353703091973e-08
57900.04800076804 3.758181964634478e-08
57950.04800076804 4.077269134917763e-08
58000.04800076804 1.251947545318772e-08
58050.04800076804 2.1982464109329183e-08
58100.04800076804 2.0503653051635504e-08
58150.04800076804 1.3355605911023526e-08
58200.04800076804 3.6510977780827347e-09
58250.04800076804 6.022582998462952e-09
58300.04800076804 6.724777681246049e-09
58350.04800076804 8.146974504338895e-09
58400.04800076804 1.8672209241814778e-08
58450.04800076804 2.2503828800096938e-08
58500.04800076804 2.3084600484579965e-08
58550.04800076804 1.8455908937203413e-08
58600.04800076804 7.727074273608104e-09
58650.04800076804 1.0219235734394985e-08
58700.04800076804 1.3933821819680854e-08
58750.04800076804 1.2407221361207563e-08
58800.04800076804 2.183496857829914e-09
58850.04800076804 8.346431661894439e-09
58900.04800076804 1.100248499006495e-08
58950.04800076804 4.951077575676914e-09
59000.04800076804 1.2255175459560954e-08
59050.04800076804 1.8747426938969836e-08
59100.04800076804 1.835602727476134e-08
59150.04800076804 1.4054524094955427e-08
59200.04800076804 1.6719264313697987e-08
59250.04800076804 1.7403424487652647e-08
59300.04800076804 1.4236210145998584e-08
59350.04800076804 3.0015973207844345e-09
59400.04800076804 3.482124112869842e-09
59450.04800076804 1.484645958000699e-08
59500.04800076804 8.07359219876698e-09
59550.04800076804 1.77181672095814e-08
59600.04800076804 2.2559593968015068e-08
59650.04800076804 1.0663736984301526e-08
59700.04800076804 7.476701892797797e-09
59750.04800076804 2.6235655939090602e-08
59800.04800076804 1.1201748125561086e-08
59850.04800076804 1.5384143881272262e-08
59900.04800076804 5.304111486237578e-09
59950.04800076804 1.3537245661078654e-08
60000.04800076804 3.0045107798956515e-08
60050.04800076804 3.095295220015168e-08
60100.04800076804 2.2368609025605777e-08
60150.04800076804 9.300493540762004e-09
60200.04800076804 1.8364971027899257e-08
60250.04800076804 3.36280731624724e-08
60300.04800076804 2.965626351940326e-08
60350.04800076804 1.6702492359179028e-08
60400.04800076804 1.6263406169951796e-08
60450.04800076804 4.437743139019304e-09
60500.04800076804 1.7166690634796579e-09
60550.04800076804 1.3763022058141453e-08
60600.04800076804 1.925878369105066e-08
60650.04800076804 1.1704288145907565e-08
60700.04800076804 8.389646973188879e-09
60750.04800076804 4.05451713150814e-09
60800.04800076804 1.7660734847373428e-08
60850.04800076804 3.4375526667112446e-08
60900.04800076804 3.023080401018442e-08
60950.04800076804 2.1358071541928283e-08
61000.04800076804 2.3057689340543238e-08
61050.04800076804 8.731937967262054e-09
61100.04800076804 1.0152170424148003e-08
61150.04800076804 3.624175491579831e-09
61200.04800076804 1.8712669904279034e-08
61250.04800076804 2.2444006942446276e-08
61300.04800076804 1.8024771176845488e-08
61350.04800076804 3.343526407710592e-08
61400.04800076804 1.1670957502476377e-08
61450.04800076804 4.974165380733397e-09
61500.04800076804 5.3064852311920715e-09
61550.04800076804 1.3337690938760677e-08
61600.04800076804 5.780764285784738e-09
61650.04800076804 1.1327421852680385e-08
61700.04800076804 1.3794145517739348e-08
61750.04800076804 1.5947052813142766e-08
61800.04800076804 1.2747017388466716e-08
61850.04800076804 5.004239283545795e-09
61900.04800076804 2.3834621349794008e-08
61950.04800076804 2.937760937951041e-08
62000.04800076804 2.6617558233515054e-08
62050.04800076804 3.579036798564132e-08
62100.04800076804 1.8640653347503356e-08
62150.04800076804 3.0037070503008274e-08
62200.04800076804 2.6334278179518825e-08
62250.04800076804 1.8405344144740933e-08
62300.04800076804 4.4932342125882494e-08
62350.04800076804 3.825829965458764e-08
62400.04800076804 1.9740388903663302e-08
62450.04800076804 2.4419786747291914e-08
62500.04800076804 4.3828741609456724e-08
62550.04800076804 5.5733742941161e-08
62600.04800076804 3.975191893140227e-08
62650.04800076804 3.0102296783844967e-08
62700.04800076804 2.3439742728297947e-08
62750.04800076804 3.883634994951203e-08
62800.04800076804 2.2855476400126613e-08
62850.04800076804 3.395058464856285e-08
62900.04800076804 3.0449437479340717e-08
62950.04800076804 5.7091362493169615e-08
63000.04800076804 3.247288838270054e-08
63050.04800076804 7.383430997708082e-08
63100.04800076804 6.53846928829924e-08
63150.04800076804 4.355804010698987e-08
63200.04800076804 4.033033542606286e-08
63250.04800076804 4.729662468517568e-08
63300.04800076804 2.9038268208668937e-08
63350.04800076804 2.845952900978912e-08
63400.04800076804 1.1484406142576517e-08
63450.04800076804 6.1442014853931096e-09
63500.04800076804 2.6368574755884135e-08
63550.04800076804 3.6229355804379396e-08
63600.04800076804 3.177437016643895e-08
63650.04800076804 2.143109825605625e-08
63700.04800076804 7.1328403227685836e-09
63750.04800076804 1.6974227958061778e-08
63800.04800076804 3.702745454530776e-08
63850.04800076804 2.8252649367342118e-08
63900.04800076804 9.975459468318029e-09
63950.04800076804 2.1746422161919676e-08
64000.04800076804 2.904770785184873e-08
64050.04800076804 1.2221676437334924e-08
64100.04800076804 2.9163271821803516e-09
64150.04800076804 4.604513214604074e-09
64200.04800076804 5.717405429341858e-09
64250.04800076804 1.582746907221842e-08
64300.04800076804 1.261242640727458e-08
64350.04800076804 8.737624481697393e-09
64400.04800076804 2.33405508597596e-08
64450.04800076804 2.5194752741985352e-08
64500.04800076804 1.0126190568055435e-08
64550.04800076804 2.121964055880567e-08
64600.04800076804 1.3392826751817618e-08
64650.04800076804 2.0444098130768565e-08
64700.04800076804 6.858281994853569e-09
64750.04800076804 1.0799998535897184e-08
64800.04800076804 6.716715942228286e-09
64850.04800076804 5.06724467925984e-09
64900.04800076804 5.270984581779638e-09
64950.04800076804 4.502412297239919e-09
65000.04800076804 7.562302480784904e-09
65050.04800076804 1.3312557998071175e-08
65100.04800076804 1.8507087761426996e-08
65150.04800076804 9.282033731632251e-09
65200.04800076804 4.4806795437493304e-09
65250.04800076804 1.1863917665190107e-08
65300.04800076804 1.40816141407229e-08
65350.04800076804 3.308910549541445e-08
65400.04800076804 1.2945955938551783e-08
65450.04800076804 1.2885948607011384e-08
65500.04800076804 1.548565390176326e-08
65550.04800076805 6.827166448801751e-09
65600.04800076805 1.5156599917316372e-08
65650.04800076805 9.989056299634154e-09
65700.04800076805 9.285237770142171e-09
65750.04800076805 6.26324911295513e-09
65800.04800076805 1.3528625853902678e-08
65850.04800076805 2.0045089660658293e-08
65900.04800076805 5.551880896313588e-09
65950.04800076805 9.086845280091886e-09
66000.04800076805 1.1549694759083913e-08
66050.04800076805 2.5024205136684676e-08
66100.04800076805 1.3681137238130173e-08
66150.04800076805 1.269359375766968e-08
66200.04800076805 1.1653847699966095e-08
66250.04800076805 7.267698329409474e-09
66300.04800076805 3.078534624520355e-09
66350.04800076805 2.9858005004062854e-09
66400.04800076805 5.728403506752343e-09
66450.04800076805 1.6479774176154428e-08
66500.04800076805 2.4247093319264028e-08
66550.04800076805 2.2965195393483058e-08
66600.04800076805 1.801925206270169e-08
66650.04800076805 1.3744593416141777e-08
66700.04800076805 9.646516813743138e-09
66750.04800076805 1.0211547175616625e-08
66800.04800076805 1.248116442971195e-08
66850.04800076805 8.00302323344018e-09
66900.04800076805 2.621272135630609e-08
66950.04800076805 2.464425391268839e-08
67000.04800076805 3.038876927522307e-08
67050.04800076805 1.596426203917012e-08
67100.04800076805 9.421057551078938e-09
67150.04800076805 1.1901959246911785e-08
67200.04800076805 1.843856890410873e-08
67250.04800076805 1.610719331510601e-08
67300.04800076805 2.562085295384557e-08
67350.04800076805 1.1434522973976919e-08
67400.04800076805 2.822248271789035e-08
67450.04800076805 1.7238922849078272e-08
67500.04800076805 1.6879252891620228e-08
67550.04800076805 3.2173032133239067e-08
67600.04800076805 5.2119805244018466e-08
67650.04800076805 3.725587665012092e-08
67700.04800076805 2.1878006043463667e-08
67750.04800076805 1.3834027389317755e-08
67800.04800076805 2.0761927495697393e-08
67850.04800076805 9.14822717817605e-09
67900.04800076805 1.1629554884715533e-08
67950.04800076805 8.906025264047928e-09
68000.04800076805 2.0600046422463142e-08
68050.04800076805 2.3201317197900462e-08
68100.04800076805 3.54995544161418e-08
68150.04800076805 3.026022746299961e-08
68200.04800076805 2.386362375402901e-08
68250.04800076805 5.489059013783837e-09
68300.04800076805 2.5035655036312944e-08
68350.04800076805 2.525782953648951e-08
68400.04800076805 4.158295135971636e-08
68450.04800076805 3.406544893937202e-08
68500.04800076805 2.166985766302092e-08
68550.04800076805 9.150942401243913e-09
68600.04800076805 9.692433469191181e-09
68650.04800076805 4.806474257982083e-09
68700.04800076805 1.2515588236665143e-08
68750.04800076805 2.1238218803962422e-08
68800.04800076805 2.372153496022145e-08
68850.04800076805 1.0045753010774924e-08
68900.04800076805 3.7494659565165846e-08
68950.04800076805 3.9208039620849645e-08
69000.04800076805 2.6473480917276733e-08
69050.04800076805 1.307033686396706e-08
69100.04800076805 3.3544631360184785e-08
69150.04800076805 4.71985308876309e-08
69200.04800076805 3.277568527538723e-08
69250.04800076805 4.7842537157678546e-08
69300.04800076805 3.005975373119355e-08
69350.04800076805 5.0096064344494693e-08
69400.04800076805 1.81487669232477e-08
69450.04800076805 4.518620495184749e-08
69500.04800076805 2.2246210551983506e-08
69550.04800076805 1.8252841156661043e-08
69600.04800076805 5.031112375626069e-09
69650.04800076805 1.8217279702380614e-08
69700.04800076805 3.430643025865843e-08
69750.04800076805 2.1155397836163553e-08
69800.04800076805 3.397340912651664e-08
69850.04800076805 3.6408512113117e-08
69900.04800076805 2.469636887398698e-08
69950.04800076805 2.318525843589771e-08
70000.04800076805 2.3846775773781382e-08
70050.04800076805 4.5791014847277886e-08
70100.04800076805 3.2126554599402445e-08
70150.04800076805 2.813962718118306e-08
70200.04800076805 1.825767848648559e-08
70250.04800076805 2.486056112705811e-08
70300.04800076805 4.436516913512164e-08
70350.04800076805 3.345702677211963e-08
70400.04800076805 1.7412674879875896e-08
70450.04800076805 3.54466645865595e-09
70500.04800076805 1.4471554568709082e-08
70550.04800076805 1.4128565084584582e-08
70600.04800076805 1.5424842420458857e-08
70650.04800076805 3.561461967331366e-08
70700.04800076805 3.675884297513869e-08
70750.04800076805 5.413990080915831e-08
70800.04800076805 2.519391700964431e-08
70850.04800076805 2.5088653863122354e-08
70900.04800076805 3.0484508683936965e-08
70950.04800076805 4.181332602032168e-08
71000.04800076805 3.893080312093185e-08
71050.04800076805 3.897806772152458e-08
71100.04800076805 3.1187609583053805e-08
71150.04800076805 2.0963025320220758e-08
71200.04800076805 1.9123624965397734e-08
71250.04800076805 3.1025922050849874e-08
71300.04800076805 4.1078699067032586e-08
71350.04800076805 4.237522209722354e-08
71400.04800076805 3.3593120873368234e-08
71450.04800076805 1.416499329596719e-08
71500.04800076805 1.7000301868840545e-08
71550.04800076805 2.0196464205108257e-08
71600.04800076805 2.5158215623925328e-08
71650.04800076805 1.6174535261017324e-08
71700.04800076805 1.177859591488862e-08
71750.04800076805 2.4953314531569544e-08
71800.04800076805 3.5579998032589207e-08
71850.04800076805 3.435745196923983e-08
71900.04800076805 1.8352899232139917e-08
71950.04800076805 2.6701822909056928e-08
72000.04800076805 2.4331017327929517e-08
72050.04800076805 1.2457009018866607e-08
72100.04800076805 1.5737494639266524e-08
72150.04800076805 1.6907729570398867e-08
72200.04800076805 2.5929083498441537e-08
72250.04800076805 3.797189107003404e-08
72300.04800076805 2.322993384969035e-08
72350.04800076805 2.7028078134699666e-08
72400.04800076805 2.4552064803134036e-08
72450.04800076805 1.972073292935795e-08
72500.04800076805 2.6822739361367662e-08
72550.04800076805 9.906120598632207e-09
72600.04800076805 1.8156903337958814e-08
72650.04800076805 3.220784285559624e-08
72700.04800076805 1.9824627298096203e-08
72750.04800076805 2.0898065738769868e-08
72800.04800076805 1.2548766534607336e-08
72850.04800076805 1.7005411498854976e-08
72900.04800076805 3.480259301676285e-08
72950.04800076805 2.0621517226688595e-08
73000.04800076805 2.1580871533840862e-08
73050.04800076805 1.1605086950442413e-08
73100.04800076805 1.4775345551214587e-08
73150.04800076805 3.480541357374938e-08
73200.04800076805 1.4126808140763295e-08
73250.04800076805 1.8800246320491206e-08
73300.04800076805 1.4116836265165724e-08
73350.04800076805 9.96752032683417e-09
73400.04800076805 1.8351327830932054e-08
73450.04800076805 1.0648082144471973e-08
73500.04800076805 9.534013631073196e-09
73550.04800076805 1.699250322631993e-08
73600.04800076805 1.6945959336734876e-08
73650.04800076805 1.7728076819218307e-08
73700.04800076805 1.7060798321499026e-08
73750.04800076805 6.2762723902413915e-09
73800.04800076805 1.515256880893085e-08
73850.04800076805 2.1454281996186845e-08
73900.04800076805 1.2262777618860286e-08
73950.04800076805 1.2951345954618852e-08
74000.04800076805 7.109439129773393e-09
74050.04800076805 2.537977831339528e-08
74100.04800076805 1.7257779369379627e-08
74150.04800076805 1.7849796128866354e-08
74200.04800076805 1.0675853976036436e-08
74250.04800076805 2.5247233532419195e-09
74300.04800076805 1.7177844591828564e-08
74350.04800076805 2.4410973871693875e-08
74400.04800076805 2.3140396797610475e-08
74450.04800076805 9.4296042595765e-09
74500.04800076805 5.728336843653717e-09
74550.04800076805 1.239078468196803e-08
74600.04800076805 1.468931801138126e-08
74650.04800076805 1.4716788914789211e-08
74700.04800076805 9.928309868905966e-09
74750.04800076805 7.14718561971052e-09
74800.04800076805 1.0009947754187361e-08
74850.04800076805 1.5426063697895167e-08
74900.04800076805 2.3091249470318192e-08
74950.04800076805 2.198537011422939e-08
75000.04800076805 1.057860998913183e-08
75050.04800076805 3.576640612433748e-09
75100.04800076805 2.1533354321212478e-08
75150.04800076805 2.44418622322544e-08
75200.04800076805 2.527952813262078e-08
75250.04800076805 2.6604428551366765e-08
75300.04800076805 2.086022725441342e-08
75350.04800076805 6.9113503062973606e-09
75400.04800076805 2.8875979404697e-08
75450.04800076805 2.5777988575295593e-08
75500.04800076805 2.3891937405612093e-08
75550.04800076805 2.264290440575238e-08
75600.04800076805 2.8607513364546613e-08
75650.04800076805 1.6609921850363344e-08
75700.04800076805 2.8635318179498444e-08
75750.04800076805 1.6207398274098527e-08
75800.04800076805 2.413963516581784e-08
75850.04800076805 2.800920322879065e-08
75900.04800076805 2.740493724358556e-08
75950.04800076805 1.3885026233644638e-08
76000.04800076805 3.1594469685927875e-08
76050.04800076805 2.8647453369724985e-08
76100.04800076805 2.6378008737853314e-08
76150.04800076805 2.9318773692806697e-08
76200.04800076805 2.626355944614762e-08
76250.04800076805 1.8814271448104877e-08
76300.04800076805 4.4265319221130794e-08
76350.04800076805 4.9093993906235796e-08
76400.04800076805 3.7385613092111684e-08
76450.04800076805 3.008867033428442e-08
76500.04800076805 2.1903223453999607e-08
76550.04800076805 9.243014319743503e-09
76600.04800076805 2.329661728189829e-09
76650.04800076805 2.8470612908888916e-09
76700.04800076805 4.18580356855809e-09
76750.04800076805 4.2281376645261435e-09
76800.04800076805 8.989635764441854e-09
76850.04800076805 3.826996681028616e-09
76900.04800076805 3.575213300551488e-09
76950.04800076805 9.057107035394981e-09
77000.04800076805 1.2796271543237875e-08
77050.04800076805 3.9969238306491194e-09
77100.04800076805 5.102504408263704e-09
77150.04800076805 1.5002609571537076e-08
77200.04800076805 9.592072566401466e-09
77250.04800076805 8.834481551094827e-09
77300.04800076805 1.3593891210303793e-08
77350.04800076805 6.442881992354749e-09
77400.04800076805 7.85747030927927e-09
77450.04800076805 1.6557077403853234e-08
77500.04800076805 1.2511693996603193e-08
77550.04800076805 1.0819419543268333e-08
77600.04800076805 7.295614075624386e-09
77650.04800076805 9.38615233953343e-09
77700.04800076805 8.348193825551087e-09
77750.04800076805 1.8726597726730142e-08
77800.04800076805 1.826861329998186e-08
77850.04800076805 3.238721939641855e-08
77900.04800076805 1.6658042905166244e-08
77950.04800076805 5.096536886195508e-09
78000.04800076805 1.2832310139303068e-08
78050.04800076805 1.4289458461336334e-08
78100.04800076805 1.531612384704829e-08
78150.04800076805 2.597426197774251e-08
78200.04800076805 2.87836331116243e-08
78250.04800076805 2.67404866518062e-08
78300.04800076805 1.3393511728541069e-08
78350.04800076805 2.2347196705479426e-08
78400.04800076805 9.434399937763098e-09
78450.04800076805 2.185102865328777e-08
78500.04800076805 3.142194977144633e-08
78550.04800076805 3.744112043289676e-08
78600.04800076805 2.7855727901991106e-08
78650.04800076805 4.853098922003811e-09
78700.04800076805 1.0109912867578546e-08
78750.04800076805 1.5882083917265223e-08
78800.04800076805 1.6674061843842946e-08
78850.04800076805 6.774111762560366e-09
78900.04800076805 1.6865743046601468e-08
78950.04800076805 2.3841473211723227e-08
79000.04800076805 1.9622361369579475e-08
79050.04800076805 1.513495512080434e-08
79100.04800076805 1.978770503243089e-08
79150.04800076805 1.6978881800323753e-08
79200.04800076805 2.0713923467689048e-08
79250.04800076805 1.1672631687084e-08
79300.04800076805 1.1728488714104264e-08
79350.04800076805 1.7619110504448605e-08
79400.04800076805 9.933996555620434e-09
79450.04800076805 2.8486463842258173e-08
79500.04800076805 3.8843417828457643e-08
79550.04800076805 3.1334120211836217e-08
79600.04800076805 1.4762395278476549e-08
79650.04800076805 2.4295881716620482e-08
79700.04800076805 2.0456473157832635e-08
79750.04800076805 2.0238816290059092e-08
79800.04800076805 1.2553522341854463e-08
79850.04800076805 2.3239904827022708e-08
79900.04800076805 4.3065805080061e-08
79950.04800076805 3.9156485467615506e-08
