# %ECSV 1.0
# ---
# datatype:
# - {name: wav, unit: Angstrom, datatype: float64}
# - {name: flux_nu, unit: erg / (cm2 Hz s), datatype: float64}
# meta: {C/O: '1.00', Kzz: '1.0000E+05', Teff: '475.', Y: '0.28', '[Fe/H]': '0.50', f_hole: '1.00', f_rain: '0.00', grav: '316.'}
# schema: astropy-2.0
wav flux_nu
4000.0559999999996 nan
4050.0559999999996 8.64309597960576e-17
4100.056 7.482206469970142e-15
4150.056 6.680953759400067e-14
4200.056 6.557409538472318e-14
4250.056 5.81808370590005e-13
4300.056 1.3295180087300042e-12
4350.056 2.4023268354000083e-12
4400.056 3.886997294000011e-12
4450.056 6.0312871380000155e-12
4500.056 8.555720601100023e-12
4550.056 7.857278868865946e-12
4600.056 8.130219135799958e-13
4650.056 4.2498019065999754e-13
4700.056 2.0240434489999846e-13
4750.056 8.221451176599934e-14
4800.056 4.1000724983999765e-14
4850.056 2.1956688654999876e-14
4900.056 1.3925973304999951e-14
4950.056 9.722046285099968e-15
5000.056 6.228115820499964e-15
5050.056 4.3771435100000064e-15
5100.056 4.514283146200038e-15
5150.056 4.909298718100021e-15
5200.056 5.327066587400013e-15
5250.056 5.732420887200002e-15
5300.056 6.187059164300003e-15
5350.056 6.725335335100008e-15
5400.056 7.28378267060001e-15
5450.056 7.925930366200047e-15
5500.056 8.623711364700044e-15
5550.056 9.330194162100012e-15
5600.056 9.992279225600002e-15
5650.056 1.0554544998999987e-14
5700.056 1.0760617193400008e-14
5750.056 1.06742621111e-14
5800.056 9.615018160999976e-15
5850.056 6.86342859759992e-15
5900.056 2.3173595832597404e-15
5950.056 1.2914669255500452e-14
6000.056 2.6316589719799642e-14
6050.056 4.579610358400079e-14
6100.056 7.320736649800074e-14
6150.056 1.1097941271900076e-13
6200.056 1.6270173816000091e-13
6250.056 2.278151015800007e-13
6300.056 3.199970909800002e-13
6350.056 4.406079042700014e-13
6400.056 5.984476788100036e-13
6450.056 7.570835143099884e-13
6500.056 1.0211588735400022e-12
6550.056 1.3947972135699808e-12
6600.056 1.894577213050051e-12
6650.056 2.570073473900019e-12
6700.056 3.2251254689600243e-12
6750.056 4.357945271700019e-12
6800.056 5.097842886400031e-12
6850.056 5.138099560899996e-12
6900.056 4.19228688060007e-12
6950.056 3.2741169810399747e-12
7000.056 3.3800218055299833e-12
7050.056 3.5008232429599537e-12
7100.056 3.8054634162999415e-12
7150.056 3.269834983742704e-12
7200.056 2.900056039129434e-12
7250.056 3.1098418744038082e-12
7300.056 3.074301519493453e-12
7350.056 3.4106179018213066e-12
7400.056 3.739016213290183e-12
7450.056 4.2604958191002355e-12
7500.056 4.662617642099977e-12
7550.056 4.936108518799995e-12
7600.056 5.026662236099994e-12
7650.056 2.547966879860944e-12
7700.056 2.367146738902055e-12
7750.056 6.130250086100063e-12
7800.056 7.73865289461993e-12
7850.056 1.0142421949499994e-11
7900.056 1.2895129025499776e-11
7950.056 1.474723894639999e-11
8000.056 1.937002231710017e-11
8050.056 2.34217100400004e-11
8100.056 2.2202081339129108e-11
8150.056 2.282543828387607e-11
8200.056 3.509947491451415e-11
8250.056 3.9797100685623476e-11
8300.056 4.923759819305556e-11
8350.056 5.62258041274122e-11
8400.056 6.838377560382078e-11
8450.056 9.081654916199891e-11
8500.056 1.0691972005199622e-10
8550.056 1.3835336645300209e-10
8600.056 1.7131777426000135e-10
8650.056 2.021664731100022e-10
8700.056 2.2505368226000254e-10
8750.056 2.588318809700011e-10
8800.056 2.798135770000012e-10
8850.056 2.5181643029999156e-10
8900.056 8.481241476329209e-11
8950.056 8.628093299708639e-11
9000.056 7.493729717186985e-11
9050.056 2.1454829736198803e-10
9100.056 2.601886360594295e-10
9150.056 2.9556748630895165e-10
9200.056 4.5344266648143986e-10
9250.056 4.036876112365634e-10
9300.056 4.689599757813831e-11
9350.056 6.443444577906599e-11
9400.056 1.6776737107869007e-10
9450.056 1.86402050683396e-10
9500.056 1.5258277588582227e-10
9550.056 1.7138074937556013e-10
9600.056 1.6901547300380236e-10
9650.056 2.564823792432161e-10
9700.056 4.963264333392109e-10
9750.056 4.769546668329686e-10
9800.056 5.595675251478213e-10
9850.056 6.492313976019845e-10
9900.056 8.749708344801445e-10
9950.056 8.845043458040852e-10
10000.056 1.0295207982299247e-09
10050.056 1.2853366235100453e-09
10100.056 1.6377771071999918e-09
10150.056 1.725577231490019e-09
10200.056 1.7305229460501762e-09
10250.056 2.097420950468693e-09
10300.056 2.767212636302515e-09
10350.056 2.7893085578370327e-09
10400.056 4.2595346206202895e-09
10450.056 5.4449347977088445e-09
10500.056 6.676419902959828e-09
10550.056 8.190810929000145e-09
10600.056 9.049304672099886e-09
10650.056 9.744981741600342e-09
10700.056 9.518357573520107e-09
10750.056 9.99402196362008e-09
10800.056 9.672088494680078e-09
10850.056 8.60307810109032e-09
10900.056 5.966143525885779e-09
10950.056 2.57941366149099e-09
11000.056 1.4299775168202023e-09
11050.056 7.277931772754977e-10
11100.056 3.577781495221925e-10
11150.056 1.2829407360828939e-10
11200.056 8.089183492161683e-11
11250.056 9.852301543155215e-11
11300.056 1.640224238251172e-10
11350.056 4.236005472849652e-11
11400.056 1.8564734214406268e-10
11450.056 1.1804644761310717e-10
11500.056 8.634382055729292e-11
11550.056 1.7127274651671792e-11
11600.056 1.139258622264248e-11
11650.056 4.97355805214577e-11
11700.056 6.1147150514193e-11
11750.056 1.154977177535161e-11
11800.056 8.20536636274403e-11
11850.056 1.4294246871359646e-10
11900.056 1.648299877440583e-10
11950.056 2.976518498154746e-10
12000.056 5.534171216017467e-10
12050.056 1.010505614803725e-09
12100.056 1.6583373055990156e-09
12150.056 2.68300950374528e-09
12200.056 3.5040292487177986e-09
12250.056 5.5959356276412115e-09
12300.056 8.83887510947617e-09
12350.056 9.697923906496826e-09
12400.056 1.496848815245922e-08
12450.056 2.0949897918201316e-08
12500.056 2.3817054616402924e-08
12550.056 2.8147792166499213e-08
12600.056 3.126091455010194e-08
12650.056 3.1101744471798696e-08
12700.056 2.9953281439201516e-08
12750.056 2.243789017576223e-08
12800.056 1.7191823933369413e-08
12850.056 1.0033428068066678e-08
12900.056 7.111597665926326e-09
12950.056 5.442407182207358e-09
13000.056 5.5854276222052705e-09
13050.056 3.281918097615556e-09
13100.056 2.926579004450417e-09
13150.056 1.7722937325959911e-09
13200.056 1.6580477056992578e-09
13250.056 1.1460745094923923e-09
13300.056 3.998129895737139e-10
13350.056 1.1348831474626927e-10
13400.056 5.262228977116187e-11
13450.056 1.5583573697349792e-11
13500.056 5.744403703422282e-12
13550.056 2.0121678339914608e-12
13600.056 4.134006159422456e-13
13650.056 3.5451994432156625e-12
13700.056 1.7917765260865573e-12
13750.056 4.185057727036611e-12
13800.056 3.731096715412534e-12
13850.056 1.9038201003982543e-12
13900.056 3.059263115560138e-12
13950.056 2.475332498591685e-12
14000.056 2.945496694035291e-12
14050.056 5.245024406010393e-12
14100.056 5.185783967910839e-12
14150.056 1.10470578101881e-11
14200.056 6.625022027295701e-12
14250.056 9.736891085508093e-12
14300.056 2.775855004812758e-11
14350.056 2.610683582138044e-11
14400.056 2.768914515005118e-11
14450.056 4.891904215027732e-11
14500.056 1.1036252349853945e-10
14550.056 1.18567917382065e-10
14600.056 1.6389686387906526e-10
14650.056 9.700092068435498e-11
14700.056 4.319525090801233e-11
14750.056 2.2361568710322443e-11
14800.056 4.321200278157315e-11
14850.056 5.550834107560025e-11
14900.056 5.747070256873352e-11
14950.056 4.493550936791794e-11
15000.056 1.2890135127055734e-10
15050.056 1.0398037785415685e-10
15100.056 6.912299642206078e-11
15150.056 4.4447776804331294e-11
15200.056 1.0824089296141099e-10
15250.056 2.6997279591632855e-10
15300.056 3.4791412746341465e-10
15350.056 4.944605631191567e-10
15400.056 6.920944055575876e-10
15450.056 9.805582520565102e-10
15500.056 1.1439926897406167e-09
15550.056 2.0679775101122525e-09
15600.056 3.0051547376572493e-09
15650.056 4.6232959153676934e-09
15700.056 7.044822103330092e-09
15750.056 8.952743597769882e-09
15800.056 1.0352914374560036e-08
15850.056 1.2256959469201439e-08
15900.056 1.1177658625540164e-08
15950.056 1.0412245732099031e-08
16000.056 7.313642885600751e-09
16050.056 3.752418525349577e-09
16100.056 2.138570334807737e-09
16150.056 1.0356149105466767e-09
16200.056 5.062429330048412e-10
16250.056 3.1619962792484704e-10
16300.056 1.8758283847180845e-10
16350.056 2.469488179720999e-10
16400.056 3.1565358540353e-10
16450.056 2.695928776540164e-10
16500.056 2.345113851754747e-10
16550.056 2.38228914482734e-10
16600.056 3.844277131453442e-10
16650.056 2.870549199341361e-10
16700.056 3.480961403044456e-11
16750.056 1.3387830235338926e-10
16800.056 2.3299383194330223e-10
16850.056 2.70193685528219e-10
16900.056 1.2191810532496694e-10
16950.056 7.005766014648792e-11
17000.056 3.571575961802193e-11
17050.056 8.105051276348448e-11
17100.056 1.55126403304795e-10
17150.056 7.745075022189082e-11
17200.056 3.013954103252888e-10
17250.056 1.5775959821494724e-10
17300.056 9.539976182503731e-11
17350.056 1.0512340743601556e-10
17400.056 1.9450443249311294e-10
17450.056 2.656622536748019e-10
17500.056 3.644202112751215e-10
17550.056 3.226648589526446e-10
17600.056 2.373821021420697e-10
17650.056 2.0705272095163264e-10
17700.056 1.5750043500533477e-10
17750.056 1.5303024635953223e-10
17800.056 3.8051307215472995e-10
17850.056 1.67635714866765e-10
17900.056 1.1996201846492948e-10
17950.056 8.899279691924236e-11
18000.056 1.5293503686266115e-10
18050.056 1.0728711161195856e-10
18100.056 1.3806773555271028e-10
18150.056 1.1756792573623686e-10
18200.056 7.80003748926745e-11
18250.056 3.010311705096481e-10
18300.056 5.841320727412616e-11
18350.056 4.609021296189848e-11
18400.056 3.284364459460342e-11
18450.056 1.6422765342205458e-10
18500.056 1.652510437107492e-10
18550.056 8.836027958537952e-11
18600.056 1.1412268661580108e-10
18650.056 7.540710496730535e-11
18700.056 2.03665382725297e-11
18750.056 5.153396070673299e-11
18800.056 2.722025067964101e-10
18850.056 2.7465174626940765e-10
18900.056 2.2676687726911035e-10
18950.056 4.2827182679340623e-10
19000.056 1.0873719921542567e-10
19050.056 4.6526348858045815e-11
19100.056 1.2085945052927549e-10
19150.056 4.658117724022371e-11
19200.056 7.462227651903126e-11
19250.056 5.074432355847476e-11
19300.056 3.339052398247971e-11
19350.056 2.8261877640324957e-11
19400.056 2.6262378756751652e-11
19450.056 5.1437294510764235e-11
19500.056 2.9707234632336164e-11
19550.056 5.1710390024194465e-11
19600.056 1.3243404568589333e-10
19650.056 8.378865835116329e-11
19700.056 1.0690071854743605e-10
19750.056 2.0901288344660575e-10
19800.056 1.341255012130954e-10
19850.056 1.7158019607604874e-10
19900.056 2.4211671422417664e-10
19950.056 3.8372797386311366e-10
20000.056 5.488517427260781e-10
20050.056 3.865320936792255e-10
20100.056 7.808766957084235e-10
20150.056 3.6483032582652235e-10
20200.056 2.5763080952380557e-10
20250.056 6.178489418302445e-10
20300.056 7.568499812717639e-10
20350.056 8.588208465666563e-10
20400.056 6.595757183456747e-10
20450.056 1.4321304596448267e-09
20500.056 1.7721363086129002e-09
20550.056 2.15188770640243e-09
20600.056 2.3202707303050986e-09
20650.056 3.225636278790954e-09
20700.056 3.758959924894704e-09
20750.056 4.607595771315184e-09
20800.056 4.579728498231842e-09
20850.056 5.566496411670373e-09
20900.056 6.23227202247877e-09
20950.056 5.961230933300536e-09
21000.056 5.837119019010761e-09
21050.056 6.273397719399043e-09
21100.056 5.738412503670427e-09
21150.056 5.7688388650990705e-09
21200.056 5.180085580670796e-09
21250.056 4.6253502234837585e-09
21300.056 3.5381750726215583e-09
21350.056 3.5528527105277454e-09
21400.056 3.2111883363602825e-09
21450.056 2.4050581799036034e-09
21500.056 1.990651998072242e-09
21550.056 1.7427942871119206e-09
21600.056 1.3684662138983033e-09
21650.056 9.009332521794348e-10
21700.056 7.506879908829472e-10
21750.056 7.140537826438237e-10
21800.056 4.421431700296615e-10
21850.056 4.247025846384023e-10
21900.056 2.690781575095071e-10
21950.056 8.751277328014003e-11
22000.056 1.4274232628686191e-11
22050.056 1.928346280630905e-11
22100.056 8.726982402569877e-11
22150.056 6.951843685349127e-11
22200.056 7.535645819623376e-11
22250.056 5.895427689199967e-11
22300.056 2.741295963967267e-11
22350.056 3.692589748957539e-11
22400.056 1.270876247652157e-11
22450.056 1.9697955525218956e-11
22500.056 1.5716760945410936e-11
22550.056 8.682998858888219e-12
22600.056 6.699101072316849e-12
22650.056 1.4731263494096072e-11
22700.056 1.1334951216229062e-11
22750.056 1.4328567896318084e-11
22800.056 1.5210218435365508e-11
22850.056 1.0639338793120839e-11
22900.056 7.651964775958287e-12
22950.056 6.463044450094931e-12
23000.056 9.191854263286657e-12
23050.056 1.1961548503253084e-11
23100.056 6.920841492627537e-11
23150.056 6.754184689742677e-11
23200.056 2.3739514862510086e-12
23250.056 1.0050613512603409e-11
23300.056 9.454981934645527e-12
23350.056 1.487244891339842e-11
23400.056 1.1329757752004238e-11
23450.056 6.9125158243592e-12
23500.056 7.741390599744074e-12
23550.056 1.5763147766402186e-11
23600.056 3.242881710124851e-11
23650.056 4.66690420550333e-11
23700.056 8.676484864198839e-12
23750.056 7.736353525653322e-12
23800.056 3.567371383775159e-11
23850.056 2.4832706809494064e-11
23900.056 5.915904584876787e-11
23950.056 3.281411736695704e-11
24000.056 7.173951021504239e-11
24050.056 8.859014172028604e-11
24100.056 1.0268087992024423e-10
24150.056 1.5271216610890774e-10
24200.056 9.597234566720296e-11
24250.056 7.709345273932813e-11
24300.056 1.4426827137143036e-10
24350.056 1.1429859401232739e-10
24400.056 2.7174621721470496e-10
24450.056 3.063275965021209e-10
24500.056 2.695430738553132e-10
24550.056 4.29824379640672e-10
24600.056 4.4097293213946274e-10
24650.056 7.367528018796025e-10
24700.056 3.819780397739309e-10
24750.056 5.22103039101322e-10
24800.056 4.402245002179444e-10
24850.056 8.050594231434968e-10
24900.056 3.1214044046496765e-10
24950.056 7.244954234238173e-10
25000.056 6.688663981194552e-10
25050.056 3.992702530758616e-10
25100.056 6.751464098193402e-10
25150.056 2.8889921790314274e-10
25200.056 4.3650071467117645e-10
25250.056 1.6173658495478586e-10
25300.056 2.4630599359445144e-10
25350.056 1.053602202153079e-10
25400.056 2.897508321309137e-10
25450.056 8.207829561217531e-11
25500.056 6.85826681203382e-11
25550.056 1.441690943186254e-10
25600.056 7.247500626821506e-11
25650.056 3.682024634787924e-11
25700.056 4.563653810027109e-11
25750.056 1.1548063310774034e-11
25800.056 7.194570083415367e-11
25850.056 1.1766519008898596e-11
25900.056 1.6906208211979092e-11
25950.056 3.80548160288824e-12
26000.056 6.348505331654364e-11
26050.056 6.3306479244265416e-12
26100.056 3.690810400765269e-11
26150.056 1.513042701301518e-11
26200.056 2.0510277538839394e-11
26250.056 1.6185302811050947e-10
26300.056 3.007751425469974e-11
26350.056 2.6220072854512437e-10
26400.056 3.8928390521239765e-10
26450.056 2.670793098500157e-10
26500.056 6.043485475759686e-10
26550.056 5.951982304586599e-11
26600.056 7.680875829288275e-11
26650.056 9.351953234107636e-12
26700.056 5.212579288522285e-12
26750.056 8.06815987055475e-12
26800.056 2.788629547008193e-11
26850.056 1.4960289511521884e-11
26900.056 8.521237042752635e-11
26950.056 2.5810216235472963e-11
27000.056 1.6279086507308047e-10
27050.056 1.8593619536669383e-10
27100.056 1.9339521671327648e-11
27150.056 2.2895568426138925e-10
27200.056 1.8934383487525496e-11
27250.056 7.364602278042379e-11
27300.056 5.792002031501501e-10
27350.056 1.8203855213019145e-10
27400.056 7.908835454032037e-12
27450.056 2.386273655106963e-10
27500.056 2.916550977681587e-10
27550.056 3.979099898324073e-11
27600.056 1.275928457424461e-10
27650.056 3.0083090419277155e-11
27700.056 2.6525466181706275e-11
27750.056 1.9774970879752774e-10
27800.056 5.154577574638343e-11
27850.056 9.051174828626027e-11
27900.056 8.95798584533939e-11
27950.056 2.524861380664257e-10
28000.056 2.2730546974949398e-10
28050.056 2.4224578098987374e-11
28100.056 2.1489818264154947e-10
28150.056 1.6227119679031472e-10
28200.056 4.0243452863627176e-11
28250.056 3.05791350222798e-10
28300.056 2.792924505046969e-10
28350.056 5.3872349628633855e-11
28400.056 1.9979069914642372e-10
28450.056 3.631705597464613e-10
28500.056 2.2011112850288278e-10
28550.056 4.420480209206495e-11
28600.056 3.711557606343731e-10
28650.056 2.4208032897649596e-10
28700.056 3.6533256521841675e-10
28750.056 5.34786458173526e-10
28800.056 2.272402402784145e-10
28850.056 5.402214094728326e-10
28900.056 2.6084293934119336e-10
28950.056 4.2046945230109857e-10
29000.056 2.949957423727692e-10
29050.056 4.398395090686743e-10
29100.056 2.4069830237317035e-10
29150.056 3.403544197405175e-10
29200.056 5.178439556092828e-10
29250.056 7.126695735407325e-10
29300.056 3.3200055739174144e-10
29350.056 1.0052435338957553e-09
29400.056 4.228176457570586e-10
29450.056 3.403131491970282e-10
29500.056 8.61079257165876e-10
29550.056 3.563341840623793e-10
29600.056 5.081636414247314e-10
29650.056 1.2285809045180278e-09
29700.056 3.3654943532486584e-10
29750.056 8.828039754346951e-10
29800.056 7.518660728662604e-10
29850.056 1.0361654475488996e-09
29900.056 6.175144072794462e-10
29950.056 7.324160065497032e-10
30000.056 1.770414635125097e-11
30050.056 8.242714004128569e-11
30100.056 2.816817762444044e-10
30150.056 9.294341426233841e-10
30200.056 6.533784943580563e-10
30250.056 1.3723020191966616e-09
30300.056 1.8006891088091255e-09
30350.056 5.529384348019554e-10
30400.056 1.7320899717936616e-09
30450.056 1.067771760592728e-09
30500.056 9.294400494694375e-10
30550.056 7.455059323362559e-10
30600.056 2.946298214656769e-09
30650.056 1.382864660071438e-09
30700.056 9.73125788788059e-10
30750.056 1.8344569636368627e-09
30800.056 1.2870210901995433e-09
30850.056 1.4848690693128855e-09
30900.056 8.105584151489193e-10
30950.056 8.324526434931422e-10
31000.056 8.955304958940305e-10
31050.056 7.376829188108288e-10
31100.056 4.4909900580956895e-10
31150.056 8.433240680296312e-10
31200.056 1.7602318643026836e-09
31250.056 1.0193122806612472e-09
31300.056 6.792126198336022e-10
31350.056 1.2235688600857445e-09
31400.056 8.411706559344593e-10
31450.056 9.012935327865865e-10
31500.056 3.6631215377036364e-10
31550.056 5.949158034696682e-10
31600.056 3.94262761642528e-10
31650.056 3.666289572804604e-10
31700.056 3.6430921289857265e-10
31750.056 1.8250672517949903e-10
31800.056 3.7643424279662055e-10
31850.056 8.110063850382448e-11
31900.056 1.847214869599983e-10
31950.056 1.1166775601545588e-10
32000.056 1.0085833325647009e-10
32050.056 1.4940795238312024e-10
32100.056 1.2742267737904448e-10
32150.056 1.5003408046537145e-10
32200.056 7.319252352995096e-11
32250.056 1.9640489853630887e-10
32300.056 6.195899302052198e-11
32350.056 1.8486033156490572e-10
32400.056 3.889390276527717e-11
32450.056 1.4895517899113194e-10
32500.056 4.9619822928378334e-11
32550.056 1.1348662183555836e-10
32600.056 6.271652496618742e-11
32650.056 2.951317272179568e-10
32700.056 9.412248652822184e-11
32750.056 5.150337705766245e-10
32800.056 3.163488630157702e-10
32850.056 8.053924269389061e-10
32900.056 7.110595316078044e-10
32950.056 7.752619001419481e-10
33000.056 3.123547931019644e-10
33050.056 4.265725006438422e-10
33100.056 9.829429996158424e-11
33150.056 6.901084885907481e-14
33200.056 2.5228358161267708e-12
33250.056 3.0077933005852985e-12
33300.056 1.9655108092915234e-11
33350.056 6.678162217152502e-11
33400.056 2.2343172035584194e-10
33450.056 1.7892543733329153e-10
33500.056 5.852364775385254e-10
33550.056 1.3970151869700314e-10
33600.056 3.845828432354597e-10
33650.056 3.4727925598253977e-10
33700.056 1.474547526274002e-10
33750.056 5.11531510214298e-10
33800.056 6.68277974665019e-11
33850.056 2.6247305943310754e-10
33900.056 2.765907709992044e-10
33950.056 2.1253680359998532e-10
34000.056 4.751596155617671e-10
34050.056 8.190149703845727e-11
34100.056 4.2411567578259976e-10
34150.056 1.912837329859436e-10
34200.056 4.72152088298431e-10
34250.056 3.009469152057756e-10
34300.056 2.8873529290136214e-10
34350.056 5.318530825970821e-10
34400.056 1.8377527255644274e-10
34450.056 5.436410790773351e-10
34500.056 3.023738606764395e-10
34550.056 1.798505551731991e-10
34600.056 8.286148349292276e-10
34650.056 1.699769198129264e-10
34700.056 6.180737284777268e-10
34750.056 4.040543210678859e-10
34800.056 3.474450852655968e-10
34850.056 9.475766006521658e-10
34900.056 3.103017744798328e-10
34950.056 8.465551410698525e-10
35000.056 1.629686611361147e-09
35050.056 6.942149385049734e-10
35100.056 1.5999550223408707e-09
35150.056 1.3152565295566867e-09
35200.056 1.1098982045286762e-09
35250.056 2.0149533387002663e-09
35300.056 8.885416002088485e-10
35350.056 1.1549576921612308e-09
35400.056 1.0117040624638083e-09
35450.056 8.048495433343431e-10
35500.056 2.740782766966091e-09
35550.056 1.6506882569791107e-09
35600.056 1.7539884361211474e-09
35650.056 1.875286645675112e-09
35700.056 1.9384129707414387e-09
35750.056 2.8580785654527617e-09
35800.056 2.7606918635372844e-09
35850.056 1.0786583190604043e-09
35900.056 1.5061341832144039e-09
35950.056 1.908602084473723e-09
36000.056 2.1824419424302448e-09
36050.056 1.5657300044534601e-09
36100.056 1.4753826104824324e-09
36150.056 2.957258853363405e-09
36200.056 3.278830266379312e-09
36250.056 2.3150782960011505e-09
36300.056 4.904998300082141e-09
36350.056 2.9253800303817753e-09
36400.056 4.483177383734058e-09
36450.056 4.57201211351313e-09
36500.056 5.139456279449581e-09
36550.056 6.582647546639218e-09
36600.056 7.161057142816837e-09
36650.056 5.49851975571178e-09
36700.056 5.858902755031699e-09
36750.056 7.2371950408849575e-09
36800.056 8.326662746042192e-09
36850.056 4.825310575004622e-09
36900.056 7.922407301073901e-09
36950.056 8.353465997189307e-09
37000.056 5.908445076997183e-09
37050.056 9.12845495810806e-09
37100.056 6.839450525105085e-09
37150.056 6.54596108300022e-09
37200.056 1.0422745438316867e-08
37250.056 6.994743114303024e-09
37300.056 5.3620954080321455e-09
37350.056 8.875613334333229e-09
37400.056 1.344095046171978e-08
37450.056 5.842930086970027e-09
37500.056 7.868663479135909e-09
37550.056 1.3462424807232986e-08
37600.056 1.921183550547321e-08
37650.056 6.744618681619234e-09
37700.056 1.3201048080464938e-08
37750.056 8.716753076847152e-09
37800.056 8.972306559659329e-09
37850.056 4.826208731823327e-09
37900.056 6.435368770432693e-09
37950.056 1.2109219201781401e-08
38000.056 1.1647996546012969e-08
38050.056 1.5537552628447485e-08
38100.056 1.8231205941256226e-08
38150.056 1.9493709826239164e-08
38200.056 1.737089626892603e-08
38250.056 1.771086891433005e-08
38300.056 2.6820296864250827e-08
38350.056 2.6053071984341075e-08
38400.056 1.1625970195139864e-08
38450.056 6.658918780629895e-09
38500.056 4.173577510409664e-09
38550.056 1.2395141098924043e-08
38600.056 1.2663791649055066e-08
38650.056 1.5083237476551975e-08
38700.056 1.2189239438601858e-08
38750.056 1.3296246113696858e-08
38800.056 1.3599272399955345e-08
38850.056 1.5165652287594112e-08
38900.056 1.9862682452772282e-08
38950.056 1.2272541847978666e-08
39000.056 1.9405542578015334e-08
39050.056 1.2729483215488513e-08
39100.056 1.790635625427116e-08
39150.056 2.2656137336971145e-08
39200.056 1.6511476106278568e-08
39250.056 2.601379912335093e-08
39300.056 1.7595711215625096e-08
39350.056 3.106418559393943e-08
39400.056 1.8501784750547957e-08
39450.056 2.5064792797279446e-08
39500.056 2.602496834810713e-08
39550.056 1.4648380093363196e-08
39600.056 2.560194071329751e-08
39650.056 3.131107197739463e-08
39700.056 2.907681489218443e-08
39750.056 1.6495520366562723e-08
39800.056 1.925052712298502e-08
39850.056 3.659908904690462e-08
39900.056 4.02884079619018e-08
39950.056 2.0512156532676778e-08
40000.056 3.4958122945882056e-08
40050.056 3.545680352249855e-08
40100.056 1.596079923544379e-08
40150.056 3.413173323070204e-08
40200.056 3.5947720224360144e-08
40250.056 3.975441138514109e-08
40300.056 3.854141019730041e-08
40350.056 2.6926067926653853e-08
40400.056 3.8737975432167044e-08
40450.056 2.197341616999781e-08
40500.056 4.4562038800098605e-08
40550.056 4.7176508239099734e-08
40600.056 3.729762696630248e-08
40650.056 3.0381152707051635e-08
40700.056 5.854418533619476e-08
40750.056 3.7939580323989863e-08
40800.056 2.4892957783508e-08
40850.056 6.640628179151831e-08
40900.056 5.437177427325759e-08
40950.056 4.696026488578838e-08
41000.056 3.9480809906232116e-08
41050.056 6.914186793657989e-08
41100.056 5.621437596479944e-08
41150.056 2.5860563359715767e-08
41200.056 6.876046552060803e-08
41250.056 5.248926988124357e-08
41300.056 5.2653629825236255e-08
41350.056 6.98350460259938e-08
41400.056 6.02266544818019e-08
41450.056 7.808296902198428e-08
41500.056 5.0714758565168146e-08
41550.056 4.695425086740574e-08
41600.056 5.358087023429888e-08
41650.056 6.659379873900511e-08
41700.056 7.592503925597854e-08
41750.056 6.260213724258914e-08
41800.056 6.984657016311988e-08
41850.056 6.01353886536481e-08
41900.056 5.7029925975456345e-08
41950.056 6.042898594520408e-08
42000.056 4.1606568424937634e-08
42050.056 4.510993401905227e-08
42100.056 5.823339488862245e-08
42150.056 5.17493668671625e-08
42200.056 5.580607706789713e-08
42250.056 4.853832806845556e-08
42300.056 4.6690970354399685e-08
42350.056 6.915451607700595e-08
42400.056 7.696323951900857e-08
42450.056 7.012022622102214e-08
42500.056 6.815449586199094e-08
42550.056 5.841820252698504e-08
42600.056 6.714090129114791e-08
42650.056 1.0292242625696606e-07
42700.056 5.328708679649772e-08
42750.056 6.699023225251014e-08
42800.056 9.233277952401409e-08
42850.056 9.782533394596959e-08
42900.056 1.0759388560382177e-07
42950.056 8.060245962498762e-08
43000.056 9.26716733380125e-08
43050.056 4.828178690500761e-08
43100.056 7.545108272598933e-08
43150.056 6.195964397900821e-08
43200.056 9.48269460370089e-08
43250.056 1.2669292895700838e-07
43300.056 1.1940623051799923e-07
43350.056 6.255034693048214e-08
43400.056 9.037133926900366e-08
43450.056 6.059455456960575e-08
43500.056 6.234289603511669e-08
43550.056 6.91073524634103e-08
43600.056 1.06971655616014e-07
43650.056 6.756199800870149e-08
43700.056 1.260626270720267e-07
43750.056 1.0625140006599727e-07
43800.056 9.723144125349137e-08
43850.056 8.539372946100757e-08
43900.056 7.22381131882904e-08
43950.056 4.633790997209499e-08
44000.056 4.6115408189797456e-08
44050.056 1.133602085640016e-07
44100.056 1.5419858166099702e-07
44150.056 1.380996838401994e-07
44200.056 1.196348530359999e-07
44250.056 6.557310018279579e-08
44300.056 5.3409785468409293e-08
44350.056 6.057941654145552e-08
44400.056 5.551185730909344e-08
44450.056 9.981199472700025e-08
44500.056 9.114972970221743e-08
44550.056 1.3240793717998755e-07
44600.056 1.1689030188029941e-07
44650.056 1.0015191492241072e-07
44700.056 6.485813851519605e-08
44750.056 1.0352986646302284e-07
44800.056 7.079874836980815e-08
44850.056 1.0042427676200771e-07
44900.056 8.281634557620295e-08
44950.056 9.928912245200875e-08
45000.056 1.156899702110053e-07
45050.056 1.0419192503798661e-07
45100.056 9.490712931600258e-08
45150.056 8.697698638268417e-08
45200.056 6.751059529190607e-08
45250.056 7.943829365057859e-08
45300.056 6.97079519145107e-08
45350.056 6.131630134321742e-08
45400.056 1.494499194160198e-07
45450.056 1.21360399564012e-07
45500.056 1.5087019636690992e-07
45550.056 1.5709705316795475e-07
45600.056 1.3796682681502657e-07
45650.056 1.0979588815370325e-07
45700.056 7.125619936969447e-08
45750.056 6.563960059560353e-08
45800.056 1.632889856650043e-07
45850.056 1.3080444947598974e-07
45900.056 1.6125309621799118e-07
45950.056 1.3194138871699823e-07
46000.056 1.519925223925158e-07
46050.056 1.0863317536170818e-07
46100.056 1.801338193899832e-07
46150.056 1.0154644888900653e-07
46200.056 8.824706253558679e-08
46250.056 3.708525056535529e-08
46300.056 1.0592107475320253e-07
46350.056 1.1136787737561409e-07
46400.056 9.798414380100176e-08
46450.056 8.935670470840598e-08
46500.056 1.041285812687241e-07
46550.056 5.479425087340445e-08
46600.056 8.439427468144708e-08
46650.056 1.3433824074400996e-07
46700.056 8.208273022897523e-08
46750.056 4.3927762909908e-08
46800.056 2.9426008757120222e-08
46850.056 1.2942020934902066e-07
46900.056 1.270221156309965e-07
46950.056 1.247136347459866e-07
47000.056 1.1960409630302124e-07
47050.056 8.688549820019516e-08
47100.056 5.8733729249607684e-08
47150.056 9.476943578501463e-08
47200.056 1.1083135273499548e-07
47250.056 6.138908375959178e-08
47300.056 4.02800130942182e-08
47350.056 1.3061244981800176e-07
47400.056 1.1024595879098901e-07
47450.056 9.2412396245351e-08
47500.056 1.3733275440498804e-07
47550.056 1.1625317051100661e-07
47600.056 1.115218768074919e-07
47650.056 1.1386336950721601e-07
47700.056 8.572419432463687e-08
47750.056 6.280895307970361e-08
47800.056 5.2957139547007144e-08
47850.056 2.7250883172975427e-08
47900.056 4.260821406183609e-08
47950.056 9.618811651200661e-08
48000.056 1.3651130386100977e-07
48050.056 1.1342878211119993e-07
48100.056 4.5909712185105405e-08
48150.056 8.493027368400205e-08
48200.056 5.847540733449931e-08
48250.056 7.219827863400109e-08
48300.056 1.2815107531798575e-07
48350.056 7.427485768399434e-08
48400.056 2.054279956201657e-08
48450.056 4.327486685373074e-08
48500.056 7.120015689198285e-08
48550.056 7.738917048782729e-08
48600.056 9.574497287700016e-08
48650.056 1.2652097719099115e-07
48700.056 8.100893617751127e-08
48750.056 5.327678017162243e-08
48800.056 1.1104383812500273e-07
48850.056 5.883129371238971e-08
48900.056 8.1780768971532e-08
48950.056 4.370038275280081e-08
49000.056 2.2371249531037267e-08
49050.056 7.278908271728941e-08
49100.056 9.460180724811869e-08
49150.056 6.851764232983618e-08
49200.056 1.1063705101802191e-07
49250.056 1.1208525438801007e-07
49300.056 9.207563813799835e-08
49350.056 3.5808105311378916e-08
49400.056 5.427345336718522e-08
49450.056 5.3437744598464375e-08
49500.056 4.143662913747518e-08
49550.056 9.612274227160325e-09
49600.056 2.7384963693123082e-08
49650.056 6.02431908510013e-08
49700.056 6.552271062747788e-08
49750.056 6.814289633509899e-08
49800.056 4.35012856837352e-08
49850.056 9.092671878981566e-08
49900.056 7.253676467479276e-08
49950.056 7.286241556600125e-08
50000.056 5.624428386842432e-08
50050.056 6.998832909460156e-08
50100.056 5.390738329799732e-08
50150.056 2.590863483139479e-08
50200.056 5.017632165194217e-09
50250.056 3.0533901974998654e-08
50300.056 2.0013003905013232e-08
50350.056 6.439554059440997e-08
50400.056 6.619215289539162e-08
50450.056 4.9226141356202774e-08
50500.056 7.837469514070516e-08
50550.056 6.653307076600501e-08
50600.056 4.895673009618567e-08
50650.056 8.207822316901397e-08
50700.056 8.126182469098742e-08
50750.056 5.157925894280463e-08
50800.056 1.8276781004144627e-08
50850.056 1.0263900029074937e-08
50900.056 5.976339319600242e-08
50950.056 5.046841636999651e-08
51000.056 4.227990274711748e-08
51050.056 6.061361911399144e-08
51100.056 2.2205276020297614e-08
51150.056 2.6598865160235706e-08
51200.056 7.82626046729973e-08
51250.056 5.3331676494090855e-08
51300.056 3.558993367241382e-08
51350.056 3.496072956698356e-08
51400.056 1.2237057349059059e-08
51450.056 9.565063366072613e-09
51500.056 9.277543810157944e-09
51550.056 3.546230107944565e-08
51600.056 2.891150292653736e-08
51650.056 3.722786735159676e-08
51700.056 4.051468090989317e-08
51750.056 2.564571938345517e-08
51800.056 4.788454500099189e-08
51850.056 3.870216664949733e-08
51900.056 5.1257101213998245e-08
51950.056 2.919743658819665e-08
52000.056 3.1320488565347858e-09
52050.056 1.5798850853002253e-08
52100.056 9.308437039198577e-09
52150.056 5.380006410885484e-09
52200.056 1.566554515199979e-08
52250.056 2.432046645420662e-08
52300.056 3.3805831929997966e-08
52350.056 1.1473623678780498e-08
52400.056 1.1777997094530188e-08
52450.056 4.08619141180036e-08
52500.056 3.1774974747670725e-08
52550.056 3.510837471199746e-08
52600.056 2.5813521513099355e-08
52650.056 3.08702607981028e-08
52700.056 2.2318768725798827e-08
52750.056 8.975410348309662e-09
52800.056 1.6329039701702385e-08
52850.056 1.893222510124444e-08
52900.056 8.761268171760268e-09
52950.056 1.404658354220178e-08
53000.056 2.4068986283204782e-08
53050.056 9.357523162827114e-09
53100.056 2.908142951119741e-08
53150.056 3.1198402527202433e-08
53200.056 1.3896791758189168e-08
53250.056 2.831825289610155e-08
53300.056 3.4834533404315865e-08
53350.056 2.639959398020155e-08
53400.056 1.7249028562696147e-08
53450.056 6.285196887597742e-09
53500.056 1.1577853959395436e-09
53550.056 3.208078467694072e-09
53600.056 1.469656043152133e-08
53650.056 1.5078150750436575e-08
53700.056 1.2670074187006459e-08
53750.056 1.231607694799743e-08
53800.056 1.2041919571780545e-08
53850.056 2.112110626499333e-08
53900.056 2.3143571818109764e-08
53950.056 2.2588970386800482e-08
54000.056 1.6400309367630054e-08
54050.056 2.3310830511396613e-08
54100.056 4.732844351231536e-09
54150.056 6.889170503151806e-09
54200.056 9.172206911605475e-10
54250.056 3.0859470320303436e-09
54300.056 6.743560753937528e-09
54350.056 1.1596247995899164e-08
54400.056 1.0818223658906284e-08
54450.056 9.816799019437864e-09
54500.056 1.2155819684808512e-08
54550.056 9.807776173679678e-09
54600.056 7.713613327868652e-09
54650.056 7.340739902218722e-10
54700.056 8.765169672569485e-09
54750.056 8.760533934599016e-09
54800.056 4.569676882021752e-09
54850.056 6.045581663731628e-09
54900.056 8.676118012036355e-09
54950.056 1.6674472841208076e-08
55000.056 7.043171605829003e-09
55050.056 8.352328584264505e-09
55100.056 1.1862478141524107e-08
55150.056 5.793215857936027e-09
55200.056 5.163029895565759e-09
55250.056 7.1769946618808864e-09
55300.056 5.63814723501302e-09
55350.056 9.332507263779571e-09
55400.056 7.275267433189737e-09
55450.056 6.555138226045947e-09
55500.056 2.1731824046804994e-09
55550.056 2.126983642640672e-09
55600.056 5.887679067570505e-09
55650.056 4.198704184396354e-09
55700.056 4.6198327953611e-09
55750.056 2.9475683520473037e-09
55800.056 1.0938513906790951e-09
55850.056 1.5834130293556665e-09
55900.056 5.591235450559904e-09
55950.056 9.623224641662571e-09
56000.056 3.9690338993402075e-09
56050.056 3.493971884262456e-09
56100.056 6.264607884578366e-09
56150.056 3.0794196367402638e-09
56200.056 2.8661756090380235e-09
56250.056 9.295789117894746e-09
56300.056 5.796588258808387e-09
56350.056 2.257739817274178e-09
56400.056 7.034663752208268e-10
56450.056 8.490763489495254e-10
56500.056 4.1315242532105435e-09
56550.056 1.1988879173481456e-09
56600.056 4.5365543189339075e-09
56650.056 5.379533091961619e-09
56700.056 3.970681332569437e-09
56750.056 1.4349771159038195e-09
56800.056 1.7019705524278792e-09
56850.056 3.6835081518423145e-09
56900.056 1.4973300685121973e-09
56950.056 5.223783802627231e-09
57000.056 6.8525444200206715e-09
57050.056 3.835557752408548e-09
57100.056 6.701244139845368e-10
57150.056 2.022118788390095e-09
57200.056 9.904057635070328e-10
57250.056 1.859511461702919e-09
57300.056 2.56450817687191e-09
57350.056 1.2873902764615884e-09
57400.056 4.877944749537276e-09
57450.056 1.5818804277470239e-09
57500.056 1.5382618888687736e-09
57550.056 2.3097881572579134e-09
57600.056 1.1685147494584076e-09
57650.056 4.0777253569321696e-10
57700.056 1.2212237774599524e-09
57750.056 3.182525431085265e-09
57800.056 1.528357577390942e-09
57850.056 5.688200357687494e-09
57900.056 7.663239344160992e-09
57950.056 7.948330648291476e-09
58000.056 2.021816121629683e-09
58050.056 4.619439053578744e-09
58100.056 2.9958068204971406e-09
58150.056 2.2539324749019707e-09
58200.056 3.941349835830086e-10
58250.056 9.076377986897304e-10
58300.056 6.788228234716748e-10
58350.056 1.3421339251245269e-09
58400.056 2.831204589800397e-09
58450.056 5.357541795960244e-09
58500.056 5.5437609180096805e-09
58550.056 2.7655802332374235e-09
58600.056 9.103529732697502e-10
58650.056 1.9796244208014926e-09
58700.056 1.5663976440640444e-09
58750.056 2.4271160843297765e-09
58800.056 1.4031693367547113e-10
58850.056 1.0161806611081515e-09
58900.056 9.048050266114613e-10
58950.056 6.120596669316816e-10
59000.056 1.4943221627771383e-09
59050.056 1.971670390660337e-09
59100.056 1.2504268592897863e-09
59150.056 1.6783637099973503e-09
59200.056 3.2286863853700168e-09
59250.056 4.078071847710502e-09
59300.056 2.7399437327352723e-09
59350.056 3.086846740269623e-10
59400.056 4.2097260946566453e-10
59450.056 3.1703415011979566e-09
59500.056 1.7645725398328632e-09
59550.056 2.2608493293952878e-09
59600.056 3.707975572675772e-09
59650.056 1.3333712312319631e-09
59700.056 1.110279134451458e-09
59750.056 6.012501952698097e-09
59800.056 2.116510857499572e-09
59850.056 2.2901447655106845e-09
59900.056 7.327009810313407e-10
59950.056 1.79035514605751e-09
60000.056 4.566621064690915e-09
60050.056 6.868644843961872e-09
60100.056 5.035787509349396e-09
60150.056 1.2443679195857965e-09
60200.056 2.3786475107102856e-09
60250.056 6.164249045489985e-09
60300.056 4.516572143176903e-09
60350.056 2.7977181176991757e-09
60400.056 2.89428695631871e-09
60450.056 4.117468556658548e-10
60500.056 1.397563140902585e-10
60550.056 1.604243671388941e-09
60600.056 2.7663351037299434e-09
60650.056 1.990638358850155e-09
60700.056 1.0502680476948827e-09
60750.056 4.4638486427102555e-10
60800.056 2.5529649498429115e-09
60850.056 4.675416737871951e-09
60900.056 3.081664928514388e-09
60950.056 1.9669833870391506e-09
61000.056 4.797109235103268e-09
61050.056 1.4156929598933938e-09
61100.056 1.2081721646970147e-09
61150.056 3.3808358458156684e-10
61200.056 2.850976199690702e-09
61250.056 2.426453609400269e-09
61300.056 1.5864098903432392e-09
61350.056 3.901327190029243e-09
61400.056 9.927224880152901e-10
61450.056 6.083593945959136e-10
61500.056 4.719815056363973e-10
61550.056 1.246072537811697e-09
61600.056 4.988435699003048e-10
61650.056 7.435924574039322e-10
61700.056 1.981284019683068e-09
61750.056 1.6475355788428536e-09
61800.056 1.6815690058357788e-09
61850.056 3.1705081727964263e-10
61900.056 3.3018062547810976e-09
61950.056 2.5220722611091552e-09
62000.056 1.804422111523609e-09
62050.056 6.396264106881579e-09
62100.056 1.6515257442136829e-09
62150.056 4.219192161915536e-09
62200.056 3.4551812182075523e-09
62250.056 3.1006553264890398e-09
62300.056 6.798141461199261e-09
62350.056 7.096690227961888e-09
62400.056 4.829154849739551e-09
62450.056 4.108761479081563e-09
62500.056 6.836665441322355e-09
62550.056 1.1470185203197125e-08
62600.056 3.849839985373824e-09
62650.056 4.107032430151394e-09
62700.056 2.645494474526504e-09
62750.056 7.186420863425134e-09
62800.056 5.329580052628384e-09
62850.056 3.953249191121411e-09
62900.056 7.768536260586886e-09
62950.056 1.115703597410197e-08
63000.056 3.1584500275075658e-09
63050.056 1.5425053571704174e-08
63100.056 1.9440352047107523e-08
63150.056 1.1813810732399867e-08
63200.056 7.829191047509917e-09
63250.056 9.502177116899912e-09
63300.056 2.768848915693877e-09
63350.056 4.81849724950143e-09
63400.056 1.5983468801793757e-09
63450.056 5.71918658831651e-10
63500.056 5.960643360221744e-09
63550.056 8.725650292926705e-09
63600.056 3.913243983707572e-09
63650.056 4.7508692885005975e-09
63700.056 9.532043479756081e-10
63750.056 2.7805770364592823e-09
63800.056 7.546788685127465e-09
63850.056 5.345607029646902e-09
63900.056 1.5956353814403774e-09
63950.056 2.5252754051340172e-09
64000.056 5.1430606993322465e-09
64050.056 1.0445527651923014e-09
64100.056 3.931141305461261e-10
64150.056 5.314123180313828e-10
64200.056 5.166512075357063e-10
64250.056 3.2388877795364073e-09
64300.056 2.3732423670890195e-09
64350.056 1.265697956005011e-09
64400.056 4.3001186509463494e-09
64450.056 3.78791916261016e-09
64500.056 2.2073736613402913e-09
64550.056 4.454845988210337e-09
64600.056 2.6199040031214257e-09
64650.056 4.375135096458648e-09
64700.056 9.566476611338594e-10
64750.056 1.7632787164936294e-09
64800.056 8.077444331261487e-10
64850.056 5.684671166022777e-10
64900.056 5.322851050806439e-10
64950.056 4.053468458509206e-10
65000.056 6.709603691015147e-10
65050.056 2.8129000866501905e-09
65100.056 1.9462032830065495e-09
65150.056 2.1794884997396542e-09
65200.056 5.273315550939407e-10
65250.056 1.4431295489931134e-09
65300.056 2.5196512073526786e-09
65350.056 5.431054978605109e-09
65400.056 1.9831634264601358e-09
65450.056 2.3215623387893977e-09
65500.056 3.250389090280053e-09
65550.056 1.164016101594173e-09
65600.056 3.587164666780672e-09
65650.056 1.7917840691877768e-09
65700.056 1.373063350210367e-09
65750.056 9.119263788407244e-10
65800.056 2.1816643083602832e-09
65850.056 4.944202231858515e-09
65900.056 7.55795037399748e-10
65950.056 1.228976235340201e-09
66000.056 1.4640052137346691e-09
66050.056 4.047733489283377e-09
66100.056 2.5100709294175714e-09
66150.056 2.299932751718184e-09
66200.056 2.7973677632997382e-09
66250.056 1.3033610540350146e-09
66300.056 9.48015721060431e-10
66350.056 4.1250261276806073e-10
66400.056 7.542100726499113e-10
66450.056 2.9759139419609347e-09
66500.056 5.358261792103073e-09
66550.056 4.897556205889114e-09
66600.056 4.060493665840634e-09
66650.056 1.9707733619504115e-09
66700.056 1.6294287579929493e-09
66750.056 3.3926249982603715e-09
66800.056 1.8590948047497647e-09
66850.056 1.3858538240498583e-09
66900.056 6.198918794181719e-09
66950.056 5.0855740690530705e-09
67000.056 8.970615437604661e-09
67050.056 2.9532285031599065e-09
67100.056 1.956363366170346e-09
67150.056 2.5137900976452603e-09
67200.056 4.610692465298886e-09
67250.056 3.964810117191451e-09
67300.056 7.621706978780387e-09
67350.056 2.9216183153171515e-09
67400.056 7.0624564350924e-09
67450.056 4.541634969540005e-09
67500.056 2.530053435150205e-09
67550.056 9.423943617057089e-09
67600.056 1.599313295199812e-08
67650.056 1.038840627868871e-08
67700.056 5.883331602475301e-09
67750.056 3.1718356600610817e-09
67800.056 3.939854520832735e-09
67850.056 1.931140837380012e-09
67900.056 2.1306781260801984e-09
67950.056 2.262928033629883e-09
68000.056 7.097938276779076e-09
68050.056 3.755523019514467e-09
68100.056 6.852258338576853e-09
68150.056 7.423018573196835e-09
68200.056 5.225182614117691e-09
68250.056 1.4112101417093817e-09
68300.056 7.391681068300592e-09
68350.056 8.456799674198026e-09
68400.056 1.0499332033499169e-08
68450.056 1.1812498069904008e-08
68500.056 5.568258479675896e-09
68550.056 1.5498208550902387e-09
68600.056 1.7479710499601556e-09
68650.056 8.973945671424651e-10
68700.056 2.6122599399311905e-09
68750.056 4.921679354320836e-09
68800.056 4.546296608277069e-09
68850.056 3.2570262743678172e-09
68900.056 1.366630860239907e-08
68950.056 1.2764218988002992e-08
69000.056 5.520236403011591e-09
69050.056 2.626700090069799e-09
69100.056 1.2217587081400733e-08
69150.056 1.7418861827967447e-08
69200.056 1.2944392247680862e-08
69250.056 1.4975070062797877e-08
69300.056 1.4414219970302037e-08
69350.056 1.5739588663549155e-08
69400.056 6.275020420473575e-09
69450.056 1.2446071583995307e-08
69500.056 8.426069696198964e-09
69550.056 5.27325002280019e-09
69600.056 1.0000279233302388e-09
69650.056 5.184942877002228e-09
69700.056 1.0930644772899065e-08
69750.056 5.74154100257153e-09
69800.056 1.2290752070000925e-08
69850.056 1.2454597083705017e-08
69900.056 8.091548610707031e-09
69950.056 7.618964910364835e-09
70000.056 7.448597702337992e-09
70050.056 1.80396396767102e-08
70100.056 9.98105279954149e-09
70150.056 8.744150026699167e-09
70200.056 5.702775530007866e-09
70250.056 6.6099289338013384e-09
70300.056 1.2193925545559787e-08
70350.056 1.327951230089854e-08
70400.056 4.792717381198012e-09
70450.056 8.523646855503554e-10
70500.056 5.057347627400806e-09
70550.056 3.936015791439908e-09
70600.056 5.207943438310593e-09
70650.056 7.798219510098623e-09
70700.056 1.0886306465245728e-08
70750.056 2.0642833205509924e-08
70800.056 8.18865679962542e-09
70850.056 7.963810635758414e-09
70900.056 1.5089655787338834e-08
70950.056 1.5107620452305598e-08
71000.056 1.2227692969998396e-08
71050.056 1.5120334513200543e-08
71100.056 9.508884745699792e-09
71150.056 6.094515615577096e-09
71200.056 6.457510550600156e-09
71250.056 1.4159129437804513e-08
71300.056 1.7082639163002195e-08
71350.056 1.8461269718800003e-08
71400.056 1.3354587023495073e-08
71450.056 3.7234772477684623e-09
71500.056 5.801415140998359e-09
71550.056 5.517767393840791e-09
71600.056 8.243869050399678e-09
71650.056 4.0927960406599564e-09
71700.056 2.697013790000051e-09
71750.056 8.217410109204512e-09
71800.056 1.4089810292321464e-08
71850.056 1.2307764519699691e-08
71900.056 8.191359476326709e-09
71950.056 1.1727995181494907e-08
72000.056 9.603918250882981e-09
72050.056 3.6600023887186508e-09
72100.056 4.868454706619048e-09
72150.056 1.0391757038357348e-08
72200.056 8.798858004831196e-09
72250.056 2.0162015711004244e-08
72300.056 7.1791598900918e-09
72350.056 1.1822580588995899e-08
72400.056 9.602418863401488e-09
72450.056 8.797977457333375e-09
72500.056 1.186066244490156e-08
72550.056 2.914995252512432e-09
72600.056 7.105118175481372e-09
72650.056 1.247395016240712e-08
72700.056 4.983242097468978e-09
72750.056 7.136228047099597e-09
72800.056 3.2262816153847445e-09
72850.056 4.59673691719227e-09
72900.056 1.4225596263503074e-08
72950.056 7.2722682518319114e-09
73000.056 6.833957876432369e-09
73050.056 2.9451106587615183e-09
73100.056 4.998750749263428e-09
73150.056 1.4867363292696677e-08
73200.056 3.943251553606497e-09
73250.056 5.9472194721895855e-09
73300.056 2.662784258557497e-09
73350.056 2.071152823859212e-09
73400.056 6.1783089179003555e-09
73450.056 3.034548773310597e-09
73500.056 2.4639495397802938e-09
73550.056 5.0457477087711295e-09
73600.056 5.650478444096863e-09
73650.056 4.973423165534744e-09
73700.056 3.0822183247059245e-09
73750.056 1.3314931477710947e-09
73800.056 3.796132604797739e-09
73850.056 5.651371707296768e-09
73900.056 2.2584265810765595e-09
73950.056 3.762414586808427e-09
74000.056 9.894307079503906e-10
74050.056 6.964055383553651e-09
74100.056 6.208052480868358e-09
74150.056 5.833878945798899e-09
74200.056 1.4857819219767661e-09
74250.056 4.4142928440050707e-10
74300.056 4.899257246040265e-09
74350.056 7.67038644551255e-09
74400.056 5.4632762566219955e-09
74450.056 1.8810410251524865e-09
74500.056 8.210569931129431e-10
74550.056 2.536925547962712e-09
74600.056 2.5363161807419104e-09
74650.056 3.108350225621004e-09
74700.056 3.076997344331409e-09
74750.056 9.540909151080904e-10
74800.056 1.5113459202089206e-09
74850.056 6.592209325003041e-09
74900.056 8.274786462144974e-09
74950.056 5.555637161778254e-09
75000.056 3.0443603036493386e-09
75050.056 3.0005205165439937e-10
75100.056 5.024666743300342e-09
75150.056 9.535164977003317e-09
75200.056 7.879098342299049e-09
75250.056 6.027714928476037e-09
75300.056 4.060624619770114e-09
75350.056 7.499917055012493e-10
75400.056 9.006637084102068e-09
75450.056 1.1068730969302973e-08
75500.056 7.5069745825383e-09
75550.056 4.911039156087268e-09
75600.056 7.109318874959612e-09
75650.056 4.091236433398383e-09
75700.056 1.1614652460598406e-08
75750.056 7.366935458496581e-09
75800.056 7.887488583435695e-09
75850.056 9.926860699616338e-09
75900.056 1.0120511217496728e-08
75950.056 4.1283366275304125e-09
76000.056 1.2536890721254171e-08
76050.056 1.119037853009496e-08
76100.056 1.0369963554439346e-08
76150.056 1.031729592789673e-08
76200.056 8.675997215203983e-09
76250.056 3.5450327846178955e-09
76300.056 1.4740652305400369e-08
76350.056 1.9737114344004793e-08
76400.056 1.1472386576103602e-08
76450.056 9.58652294710249e-09
76500.056 6.547836097599403e-09
76550.056 1.4376335574068778e-09
76600.056 2.5079709528909754e-10
76650.056 3.7637390513373436e-10
76700.056 4.417354551529131e-10
76750.056 5.401334699988928e-10
76800.056 1.214607027398303e-09
76850.056 1.2271977569041744e-09
76900.056 2.2625610734618573e-09
76950.056 1.3164822039483277e-09
77000.056 3.945460951098368e-09
77050.056 9.391577421078507e-10
77100.056 1.91769332060576e-09
77150.056 4.0529557164453125e-09
77200.056 1.4767101085548981e-09
77250.056 1.4119654412827317e-09
77300.056 4.574017370198484e-09
77350.056 2.2343777614311753e-09
77400.056 4.013380603632056e-09
77450.056 7.450756147135567e-09
77500.056 5.566299479589566e-09
77550.056 3.226901705104746e-09
77600.056 1.2137346044917244e-09
77650.056 1.9972184317623295e-09
77700.056 5.447939407795897e-09
77750.056 5.489764881994312e-09
77800.056 9.121218798242358e-09
77850.056 1.257230959209652e-08
77900.056 3.4402502829057734e-09
77950.056 1.051828289275729e-09
78000.056 4.2128588458290575e-09
78050.056 3.1153374649645366e-09
78100.056 5.554108191701417e-09
78150.056 8.445659957964919e-09
78200.056 1.334313013079871e-08
78250.056 7.932419884200628e-09
78300.056 1.8062556255734843e-09
78350.056 5.384240150154033e-09
78400.056 2.7658502596617653e-09
78450.056 5.301443504445858e-09
78500.056 1.248453837927579e-08
78550.056 1.3463561259398576e-08
78600.056 9.706966582999086e-09
78650.056 1.891067944283533e-09
78700.056 2.497836979548432e-09
78750.056 5.5778407927200844e-09
78800.056 2.9918085202782895e-09
78850.056 1.727191458518357e-09
78900.056 5.077442716222882e-09
78950.056 8.615930784300994e-09
79000.056 5.538141354439386e-09
79050.056 4.798820542485692e-09
79100.056 6.569279369621317e-09
79150.056 3.795344614745544e-09
79200.056 5.4418779648995014e-09
79250.056 2.4099464120572303e-09
79300.056 3.947499412548112e-09
79350.056 5.083404869550193e-09
79400.056 2.0441518995854225e-09
79450.056 7.883096785043712e-09
79500.056 1.5159130509198418e-08
79550.056 1.182608051340379e-08
79600.056 5.2676089523633955e-09
79650.056 1.190420828589783e-08
79700.056 5.283898064769474e-09
79750.056 5.581182809787197e-09
79800.056 4.232456049004548e-09
79850.056 9.715803390562997e-09
79900.056 1.6666348127120495e-08
79950.056 2.2397603184302454e-08
