# %ECSV 1.0
# ---
# datatype:
# - {name: wav, unit: Angstrom, datatype: float64}
# - {name: flux_nu, unit: erg / (cm2 Hz s), datatype: float64}
# meta: {C/O: '1.00', Kzz: '1.0000E+05', Teff: '1100.', Y: '0.28', '[Fe/H]': '0.50', f_hole: '1.00', f_rain: '0.00', grav: '316.'}
# schema: astropy-2.0
wav flux_nu
4000.0559999999996 nan
4050.0559999999996 1.5703503428870213e-12
4100.056 7.069027890929655e-11
4150.056 1.6922129329301012e-10
4200.056 1.3863157966777257e-10
4250.056 2.4098179877002646e-10
4300.056 2.841608675910256e-10
4350.056 3.0129259048401627e-10
4400.056 3.443655229000149e-10
4450.056 3.7670269169999967e-10
4500.056 3.651100930800161e-10
4550.056 4.1792367665678716e-10
4600.056 4.46081794289994e-10
4650.056 3.8849350598997024e-10
4700.056 3.6503441372999673e-10
4750.056 2.156506658150018e-10
4800.056 6.509227803999873e-11
4850.056 1.4617421284299777e-11
4900.056 5.505508576799958e-12
4950.056 2.4593670017999783e-12
5000.056 9.331012051099906e-13
5050.056 4.196229617899989e-13
5100.056 3.5701979486999953e-13
5150.056 3.2514938462999855e-13
5200.056 2.958415014099998e-13
5250.056 2.633001753899996e-13
5300.056 2.3337922063999967e-13
5350.056 2.0924378366999977e-13
5400.056 1.897183905199997e-13
5450.056 1.721238995899996e-13
5500.056 1.559449220499998e-13
5550.056 1.4143635848999987e-13
5600.056 1.2790016029999975e-13
5650.056 1.1436316494999986e-13
5700.056 1.0078586876499987e-13
5750.056 8.578494057399976e-14
5800.056 6.93610188489998e-14
5850.056 4.7704040520999505e-14
5900.056 1.7005514756291456e-14
5950.056 9.115937941500173e-14
6000.056 1.9874169046000065e-13
6050.056 3.9207793241000454e-13
6100.056 7.273158424700061e-13
6150.056 1.2989943651900101e-12
6200.056 2.244883951900016e-12
6250.056 3.761506987400027e-12
6300.056 6.113546223500045e-12
6350.056 9.685538877000065e-12
6400.056 1.497431831500008e-11
6450.056 2.2625782524000098e-11
6500.056 3.332100462300021e-11
6550.056 4.817516364600025e-11
6600.056 6.874158827000044e-11
6650.056 9.667321559000053e-11
6700.056 1.1421349163039091e-10
6750.056 1.785254810500008e-10
6800.056 2.2839986164000065e-10
6850.056 2.605814940500003e-10
6900.056 2.5829014475000107e-10
6950.056 2.422284524599999e-10
7000.056 2.4693444129000137e-10
7050.056 2.7113921778999886e-10
7100.056 2.9949338677000025e-10
7150.056 3.1459090439999683e-10
7200.056 3.1728450060200566e-10
7250.056 3.077870166799897e-10
7300.056 2.8233736464699946e-10
7350.056 2.5344995684599715e-10
7400.056 2.236200385700018e-10
7450.056 1.891581063400004e-10
7500.056 1.522758956099994e-10
7550.056 1.1369330326599928e-10
7600.056 7.820499071099919e-11
7650.056 1.69475334382531e-11
7700.056 1.019557720598853e-11
7750.056 6.486767836300149e-11
7800.056 1.3027998479460245e-10
7850.056 2.7736041381000256e-10
7900.056 4.4213612815000406e-10
7950.056 5.329420117005068e-10
8000.056 9.511268260900088e-10
8050.056 1.298272143400018e-09
8100.056 1.6764304621599983e-09
8150.056 2.1283211486299973e-09
8200.056 2.729970844040087e-09
8250.056 3.3832989094800595e-09
8300.056 4.175270159400304e-09
8350.056 5.067354984469809e-09
8400.056 6.109980460499773e-09
8450.056 7.4282772812998116e-09
8500.056 7.981741360265463e-09
8550.056 1.0196056830400222e-08
8600.056 1.2536935772000091e-08
8650.056 1.4373660228000065e-08
8700.056 1.6787978162999474e-08
8750.056 1.9416548008000288e-08
8800.056 2.2369666055000348e-08
8850.056 2.5257426182999704e-08
8900.056 2.580889986249929e-08
8950.056 2.336974484680835e-08
9000.056 3.12298227820957e-08
9050.056 3.9512708681401634e-08
9100.056 4.410468590348124e-08
9150.056 4.66847839192026e-08
9200.056 5.298925516003245e-08
9250.056 5.3396523965388055e-08
9300.056 3.2074513976416695e-08
9350.056 3.848564946794081e-08
9400.056 5.0546733720516904e-08
9450.056 5.89475571577434e-08
9500.056 5.934373237621154e-08
9550.056 6.635801747067093e-08
9600.056 6.654562871310734e-08
9650.056 7.413449373827749e-08
9700.056 8.512749267472059e-08
9750.056 9.046576939100704e-08
9800.056 1.0030541573504924e-07
9850.056 1.1293260764099963e-07
9900.056 1.1828500529328699e-07
9950.056 1.227483821599934e-07
10000.056 1.1579478116398676e-07
10050.056 1.39351355887e-07
10100.056 1.6356308913098832e-07
10150.056 1.83020479234977e-07
10200.056 2.0718426623999447e-07
10250.056 2.2757897131999936e-07
10300.056 2.484877955700054e-07
10350.056 2.821498309900006e-07
10400.056 3.0998830688999253e-07
10450.056 3.248727905200033e-07
10500.056 3.284462215200036e-07
10550.056 3.366522383100081e-07
10600.056 3.55459580739988e-07
10650.056 3.844230917800156e-07
10700.056 4.0781064281002173e-07
10750.056 4.3751783370201423e-07
10800.056 4.6428069820400414e-07
10850.056 4.82653640043976e-07
10900.056 4.0542278298498525e-07
10950.056 2.6738756764101995e-07
11000.056 2.384121647394503e-07
11050.056 2.0237104578103403e-07
11100.056 1.7046218967794583e-07
11150.056 1.3806398105425537e-07
11200.056 1.4453455902017506e-07
11250.056 1.7180388748155558e-07
11300.056 1.663198603098959e-07
11350.056 9.547712886491608e-08
11400.056 1.2795510212816893e-07
11450.056 1.3459340872034394e-07
11500.056 1.5552397635666782e-07
11550.056 1.1254032431351022e-07
11600.056 1.221945833914406e-07
11650.056 1.3517007253113223e-07
11700.056 1.1392006173609027e-07
11750.056 8.99398581783882e-08
11800.056 1.3483853150192721e-07
11850.056 1.9637729096383027e-07
11900.056 2.188807374461752e-07
11950.056 2.844978912351946e-07
12000.056 3.231389960938954e-07
12050.056 3.771330733221627e-07
12100.056 4.2184496746099084e-07
12150.056 4.827035740369707e-07
12200.056 5.416077871639242e-07
12250.056 5.967838005468934e-07
12300.056 6.642772332280585e-07
12350.056 6.944488028500252e-07
12400.056 6.995821321699759e-07
12450.056 6.121112263800322e-07
12500.056 6.570592163299907e-07
12550.056 7.016227560400622e-07
12600.056 9.254320145800347e-07
12650.056 9.272427582799991e-07
12700.056 9.654047402401372e-07
12750.056 9.46512885791049e-07
12800.056 9.717520867320342e-07
12850.056 8.612090727560902e-07
12900.056 7.88613234094433e-07
12950.056 8.104403653100622e-07
13000.056 7.859468114663676e-07
13050.056 7.559897712121998e-07
13100.056 7.084196524289042e-07
13150.056 6.176082408794365e-07
13200.056 5.523986645979554e-07
13250.056 4.3947665262222796e-07
13300.056 2.535431327166315e-07
13350.056 9.013547520787633e-08
13400.056 6.506001717707349e-08
13450.056 4.463337704628953e-08
13500.056 3.634168945403724e-08
13550.056 2.9715752542889786e-08
13600.056 2.2034304455841267e-08
13650.056 3.6825760506483865e-08
13700.056 3.099858796882006e-08
13750.056 3.1853811495891936e-08
13800.056 3.754476066225411e-08
13850.056 3.355472095404988e-08
13900.056 3.496592902219028e-08
13950.056 3.2616356477023796e-08
14000.056 3.099932737395912e-08
14050.056 3.415554141814945e-08
14100.056 3.0237422313960766e-08
14150.056 3.744407963955424e-08
14200.056 3.1628078504616016e-08
14250.056 3.258714296414892e-08
14300.056 4.220792851580574e-08
14350.056 4.2139928099624676e-08
14400.056 4.733684015366917e-08
14450.056 5.003471335691581e-08
14500.056 7.053426953870913e-08
14550.056 7.667007059637847e-08
14600.056 9.01427213957332e-08
14650.056 9.273322981945758e-08
14700.056 8.215168370352918e-08
14750.056 9.55701814408355e-08
14800.056 1.128620131783983e-07
14850.056 1.2305480334126853e-07
14900.056 1.2577100515367874e-07
14950.056 1.3476440564401846e-07
15000.056 1.441447269690871e-07
15050.056 1.683768250295741e-07
15100.056 1.8371858459611816e-07
15150.056 2.046867701912259e-07
15200.056 2.040832819425257e-07
15250.056 2.3211281300148664e-07
15300.056 2.566133524875748e-07
15350.056 2.8179301549937316e-07
15400.056 3.1326212179801537e-07
15450.056 3.420579170764301e-07
15500.056 3.591557353059692e-07
15550.056 4.0096247353497403e-07
15600.056 3.8986892862102016e-07
15650.056 4.2607102687304387e-07
15700.056 4.915916449301442e-07
15750.056 5.355336474079767e-07
15800.056 5.156204953441052e-07
15850.056 5.82801393009967e-07
15900.056 5.836264878600546e-07
15950.056 6.167651968099036e-07
16000.056 5.852014036600043e-07
16050.056 5.242083573350025e-07
16100.056 4.848579154119784e-07
16150.056 4.1734913645409765e-07
16200.056 3.584695330271505e-07
16250.056 3.490624022039888e-07
16300.056 3.156466820415971e-07
16350.056 3.4355350668676896e-07
16400.056 3.934121967985827e-07
16450.056 4.164187671341583e-07
16500.056 4.515679209481727e-07
16550.056 4.3618879030339894e-07
16600.056 4.21634080649984e-07
16650.056 3.8163579507414515e-07
16700.056 2.2355088283308865e-07
16750.056 2.598376098198534e-07
16800.056 3.715653898602173e-07
16850.056 3.7310178617576886e-07
16900.056 3.378345242569155e-07
16950.056 2.9372625290041093e-07
17000.056 2.409802310022416e-07
17050.056 3.0325909856747876e-07
17100.056 3.1587390557743995e-07
17150.056 2.55937722418065e-07
17200.056 2.907957884705111e-07
17250.056 2.5409989145833816e-07
17300.056 2.184345027219357e-07
17350.056 1.9384756144139133e-07
17400.056 2.0847718484501656e-07
17450.056 1.99601252795774e-07
17500.056 2.1112480862578362e-07
17550.056 2.012082546887587e-07
17600.056 1.8560781962084787e-07
17650.056 1.8329478772092101e-07
17700.056 1.3940419710549604e-07
17750.056 1.3093908483936597e-07
17800.056 1.627983075681915e-07
17850.056 1.228872189986703e-07
17900.056 1.20520106767798e-07
17950.056 1.0827305633283261e-07
18000.056 1.146301327794599e-07
18050.056 1.1185706244756827e-07
18100.056 1.1352013005570066e-07
18150.056 1.4158256185113886e-07
18200.056 9.745011147065896e-08
18250.056 1.5488140555872192e-07
18300.056 1.2694975149208356e-07
18350.056 1.1124677151098998e-07
18400.056 1.1132977470513148e-07
18450.056 1.1205528268658295e-07
18500.056 1.217936977604192e-07
18550.056 1.069861195288603e-07
18600.056 9.099502899835235e-08
18650.056 9.774512062022299e-08
18700.056 1.031254677564146e-07
18750.056 1.1278452143292658e-07
18800.056 1.4612118290307626e-07
18850.056 1.6807205183656547e-07
18900.056 1.6275412377991027e-07
18950.056 2.0045123486153203e-07
19000.056 1.841093416750815e-07
19050.056 1.6126277890346612e-07
19100.056 2.091632526666522e-07
19150.056 1.8879780549240116e-07
19200.056 2.0599337511089482e-07
19250.056 1.8054933290312648e-07
19300.056 1.8329085992302767e-07
19350.056 1.62631436871584e-07
19400.056 1.2895251985263152e-07
19450.056 1.8306623933437356e-07
19500.056 1.8322193636416496e-07
19550.056 1.3991279728911516e-07
19600.056 1.7875807490151656e-07
19650.056 1.9132314948025104e-07
19700.056 1.959408568170821e-07
19750.056 1.9123187081387995e-07
19800.056 2.0537929065536455e-07
19850.056 2.3530897145539756e-07
19900.056 1.9271687452406679e-07
19950.056 2.629450319733131e-07
20000.056 2.329671847040092e-07
20050.056 2.608284207977066e-07
20100.056 2.8084130508854834e-07
20150.056 2.91919627686808e-07
20200.056 3.1466346041237634e-07
20250.056 3.459070108298543e-07
20300.056 3.4199274337841144e-07
20350.056 3.8403442891891285e-07
20400.056 3.7698345019008166e-07
20450.056 4.198674854049132e-07
20500.056 4.391624127214697e-07
20550.056 4.373786398569955e-07
20600.056 4.966838317431072e-07
20650.056 4.874427216491278e-07
20700.056 5.071660761390981e-07
20750.056 5.30363599418934e-07
20800.056 5.52881736362004e-07
20850.056 5.367702677629609e-07
20900.056 5.697469880448698e-07
20950.056 5.666567128849652e-07
21000.056 5.783063143500531e-07
21050.056 5.773734979369893e-07
21100.056 5.620549093500274e-07
21150.056 5.882682649599217e-07
21200.056 5.545892069920009e-07
21250.056 5.629618152728996e-07
21300.056 5.062299854388988e-07
21350.056 5.318255980461796e-07
21400.056 4.934859378457703e-07
21450.056 5.000199636962784e-07
21500.056 4.587193051744692e-07
21550.056 4.3614143820565146e-07
21600.056 4.0735161144022544e-07
21650.056 3.71219439628219e-07
21700.056 3.7725773747899425e-07
21750.056 3.2961229924542973e-07
21800.056 2.9123281941911746e-07
21850.056 2.6358883338460076e-07
21900.056 2.1205514417832955e-07
21950.056 1.464271099437606e-07
22000.056 7.594414277160904e-08
22050.056 4.97076792612274e-08
22100.056 6.595220755016486e-08
22150.056 9.351564900517252e-08
22200.056 1.0694162644542182e-07
22250.056 9.896919620668474e-08
22300.056 8.496745982630562e-08
22350.056 7.951882140280771e-08
22400.056 6.333195326702243e-08
22450.056 5.394339039485283e-08
22500.056 5.2568782784878215e-08
22550.056 4.411205005636255e-08
22600.056 4.572281090338062e-08
22650.056 4.629253561565338e-08
22700.056 4.1607389406935385e-08
22750.056 4.256156393595136e-08
22800.056 3.745636866819907e-08
22850.056 3.314404489246025e-08
22900.056 2.984611978138371e-08
22950.056 2.786028082579137e-08
23000.056 3.40838316274991e-08
23050.056 4.4694568558246254e-08
23100.056 6.602055610901437e-08
23150.056 7.474233382671192e-08
23200.056 2.764771950990117e-08
23250.056 2.9221639486407455e-08
23300.056 2.5396896192061825e-08
23350.056 2.4780527745196337e-08
23400.056 2.6982349587708323e-08
23450.056 2.7448184198198117e-08
23500.056 3.03728793178266e-08
23550.056 3.70624699003092e-08
23600.056 4.188195969649445e-08
23650.056 5.230156082139154e-08
23700.056 3.736807644910632e-08
23750.056 3.032540854550234e-08
23800.056 2.8425424153401486e-08
23850.056 3.341593838839923e-08
23900.056 4.791327177720337e-08
23950.056 5.522516670311593e-08
24000.056 5.8676075176788776e-08
24050.056 7.196782857837698e-08
24100.056 6.708031493857347e-08
24150.056 7.455972668062148e-08
24200.056 7.652956878036819e-08
24250.056 6.6690634227391e-08
24300.056 7.665953202442804e-08
24350.056 6.582149308357695e-08
24400.056 8.32431581793485e-08
24450.056 8.053599209493671e-08
24500.056 8.281474162485809e-08
24550.056 9.48418884057435e-08
24600.056 9.757069298980205e-08
24650.056 1.1553341040730683e-07
24700.056 9.337487203165369e-08
24750.056 1.0243292944203199e-07
24800.056 1.0506427539991068e-07
24850.056 1.3009766758922586e-07
24900.056 9.489179637547429e-08
24950.056 1.3667419524971756e-07
25000.056 1.2611654632734121e-07
25050.056 9.916789807875456e-08
25100.056 1.2697521893233372e-07
25150.056 9.894694047909457e-08
25200.056 1.1972878858708737e-07
25250.056 9.90251978480665e-08
25300.056 1.264107269134064e-07
25350.056 9.012148941828334e-08
25400.056 1.2899894693873082e-07
25450.056 9.308925530057772e-08
25500.056 9.511544249331726e-08
25550.056 9.639605959857254e-08
25600.056 9.03286576116934e-08
25650.056 7.573630549679139e-08
25700.056 1.1530861537755735e-07
25750.056 6.729290033582773e-08
25800.056 1.1218562335762002e-07
25850.056 7.531075524228721e-08
25900.056 9.362195518295193e-08
25950.056 6.908906006112462e-08
26000.056 1.2211897121904577e-07
26050.056 9.93376723110493e-08
26100.056 1.2030151823177983e-07
26150.056 1.0425749292120887e-07
26200.056 1.1246614240140696e-07
26250.056 1.3862955703674829e-07
26300.056 1.1711081214112763e-07
26350.056 1.5873847733766086e-07
26400.056 1.6034630575687438e-07
26450.056 1.6765612426494198e-07
26500.056 1.7725278374993887e-07
26550.056 1.33322419288628e-07
26600.056 1.7571113010908604e-07
26650.056 1.066489704523934e-07
26700.056 1.071656508578219e-07
26750.056 7.973046776257021e-08
26800.056 1.1380653861257717e-07
26850.056 7.464397251220202e-08
26900.056 1.2929103244922347e-07
26950.056 7.859056603036787e-08
27000.056 1.4011591290243531e-07
27050.056 1.1418309537071485e-07
27100.056 1.049615367964761e-07
27150.056 1.461900120973234e-07
27200.056 1.157576592367338e-07
27250.056 1.2263237200125338e-07
27300.056 1.9070251305681412e-07
27350.056 1.6294817249055895e-07
27400.056 9.075723786708575e-08
27450.056 2.0226253680083437e-07
27500.056 1.8685446459703742e-07
27550.056 1.2576683755336928e-07
27600.056 1.9407722889717733e-07
27650.056 1.1639264113199195e-07
27700.056 1.0268613203031565e-07
27750.056 1.9223004978246327e-07
27800.056 1.1122977791917627e-07
27850.056 1.2904811077771188e-07
27900.056 1.3981570768612642e-07
27950.056 1.9693396472449762e-07
28000.056 1.7019244204804306e-07
28050.056 9.270725491062371e-08
28100.056 2.0946931872972635e-07
28150.056 1.447978527271297e-07
28200.056 9.870166974841209e-08
28250.056 1.920487268045013e-07
28300.056 2.3443868932821194e-07
28350.056 1.2170416820395848e-07
28400.056 1.6099317369987438e-07
28450.056 1.959536491990237e-07
28500.056 1.7496392910664972e-07
28550.056 9.306405208975994e-08
28600.056 2.19116606163054e-07
28650.056 1.972807043824907e-07
28700.056 1.7586409620446242e-07
28750.056 2.190048536299235e-07
28800.056 1.9616485015685575e-07
28850.056 2.2070095252782553e-07
28900.056 1.397887224952916e-07
28950.056 2.4857788283140483e-07
29000.056 2.0063449806955485e-07
29050.056 2.1396100592536675e-07
29100.056 1.6373977974653498e-07
29150.056 2.517040960390834e-07
29200.056 1.9584212705653127e-07
29250.056 2.5343428601391373e-07
29300.056 1.775145671117256e-07
29350.056 3.263558575441168e-07
29400.056 2.1908121095656132e-07
29450.056 2.3838578460617612e-07
29500.056 2.472886067525777e-07
29550.056 2.35112772571292e-07
29600.056 2.657263211272985e-07
29650.056 2.5210171854116424e-07
29700.056 2.089465318391035e-07
29750.056 2.666010560082935e-07
29800.056 2.8109010336675636e-07
29850.056 2.771617566601542e-07
29900.056 2.5889985387184007e-07
29950.056 2.8334184253872953e-07
30000.056 2.6504054354459486e-07
30050.056 2.430474260899854e-07
30100.056 2.2915620094991323e-07
30150.056 3.0683841594998375e-07
30200.056 2.442290083869921e-07
30250.056 2.977181256370629e-07
30300.056 2.537710299490046e-07
30350.056 2.3425843312801465e-07
30400.056 2.6851985546799976e-07
30450.056 2.1324522492763773e-07
30500.056 1.7384812708201915e-07
30550.056 1.8413946128700865e-07
30600.056 1.9742123469498903e-07
30650.056 1.7297097749795827e-07
30700.056 1.7056663250217824e-07
30750.056 1.5696672610297866e-07
30800.056 1.3994524444002825e-07
30850.056 1.255023058139539e-07
30900.056 1.2831168098297358e-07
30950.056 1.1054365175502973e-07
31000.056 9.987583393260295e-08
31050.056 1.0896474323701072e-07
31100.056 8.462081595999127e-08
31150.056 9.223283943389456e-08
31200.056 1.00935888788016e-07
31250.056 7.599431169928598e-08
31300.056 7.672332063998977e-08
31350.056 7.317891266040126e-08
31400.056 6.205354059260334e-08
31450.056 6.39758944629889e-08
31500.056 5.574727911738409e-08
31550.056 5.967755138859689e-08
31600.056 5.086374661399776e-08
31650.056 4.7794028094301336e-08
31700.056 4.7844345489990424e-08
31750.056 4.2488089253616714e-08
31800.056 5.0036450467991365e-08
31850.056 4.49947378976068e-08
31900.056 5.0222926255997724e-08
31950.056 3.586797586310373e-08
32000.056 4.4295165724493495e-08
32050.056 4.619590684870177e-08
32100.056 4.631970633500892e-08
32150.056 4.74086763255928e-08
32200.056 4.304222649200036e-08
32250.056 5.23268674564062e-08
32300.056 4.2820158696499284e-08
32350.056 5.53655459705923e-08
32400.056 4.1965771874693433e-08
32450.056 5.2891444901081044e-08
32500.056 5.216908241310741e-08
32550.056 4.929686957519513e-08
32600.056 5.5623500917400575e-08
32650.056 7.158302795218926e-08
32700.056 6.487881134901103e-08
32750.056 7.024108127400579e-08
32800.056 6.715346397210672e-08
32850.056 7.22592729999879e-08
32900.056 8.066055973459204e-08
32950.056 8.198831762299144e-08
33000.056 7.092523006277804e-08
33050.056 6.441555677802805e-08
33100.056 4.279050721999588e-08
33150.056 2.7206862841802088e-08
33200.056 2.0916759830197387e-08
33250.056 1.3964916046196374e-08
33300.056 1.4309416612602533e-08
33350.056 1.895093608010033e-08
33400.056 2.3901814278994043e-08
33450.056 3.0504013955098794e-08
33500.056 4.125469068601333e-08
33550.056 4.298189432081293e-08
33600.056 5.69929473129936e-08
33650.056 6.064598804699599e-08
33700.056 5.5404822922590247e-08
33750.056 7.107103970500691e-08
33800.056 6.779295195630079e-08
33850.056 7.392537304599128e-08
33900.056 6.289293490299822e-08
33950.056 6.314435195499594e-08
34000.056 7.402367217601762e-08
34050.056 5.4996141246180696e-08
34100.056 7.429966627999058e-08
34150.056 6.620808733989483e-08
34200.056 6.122716902787907e-08
34250.056 6.626539318396989e-08
34300.056 6.079055734726841e-08
34350.056 5.338449161499997e-08
34400.056 5.3066569472194894e-08
34450.056 6.423148264999e-08
34500.056 6.118521441500065e-08
34550.056 5.679466206260234e-08
34600.056 7.290944305199772e-08
34650.056 6.297999817779623e-08
34700.056 6.50126165439959e-08
34750.056 6.745131494698482e-08
34800.056 6.449009002608777e-08
34850.056 6.403666722801596e-08
34900.056 7.32258526715824e-08
34950.056 7.203820948598618e-08
35000.056 9.194978778052201e-08
35050.056 6.832980143299085e-08
35100.056 7.785925549400262e-08
35150.056 7.773590139500549e-08
35200.056 8.357338694199676e-08
35250.056 9.70292093309793e-08
35300.056 8.62231515510168e-08
35350.056 8.183843099097702e-08
35400.056 8.918628114701537e-08
35450.056 6.836629714302807e-08
35500.056 1.0607686841000537e-07
35550.056 1.0477965010198546e-07
35600.056 9.29413288600326e-08
35650.056 1.0352507236699814e-07
35700.056 9.623380141599353e-08
35750.056 1.1181279688598475e-07
35800.056 1.4303852763000195e-07
35850.056 1.0121431581498878e-07
35900.056 1.268905801159977e-07
35950.056 1.196598611359855e-07
36000.056 1.2242746114602188e-07
36050.056 1.1944383075297652e-07
36100.056 1.2677552468992786e-07
36150.056 1.2796795749198035e-07
36200.056 1.3796495637597697e-07
36250.056 1.3393057009796416e-07
36300.056 1.4604489697601047e-07
36350.056 1.442630756820012e-07
36400.056 1.436699336999948e-07
36450.056 1.6582012952600701e-07
36500.056 1.709108333379842e-07
36550.056 1.7534146134504592e-07
36600.056 1.954774381700075e-07
36650.056 1.9569015356596145e-07
36700.056 2.0747532058997943e-07
36750.056 2.2001978290808032e-07
36800.056 2.2097581829599546e-07
36850.056 2.2136752857994764e-07
36900.056 2.2189691903097686e-07
36950.056 2.5671643615997586e-07
37000.056 2.5207122812199097e-07
37050.056 2.4797054208798245e-07
37100.056 2.7667992328298545e-07
37150.056 2.426100974930169e-07
37200.056 2.7597542133499404e-07
37250.056 2.864802786779532e-07
37300.056 2.5946602297390647e-07
37350.056 2.61168445083052e-07
37400.056 3.510058920099937e-07
37450.056 3.026912495060243e-07
37500.056 2.9914469702495873e-07
37550.056 3.4165053589814236e-07
37600.056 3.632880934400179e-07
37650.056 3.100404534699958e-07
37700.056 3.9410898445004326e-07
37750.056 3.293218433730044e-07
37800.056 3.4728711895020056e-07
37850.056 3.072243529040175e-07
37900.056 3.2196518683812346e-07
37950.056 3.477230643399347e-07
38000.056 4.15769564268009e-07
38050.056 4.1227324270407854e-07
38100.056 3.8100242006607146e-07
38150.056 4.46458147999973e-07
38200.056 4.6232096192609407e-07
38250.056 4.37964252271022e-07
38300.056 5.14183699839946e-07
38350.056 5.35846976680038e-07
38400.056 4.247649146598949e-07
38450.056 4.6682203390395193e-07
38500.056 3.795450636830979e-07
38550.056 4.941845447300607e-07
38600.056 5.115771538900031e-07
38650.056 4.974924835499565e-07
38700.056 5.318734298999825e-07
38750.056 5.624030353700075e-07
38800.056 4.936405360497599e-07
38850.056 4.968100165500306e-07
38900.056 5.771135487700564e-07
38950.056 5.515778928679693e-07
39000.056 5.79525951369988e-07
39050.056 5.613262792199377e-07
39100.056 5.623825073600861e-07
39150.056 5.787199064299978e-07
39200.056 6.016339661189722e-07
39250.056 6.409186932998681e-07
39300.056 5.781552348197867e-07
39350.056 6.677152385600474e-07
39400.056 6.432380613820887e-07
39450.056 6.402886926839752e-07
39500.056 6.032510595700689e-07
39550.056 6.480803711410602e-07
39600.056 6.816115245597915e-07
39650.056 6.9392768612e-07
39700.056 6.825460547400121e-07
39750.056 6.245287745870816e-07
39800.056 6.77650293999835e-07
39850.056 7.431534255599786e-07
39900.056 7.220854170400521e-07
39950.056 7.249837256198369e-07
40000.056 7.758223512101107e-07
40050.056 7.35928368720038e-07
40100.056 7.261427481780124e-07
40150.056 7.674122067899199e-07
40200.056 7.791221057698051e-07
40250.056 7.183254526598181e-07
40300.056 7.264751427300802e-07
40350.056 7.780657690400509e-07
40400.056 8.219869247799798e-07
40450.056 8.000268010101343e-07
40500.056 7.717549705100755e-07
40550.056 8.303642765779054e-07
40600.056 7.574374449100993e-07
40650.056 7.647085675658739e-07
40700.056 8.990045704199813e-07
40750.056 7.811745087898082e-07
40800.056 7.061083917297815e-07
40850.056 8.244807591601644e-07
40900.056 7.974914424340334e-07
40950.056 7.767262867000122e-07
41000.056 8.055213992900422e-07
41050.056 8.661359571899178e-07
41100.056 7.623652154399811e-07
41150.056 7.09155426143925e-07
41200.056 8.256701865699554e-07
41250.056 7.755945099999831e-07
41300.056 6.936444131498314e-07
41350.056 8.682345154000857e-07
41400.056 8.042297095001272e-07
41450.056 8.149890128601808e-07
41500.056 7.511496062019657e-07
41550.056 7.561705924200622e-07
41600.056 8.373236428320623e-07
41650.056 7.992379168800867e-07
41700.056 7.273972926198165e-07
41750.056 7.207242394099597e-07
41800.056 7.327769656099634e-07
41850.056 5.768023268100305e-07
41900.056 6.54859494741951e-07
41950.056 5.765022322901422e-07
42000.056 5.675773092600877e-07
42050.056 5.126657402899341e-07
42100.056 6.066321587600488e-07
42150.056 4.7164573572988385e-07
42200.056 4.7614712317400304e-07
42250.056 4.7643169348494117e-07
42300.056 4.2775983750002314e-07
42350.056 5.065053069001011e-07
42400.056 4.4097501772009876e-07
42450.056 4.238626435200193e-07
42500.056 4.339137870300017e-07
42550.056 4.3188631842996353e-07
42600.056 4.149934718080965e-07
42650.056 4.0939523477990693e-07
42700.056 4.2710921907809616e-07
42750.056 4.0608732548995736e-07
42800.056 4.010518322181123e-07
42850.056 4.5176374823986576e-07
42900.056 4.461868539800503e-07
42950.056 4.249784473398285e-07
43000.056 4.3708928250798603e-07
43050.056 3.82299744661171e-07
43100.056 4.346393068800238e-07
43150.056 4.2289807732806753e-07
43200.056 4.592199632300499e-07
43250.056 4.4759671268991325e-07
43300.056 4.634133280600083e-07
43350.056 4.2018301445995395e-07
43400.056 4.3604817384998965e-07
43450.056 4.254038402080671e-07
43500.056 4.1117458804997e-07
43550.056 4.358523009760429e-07
43600.056 4.686675987600202e-07
43650.056 4.296089169650397e-07
43700.056 4.5015649212990593e-07
43750.056 4.4516135711011423e-07
43800.056 4.2166763384598753e-07
43850.056 4.351516153000788e-07
43900.056 4.5093081893994344e-07
43950.056 4.015139231900312e-07
44000.056 3.928015866140462e-07
44050.056 4.5019875371004715e-07
44100.056 4.735388028800341e-07
44150.056 4.5716933031989736e-07
44200.056 4.510793846099878e-07
44250.056 4.3714469781200866e-07
44300.056 4.19942410317065e-07
44350.056 4.210392262110512e-07
44400.056 4.449098394799877e-07
44450.056 4.555446255099879e-07
44500.056 4.749741777200614e-07
44550.056 4.771134791299354e-07
44600.056 4.4584535403604974e-07
44650.056 4.77453649629071e-07
44700.056 4.224621661800071e-07
44750.056 4.715605143799816e-07
44800.056 4.6622210477000526e-07
44850.056 4.6359482052007987e-07
44900.056 4.2713085678003843e-07
44950.056 4.4046509390202785e-07
45000.056 4.6319568327996856e-07
45050.056 4.649656487699913e-07
45100.056 4.743154289199924e-07
45150.056 4.531652597569796e-07
45200.056 4.171792589900293e-07
45250.056 4.3736964991991945e-07
45300.056 4.411226239100337e-07
45350.056 4.489765368299485e-07
45400.056 4.682283454800373e-07
45450.056 4.348184452299329e-07
45500.056 4.502124531799778e-07
45550.056 4.870301370599337e-07
45600.056 4.6704587957000846e-07
45650.056 4.0849568873191965e-07
45700.056 4.596608104920612e-07
45750.056 4.203704887949923e-07
45800.056 4.503468085299921e-07
45850.056 5.074151130399805e-07
45900.056 5.064306304400219e-07
45950.056 4.3846287030001156e-07
46000.056 4.967013870350201e-07
46050.056 4.777425232400511e-07
46100.056 4.5304611125001435e-07
46150.056 4.6232065074997886e-07
46200.056 4.7136973916009216e-07
46250.056 4.0315870244496803e-07
46300.056 5.004653918819764e-07
46350.056 4.5239301801998805e-07
46400.056 4.62615498689992e-07
46450.056 4.718729031900449e-07
46500.056 4.37202595210019e-07
46550.056 4.99115025199982e-07
46600.056 4.877873109680074e-07
46650.056 6.082098137799137e-07
46700.056 5.475174310201265e-07
46750.056 4.340519398240021e-07
46800.056 4.419266904900452e-07
46850.056 5.502780657400826e-07
46900.056 5.169828038799273e-07
46950.056 5.546331623400148e-07
47000.056 4.7334649262000394e-07
47050.056 5.370789041198668e-07
47100.056 4.1687417101805736e-07
47150.056 4.613350985300347e-07
47200.056 5.152345816400514e-07
47250.056 4.504488641299874e-07
47300.056 4.266592175109424e-07
47350.056 4.620288333099508e-07
47400.056 5.225381485499328e-07
47450.056 4.595552531950109e-07
47500.056 5.318615836199315e-07
47550.056 4.659590788299755e-07
47600.056 5.066943091499516e-07
47650.056 4.0832701899790967e-07
47700.056 5.17216486791097e-07
47750.056 3.704143981190369e-07
47800.056 4.911653519299735e-07
47850.056 3.798575077889587e-07
47900.056 4.719364988899744e-07
47950.056 4.087827469400303e-07
48000.056 5.602291488400386e-07
48050.056 4.769444596900356e-07
48100.056 4.5818513895000324e-07
48150.056 4.556766241400514e-07
48200.056 4.952158992900353e-07
48250.056 4.386826470200059e-07
48300.056 5.428451658198579e-07
48350.056 3.992044015800184e-07
48400.056 4.2267627938596753e-07
48450.056 4.341465626700766e-07
48500.056 5.553851195199789e-07
48550.056 4.1132774543600533e-07
48600.056 5.051630724799917e-07
48650.056 4.4378232048997163e-07
48700.056 4.961245683700221e-07
48750.056 3.696920155290846e-07
48800.056 5.774584792200056e-07
48850.056 4.051815046949139e-07
48900.056 5.427245913900235e-07
48950.056 4.81182249970039e-07
49000.056 3.945564019759138e-07
49050.056 5.118378627499913e-07
49100.056 4.7615180644005487e-07
49150.056 4.887424967389949e-07
49200.056 4.881003070600144e-07
49250.056 5.160912542800457e-07
49300.056 4.470831862339847e-07
49350.056 4.159362420780359e-07
49400.056 5.014198519399883e-07
49450.056 4.595079159651288e-07
49500.056 4.4460342662997063e-07
49550.056 3.6196536632001824e-07
49600.056 4.4276478621208643e-07
49650.056 4.6575753215997663e-07
49700.056 4.2116609361290777e-07
49750.056 5.570841706998994e-07
49800.056 4.471418837100192e-07
49850.056 5.801551821900943e-07
49900.056 4.655338884420107e-07
49950.056 4.856195804099485e-07
50000.056 4.7548821828993903e-07
50050.056 5.049236441900125e-07
50100.056 4.954739518299896e-07
50150.056 3.9052373821998625e-07
50200.056 3.048232645380076e-07
50250.056 4.916963927399621e-07
50300.056 4.3290179090000025e-07
50350.056 5.579582943400169e-07
50400.056 4.697612393199672e-07
50450.056 4.348551312580741e-07
50500.056 5.311556389000655e-07
50550.056 4.66405966250017e-07
50600.056 4.7521130562993814e-07
50650.056 5.05846568900093e-07
50700.056 5.484357446098501e-07
50750.056 5.326143074000831e-07
50800.056 3.705597928859514e-07
50850.056 4.101520668700911e-07
50900.056 5.476817442799924e-07
50950.056 4.825170137901076e-07
51000.056 5.625867218500601e-07
51050.056 4.519117884000208e-07
51100.056 3.675254151929535e-07
51150.056 4.6402529715594575e-07
51200.056 5.512055561899801e-07
51250.056 4.804608091259206e-07
51300.056 4.1001245325818047e-07
51350.056 4.3761506420996736e-07
51400.056 3.434128960919642e-07
51450.056 2.9313921716192523e-07
51500.056 3.593673373630772e-07
51550.056 5.592035442880578e-07
51600.056 4.0696804689204783e-07
51650.056 4.3513322947993667e-07
51700.056 4.4336000260388746e-07
51750.056 3.691460382400302e-07
51800.056 4.90998434249867e-07
51850.056 4.762125897399762e-07
51900.056 5.656238511401209e-07
51950.056 4.911369731999515e-07
52000.056 3.1175677005897707e-07
52050.056 4.42426867409014e-07
52100.056 3.666202619799517e-07
52150.056 3.579429701720167e-07
52200.056 3.450335155279756e-07
52250.056 4.003244689400272e-07
52300.056 5.240473193299625e-07
52350.056 4.688101741260286e-07
52400.056 3.3378060975303246e-07
52450.056 4.5092540249002526e-07
52500.056 4.76667622259904e-07
52550.056 4.938351656398764e-07
52600.056 4.311658441400763e-07
52650.056 4.619405058141059e-07
52700.056 4.180687138080051e-07
52750.056 3.2708532243197613e-07
52800.056 3.845734463000392e-07
52850.056 3.82233816253911e-07
52900.056 3.9230551472203e-07
52950.056 4.029712159519747e-07
53000.056 4.803257438049857e-07
53050.056 3.391498179508768e-07
53100.056 3.7190726674992547e-07
53150.056 5.281554896600361e-07
53200.056 3.1240983928299474e-07
53250.056 5.039819972000302e-07
53300.056 4.823752882072349e-07
53350.056 4.795703838399577e-07
53400.056 4.82822288790042e-07
53450.056 3.431265327850237e-07
53500.056 2.60306108039928e-07
53550.056 3.6151150638792645e-07
53600.056 4.3740015701807894e-07
53650.056 3.561476738259818e-07
53700.056 3.5458348945607387e-07
53750.056 3.625930140550371e-07
53800.056 3.656888760100764e-07
53850.056 4.5445894728984636e-07
53900.056 3.3092964600808763e-07
53950.056 4.7330843444996294e-07
54000.056 3.788814559740318e-07
54050.056 3.873019106820511e-07
54100.056 2.5802855204394304e-07
54150.056 3.257565221580728e-07
54200.056 2.2222176658698921e-07
54250.056 2.852750958300255e-07
54300.056 2.8102040328200934e-07
54350.056 3.613237078279002e-07
54400.056 4.0526051452992687e-07
54450.056 3.748325803299739e-07
54500.056 3.52883028140013e-07
54550.056 3.1118948123000136e-07
54600.056 3.529499862119815e-07
54650.056 2.723778847219595e-07
54700.056 3.9289907706297046e-07
54750.056 3.9847176879602987e-07
54800.056 2.8271314552999963e-07
54850.056 3.275574000149991e-07
54900.056 3.991716203200392e-07
54950.056 4.286525662599493e-07
55000.056 3.224371425999534e-07
55050.056 3.690776552799623e-07
55100.056 3.693082772900398e-07
55150.056 2.9492006143092373e-07
55200.056 3.147633899449895e-07
55250.056 2.899813339059718e-07
55300.056 2.7933999748597303e-07
55350.056 3.837313235751088e-07
55400.056 4.028834702140661e-07
55450.056 3.1713891879896514e-07
55500.056 2.1539119334204939e-07
55550.056 2.9562326231994734e-07
55600.056 3.2081421754396945e-07
55650.056 2.5469655939995586e-07
55700.056 3.063897159610341e-07
55750.056 3.1340234115195444e-07
55800.056 2.7008588502003954e-07
55850.056 2.421015108259843e-07
55900.056 3.28063822557958e-07
55950.056 4.2917920596000084e-07
56000.056 2.75263258871934e-07
56050.056 3.112170770280155e-07
56100.056 3.5649109743299397e-07
56150.056 2.755073511710318e-07
56200.056 3.075751991549294e-07
56250.056 2.9061372136405866e-07
56300.056 3.270644203899669e-07
56350.056 3.7624010771000457e-07
56400.056 2.621476189209928e-07
56450.056 2.682763895500041e-07
56500.056 2.6404325990402015e-07
56550.056 2.168734793429981e-07
56600.056 3.3546378174989946e-07
56650.056 3.3059247767804493e-07
56700.056 3.6917555566000685e-07
56750.056 2.4893831980596815e-07
56800.056 3.526918292730707e-07
56850.056 2.945890569909868e-07
56900.056 2.5769544813002966e-07
56950.056 3.4726217137597907e-07
57000.056 3.608609072700095e-07
57050.056 3.226773645099425e-07
57100.056 1.9226900503599753e-07
57150.056 2.891594228860773e-07
57200.056 2.420429666539898e-07
57250.056 2.5419028052399214e-07
57300.056 3.18478056130046e-07
57350.056 2.337341856589785e-07
57400.056 3.391273932039679e-07
57450.056 3.148137877759437e-07
57500.056 3.2740446675009694e-07
57550.056 3.465592187280646e-07
57600.056 3.825373436499334e-07
57650.056 1.92782707618008e-07
57700.056 2.4001374755400346e-07
57750.056 3.002824144420149e-07
57800.056 2.0668145029893832e-07
57850.056 3.57957429600033e-07
57900.056 3.764812320100119e-07
57950.056 3.6969548458998e-07
58000.056 2.8141977146695355e-07
58050.056 3.102695611599781e-07
58100.056 3.35189742646028e-07
58150.056 3.297629181599874e-07
58200.056 1.9787129504499958e-07
58250.056 2.333351170499552e-07
58300.056 1.8270834313800358e-07
58350.056 2.2776455241503187e-07
58400.056 2.525575267000355e-07
58450.056 2.585534563920622e-07
58500.056 2.798622875900335e-07
58550.056 3.22378764940033e-07
58600.056 2.3938388722594517e-07
58650.056 2.7789996070396605e-07
58700.056 2.652220829459557e-07
58750.056 3.2391733053000144e-07
58800.056 1.6471183419998112e-07
58850.056 2.6287197684100577e-07
58900.056 3.0479488582997667e-07
58950.056 2.3264599472392315e-07
59000.056 3.017810257600381e-07
59050.056 2.7715254355095695e-07
59100.056 3.739550114299753e-07
59150.056 3.2970633279395414e-07
59200.056 2.894999157499888e-07
59250.056 3.402530015100771e-07
59300.056 3.5135952229504604e-07
59350.056 2.2106404757999238e-07
59400.056 2.1366371806297458e-07
59450.056 2.924463226370423e-07
59500.056 2.1607874092995636e-07
59550.056 2.51330023373983e-07
59600.056 3.308042496580315e-07
59650.056 3.4395333296899544e-07
59700.056 2.2472786292796872e-07
59750.056 3.583589095099338e-07
59800.056 2.858465044870409e-07
59850.056 3.031266139679959e-07
59900.056 2.472694706059546e-07
59950.056 2.8918990577006273e-07
60000.056 3.982932513500225e-07
60050.056 3.323733242820666e-07
60100.056 3.3249701810988297e-07
60150.056 2.670976577839594e-07
60200.056 3.290733004279542e-07
60250.056 3.0875448264806063e-07
60300.056 2.998731328299426e-07
60350.056 2.547250697270374e-07
60400.056 3.220068736099497e-07
60450.056 2.1419192123895672e-07
60500.056 1.7216743332801819e-07
60550.056 2.83106065700021e-07
60600.056 3.118352611800099e-07
60650.056 2.9927282371594213e-07
60700.056 2.6693500202001354e-07
60750.056 2.523856902940045e-07
60800.056 3.104480693599699e-07
60850.056 3.577426473800607e-07
60900.056 3.377123514801233e-07
60950.056 2.893158346000233e-07
61000.056 3.15459919323041e-07
61050.056 2.768155297239963e-07
61100.056 3.1991418680998214e-07
61150.056 2.0920584496998255e-07
61200.056 3.333145667800281e-07
61250.056 3.632171161699676e-07
61300.056 3.2785939832002653e-07
61350.056 3.880142063599606e-07
61400.056 3.565284584899773e-07
61450.056 2.9328603954201986e-07
61500.056 2.983250548780864e-07
61550.056 3.08157791405977e-07
61600.056 2.6343280726803335e-07
61650.056 2.779156473299655e-07
61700.056 2.5166691943397465e-07
61750.056 3.1727316913993544e-07
61800.056 3.6910244021000874e-07
61850.056 2.482845928759834e-07
61900.056 3.5940863098009057e-07
61950.056 3.289750550500694e-07
62000.056 3.229909746500384e-07
62050.056 3.015565484179288e-07
62100.056 3.375176436100267e-07
62150.056 3.1228208298806337e-07
62200.056 3.2306287408995943e-07
62250.056 3.581388819299448e-07
62300.056 3.698294328239687e-07
62350.056 3.327173797199174e-07
62400.056 2.615233969280431e-07
62450.056 3.1215814958203315e-07
62500.056 3.4410508077996183e-07
62550.056 3.498972008960089e-07
62600.056 3.7048311318002784e-07
62650.056 3.051968919000373e-07
62700.056 3.249288462799769e-07
62750.056 3.895158264000163e-07
62800.056 3.2268519938994807e-07
62850.056 3.634623984500528e-07
62900.056 3.164982094498638e-07
62950.056 3.477716123040527e-07
63000.056 3.2029877342002873e-07
63050.056 3.933273713100318e-07
63100.056 3.7789134028994837e-07
63150.056 3.002323703509713e-07
63200.056 3.776725545899839e-07
63250.056 3.3642452373001163e-07
63300.056 3.2077862467999114e-07
63350.056 3.8031419186999813e-07
63400.056 2.7976655146799444e-07
63450.056 2.402247964500132e-07
63500.056 3.4866840155001405e-07
63550.056 2.934774847379563e-07
63600.056 3.240674909699942e-07
63650.056 3.214981172400456e-07
63700.056 2.598493754699952e-07
63750.056 2.7448680273997646e-07
63800.056 2.8030392938997667e-07
63850.056 3.0826779830007577e-07
63900.056 2.7132925318006605e-07
63950.056 2.8735116428004797e-07
64000.056 3.1238108903001745e-07
64050.056 2.8522202231994556e-07
64100.056 1.6952154221901094e-07
64150.056 2.0584281954296972e-07
64200.056 1.9648802215800786e-07
64250.056 2.748758641719553e-07
64300.056 2.2924592268798922e-07
64350.056 2.0400392346800835e-07
64400.056 2.647440275640105e-07
64450.056 2.423598782619982e-07
64500.056 2.0122766317297993e-07
64550.056 2.2674180203200022e-07
64600.056 2.234574594039595e-07
64650.056 2.7066874397007165e-07
64700.056 1.6749794161796713e-07
64750.056 1.9729975362998783e-07
64800.056 1.7629713073303372e-07
64850.056 1.7963834375801144e-07
64900.056 1.8582371713493697e-07
64950.056 1.8034514541499579e-07
65000.056 2.1354883038003755e-07
65050.056 2.2457203202999954e-07
65100.056 2.232038160579971e-07
65150.056 2.1944677369800154e-07
65200.056 2.0297032267298705e-07
65250.056 2.49787260079976e-07
65300.056 2.459232150230179e-07
65350.056 3.105929420399685e-07
65400.056 2.2374846067398613e-07
65450.056 2.346644189059883e-07
65500.056 2.6353980576998177e-07
65550.056 2.1133382596797658e-07
65600.056 2.5249968407308977e-07
65650.056 2.390959307069936e-07
65700.056 2.475109226859972e-07
65750.056 2.1084767519702314e-07
65800.056 2.5870351215802224e-07
65850.056 2.954818543399757e-07
65900.056 1.9866029534202748e-07
65950.056 1.5430581606299538e-07
66000.056 2.0630779384697788e-07
66050.056 3.24585725500052e-07
66100.056 2.4339571598100396e-07
66150.056 2.1981899449197815e-07
66200.056 1.8667911730301654e-07
66250.056 2.0500154688799296e-07
66300.056 1.5624775411998883e-07
66350.056 1.632472882680716e-07
66400.056 2.0131492566995387e-07
66450.056 2.705519604759836e-07
66500.056 3.337078640100286e-07
66550.056 2.9834758567392254e-07
66600.056 2.3593217755313274e-07
66650.056 2.784838897001189e-07
66700.056 2.372429510279364e-07
66750.056 2.8530100446003835e-07
66800.056 3.0588404152999606e-07
66850.056 2.0868718368413046e-07
66900.056 2.603837860951373e-07
66950.056 3.38120572770031e-07
67000.056 3.352930419899859e-07
67050.056 2.3907177348093907e-07
67100.056 2.513147588500442e-07
67150.056 2.1726705121300465e-07
67200.056 2.665461438690648e-07
67250.056 2.4715224813199763e-07
67300.056 2.6085713410301175e-07
67350.056 2.8234798435997987e-07
67400.056 3.0397600876594566e-07
67450.056 2.575802762100203e-07
67500.056 2.1491805197101538e-07
67550.056 2.569217364540039e-07
67600.056 3.436615466599845e-07
67650.056 2.751983608300798e-07
67700.056 2.4270839349789865e-07
67750.056 2.2490455375096605e-07
67800.056 2.391769033178477e-07
67850.056 2.2407208314999985e-07
67900.056 2.307420070799563e-07
67950.056 2.2596375764996712e-07
68000.056 2.592632319659438e-07
68050.056 2.895407507199981e-07
68100.056 2.729389044200199e-07
68150.056 2.2543883858794837e-07
68200.056 2.2813402926112487e-07
68250.056 2.0803232992596466e-07
68300.056 2.1964227641597092e-07
68350.056 2.005721363289523e-07
68400.056 2.604663164049704e-07
68450.056 2.8292518804107895e-07
68500.056 2.562797017800108e-07
68550.056 2.082747624549937e-07
68600.056 2.3924132939000877e-07
68650.056 1.758497774129976e-07
68700.056 2.1910735550003547e-07
68750.056 2.550366807640533e-07
68800.056 2.8528271567995313e-07
68850.056 2.3008474682995718e-07
68900.056 3.270243667400181e-07
68950.056 3.163387337501457e-07
69000.056 2.766338884579582e-07
69050.056 2.314276774698993e-07
69100.056 3.184205203699331e-07
69150.056 3.439114384499988e-07
69200.056 2.3149947297203687e-07
69250.056 3.025819015179811e-07
69300.056 2.981705272400874e-07
69350.056 2.714571318299406e-07
69400.056 2.2034499262594017e-07
69450.056 3.1548828845009225e-07
69500.056 2.806544267139647e-07
69550.056 2.6085185406999786e-07
69600.056 1.6254229892600868e-07
69650.056 2.425286469450944e-07
69700.056 2.7918220737997623e-07
69750.056 2.2574859291498894e-07
69800.056 2.551294121400039e-07
69850.056 2.8443803782010434e-07
69900.056 2.679976588689937e-07
69950.056 2.6571062029102177e-07
70000.056 2.2788933661002523e-07
70050.056 3.0141650006002834e-07
70100.056 2.1034274296406461e-07
70150.056 2.38754991639938e-07
70200.056 2.1203684648501192e-07
70250.056 2.306740966639748e-07
70300.056 2.605275212799666e-07
70350.056 2.3787686973999234e-07
70400.056 2.4907995582003e-07
70450.056 1.7339839594900812e-07
70500.056 1.978885221360437e-07
70550.056 1.8787954691602196e-07
70600.056 1.906115757709949e-07
70650.056 2.465508411400357e-07
70700.056 2.190964137700224e-07
70750.056 2.434175263500994e-07
70800.056 2.1989274222499677e-07
70850.056 1.9828504073205706e-07
70900.056 2.3263918667396766e-07
70950.056 2.401338946940621e-07
71000.056 2.213063892079526e-07
71050.056 2.355557075580452e-07
71100.056 1.942580214000512e-07
71150.056 1.8063503126997273e-07
71200.056 2.1750162553903512e-07
71250.056 2.2679224248001994e-07
71300.056 1.8616160437793203e-07
71350.056 2.2923695221205665e-07
71400.056 2.2469952611990635e-07
71450.056 1.9300379463102112e-07
71500.056 1.8905632807998063e-07
71550.056 1.7430255597702034e-07
71600.056 2.1080409681096469e-07
71650.056 2.1657868796001097e-07
71700.056 1.7863812207597778e-07
71750.056 1.701614377599737e-07
71800.056 2.015519000980054e-07
71850.056 2.0114191663993316e-07
71900.056 1.877527907159842e-07
71950.056 1.8998512965989802e-07
72000.056 1.7870278895403026e-07
72050.056 1.7297072556005935e-07
72100.056 1.66605339532997e-07
72150.056 1.9745127703396542e-07
72200.056 1.582609332870434e-07
72250.056 2.0187623242002158e-07
72300.056 1.7118225623603437e-07
72350.056 1.8452781790398188e-07
72400.056 1.8059630145601103e-07
72450.056 1.6344829510093783e-07
72500.056 1.839372332880581e-07
72550.056 1.338674293170013e-07
72600.056 1.821843896300046e-07
72650.056 1.7070719559001664e-07
72700.056 1.6675171171599033e-07
72750.056 1.7904738173995182e-07
72800.056 1.5090781016104771e-07
72850.056 1.5092221237101097e-07
72900.056 1.891823010479948e-07
72950.056 1.5525975823100372e-07
73000.056 1.6479168992495876e-07
73050.056 1.5013637961703728e-07
73100.056 1.6792938627302447e-07
73150.056 1.7843649452695766e-07
73200.056 1.381698999589162e-07
73250.056 1.5947310107696955e-07
73300.056 1.349378077039755e-07
73350.056 1.449375747469671e-07
73400.056 1.6417308522997354e-07
73450.056 1.474722414379807e-07
73500.056 1.603464892330087e-07
73550.056 1.5922902007097974e-07
73600.056 1.4846074501696776e-07
73650.056 1.5060145695600503e-07
73700.056 1.4500972325798157e-07
73750.056 1.3622577792394762e-07
73800.056 1.534745936210297e-07
73850.056 1.4868469574393886e-07
73900.056 1.5986167406695368e-07
73950.056 1.5441089966705014e-07
74000.056 1.3353367160797964e-07
74050.056 1.7229632470501896e-07
74100.056 1.6559729670795558e-07
74150.056 1.6509314618995286e-07
74200.056 1.4472723415394342e-07
74250.056 1.3213284864102108e-07
74300.056 1.4426911302798485e-07
74350.056 1.544901314290194e-07
74400.056 1.596173189809936e-07
74450.056 1.3977745127697293e-07
74500.056 1.47599254212958e-07
74550.056 1.637043257100372e-07
74600.056 1.3564081680903715e-07
74650.056 1.330077673900334e-07
74700.056 1.5580949314502668e-07
74750.056 1.356316368479826e-07
74800.056 1.5126205075704328e-07
74850.056 1.7388972472006206e-07
74900.056 1.810781284879603e-07
74950.056 1.4806331693895664e-07
75000.056 1.6836217674802307e-07
75050.056 1.5097324989199993e-07
75100.056 1.8125747186805e-07
75150.056 1.811201439690042e-07
75200.056 1.7373282776999948e-07
75250.056 1.855661241499806e-07
75300.056 1.7671655978001135e-07
75350.056 1.5957481482998811e-07
75400.056 1.9752430193000511e-07
75450.056 1.8567824165405621e-07
75500.056 1.667374457000285e-07
75550.056 1.637525777610104e-07
75600.056 2.0140110741005128e-07
75650.056 1.7533579491798524e-07
75700.056 1.9010927608195978e-07
75750.056 1.769866002761477e-07
75800.056 1.77420841599936e-07
75850.056 1.8977138612007678e-07
75900.056 1.8752118011601558e-07
75950.056 1.83113347971974e-07
76000.056 1.8269632436594687e-07
76050.056 1.9843809999194478e-07
76100.056 1.923777477019717e-07
76150.056 2.0185589967994695e-07
76200.056 1.848241250860589e-07
76250.056 2.090151097019567e-07
76300.056 2.0670041260994565e-07
76350.056 2.3531812407004003e-07
76400.056 2.1429359759006387e-07
76450.056 2.2215668907506846e-07
76500.056 2.057869982800253e-07
76550.056 1.7909473657101532e-07
76600.056 1.1731406722099634e-07
76650.056 1.3745242975198934e-07
76700.056 1.28996235484994e-07
76750.056 1.3414396397402678e-07
76800.056 1.6483715710404193e-07
76850.056 1.456279600890604e-07
76900.056 1.303081097599644e-07
76950.056 1.2057171882702318e-07
77000.056 1.240409850060156e-07
77050.056 1.1660766617398443e-07
77100.056 1.2395373992899922e-07
77150.056 1.3630912630599072e-07
77200.056 1.1820855325600741e-07
77250.056 1.359980261810243e-07
77300.056 1.324595653489868e-07
77350.056 1.1921426149598453e-07
77400.056 1.1141838966899768e-07
77450.056 1.202828415659974e-07
77500.056 1.292671119499751e-07
77550.056 1.325106705650068e-07
77600.056 1.2690501879999824e-07
77650.056 1.3627122927600627e-07
77700.056 1.3108121261495848e-07
77750.056 1.3178627362899631e-07
77800.056 1.346598114140172e-07
77850.056 1.4282869700001893e-07
77900.056 1.3143134404897432e-07
77950.056 1.4276956297799515e-07
78000.056 1.4105687442000312e-07
78050.056 1.2710704428500348e-07
78100.056 1.3936543090003805e-07
78150.056 1.3515844714004314e-07
78200.056 1.6101050697999432e-07
78250.056 1.4696091804100053e-07
78300.056 1.434842517999737e-07
78350.056 1.4705924411803484e-07
78400.056 1.6393776234798134e-07
78450.056 1.469346290580428e-07
78500.056 1.7806502298001188e-07
78550.056 1.5570868733196506e-07
78600.056 1.6797095889001367e-07
78650.056 1.5417923220599586e-07
78700.056 1.6470570862605917e-07
78750.056 1.6225663412002122e-07
78800.056 1.6467660785396307e-07
78850.056 1.5183579847995123e-07
78900.056 1.5661740546403003e-07
78950.056 1.6417543529999984e-07
79000.056 1.639937839180242e-07
79050.056 1.6636861987198208e-07
79100.056 1.730004048999848e-07
79150.056 1.6045636477605438e-07
79200.056 1.700949040509814e-07
79250.056 1.5900275413999336e-07
79300.056 1.7225969905402016e-07
79350.056 1.7552834458003748e-07
79400.056 1.6253482894206187e-07
79450.056 1.577078935939802e-07
79500.056 1.7982712743897538e-07
79550.056 1.863410605060791e-07
79600.056 1.7544202320799897e-07
79650.056 1.7394270605997597e-07
79700.056 1.7774143197201828e-07
79750.056 1.8061200613602311e-07
79800.056 1.5208971711908832e-07
79850.056 1.9129142550200066e-07
79900.056 1.9332371975998475e-07
79950.056 2.06776893599995e-07
