# %ECSV 1.0
# ---
# datatype:
# - {name: wav, unit: Angstrom, datatype: float64}
# - {name: flux_nu, unit: erg / (cm2 Hz s), datatype: float64}
# meta: {C/O: '1.00', Kzz: '1.0000E+05', Teff: '500.', Y: '0.28', '[Fe/H]': '0.50', f_hole: '1.00', f_rain: '0.00', grav: '32.'}
# schema: astropy-2.0
wav flux_nu
4000.0559999999996 nan
4050.0559999999996 1.6079454694499476e-16
4100.056 2.1858341891300492e-14
4150.056 1.8799506037900075e-13
4200.056 1.8325822994015257e-13
4250.056 1.4013155605700008e-12
4300.056 2.8648884290000183e-12
4350.056 4.6026537025000485e-12
4400.056 6.627356654000027e-12
4450.056 9.797455825599966e-12
4500.056 1.2084499346600126e-11
4550.056 1.1973936752631183e-11
4600.056 4.46927442495558e-12
4650.056 2.5872360032999994e-12
4700.056 1.1888293865199886e-12
4750.056 2.856720769599952e-13
4800.056 8.100871330299919e-14
4850.056 2.7017126323999728e-14
4900.056 1.2430869249599931e-14
4950.056 6.8354184402999656e-15
5000.056 3.556287513399963e-15
5050.056 2.1754482099600053e-15
5100.056 2.2213675993000304e-15
5150.056 2.4151248595000566e-15
5200.056 2.628956246200015e-15
5250.056 2.834865144400002e-15
5300.056 3.072622713599999e-15
5350.056 3.3670028141000055e-15
5400.056 3.674125674899995e-15
5450.056 4.064202070100037e-15
5500.056 4.5186304808000846e-15
5550.056 4.996392716900029e-15
5600.056 5.4382753074999915e-15
5650.056 5.776492861699979e-15
5700.056 5.838967374300011e-15
5750.056 5.7754283666999995e-15
5800.056 5.308074746299994e-15
5850.056 3.887353323499923e-15
5900.056 1.2704820613816436e-15
5950.056 7.318118414830391e-15
6000.056 1.4672106279099495e-14
6050.056 2.6088406333900892e-14
6100.056 4.257412862300064e-14
6150.056 6.420992246400065e-14
6200.056 9.310203961900067e-14
6250.056 1.289288793610001e-13
6300.056 1.8244216969600045e-13
6350.056 2.5305769347000246e-13
6400.056 3.434263808100044e-13
6450.056 4.2711523612497796e-13
6500.056 5.862952318589835e-13
6550.056 8.198674847479964e-13
6600.056 1.1512644339200641e-12
6650.056 1.6126105713800164e-12
6700.056 2.1255715936200185e-12
6750.056 2.992406218400024e-12
6800.056 3.6669917655000655e-12
6850.056 3.91528148550001e-12
6900.056 3.291346234520107e-12
6950.056 2.6523252427862087e-12
7000.056 2.7826841872460507e-12
7050.056 2.8782302688981153e-12
7100.056 3.0993070215908744e-12
7150.056 2.6832505201199654e-12
7200.056 2.4130342052666176e-12
7250.056 2.6183469923704454e-12
7300.056 2.6769959378766286e-12
7350.056 2.8860308963745515e-12
7400.056 3.1369261274852123e-12
7450.056 3.4796565435602654e-12
7500.056 3.73883419262988e-12
7550.056 3.909515356399947e-12
7600.056 3.86993544369999e-12
7650.056 1.5480366386769492e-12
7700.056 1.2270258191150402e-12
7750.056 4.596772809300045e-12
7800.056 6.269629429959859e-12
7850.056 8.680555376149955e-12
7900.056 1.1189125045279443e-11
7950.056 1.2582754572819891e-11
8000.056 1.689360102444997e-11
8050.056 2.0395822017700512e-11
8100.056 1.9478178083662577e-11
8150.056 2.1770914826092014e-11
8200.056 3.171984866819675e-11
8250.056 3.7699537471793656e-11
8300.056 4.71064301608866e-11
8350.056 4.895053188222211e-11
8400.056 5.821475524340987e-11
8450.056 7.674616026029553e-11
8500.056 8.92198167260936e-11
8550.056 1.2047190335750174e-10
8600.056 1.5512869791200313e-10
8650.056 1.8618509193100666e-10
8700.056 2.0204470454000466e-10
8750.056 2.351985346060016e-10
8800.056 2.458808219230114e-10
8850.056 1.8702244674938316e-10
8900.056 3.204993947358072e-11
8950.056 5.5183830584211544e-11
9000.056 3.493409605974518e-11
9050.056 1.337013291846876e-10
9100.056 1.9274636667876326e-10
9150.056 2.4665161683096447e-10
9200.056 4.465054943551537e-10
9250.056 4.803271011725933e-10
9300.056 9.690265315512483e-11
9350.056 1.1269383235950509e-10
9400.056 1.9733842127504588e-10
9450.056 2.5778746601898087e-10
9500.056 2.159340256171952e-10
9550.056 2.6637143787190927e-10
9600.056 2.3429251368148523e-10
9650.056 3.1990772906298154e-10
9700.056 4.6056896990155367e-10
9750.056 4.3824720083647864e-10
9800.056 4.572921782033188e-10
9850.056 5.012357968370216e-10
9900.056 6.567564736905093e-10
9950.056 5.152330421779529e-10
10000.056 6.727694847914423e-10
10050.056 6.982910569791188e-10
10100.056 1.071191250701687e-09
10150.056 1.24702087766493e-09
10200.056 1.538968220808356e-09
10250.056 1.899114231104924e-09
10300.056 2.5348153587538253e-09
10350.056 3.2539820521477647e-09
10400.056 5.269860236583792e-09
10450.056 7.032691958149714e-09
10500.056 8.870949368814643e-09
10550.056 1.1173128744940785e-08
10600.056 1.2330915929888915e-08
10650.056 1.3421410544785468e-08
10700.056 1.3046094296351024e-08
10750.056 1.36193561609609e-08
10800.056 1.2740410015867933e-08
10850.056 1.0340830525883795e-08
10900.056 6.121671913994336e-09
10950.056 2.4334092770599187e-09
11000.056 1.6242148510236184e-09
11050.056 8.712717395158965e-10
11100.056 4.059414513378556e-10
11150.056 1.206000824627036e-10
11200.056 5.470752077412687e-11
11250.056 6.347150240803082e-11
11300.056 1.2827669142934541e-10
11350.056 3.6720841501329655e-11
11400.056 7.788840395163411e-11
11450.056 6.998081197784895e-11
11500.056 3.371335666751415e-11
11550.056 4.944546550860367e-12
11600.056 5.4109627072915686e-12
11650.056 2.3679253455104854e-11
11700.056 2.2869327747770117e-11
11750.056 2.3695051092000838e-12
11800.056 2.336525047285398e-11
11850.056 4.95230162192841e-11
11900.056 5.315356341616299e-11
11950.056 9.797710339303008e-11
12000.056 2.1315992152260355e-10
12050.056 4.5147464798115924e-10
12100.056 1.015484954944738e-09
12150.056 2.022850694013628e-09
12200.056 3.0105151546675645e-09
12250.056 5.4284489065985395e-09
12300.056 9.027051715586103e-09
12350.056 9.606964927024437e-09
12400.056 1.5588405045415538e-08
12450.056 2.2477371816592098e-08
12500.056 2.5731547738937438e-08
12550.056 3.088149299045986e-08
12600.056 3.457885643297533e-08
12650.056 3.3653910078737214e-08
12700.056 3.321462624426753e-08
12750.056 2.696362685871503e-08
12800.056 2.1984208282711375e-08
12850.056 1.394149374697074e-08
12900.056 9.584926560706114e-09
12950.056 7.462903953473864e-09
13000.056 5.703095371749902e-09
13050.056 3.2761629639790232e-09
13100.056 2.5579552741895142e-09
13150.056 1.5160391218922723e-09
13200.056 1.1205112690157003e-09
13250.056 7.482254835315752e-10
13300.056 2.4621314836790176e-10
13350.056 6.878831816119735e-11
13400.056 5.949450546241831e-11
13450.056 2.0838475998985306e-11
13500.056 9.754622613931818e-12
13550.056 4.8288436630915775e-12
13600.056 8.017262170043465e-13
13650.056 5.886562040404767e-12
13700.056 3.8360276293724606e-12
13750.056 3.9697510622584495e-12
13800.056 3.0471885003626403e-12
13850.056 2.0422150464685504e-12
13900.056 3.2407414143875686e-12
13950.056 1.992518624708996e-12
14000.056 2.3761133292644076e-12
14050.056 4.145426214492447e-12
14100.056 5.806184966275488e-12
14150.056 1.090085681862626e-11
14200.056 7.205567621349337e-12
14250.056 1.1860256648323558e-11
14300.056 2.272032031798917e-11
14350.056 2.9237605752055935e-11
14400.056 3.5567191779307535e-11
14450.056 5.114842831255405e-11
14500.056 1.1328411375750226e-10
14550.056 1.3760610918449687e-10
14600.056 1.73135151955246e-10
14650.056 1.3711827405612179e-10
14700.056 8.346605642966115e-11
14750.056 6.118557448138959e-11
14800.056 1.304243595169929e-10
14850.056 1.840830746951341e-10
14900.056 2.0594113293395874e-10
14950.056 1.9167962138036102e-10
15000.056 3.5363701097791184e-10
15050.056 3.214044582681626e-10
15100.056 2.749061734769955e-10
15150.056 2.8420426888321824e-10
15200.056 4.5263497727960105e-10
15250.056 9.32724899398409e-10
15300.056 1.1555193112617832e-09
15350.056 1.5331792356480037e-09
15400.056 2.0128305846969024e-09
15450.056 2.615815012717111e-09
15500.056 2.88436531524077e-09
15550.056 4.0677085879156094e-09
15600.056 4.804747937919907e-09
15650.056 6.1934610297316854e-09
15700.056 8.294641285999762e-09
15750.056 9.738416035653224e-09
15800.056 9.943268671210913e-09
15850.056 1.0733892267326113e-08
15900.056 8.495242770187199e-09
15950.056 6.849082846257944e-09
16000.056 4.207722943131478e-09
16050.056 1.8964720830999664e-09
16100.056 1.1379936953601858e-09
16150.056 5.787958101716373e-10
16200.056 3.0575399849015373e-10
16250.056 2.0073142636143406e-10
16300.056 1.2130854164464953e-10
16350.056 1.3360815430484214e-10
16400.056 1.736982752678802e-10
16450.056 1.4446199678295424e-10
16500.056 1.2412565369789356e-10
16550.056 1.4119240687197207e-10
16600.056 1.699195849438163e-10
16650.056 1.3440163850417178e-10
16700.056 1.895209362178032e-11
16750.056 5.719355973263767e-11
16800.056 1.085992979866698e-10
16850.056 1.383523554889636e-10
16900.056 6.691452569575601e-11
16950.056 3.64112242096496e-11
17000.056 2.111202079087821e-11
17050.056 4.3475237571983714e-11
17100.056 7.34286332073515e-11
17150.056 3.728158368928937e-11
17200.056 1.3844876221483053e-10
17250.056 9.617671445973486e-11
17300.056 5.105550514600693e-11
17350.056 5.147825830783761e-11
17400.056 9.132368007822389e-11
17450.056 1.3992142955823864e-10
17500.056 1.912809499128681e-10
17550.056 1.8061553675144597e-10
17600.056 1.4025332879654798e-10
17650.056 1.3882479419221853e-10
17700.056 9.196415500473905e-11
17750.056 1.0906962143737543e-10
17800.056 2.929946481818948e-10
17850.056 1.3517698404872547e-10
17900.056 9.874380648452632e-11
17950.056 8.743604161255563e-11
18000.056 1.2749079887504387e-10
18050.056 1.4886493552205894e-10
18100.056 1.9577204981527363e-10
18150.056 1.8480872109871195e-10
18200.056 1.3505771680583576e-10
18250.056 3.798457016375236e-10
18300.056 1.3701359694910909e-10
18350.056 9.630646492494443e-11
18400.056 8.226266250775854e-11
18450.056 2.4980191433376796e-10
18500.056 2.4891044169682135e-10
18550.056 1.652950702594892e-10
18600.056 2.2200624165143982e-10
18650.056 1.783276284463718e-10
18700.056 7.0139804268501e-11
18750.056 1.6603884534741402e-10
18800.056 5.001082007159321e-10
18850.056 5.353677011324837e-10
18900.056 4.61398123878849e-10
18950.056 7.594639235681647e-10
19000.056 2.80041279782703e-10
19050.056 1.6184229711218206e-10
19100.056 3.5896124680962213e-10
19150.056 1.8058733789745294e-10
19200.056 2.628700887625526e-10
19250.056 1.9615061630944455e-10
19300.056 1.3081445913451612e-10
19350.056 1.1502111161309012e-10
19400.056 1.0481210687569249e-10
19450.056 2.1643877528256645e-10
19500.056 1.4643343137512977e-10
19550.056 1.3319796410466198e-10
19600.056 3.7023555366484855e-10
19650.056 2.88252728756894e-10
19700.056 3.1029238087086353e-10
19750.056 6.025162738933383e-10
19800.056 4.3476735632196003e-10
19850.056 6.783004530430339e-10
19900.056 6.798649508790768e-10
19950.056 1.065033633031114e-09
20000.056 1.3889307011645414e-09
20050.056 1.192840882845596e-09
20100.056 2.076676499203886e-09
20150.056 1.1261559879163476e-09
20200.056 1.0577646078725369e-09
20250.056 2.035382104944298e-09
20300.056 2.3751614572956783e-09
20350.056 2.792543989010763e-09
20400.056 2.3589039028039096e-09
20450.056 3.875600440845986e-09
20500.056 4.839913194626764e-09
20550.056 5.335126017640035e-09
20600.056 5.7192119314256514e-09
20650.056 7.072254237184752e-09
20700.056 7.710905736151573e-09
20750.056 8.889389260659017e-09
20800.056 8.502451945305489e-09
20850.056 8.840713844221503e-09
20900.056 9.601552587327965e-09
20950.056 8.64253797014846e-09
21000.056 7.899829079793772e-09
21050.056 8.199391823857396e-09
21100.056 7.045037816059871e-09
21150.056 7.122208067524723e-09
21200.056 6.137988087682669e-09
21250.056 5.2627406981951595e-09
21300.056 3.715004590850651e-09
21350.056 3.850913840750245e-09
21400.056 3.3807288964034326e-09
21450.056 2.5152916432857034e-09
21500.056 2.168726621118657e-09
21550.056 1.8318409624376439e-09
21600.056 1.3914220531634391e-09
21650.056 1.0439214642009256e-09
21700.056 9.186354040022096e-10
21750.056 8.967074610744624e-10
21800.056 6.463666448029892e-10
21850.056 6.113908280197933e-10
21900.056 3.724587494338738e-10
21950.056 1.2107360499108608e-10
22000.056 2.602641332688642e-11
22050.056 2.0949831307986677e-11
22100.056 7.546304613608428e-11
22150.056 1.0385466590982974e-10
22200.056 1.1654090136803632e-10
22250.056 8.354180131474799e-11
22300.056 4.760311134168235e-11
22350.056 5.951114213221759e-11
22400.056 2.4676850437294488e-11
22450.056 2.986862335029584e-11
22500.056 2.2170399856173726e-11
22550.056 1.5240107061183465e-11
22600.056 1.1931678023637001e-11
22650.056 2.1318871582233623e-11
22700.056 1.7511578455492254e-11
22750.056 1.7442791828238743e-11
22800.056 1.5983744521104543e-11
22850.056 1.2601813547101862e-11
22900.056 9.137211621186473e-12
22950.056 8.371124456260459e-12
23000.056 1.2621876723934326e-11
23050.056 1.7025098747345782e-11
23100.056 6.716657705820293e-11
23150.056 7.797644006759846e-11
23200.056 4.805798243586226e-12
23250.056 1.0195768972567345e-11
23300.056 1.1304523024468808e-11
23350.056 1.723380012660396e-11
23400.056 1.729129208418754e-11
23450.056 1.1696882868253358e-11
23500.056 1.215377658423092e-11
23550.056 2.184989473846867e-11
23600.056 3.325848310212454e-11
23650.056 5.961994974181979e-11
23700.056 1.5947776001896705e-11
23750.056 1.0980262149610199e-11
23800.056 3.815018981994782e-11
23850.056 3.1396249192738274e-11
23900.056 6.438337912792424e-11
23950.056 5.041915188574353e-11
24000.056 8.385571085383317e-11
24050.056 1.2103670253286393e-10
24100.056 1.2227301389817903e-10
24150.056 1.6923746808559625e-10
24200.056 1.2310936055238761e-10
24250.056 9.642552567676308e-11
24300.056 1.5318580506675427e-10
24350.056 1.2981118247997702e-10
24400.056 2.616554560986835e-10
24450.056 3.07141720934071e-10
24500.056 2.867506709748789e-10
24550.056 4.237287409452582e-10
24600.056 4.37696384019936e-10
24650.056 6.714207280483365e-10
24700.056 3.776736315354925e-10
24750.056 5.394131831016637e-10
24800.056 5.193100674540006e-10
24850.056 7.856514474294873e-10
24900.056 4.302205511063137e-10
24950.056 8.601933082238449e-10
25000.056 8.641544040190936e-10
25050.056 6.024460729214325e-10
25100.056 9.046846826632439e-10
25150.056 4.448688238897244e-10
25200.056 6.97996514153557e-10
25250.056 3.3764057862505225e-10
25300.056 5.413718036309096e-10
25350.056 2.444605089373974e-10
25400.056 6.202646974912111e-10
25450.056 1.9797509889112894e-10
25500.056 1.887647316699662e-10
25550.056 3.2570228985809023e-10
25600.056 1.6473229383055244e-10
25650.056 1.0085088490748427e-10
25700.056 1.5815235846579693e-10
25750.056 4.406665484954443e-11
25800.056 2.0200243429704022e-10
25850.056 4.52338997571703e-11
25900.056 6.419092353010298e-11
25950.056 1.8934493988282983e-11
26000.056 1.9624862281572878e-10
26050.056 3.1701772295992617e-11
26100.056 1.2786480967579587e-10
26150.056 6.480796804809221e-11
26200.056 9.10313826704953e-11
26250.056 4.1616070198130504e-10
26300.056 1.1996173330065612e-10
26350.056 5.962319321029542e-10
26400.056 7.712930399394015e-10
26450.056 7.190649740525086e-10
26500.056 1.1665272800466087e-09
26550.056 2.0423015385196641e-10
26600.056 2.7935854467170487e-10
26650.056 5.0308029294504285e-11
26700.056 3.137653645131271e-11
26750.056 3.7559282286399903e-11
26800.056 1.1053710089496092e-10
26850.056 6.006816139190053e-11
26900.056 2.7394526606140463e-10
26950.056 9.775910150038523e-11
27000.056 5.124150869478939e-10
27050.056 4.820821243155514e-10
27100.056 9.261407233026532e-11
27150.056 6.767519086636409e-10
27200.056 8.977667715602223e-11
27250.056 2.613388067442028e-10
27300.056 1.4399516797476162e-09
27350.056 5.831079872179703e-10
27400.056 3.631869071428684e-11
27450.056 7.488528736379118e-10
27500.056 7.964660733035227e-10
27550.056 1.5041417913039072e-10
27600.056 4.188675508406717e-10
27650.056 1.1458582131311341e-10
27700.056 9.206224705551699e-11
27750.056 5.612418835956667e-10
27800.056 1.4579737858082963e-10
27850.056 2.584861435943861e-10
27900.056 2.507670665255884e-10
27950.056 6.779776536619239e-10
28000.056 5.946018775216895e-10
28050.056 7.725767883095075e-11
28100.056 5.606072874901797e-10
28150.056 4.1441065975498126e-10
28200.056 1.251174340992825e-10
28250.056 7.571119237270159e-10
28300.056 7.638809654572323e-10
28350.056 1.6688655032429039e-10
28400.056 5.106792578281559e-10
28450.056 8.698319886848002e-10
28500.056 5.550515701919653e-10
28550.056 1.331806191719168e-10
28600.056 9.677482498306132e-10
28650.056 6.826724207868397e-10
28700.056 8.412494490192906e-10
28750.056 1.3341266737618841e-09
28800.056 6.227302695724795e-10
28850.056 1.192308451829029e-09
28900.056 6.058852130269667e-10
28950.056 1.1857363159735987e-09
29000.056 7.949491655015227e-10
29050.056 1.1351368453718243e-09
29100.056 6.8871128868336e-10
29150.056 8.728067010213438e-10
29200.056 1.1173948965840687e-09
29250.056 1.934639041964418e-09
29300.056 7.195205594669296e-10
29350.056 2.405331832179354e-09
29400.056 1.0938095073470695e-09
29450.056 1.054215810670281e-09
29500.056 1.7337844694255113e-09
29550.056 9.756690990159352e-10
29600.056 1.430667997377235e-09
29650.056 2.3930056638398645e-09
29700.056 8.512506940954899e-10
29750.056 1.9263755163174296e-09
29800.056 1.8061290385379476e-09
29850.056 2.1309682672761696e-09
29900.056 1.5857904708091437e-09
29950.056 1.6985708550347547e-09
30000.056 5.980420194730905e-11
30050.056 2.1996450008805805e-10
30100.056 6.498439737772856e-10
30150.056 1.4068568981947733e-09
30200.056 1.0726121390414851e-09
30250.056 2.5310434411815266e-09
30300.056 3.299808844973774e-09
30350.056 1.4154905402100869e-09
30400.056 3.0755360338952773e-09
30450.056 1.8141111949547978e-09
30500.056 1.8651992160201615e-09
30550.056 1.6505109597958465e-09
30600.056 3.1868946538260215e-09
30650.056 2.116019994137211e-09
30700.056 1.5305562887475203e-09
30750.056 2.7092498821277073e-09
30800.056 1.6390014101397698e-09
30850.056 1.9868361947811436e-09
30900.056 1.0003477532451266e-09
30950.056 1.3531145827189774e-09
31000.056 1.2784363384822963e-09
31050.056 1.1054022800608124e-09
31100.056 6.953999537325213e-10
31150.056 1.1965647365468457e-09
31200.056 1.7111129790779611e-09
31250.056 1.2705249518151465e-09
31300.056 8.19261704593241e-10
31350.056 1.2949105423856004e-09
31400.056 9.341068637374426e-10
31450.056 9.283848478662426e-10
31500.056 5.240141994653069e-10
31550.056 6.891017082706517e-10
31600.056 4.141602319066374e-10
31650.056 4.896426437010813e-10
31700.056 5.036154990780286e-10
31750.056 2.46118977836787e-10
31800.056 4.796464609012688e-10
31850.056 1.4488593195043684e-10
31900.056 2.651228168144874e-10
31950.056 1.6919292860953303e-10
32000.056 1.6931747759936055e-10
32050.056 2.4538403130235467e-10
32100.056 2.1939035783508908e-10
32150.056 2.594017207327889e-10
32200.056 1.4060108262215255e-10
32250.056 3.350207020146144e-10
32300.056 1.4525988496345103e-10
32350.056 2.981651662117484e-10
32400.056 1.0662189477694199e-10
32450.056 2.454885349672103e-10
32500.056 1.209629857295043e-10
32550.056 1.8431040591127474e-10
32600.056 1.6831088607405018e-10
32650.056 5.50525029745847e-10
32700.056 2.2454088134299405e-10
32750.056 7.654557740808552e-10
32800.056 5.022702978345257e-10
32850.056 1.0038908351405848e-09
32900.056 9.098380605593594e-10
32950.056 1.1027401025838036e-09
33000.056 5.960431102578719e-10
33050.056 8.093835268594613e-10
33100.056 1.9768967525458426e-10
33150.056 4.869881976567865e-13
33200.056 6.2357221668106745e-12
33250.056 4.322849929408819e-12
33300.056 1.893978928832372e-11
33350.056 6.199544504282786e-11
33400.056 2.0238656736391072e-10
33450.056 2.3258515588116081e-10
33500.056 7.015677567466991e-10
33550.056 2.1154723278036518e-10
33600.056 5.998477992190874e-10
33650.056 5.337372634650952e-10
33700.056 3.2735744036011434e-10
33750.056 7.915996083545413e-10
33800.056 1.9713865157685315e-10
33850.056 4.970813588388853e-10
33900.056 4.684755870655352e-10
33950.056 3.9990314445731816e-10
34000.056 7.73896163516222e-10
34050.056 1.6797861764263493e-10
34100.056 6.950777260560951e-10
34150.056 4.0086707995149155e-10
34200.056 6.81336462529629e-10
34250.056 4.952007102659901e-10
34300.056 4.947967894922335e-10
34350.056 5.565290726271016e-10
34400.056 2.879987880819744e-10
34450.056 6.41661163040887e-10
34500.056 4.5549625522489924e-10
34550.056 2.676921121839295e-10
34600.056 8.904599710581505e-10
34650.056 3.129560618264736e-10
34700.056 8.159202381842761e-10
34750.056 5.42938714648225e-10
34800.056 5.399643132943892e-10
34850.056 8.799033648958993e-10
34900.056 5.386148784924995e-10
34950.056 9.875475884561877e-10
35000.056 1.9433609441798936e-09
35050.056 8.228909568197966e-10
35100.056 1.6894206406977402e-09
35150.056 1.1589393190890128e-09
35200.056 1.4937120543730688e-09
35250.056 2.09241137459205e-09
35300.056 1.2284837305435362e-09
35350.056 1.3311861178969881e-09
35400.056 1.3385212071808596e-09
35450.056 9.989024411017322e-10
35500.056 3.179888398541059e-09
35550.056 2.341413685192235e-09
35600.056 1.9567337765129755e-09
35650.056 1.9531369381899544e-09
35700.056 2.1582875829168204e-09
35750.056 3.1138151911151447e-09
35800.056 3.748114510130477e-09
35850.056 1.5434235093901677e-09
35900.056 2.0601610539043123e-09
35950.056 2.157612325614341e-09
36000.056 2.4562212024073884e-09
36050.056 1.7620194556526468e-09
36100.056 1.7794348625088908e-09
36150.056 2.745990933123249e-09
36200.056 2.9641623002226424e-09
36250.056 2.461418545646528e-09
36300.056 4.102696313557958e-09
36350.056 2.8651140623422956e-09
36400.056 3.647472755593543e-09
36450.056 4.610706053593598e-09
36500.056 5.283038217899932e-09
36550.056 5.255126113469106e-09
36600.056 6.44113800016549e-09
36650.056 5.315503937951172e-09
36700.056 6.1606664111703794e-09
36750.056 7.149989899422036e-09
36800.056 7.087950084236952e-09
36850.056 5.0834814160446705e-09
36900.056 7.759674996350637e-09
36950.056 7.705225166443207e-09
37000.056 6.274604767228301e-09
37050.056 7.488527741727454e-09
37100.056 8.129112266316195e-09
37150.056 5.727370827402159e-09
37200.056 9.0062797163879e-09
37250.056 7.48763165533732e-09
37300.056 6.15406654852408e-09
37350.056 8.608260045515028e-09
37400.056 1.2752030706604697e-08
37450.056 6.941405344974675e-09
37500.056 7.927845817448997e-09
37550.056 1.113571628408711e-08
37600.056 1.3557498468707255e-08
37650.056 6.6851866125427165e-09
37700.056 1.354381782268391e-08
37750.056 8.22631777261421e-09
37800.056 8.793525642664959e-09
37850.056 4.880853489547683e-09
37900.056 7.041646768358913e-09
37950.056 1.1356617675531912e-08
38000.056 1.2435937489025364e-08
38050.056 1.3206851392829417e-08
38100.056 1.4285538031876771e-08
38150.056 1.6828467735819417e-08
38200.056 1.6825420609106135e-08
38250.056 1.604028088971126e-08
38300.056 2.4023095929052918e-08
38350.056 2.3163227528328913e-08
38400.056 1.0877571571944312e-08
38450.056 8.897578776610281e-09
38500.056 5.518086934767013e-09
38550.056 1.2385770598431957e-08
38600.056 1.2383360594888826e-08
38650.056 1.20060683134339e-08
38700.056 1.025669194562417e-08
38750.056 1.2983544112215568e-08
38800.056 1.2290700440411472e-08
38850.056 1.351354192537693e-08
38900.056 1.811563876075919e-08
38950.056 1.2940752452446401e-08
39000.056 1.8347219674414583e-08
39050.056 1.2840266962664383e-08
39100.056 1.7528733753162094e-08
39150.056 1.8422522091335704e-08
39200.056 1.7333823539924282e-08
39250.056 2.347598281536221e-08
39300.056 1.5415336867111857e-08
39350.056 2.838545235862077e-08
39400.056 1.7109849941060027e-08
39450.056 2.2839861880422106e-08
39500.056 2.4614384100643394e-08
39550.056 1.9090468423747298e-08
39600.056 2.43131006563891e-08
39650.056 2.5802407540979078e-08
39700.056 2.6203214958775726e-08
39750.056 1.8386053602987995e-08
39800.056 2.05509403388783e-08
39850.056 3.3344059935302264e-08
39900.056 3.453845386070403e-08
39950.056 2.176117117551231e-08
40000.056 3.749789372857341e-08
40050.056 3.11924988275562e-08
40100.056 1.901346378625945e-08
40150.056 3.3060352412992744e-08
40200.056 3.5436400735240635e-08
40250.056 3.762469039264251e-08
40300.056 3.52119430038907e-08
40350.056 3.154942866406225e-08
40400.056 4.091944061196423e-08
40450.056 2.8394580720341507e-08
40500.056 4.4119355268588374e-08
40550.056 4.3902701962514647e-08
40600.056 3.888499967165663e-08
40650.056 2.8716152944226695e-08
40700.056 5.0890765889333306e-08
40750.056 3.8289769010245826e-08
40800.056 2.9059609315206382e-08
40850.056 5.983111358402751e-08
40900.056 5.129696059552759e-08
40950.056 4.729971382122182e-08
41000.056 4.535121891847821e-08
41050.056 6.416286343807272e-08
41100.056 5.319983188446656e-08
41150.056 3.052432601140964e-08
41200.056 6.687087097275082e-08
41250.056 4.654002970709853e-08
41300.056 4.81864556141749e-08
41350.056 6.953959184570077e-08
41400.056 6.051731691881005e-08
41450.056 7.333651804217969e-08
41500.056 5.4999367281445824e-08
41550.056 5.2585477310750124e-08
41600.056 5.687666910027336e-08
41650.056 6.918990873507189e-08
41700.056 6.75492255238602e-08
41750.056 6.53314325424866e-08
41800.056 7.726099220670597e-08
41850.056 6.176577157956264e-08
41900.056 6.181267630091428e-08
41950.056 5.868563619951536e-08
42000.056 5.159825759375129e-08
42050.056 5.4529112717085064e-08
42100.056 6.849518592104795e-08
42150.056 6.144012939775968e-08
42200.056 5.972766359218254e-08
42250.056 5.368110767573919e-08
42300.056 5.750618082755836e-08
42350.056 7.609162792911053e-08
42400.056 7.883354592672623e-08
42450.056 7.421739799793865e-08
42500.056 6.50274124035843e-08
42550.056 6.16082315063776e-08
42600.056 6.745839703722268e-08
42650.056 9.78862483506505e-08
42700.056 6.827187214381116e-08
42750.056 7.491202102954843e-08
42800.056 9.443334057782273e-08
42850.056 9.733614194996992e-08
42900.056 1.0392173473084177e-07
42950.056 8.775780890498284e-08
43000.056 9.357674355863539e-08
43050.056 6.063137681343313e-08
43100.056 7.977383984197021e-08
43150.056 7.29755815121105e-08
43200.056 1.0623680665799858e-07
43250.056 1.268598556260043e-07
43300.056 1.2247857859998872e-07
43350.056 7.815902938878474e-08
43400.056 9.75968038292933e-08
43450.056 7.607193464961149e-08
43500.056 6.884106321905969e-08
43550.056 7.539188134356076e-08
43600.056 1.1924699761781744e-07
43650.056 8.774542504910552e-08
43700.056 1.2101038370803263e-07
43750.056 1.1058370278140524e-07
43800.056 1.051736024834816e-07
43850.056 8.808320407599882e-08
43900.056 8.96425940414314e-08
43950.056 5.748789431310031e-08
44000.056 5.83989087682904e-08
44050.056 1.2487231370500729e-07
44100.056 1.5719567540099925e-07
44150.056 1.3751204967009212e-07
44200.056 1.2007866513099407e-07
44250.056 7.871665833330874e-08
44300.056 6.541386817041227e-08
44350.056 7.80626877270414e-08
44400.056 7.341162976669252e-08
44450.056 1.1081331071906545e-07
44500.056 1.092249901856274e-07
44550.056 1.529810786165788e-07
44600.056 1.24306783042606e-07
44650.056 1.1435619273462766e-07
44700.056 7.859696981300518e-08
44750.056 1.19673229387434e-07
44800.056 8.723123059723386e-08
44850.056 1.1110303745271766e-07
44900.056 9.922706570740433e-08
44950.056 1.2118418587220551e-07
45000.056 1.2904880541200057e-07
45050.056 1.2002974597549028e-07
45100.056 1.087366711157952e-07
45150.056 1.1101345396938597e-07
45200.056 8.890192389790259e-08
45250.056 9.88119586936573e-08
45300.056 8.327050488152354e-08
45350.056 8.370358906482839e-08
45400.056 1.7068052557601672e-07
45450.056 1.3456797471100713e-07
45500.056 1.5478445881171383e-07
45550.056 1.6400768816993194e-07
45600.056 1.5576579350304025e-07
45650.056 1.2255517622159936e-07
45700.056 8.899650707230098e-08
45750.056 8.739072665370041e-08
45800.056 1.7660444360898705e-07
45850.056 1.5429078189299151e-07
45900.056 1.7587622270898578e-07
45950.056 1.4867875072899297e-07
46000.056 1.6586440111710737e-07
46050.056 1.3012589214031915e-07
46100.056 1.8390457042797296e-07
46150.056 1.235809708195133e-07
46200.056 1.084367818101893e-07
46250.056 5.462044713709746e-08
46300.056 1.292655320316045e-07
46350.056 1.3040231429602166e-07
46400.056 1.1205387823900287e-07
46450.056 1.0510941526472505e-07
46500.056 1.2833398377153606e-07
46550.056 7.538060972950096e-08
46600.056 1.0902091864322896e-07
46650.056 1.6033098640200066e-07
46700.056 1.0614264533297268e-07
46750.056 6.828041542176555e-08
46800.056 4.632135034119164e-08
46850.056 1.667388983640375e-07
46900.056 1.4340468169299385e-07
46950.056 1.4179955968999383e-07
47000.056 1.42187605691033e-07
47050.056 1.0947545406000097e-07
47100.056 7.73602039965025e-08
47150.056 1.0719845789301325e-07
47200.056 1.2746134922599662e-07
47250.056 8.760134684909488e-08
47300.056 5.947389064140324e-08
47350.056 1.6000962347998443e-07
47400.056 1.295395131099919e-07
47450.056 1.287799906902915e-07
47500.056 1.5940964889398045e-07
47550.056 1.3720026907301494e-07
47600.056 1.3167538140300287e-07
47650.056 1.2767676924279182e-07
47700.056 1.0977714110062824e-07
47750.056 8.272730991680515e-08
47800.056 7.527536699200779e-08
47850.056 4.515050563155936e-08
47900.056 6.55053149463658e-08
47950.056 1.129066582224197e-07
48000.056 1.6332128778003417e-07
48050.056 1.4458468251360952e-07
48100.056 6.714779872161005e-08
48150.056 1.1564401575000391e-07
48200.056 8.380206315420183e-08
48250.056 9.422235093100437e-08
48300.056 1.432144386579646e-07
48350.056 8.791262174350617e-08
48400.056 3.4988859698001876e-08
48450.056 7.061599417661452e-08
48500.056 1.0395103104197584e-07
48550.056 9.971169725000825e-08
48600.056 1.1471603678799887e-07
48650.056 1.3318596278997517e-07
48700.056 9.727527401921319e-08
48750.056 6.799933479194276e-08
48800.056 1.3942386248139171e-07
48850.056 7.791785882898783e-08
48900.056 1.1624934416761328e-07
48950.056 6.763374061900832e-08
49000.056 3.369298837689576e-08
49050.056 9.145284819949031e-08
49100.056 1.1859184092572676e-07
49150.056 8.678467094943218e-08
49200.056 1.414261015490328e-07
49250.056 1.325070079820217e-07
49300.056 1.1459394856280128e-07
49350.056 5.026938734834983e-08
49400.056 7.103146225918182e-08
49450.056 7.614686760657569e-08
49500.056 5.816653380539484e-08
49550.056 1.7979778000622376e-08
49600.056 4.3789668683079156e-08
49650.056 8.135698217799883e-08
49700.056 8.072814873266653e-08
49750.056 8.673864110849058e-08
49800.056 6.238125165913505e-08
49850.056 1.1720384700383692e-07
49900.056 8.988317462378129e-08
49950.056 9.302798403680917e-08
50000.056 7.564269685447594e-08
50050.056 9.128147579600491e-08
50100.056 7.142256098630184e-08
50150.056 4.0054272629590864e-08
50200.056 9.876415226677419e-09
50250.056 5.052704628699296e-08
50300.056 3.3171764259015725e-08
50350.056 8.900217643251168e-08
50400.056 8.106460637978978e-08
50450.056 6.421349326544657e-08
50500.056 8.830675862711226e-08
50550.056 7.857206155901117e-08
50600.056 6.041511088378105e-08
50650.056 9.68488161000197e-08
50700.056 9.747062333195755e-08
50750.056 6.662789024600888e-08
50800.056 2.8627146914255483e-08
50850.056 1.8988219356889743e-08
50900.056 8.028827369500011e-08
50950.056 6.124292203700471e-08
51000.056 5.7848651726154234e-08
51050.056 7.267868257399416e-08
51100.056 3.177529845938003e-08
51150.056 4.150698632054251e-08
51200.056 9.858227504199533e-08
51250.056 6.118492732278757e-08
51300.056 4.8963738584646436e-08
51350.056 4.7087536009174924e-08
51400.056 1.9321178577500742e-08
51450.056 1.5330025687522826e-08
51500.056 1.584235187480764e-08
51550.056 5.501757920356462e-08
51600.056 3.937957380095322e-08
51650.056 4.6338378169386257e-08
51700.056 5.028259223853184e-08
51750.056 3.4436922759609215e-08
51800.056 5.59108878339942e-08
51850.056 4.87281534913945e-08
51900.056 6.647794403759262e-08
51950.056 4.2542553300994063e-08
52000.056 6.632865274797441e-09
52050.056 2.6000101277573938e-08
52100.056 1.68794815839987e-08
52150.056 1.098155107956452e-08
52200.056 2.2512078519160048e-08
52250.056 3.190941976091431e-08
52300.056 4.597051134265668e-08
52350.056 2.1332091124443173e-08
52400.056 1.882353006349224e-08
52450.056 5.569856372560446e-08
52500.056 4.302484157376941e-08
52550.056 4.640049745779431e-08
52600.056 3.564937052539926e-08
52650.056 4.2182029540604266e-08
52700.056 3.30629772270991e-08
52750.056 1.5836757924725334e-08
52800.056 2.552896757450369e-08
52850.056 2.799431613549195e-08
52900.056 1.5932451792940363e-08
52950.056 2.266291226706167e-08
53000.056 3.519925883361148e-08
53050.056 1.449034871956605e-08
53100.056 3.459944484458716e-08
53150.056 3.960705238714145e-08
53200.056 1.943620360618828e-08
53250.056 3.997523040040482e-08
53300.056 4.830107689418367e-08
53350.056 3.761806260562096e-08
53400.056 2.5496162014591007e-08
53450.056 1.0814858408556728e-08
53500.056 2.5353007871653357e-09
53550.056 6.820505537305683e-09
53600.056 2.43702155944234e-08
53650.056 2.171870368576921e-08
53700.056 1.9883287978765472e-08
53750.056 1.885398624178897e-08
53800.056 1.9000019029723568e-08
53850.056 3.031525508158875e-08
53900.056 2.810895606086016e-08
53950.056 3.275922426343104e-08
54000.056 2.3357175567285855e-08
54050.056 3.376684846739783e-08
54100.056 8.30389331383878e-09
54150.056 1.2596793701533643e-08
54200.056 2.140685112434028e-09
54250.056 6.510767154220626e-09
54300.056 1.0762323299433004e-08
54350.056 1.7206693215727656e-08
54400.056 1.8906250753822842e-08
54450.056 1.7300866749965993e-08
54500.056 1.9944406844495382e-08
54550.056 1.5865532602401588e-08
54600.056 1.3933934541993071e-08
54650.056 1.8117456356577082e-09
54700.056 1.682875978661948e-08
54750.056 1.6013201172166375e-08
54800.056 8.336382248426106e-09
54850.056 1.0605980450513694e-08
54900.056 1.4887783004373482e-08
54950.056 2.5994956961792867e-08
55000.056 1.0876315407378271e-08
55050.056 1.4288103051740288e-08
55100.056 1.7314792325357028e-08
55150.056 9.719473694700889e-09
55200.056 9.248249245396416e-09
55250.056 1.2496111382681702e-08
55300.056 9.557955499866339e-09
55350.056 1.625754304959889e-08
55400.056 1.3475950940670294e-08
55450.056 1.0908700588564378e-08
55500.056 4.090499528877155e-09
55550.056 4.5424568766742804e-09
55600.056 1.0547783151040688e-08
55650.056 7.201869681756784e-09
55700.056 8.961024161591762e-09
55750.056 6.123060140480796e-09
55800.056 2.551750702372281e-09
55850.056 3.0090094601980475e-09
55900.056 1.0224466611598183e-08
55950.056 1.6412609430893056e-08
56000.056 6.968768590033271e-09
56050.056 6.570484521044162e-09
56100.056 1.1528989970364991e-08
56150.056 6.328195576260684e-09
56200.056 5.536212612394301e-09
56250.056 1.4312737054749574e-08
56300.056 1.0212336494761282e-08
56350.056 5.142420765564171e-09
56400.056 1.799159494426246e-09
56450.056 2.1256984907614896e-09
56500.056 7.557004912042113e-09
56550.056 2.403876934614416e-09
56600.056 8.249532212036078e-09
56650.056 1.1139736118019722e-08
56700.056 7.80284690589913e-09
56750.056 3.0951529314597157e-09
56800.056 3.6520186599804237e-09
56850.056 7.25556175004879e-09
56900.056 3.021206771858942e-09
56950.056 9.39894694299615e-09
57000.056 1.1831984721800393e-08
57050.056 6.572375194708782e-09
57100.056 1.4931735752324698e-09
57150.056 4.467125081872125e-09
57200.056 2.280136355580035e-09
57250.056 3.5203654691155973e-09
57300.056 5.268981000362287e-09
57350.056 2.7611789415679635e-09
57400.056 9.185006564370106e-09
57450.056 3.45305176767627e-09
57500.056 3.6431452092070077e-09
57550.056 5.093575056292814e-09
57600.056 2.7717144224872357e-09
57650.056 9.527567501176411e-10
57700.056 2.597431716121081e-09
57750.056 6.495083691695262e-09
57800.056 3.156345216690261e-09
57850.056 1.1109898543605096e-08
57900.056 1.37674055406124e-08
57950.056 1.4237134844172105e-08
58000.056 3.889898609969705e-09
58050.056 8.707624261557122e-09
58100.056 6.121936255434469e-09
58150.056 4.91783912885502e-09
58200.056 9.814165134620005e-10
58250.056 1.9399478513582887e-09
58300.056 1.501610254712467e-09
58350.056 3.007784495524809e-09
58400.056 5.176758435437586e-09
58450.056 9.229093359961445e-09
58500.056 9.540003939789547e-09
58550.056 5.950344435474629e-09
58600.056 1.9812911170354226e-09
58650.056 4.317034843313249e-09
58700.056 3.6553973868402037e-09
58750.056 4.937646200429236e-09
58800.056 3.0113508364142226e-10
58850.056 2.581997171604413e-09
58900.056 2.3526765313188587e-09
58950.056 1.4743396282661991e-09
59000.056 3.717462402207153e-09
59050.056 3.965107744949813e-09
59100.056 3.4117073351606313e-09
59150.056 3.84266020994635e-09
59200.056 6.359941389609933e-09
59250.056 8.088269749201533e-09
59300.056 5.935887610331709e-09
59350.056 7.06261185945843e-10
59400.056 9.449120416210873e-10
59450.056 6.670922750424902e-09
59500.056 3.3528448427936357e-09
59550.056 3.3966574969748017e-09
59600.056 7.800893794944418e-09
59650.056 3.1621200356445636e-09
59700.056 2.4208410114573022e-09
59750.056 1.155037375982871e-08
59800.056 4.420419583297446e-09
59850.056 5.473820639299412e-09
59900.056 1.7816429862549527e-09
59950.056 3.660427219112236e-09
60000.056 8.238876563461964e-09
60050.056 1.1094134275244213e-08
60100.056 1.003862104565803e-08
60150.056 2.9077832939973268e-09
60200.056 5.074818312115867e-09
60250.056 9.908552024362015e-09
60300.056 8.265596269174955e-09
60350.056 5.371566886878866e-09
60400.056 6.299395628331874e-09
60450.056 9.69191927065557e-10
60500.056 2.797953323536492e-10
60550.056 3.3177391320923614e-09
60600.056 6.224477377580161e-09
60650.056 4.533088946758499e-09
60700.056 2.5552481513997927e-09
60750.056 1.1209828047554149e-09
60800.056 4.858259725014555e-09
60850.056 8.810977388106289e-09
60900.056 6.506890775399219e-09
60950.056 4.009390977168442e-09
61000.056 8.625305995323767e-09
61050.056 2.9916345330991207e-09
61100.056 3.0016445390305976e-09
61150.056 8.345749863341847e-10
61200.056 5.746078468951128e-09
61250.056 4.167227679810601e-09
61300.056 3.313184721234245e-09
61350.056 8.023044269536279e-09
61400.056 2.156275671001158e-09
61450.056 1.4019709847113187e-09
61500.056 1.0922325163041168e-09
61550.056 2.8360103961691894e-09
61600.056 1.056710896385483e-09
61650.056 1.7248352761735682e-09
61700.056 3.764759620293031e-09
61750.056 2.8730960041673458e-09
61800.056 3.5010332577098126e-09
61850.056 7.201397942547333e-10
61900.056 6.3523620990033045e-09
61950.056 5.288720205001622e-09
62000.056 3.696431887035616e-09
62050.056 1.0025182452921355e-08
62100.056 3.485142863538662e-09
62150.056 6.5613621232513816e-09
62200.056 6.3168287318275695e-09
62250.056 5.803693648217876e-09
62300.056 1.0408291272496504e-08
62350.056 1.1410233525862638e-08
62400.056 6.945767889218658e-09
62450.056 6.493591031176977e-09
62500.056 1.0575606760053688e-08
62550.056 1.4290974323894499e-08
62600.056 6.925097281937373e-09
62650.056 6.813196640625978e-09
62700.056 5.522781435526873e-09
62750.056 1.1080500838890067e-08
62800.056 9.5780087821358e-09
62850.056 7.17798699911682e-09
62900.056 1.1676551650142399e-08
62950.056 1.580391732014416e-08
63000.056 5.540411048677733e-09
63050.056 2.0960090465487634e-08
63100.056 2.5496117890932544e-08
63150.056 1.4608737556230311e-08
63200.056 1.2610324639940258e-08
63250.056 1.2958190995365106e-08
63300.056 5.208988491790205e-09
63350.056 9.310530628305238e-09
63400.056 3.4214364119485477e-09
63450.056 1.3815266784261884e-09
63500.056 1.2211993691783246e-08
63550.056 1.4063325131372614e-08
63600.056 6.98919606156464e-09
63650.056 7.996776922900608e-09
63700.056 2.2262746479149815e-09
63750.056 6.140346140777308e-09
63800.056 1.204426842749576e-08
63850.056 8.88407079739779e-09
63900.056 3.4273798205542323e-09
63950.056 4.920373376253325e-09
64000.056 9.987900099267076e-09
64050.056 2.5047542549125444e-09
64100.056 8.087610190424032e-10
64150.056 1.160963294878772e-09
64200.056 1.0641445552642457e-09
64250.056 6.5996502086879405e-09
64300.056 4.618960568347756e-09
64350.056 2.543563233937644e-09
64400.056 7.111238597941415e-09
64450.056 6.49633071811006e-09
64500.056 3.777813777860955e-09
64550.056 7.285289339520412e-09
64600.056 4.436090238603092e-09
64650.056 6.999864937004201e-09
64700.056 1.743226218597759e-09
64750.056 3.2936262696390623e-09
64800.056 1.6333218236602332e-09
64850.056 9.860067718947112e-10
64900.056 1.1414460598560816e-09
64950.056 8.274604637898586e-10
65000.056 1.4590631682893553e-09
65050.056 5.4322992661642686e-09
65100.056 3.6185699940298548e-09
65150.056 3.845670258205491e-09
65200.056 1.1154847655809312e-09
65250.056 3.211015238468431e-09
65300.056 4.942278778565666e-09
65350.056 9.728400378540913e-09
65400.056 3.6401406879903864e-09
65450.056 4.506476901012933e-09
65500.056 6.301043332039823e-09
65550.056 2.2404026353967655e-09
65600.056 6.45167183778143e-09
65650.056 3.808130512659413e-09
65700.056 2.8747499617709826e-09
65750.056 1.849373638882446e-09
65800.056 4.176348843309316e-09
65850.056 9.42795191649712e-09
65900.056 1.5636549330296953e-09
65950.056 2.3741236086124333e-09
66000.056 2.745388189814039e-09
66050.056 7.57867343501595e-09
66100.056 4.798296828748473e-09
66150.056 4.126505117678544e-09
66200.056 5.011941536489128e-09
66250.056 2.5067863145163674e-09
66300.056 1.7644431930546751e-09
66350.056 7.638045597640421e-10
66400.056 1.5524335046595748e-09
66450.056 5.774276692741993e-09
66500.056 9.57746601208777e-09
66550.056 8.401613496198479e-09
66600.056 7.559878923572033e-09
66650.056 3.958765173817428e-09
66700.056 3.377454714803722e-09
66750.056 6.718768288867954e-09
66800.056 3.946649567669219e-09
66850.056 2.7684440281338764e-09
66900.056 1.0590791056692754e-08
66950.056 9.645285820182353e-09
67000.056 1.4176873359710824e-08
67050.056 4.533321608690395e-09
67100.056 3.9037242739305985e-09
67150.056 4.5093973694948266e-09
67200.056 7.97631394639727e-09
67250.056 7.194132740282444e-09
67300.056 1.252518592041509e-08
67350.056 5.2926533181200946e-09
67400.056 1.0609740330544845e-08
67450.056 7.590912245990943e-09
67500.056 3.907009182578225e-09
67550.056 1.2331247581011357e-08
67600.056 2.12133594638969e-08
67650.056 1.6353512480365916e-08
67700.056 8.680072932223889e-09
67750.056 5.609899501339878e-09
67800.056 6.484323485699701e-09
67850.056 3.837574963230333e-09
67900.056 4.027154794446862e-09
67950.056 4.3710686900294746e-09
68000.056 1.2115246148898862e-08
68050.056 6.612105556996293e-09
68100.056 1.0876746091788618e-08
68150.056 1.0643325928574866e-08
68200.056 8.396262151026488e-09
68250.056 2.773109568172177e-09
68300.056 1.169341359019855e-08
68350.056 1.1364780779865296e-08
68400.056 1.499851334399486e-08
68450.056 1.7195531745212983e-08
68500.056 9.830000675111826e-09
68550.056 2.9364075222406953e-09
68600.056 3.5844079932925965e-09
68650.056 1.5883387664506933e-09
68700.056 4.975976375372421e-09
68750.056 8.508357953210619e-09
68800.056 7.895946191274931e-09
68850.056 5.469606476306751e-09
68900.056 2.0308993681058417e-08
68950.056 1.8908753285476267e-08
69000.056 8.506584677833712e-09
69050.056 4.486318689359912e-09
69100.056 1.924470010999797e-08
69150.056 2.4011103928917034e-08
69200.056 1.7017832312824388e-08
69250.056 2.0495195232585392e-08
69300.056 1.9442325485638857e-08
69350.056 2.0615391668945758e-08
69400.056 8.312756188743281e-09
69450.056 1.6954400465495042e-08
69500.056 1.2827072211097903e-08
69550.056 9.328149772101586e-09
69600.056 1.8486472755805685e-09
69650.056 8.648617399325316e-09
69700.056 1.6283096586467072e-08
69750.056 9.332547885470116e-09
69800.056 1.5379365295899077e-08
69850.056 1.671324609375087e-08
69900.056 1.3089804556904202e-08
69950.056 1.157745991830839e-08
70000.056 1.1192185373534282e-08
70050.056 2.436673904771699e-08
70100.056 1.4134402482024277e-08
70150.056 1.1588029414520646e-08
70200.056 9.149137603548213e-09
70250.056 1.0266960383008459e-08
70300.056 1.7892393101997407e-08
70350.056 1.8319615982195762e-08
70400.056 7.941457124496974e-09
70450.056 1.606883091121693e-09
70500.056 8.316506061202212e-09
70550.056 6.409871680238805e-09
70600.056 7.312858621183226e-09
70650.056 1.0716752347259558e-08
70700.056 1.2994645353142755e-08
70750.056 2.5482783445723376e-08
70800.056 1.180635007457369e-08
70850.056 9.72789450719786e-09
70900.056 2.095782366295778e-08
70950.056 1.9595582144506433e-08
71000.056 1.4053046357065199e-08
71050.056 1.7915114998897675e-08
71100.056 1.0544654176703239e-08
71150.056 8.504649297944069e-09
71200.056 9.942732943202225e-09
71250.056 1.8985882457907762e-08
71300.056 1.8803687550903737e-08
71350.056 2.3080150602501884e-08
71400.056 1.890776711498791e-08
71450.056 6.2998791893594295e-09
71500.056 8.450868194116746e-09
71550.056 8.215347100881696e-09
71600.056 1.2134117991059924e-08
71650.056 7.16789241031837e-09
71700.056 4.631988717324207e-09
71750.056 1.1328159972604718e-08
71800.056 1.840698107056306e-08
71850.056 1.5002773184695212e-08
71900.056 1.1396193098762275e-08
71950.056 1.5226625734553282e-08
72000.056 1.2833533147267978e-08
72050.056 6.183079600172454e-09
72100.056 7.369811811364386e-09
72150.056 1.3591756641105978e-08
72200.056 1.117948757446142e-08
72250.056 2.30643352509108e-08
72300.056 9.526179233305118e-09
72350.056 1.5468992078777017e-08
72400.056 1.222346388570474e-08
72450.056 1.148401438816094e-08
72500.056 1.5477217548005515e-08
72550.056 4.219072699420015e-09
72600.056 1.0638135327219444e-08
72650.056 1.5651878941710102e-08
72700.056 7.3327471544661366e-09
72750.056 1.1632929161398678e-08
72800.056 5.323472713091386e-09
72850.056 6.690372573812231e-09
72900.056 1.761443919820226e-08
72950.056 9.928812430210853e-09
73000.056 1.0034489671063237e-08
73050.056 4.658510296203569e-09
73100.056 7.582527029685369e-09
73150.056 1.8576569224393864e-08
73200.056 5.634472497320032e-09
73250.056 8.25652305229823e-09
73300.056 4.06880145135375e-09
73350.056 3.696705929968795e-09
73400.056 9.3747864101491e-09
73450.056 4.560016233601211e-09
73500.056 4.375029178960289e-09
73550.056 7.75566634689129e-09
73600.056 7.63948997699385e-09
73650.056 8.148077541979975e-09
73700.056 4.5021973311745815e-09
73750.056 2.6090886846880143e-09
73800.056 6.122296703305004e-09
73850.056 8.647608209874245e-09
73900.056 4.217961047082299e-09
73950.056 6.2747501578144916e-09
74000.056 2.0594890527699996e-09
74050.056 1.1057300584225607e-08
74100.056 9.53455557103577e-09
74150.056 8.792118534396827e-09
74200.056 2.683436625345575e-09
74250.056 1.0790826377273927e-09
74300.056 7.018306092797485e-09
74350.056 1.0465929036976141e-08
74400.056 9.274899956517018e-09
74450.056 3.3883445827139527e-09
74500.056 1.9484151456455863e-09
74550.056 4.57721701511793e-09
74600.056 3.677255611482133e-09
74650.056 4.846025009842749e-09
74700.056 4.829051440672881e-09
74750.056 2.0258574791166524e-09
74800.056 3.1487905097477734e-09
74850.056 9.912150989603923e-09
74900.056 1.2594762518142174e-08
74950.056 7.783635594616244e-09
75000.056 5.354974963710208e-09
75050.056 8.591770614994399e-10
75100.056 9.18309951706998e-09
75150.056 1.4145583612903483e-08
75200.056 1.1393790362998967e-08
75250.056 1.0433255510504263e-08
75300.056 8.235131607100604e-09
75350.056 1.7904463782572222e-09
75400.056 1.536772736180231e-08
75450.056 1.5793005483603243e-08
75500.056 1.0417854279401084e-08
75550.056 7.712340747871206e-09
75600.056 1.2525637779100737e-08
75650.056 7.904048260453292e-09
75700.056 1.6655447793194434e-08
75750.056 1.1118934408003675e-08
75800.056 1.16901860791736e-08
75850.056 1.523030826625208e-08
75900.056 1.518534895189484e-08
75950.056 7.527540665116648e-09
76000.056 1.631992979327177e-08
76050.056 1.547077944089181e-08
76100.056 1.4201661528578203e-08
76150.056 1.5458686506994944e-08
76200.056 1.188728274450666e-08
76250.056 7.405455076516902e-09
76300.056 2.0375123343193532e-08
76350.056 2.8064949007011226e-08
76400.056 1.7992406054108094e-08
76450.056 1.664063229820158e-08
76500.056 1.1838072228299447e-08
76550.056 3.2046642243500107e-09
76600.056 6.090858544728845e-10
76650.056 9.523879510695787e-10
76700.056 1.0385176910496048e-09
76750.056 1.2721331690483284e-09
76800.056 2.5979389770704247e-09
76850.056 2.4452523161787213e-09
76900.056 3.9463523973124365e-09
76950.056 2.1445530312260654e-09
77000.056 5.538271245217e-09
77050.056 1.7176189444683707e-09
77100.056 3.373243450305636e-09
77150.056 6.191529861881699e-09
77200.056 2.6897412282895482e-09
77250.056 2.9709727037011367e-09
77300.056 6.747255829777993e-09
77350.056 3.511294687505858e-09
77400.056 4.9452221769185535e-09
77450.056 8.234292913234273e-09
77500.056 7.322773402125144e-09
77550.056 5.204361963390747e-09
77600.056 2.790920688332778e-09
77650.056 4.10665218099148e-09
77700.056 8.16137723319186e-09
77750.056 7.196829365472913e-09
77800.056 1.1124205796844778e-08
77850.056 1.565547923939959e-08
77900.056 5.727218371044855e-09
77950.056 2.56397517504116e-09
78000.056 6.953585742798211e-09
78050.056 4.370438797878022e-09
78100.056 7.509567308526326e-09
78150.056 1.1409100692868527e-08
78200.056 1.692171264559311e-08
78250.056 1.039160484750631e-08
78300.056 3.7188953510985064e-09
78350.056 8.515884824526892e-09
78400.056 5.341869191153036e-09
78450.056 7.802033243824558e-09
78500.056 1.7402367569755286e-08
78550.056 1.676862007019538e-08
78600.056 1.4512944578597601e-08
78650.056 3.796042861851716e-09
78700.056 4.915134371480659e-09
78750.056 8.534891067581176e-09
78800.056 5.7934634510574485e-09
78850.056 3.493888065776124e-09
78900.056 8.491562397619236e-09
78950.056 1.3139411789510718e-08
79000.056 9.215016781474189e-09
79050.056 6.807105758003552e-09
79100.056 9.936003725000892e-09
79150.056 6.384917305501539e-09
79200.056 8.727800726110798e-09
79250.056 4.6296461671302666e-09
79300.056 7.4496486377660924e-09
79350.056 9.271627868830226e-09
79400.056 4.012867449926516e-09
79450.056 1.1659160617063322e-08
79500.056 1.973957501689667e-08
79550.056 1.6306159431107432e-08
79600.056 8.798748201506459e-09
79650.056 1.6817243295095346e-08
79700.056 9.1060361875296e-09
79750.056 9.012454844737489e-09
79800.056 6.943189403971938e-09
79850.056 1.4333727723223144e-08
79900.056 2.1055584880958393e-08
79950.056 2.9594921452401398e-08
