# %ECSV 1.0
# ---
# datatype:
# - {name: wav, unit: Angstrom, datatype: float64}
# - {name: flux_nu, unit: erg / (cm2 Hz s), datatype: float64}
# meta: {C/O: '1.00', Kzz: '1.0000E+05', Teff: '1700.', Y: '0.28', '[Fe/H]': '0.00', f_hole: '1.00', f_rain: '0.00', grav: '1000.'}
# schema: astropy-2.0
wav flux_nu
4000.0559999999996 nan
4050.0559999999996 4.3061282265308423e-10
4100.056 1.3238214650598665e-09
4150.056 1.4008585008921079e-09
4200.056 1.1044644056515576e-09
4250.056 1.1245527071640846e-09
4300.056 9.354818133602452e-10
4350.056 9.973644521500522e-10
4400.056 1.1888485977802177e-09
4450.056 9.507388666300423e-10
4500.056 9.4969404410006e-10
4550.056 1.1855233158397983e-09
4600.056 1.160870488039977e-09
4650.056 1.0933843429298765e-09
4700.056 1.3243887207800486e-09
4750.056 1.3575429860799418e-09
4800.056 8.412788667600685e-10
4850.056 8.873810565100204e-10
4900.056 1.031216330749978e-09
4950.056 8.261898069500039e-10
5000.056 3.87538141939964e-10
5050.056 2.106372963750053e-10
5100.056 1.7460467646300988e-10
5150.056 1.4176858266601467e-10
5200.056 1.3951318009499476e-10
5250.056 1.3597279111000242e-10
5300.056 1.1544015792700009e-10
5350.056 9.595636539000058e-11
5400.056 7.859180338399983e-11
5450.056 6.298995098099981e-11
5500.056 4.966896611199977e-11
5550.056 3.966683866299976e-11
5600.056 3.077478335999991e-11
5650.056 2.2899019191999906e-11
5700.056 1.6003565105999915e-11
5750.056 1.0161233252899932e-11
5800.056 5.518848734099943e-12
5850.056 2.162079539479958e-12
5900.056 3.5189618681384143e-13
5950.056 4.956240660800103e-12
6000.056 1.7436863885100263e-11
6050.056 4.569313551200054e-11
6100.056 9.863492196400107e-11
6150.056 1.9217234434000169e-10
6200.056 3.4462563122000243e-10
6250.056 5.847565140600048e-10
6300.056 9.595361391500071e-10
6350.056 1.5029527253000113e-09
6400.056 2.2531094173000086e-09
6450.056 3.2757180352999853e-09
6500.056 4.4981718391999645e-09
6550.056 6.146609938199962e-09
6600.056 8.073577127100066e-09
6650.056 9.678138742800317e-09
6700.056 6.281500391507468e-09
6750.056 1.278703815470014e-08
6800.056 1.616395972200051e-08
6850.056 1.8243524933000142e-08
6900.056 1.7714766505999687e-08
6950.056 1.7735299373999737e-08
7000.056 1.8993612246999704e-08
7050.056 1.9714357500000195e-08
7100.056 1.8567308565999945e-08
7150.056 1.8851208003000086e-08
7200.056 2.184323334199994e-08
7250.056 2.3608261746000468e-08
7300.056 2.374292903800047e-08
7350.056 2.1341349835000088e-08
7400.056 1.761656724100006e-08
7450.056 1.4336813588999762e-08
7500.056 1.1440069814799882e-08
7550.056 8.565039124899958e-09
7600.056 5.167079448299918e-09
7650.056 7.236450732947172e-10
7700.056 2.810256481829537e-10
7750.056 3.2500407421000892e-09
7800.056 7.678166400822174e-09
7850.056 1.6986839211000202e-08
7900.056 2.499963490400043e-08
7950.056 2.741192019070009e-08
8000.056 4.417002540200006e-08
8050.056 6.196175220299864e-08
8100.056 8.411599566900039e-08
8150.056 1.1019516593500069e-07
8200.056 1.0821956713899957e-07
8250.056 1.4890854554500124e-07
8300.056 1.6385856357000747e-07
8350.056 1.875462530400038e-07
8400.056 2.081705057599998e-07
8450.056 1.9464611897999702e-07
8500.056 1.8836127664257558e-07
8550.056 2.2583642988800963e-07
8600.056 2.469803379999862e-07
8650.056 2.447482150989795e-07
8700.056 2.37615533598976e-07
8750.056 2.64103633312014e-07
8800.056 3.332211099400171e-07
8850.056 3.5393509490997797e-07
8900.056 3.3511791082000586e-07
8950.056 3.3978950139130883e-07
9000.056 4.404129693800101e-07
9050.056 4.3804043543000794e-07
9100.056 5.239354242599965e-07
9150.056 5.959898778400075e-07
9200.056 6.265825533900047e-07
9250.056 5.532402582199924e-07
9300.056 4.623091809419786e-07
9350.056 5.251068055520274e-07
9400.056 5.996308899899897e-07
9450.056 6.704937801989952e-07
9500.056 7.510701361999542e-07
9550.056 8.103209178690698e-07
9600.056 8.438571212280554e-07
9650.056 9.335004032310336e-07
9700.056 1.0469052811409339e-06
9750.056 9.254692633059691e-07
9800.056 9.941805861319407e-07
9850.056 9.945445943599949e-07
9900.056 7.273636350899531e-07
9950.056 5.405607499300031e-07
10000.056 5.144457435399812e-07
10050.056 5.873937703299913e-07
10100.056 7.039101576800344e-07
10150.056 7.025047554799558e-07
10200.056 7.67757549219987e-07
10250.056 8.006786279299678e-07
10300.056 7.66088215989991e-07
10350.056 8.882790264700373e-07
10400.056 1.0071524686599683e-06
10450.056 1.0408654409300562e-06
10500.056 1.0302455901499633e-06
10550.056 1.0923231602700503e-06
10600.056 1.1814446855100252e-06
10650.056 1.222332687360071e-06
10700.056 1.2764081993700445e-06
10750.056 1.4127755752500597e-06
10800.056 1.541328645439967e-06
10850.056 1.7277797816499197e-06
10900.056 1.7493001369499635e-06
10950.056 1.6994176679399222e-06
11000.056 1.612196355329972e-06
11050.056 1.338550508632969e-06
11100.056 1.36392751120813e-06
11150.056 1.4247129855339237e-06
11200.056 1.4539332709770266e-06
11250.056 1.7619117640645311e-06
11300.056 1.6994997273489532e-06
11350.056 1.4393821793593675e-06
11400.056 1.1920064822200464e-06
11450.056 1.6986810826949176e-06
11500.056 2.108450230632792e-06
11550.056 1.939802282087238e-06
11600.056 2.0622824999866573e-06
11650.056 1.9638789681451292e-06
11700.056 1.3343411818110496e-06
11750.056 1.4202245211958765e-06
11800.056 1.4922112198270915e-06
11850.056 2.193573668190106e-06
11900.056 2.483369610989729e-06
11950.056 2.2300815760300202e-06
12000.056 1.9125082377800276e-06
12050.056 2.362700541900055e-06
12100.056 2.321049428979882e-06
12150.056 2.7401721849298808e-06
12200.056 2.665822342099711e-06
12250.056 2.952307387599898e-06
12300.056 3.070716167500161e-06
12350.056 2.9651384964999825e-06
12400.056 2.534682325499944e-06
12450.056 2.167527842300021e-06
12500.056 2.296796956029864e-06
12550.056 2.3690690425101417e-06
12600.056 2.9844958730000107e-06
12650.056 3.057083368499904e-06
12700.056 3.4097971072002125e-06
12750.056 3.3338879117999018e-06
12800.056 3.537382894000066e-06
12850.056 3.367409890499929e-06
12900.056 3.132426931099914e-06
12950.056 3.2278948576999464e-06
13000.056 3.4005986265497943e-06
13050.056 3.5731021733399066e-06
13100.056 3.618854316999934e-06
13150.056 3.6029643508398875e-06
13200.056 3.42902975866003e-06
13250.056 3.0725527395030344e-06
13300.056 2.5086259758177657e-06
13350.056 1.2607459066037527e-06
13400.056 1.0110317690384592e-06
13450.056 8.292305797563348e-07
13500.056 7.329959719532589e-07
13550.056 6.559140600312334e-07
13600.056 6.279464479869428e-07
13650.056 8.489272681911416e-07
13700.056 7.369633546811381e-07
13750.056 7.974714443881236e-07
13800.056 9.670159314671934e-07
13850.056 8.815051644461014e-07
13900.056 8.593936889805802e-07
13950.056 7.977613491864546e-07
14000.056 7.382045681514352e-07
14050.056 7.878936264762738e-07
14100.056 6.452062263508017e-07
14150.056 7.396459708263327e-07
14200.056 6.423257091875141e-07
14250.056 6.204933099721155e-07
14300.056 7.042942841750002e-07
14350.056 7.157678994386651e-07
14400.056 7.525552001504311e-07
14450.056 7.900697968500633e-07
14500.056 9.588658602879328e-07
14550.056 9.795540809379416e-07
14600.056 1.1222216200692935e-06
14650.056 1.1056004575126135e-06
14700.056 9.960700066549847e-07
14750.056 1.1002654640912864e-06
14800.056 1.1943067890252745e-06
14850.056 1.306210883022815e-06
14900.056 1.2707727549989365e-06
14950.056 1.3147656154691914e-06
15000.056 1.384007750908117e-06
15050.056 1.5837375483447668e-06
15100.056 1.5965336133800607e-06
15150.056 1.7096940702401184e-06
15200.056 1.7737805382298625e-06
15250.056 1.8728622780799873e-06
15300.056 1.9848154666599268e-06
15350.056 2.128269312499952e-06
15400.056 2.243671062960029e-06
15450.056 2.3714362520900994e-06
15500.056 2.4509634991499746e-06
15550.056 2.6188251141998118e-06
15600.056 2.621655351560141e-06
15650.056 2.7582403594901183e-06
15700.056 2.985270743790388e-06
15750.056 3.124026842999853e-06
15800.056 3.1132082402002106e-06
15850.056 2.7972192721000516e-06
15900.056 2.8982356703000814e-06
15950.056 2.9221661929998584e-06
16000.056 2.9810568369999853e-06
16050.056 3.0258626195000765e-06
16100.056 3.116695108300033e-06
16150.056 2.9339562589000616e-06
16200.056 3.0546923276998694e-06
16250.056 2.9604846895999608e-06
16300.056 2.9740255907000047e-06
16350.056 3.1347550710999865e-06
16400.056 3.1127472232000566e-06
16450.056 3.211303745400127e-06
16500.056 3.294899799500157e-06
16550.056 3.41765789870001e-06
16600.056 3.2139093918001723e-06
16650.056 3.393238488899982e-06
16700.056 3.1984575406998615e-06
16750.056 3.219366075699929e-06
16800.056 3.3809557656998744e-06
16850.056 3.4015303715998888e-06
16900.056 3.294447419399973e-06
16950.056 3.2404170841999964e-06
17000.056 3.2587622494002406e-06
17050.056 3.2658026604999896e-06
17100.056 3.103385153900238e-06
17150.056 2.9921875710600426e-06
17200.056 2.786674709249851e-06
17250.056 2.56810112173991e-06
17300.056 2.523850045499874e-06
17350.056 2.4160524549801604e-06
17400.056 2.347092153413971e-06
17450.056 2.131360309289344e-06
17500.056 2.0836680047148696e-06
17550.056 1.9567101263453158e-06
17600.056 1.8821578373859576e-06
17650.056 1.8832065094420782e-06
17700.056 1.5504326438758614e-06
17750.056 1.454679815410971e-06
17800.056 1.5030610362353055e-06
17850.056 1.2467616317740415e-06
17900.056 1.3547313831580667e-06
17950.056 1.253189447905962e-06
18000.056 1.1707599989519952e-06
18050.056 1.1410492981521164e-06
18100.056 1.106117424361889e-06
18150.056 1.2753343944652815e-06
18200.056 9.631067060220992e-07
18250.056 1.3104642171648378e-06
18300.056 1.163988003128006e-06
18350.056 1.0980682889451008e-06
18400.056 1.0691361889290516e-06
18450.056 9.584125029054435e-07
18500.056 1.0226609145781274e-06
18550.056 9.150136894310522e-07
18600.056 7.679080898367557e-07
18650.056 8.601058982291387e-07
18700.056 9.59351432566153e-07
18750.056 9.55034410567207e-07
18800.056 1.0670372198092495e-06
18850.056 1.238749658640964e-06
18900.056 1.1725525996165137e-06
18950.056 1.3325500841409867e-06
19000.056 1.3224985130198602e-06
19050.056 1.2294101694959314e-06
19100.056 1.4090967590991e-06
19150.056 1.3583176799300715e-06
19200.056 1.3915166690472845e-06
19250.056 1.2718327901959556e-06
19300.056 1.340106243561655e-06
19350.056 1.250660069877916e-06
19400.056 9.90838113962872e-07
19450.056 1.2767497095819665e-06
19500.056 1.2887365245569356e-06
19550.056 1.030997434058209e-06
19600.056 1.1888567158509545e-06
19650.056 1.2376010120224075e-06
19700.056 1.2301586197760893e-06
19750.056 1.141266215750093e-06
19800.056 1.2367529260378576e-06
19850.056 1.3344547850070957e-06
19900.056 1.1202795553621527e-06
19950.056 1.3900626607199366e-06
20000.056 1.2348531904771227e-06
20050.056 1.391186874246173e-06
20100.056 1.3715240957314447e-06
20150.056 1.4575121579701701e-06
20200.056 1.5237039296198795e-06
20250.056 1.5923480494398226e-06
20300.056 1.6001473593301437e-06
20350.056 1.7203501360898467e-06
20400.056 1.7230860950594657e-06
20450.056 1.806656488529688e-06
20500.056 1.883883241999894e-06
20550.056 1.899216529490045e-06
20600.056 2.0693051210001254e-06
20650.056 2.027167189450108e-06
20700.056 2.1346717163501854e-06
20750.056 2.1609812151098867e-06
20800.056 2.272701676569936e-06
20850.056 2.229558483279962e-06
20900.056 2.376544454739829e-06
20950.056 2.388612349639952e-06
21000.056 2.4610340233000043e-06
21050.056 2.497146376329993e-06
21100.056 2.4981110961599824e-06
21150.056 2.6045764064999267e-06
21200.056 2.581646479500073e-06
21250.056 2.683121130799877e-06
21300.056 2.587734991000032e-06
21350.056 2.7249519261000194e-06
21400.056 2.6311952307001597e-06
21450.056 2.7920519343999866e-06
21500.056 2.6743526916000917e-06
21550.056 2.7059067314999563e-06
21600.056 2.7271389538001356e-06
21650.056 2.681009120000019e-06
21700.056 2.7511241878000137e-06
21750.056 2.6479821271000024e-06
21800.056 2.6273129804998196e-06
21850.056 2.5857828895999437e-06
21900.056 2.599749893000095e-06
21950.056 2.4592918093000565e-06
22000.056 2.372782423200025e-06
22050.056 2.230847999199809e-06
22100.056 2.2985672743000987e-06
22150.056 2.341119085200051e-06
22200.056 2.264685631360158e-06
22250.056 2.3628748868802163e-06
22300.056 2.3035897332099657e-06
22350.056 2.2130138072001675e-06
22400.056 2.222498860639976e-06
22450.056 2.1297130814999553e-06
22500.056 2.166157453110088e-06
22550.056 2.0999062249497862e-06
22600.056 2.1253446661800934e-06
22650.056 2.036338138010263e-06
22700.056 1.9904504898802194e-06
22750.056 2.0646294219400295e-06
22800.056 1.9530522422599567e-06
22850.056 1.9413408191601175e-06
22900.056 1.939675699039918e-06
22950.056 1.4046429233300788e-06
23000.056 1.493868421320085e-06
23050.056 1.6244127630298298e-06
23100.056 1.6023141749799268e-06
23150.056 1.6736989093841177e-06
23200.056 1.4953440178870786e-06
23250.056 1.3231525669858722e-06
23300.056 1.3121023966081202e-06
23350.056 1.3541469048769808e-06
23400.056 1.3376330619501034e-06
23450.056 1.3792237405701455e-06
23500.056 1.4496642179999814e-06
23550.056 1.3893403731801914e-06
23600.056 1.3797928029500936e-06
23650.056 1.4877270722498374e-06
23700.056 1.350944310399952e-06
23750.056 1.3726853391602039e-06
23800.056 1.3291162944999721e-06
23850.056 1.2210074315601014e-06
23900.056 1.3861347182900924e-06
23950.056 1.466013275360215e-06
24000.056 1.4301468459096336e-06
24050.056 1.438372274310166e-06
24100.056 1.3135209940398583e-06
24150.056 1.3244913836603155e-06
24200.056 1.3301138264896644e-06
24250.056 1.2863959699400896e-06
24300.056 1.293550151080078e-06
24350.056 1.1470210712400408e-06
24400.056 1.3094802270600458e-06
24450.056 1.1452297264398688e-06
24500.056 1.112195331359956e-06
24550.056 1.082498188510178e-06
24600.056 1.1280084610621025e-06
24650.056 1.2255053256070796e-06
24700.056 9.831888958839388e-07
24750.056 9.462388844221542e-07
24800.056 9.472968803400951e-07
24850.056 1.1311421112480536e-06
24900.056 7.994796229253283e-07
24950.056 1.0641738380699777e-06
25000.056 9.61789010527145e-07
25050.056 7.369979884141667e-07
25100.056 9.125960315729553e-07
25150.056 7.765898943259302e-07
25200.056 8.401105408720446e-07
25250.056 7.473971145908703e-07
25300.056 8.598985615840501e-07
25350.056 6.93370752178992e-07
25400.056 8.283686237591911e-07
25450.056 6.909250811019697e-07
25500.056 7.437674796191675e-07
25550.056 7.160721754610202e-07
25600.056 7.451335625979362e-07
25650.056 6.361068908069737e-07
25700.056 8.858704436177245e-07
25750.056 5.977990358121301e-07
25800.056 8.594754540391291e-07
25850.056 6.959096966089185e-07
25900.056 8.259596059021133e-07
25950.056 6.58771825743046e-07
26000.056 8.67560722690294e-07
26050.056 8.341437606030022e-07
26100.056 9.203626741160364e-07
26150.056 8.704585412049016e-07
26200.056 8.459605570710076e-07
26250.056 9.313343654859653e-07
26300.056 8.699990194810538e-07
26350.056 9.909191777379748e-07
26400.056 9.987127412018723e-07
26450.056 9.695389463380646e-07
26500.056 1.0338314344347473e-06
26550.056 9.213140032858496e-07
26600.056 1.1448948270838637e-06
26650.056 8.226025672848633e-07
26700.056 8.374743523370355e-07
26750.056 6.742473764127141e-07
26800.056 8.075628803288698e-07
26850.056 6.096306653060384e-07
26900.056 8.539229194389963e-07
26950.056 5.797000606479213e-07
27000.056 8.291720601851158e-07
27050.056 7.019287733299714e-07
27100.056 6.994319834628527e-07
27150.056 7.796990075360305e-07
27200.056 7.467071382970899e-07
27250.056 7.113268525722105e-07
27300.056 9.214725857800946e-07
27350.056 8.341611297567895e-07
27400.056 6.392856185219289e-07
27450.056 9.737369425397839e-07
27500.056 8.938498478459699e-07
27550.056 7.570596150868951e-07
27600.056 9.781572049679382e-07
27650.056 7.16862353101973e-07
27700.056 6.72680012766025e-07
27750.056 9.8249915596978e-07
27800.056 6.834586137139703e-07
27850.056 7.482360100147949e-07
27900.056 7.8610031802602e-07
27950.056 9.631735334499748e-07
28000.056 8.602028879571509e-07
28050.056 6.182848580091467e-07
28100.056 1.0115531593462205e-06
28150.056 7.683155305540532e-07
28200.056 6.295872280580049e-07
28250.056 9.001198243599854e-07
28300.056 1.0443577174191527e-06
28350.056 6.989003880518443e-07
28400.056 8.293971393960069e-07
28450.056 9.108236900398655e-07
28500.056 8.623382592048369e-07
28550.056 5.785692869518546e-07
28600.056 1.02296938850998e-06
28650.056 9.077641699679863e-07
28700.056 8.090477676779068e-07
28750.056 9.467130783709995e-07
28800.056 8.979244470001859e-07
28850.056 9.540085382700707e-07
28900.056 6.968978212939906e-07
28950.056 1.053979692069954e-06
29000.056 8.905024367498142e-07
29050.056 9.596780103900275e-07
29100.056 7.583373226881138e-07
29150.056 1.0407497750400713e-06
29200.056 8.643970524400674e-07
29250.056 9.859665770299671e-07
29300.056 7.857891481497831e-07
29350.056 1.2019300914698874e-06
29400.056 9.410916422899195e-07
29450.056 9.5081199068998e-07
29500.056 9.806968547899251e-07
29550.056 9.6706356896003e-07
29600.056 1.0674546236497662e-06
29650.056 9.76573611409948e-07
29700.056 9.296307270498878e-07
29750.056 1.0837039796102407e-06
29800.056 1.1261092904898522e-06
29850.056 1.046860008029876e-06
29900.056 1.0011717824503485e-06
29950.056 1.177999509699833e-06
30000.056 1.1332516536398238e-06
30050.056 1.0493502644499878e-06
30100.056 9.405612292697644e-07
30150.056 1.3149191663499764e-06
30200.056 1.1277703159900538e-06
30250.056 1.1747273402701724e-06
30300.056 1.0846311030099143e-06
30350.056 1.1144672328601372e-06
30400.056 1.291402185740125e-06
30450.056 1.0300997421301418e-06
30500.056 9.564049739700835e-07
30550.056 1.1597571786501533e-06
30600.056 1.1453149281000657e-06
30650.056 1.143558879339972e-06
30700.056 1.0399018975199154e-06
30750.056 1.0287956494399756e-06
30800.056 1.1155388473901924e-06
30850.056 9.581511171098894e-07
30900.056 9.537478711998936e-07
30950.056 8.747572103301231e-07
31000.056 9.509071090800077e-07
31050.056 9.75111073380003e-07
31100.056 8.442462730999754e-07
31150.056 9.078632926398988e-07
31200.056 9.330338216099811e-07
31250.056 9.015636922000188e-07
31300.056 8.449132373398999e-07
31350.056 8.081713875099847e-07
31400.056 7.685301057401348e-07
31450.056 7.859110303599302e-07
31500.056 7.699900205099211e-07
31550.056 7.58537621909993e-07
31600.056 7.150805644899752e-07
31650.056 7.078832112800041e-07
31700.056 7.195155346699334e-07
31750.056 6.639062499101429e-07
31800.056 7.585732847399273e-07
31850.056 7.0338458753008e-07
31900.056 7.901419160900372e-07
31950.056 6.352407665300276e-07
32000.056 7.156787024399261e-07
32050.056 7.721391983700636e-07
32100.056 7.640715691699786e-07
32150.056 8.342946089299485e-07
32200.056 7.449991467999782e-07
32250.056 8.695514726300882e-07
32300.056 7.37042367999944e-07
32350.056 9.487359593500901e-07
32400.056 7.582807296299942e-07
32450.056 9.080293098598208e-07
32500.056 9.17058400040174e-07
32550.056 1.0111987296700004e-06
32600.056 1.004716446049983e-06
32650.056 1.0755996941000656e-06
32700.056 1.0484145715201056e-06
32750.056 1.0683620185900032e-06
32800.056 1.0474826636900867e-06
32850.056 1.16711512175988e-06
32900.056 1.2210019255800045e-06
32950.056 1.106976086909946e-06
33000.056 1.1065691708899672e-06
33050.056 1.034434398039969e-06
33100.056 9.171729777899129e-07
33150.056 5.742193803000715e-07
33200.056 4.637818090998814e-07
33250.056 4.0333464775990044e-07
33300.056 3.842838173600548e-07
33350.056 4.2632351714001197e-07
33400.056 4.53473323779966e-07
33450.056 4.96399266809994e-07
33500.056 5.873879740800676e-07
33550.056 6.376031998400522e-07
33600.056 7.431330849400345e-07
33650.056 8.633637524401289e-07
33700.056 8.726136736999617e-07
33750.056 1.0566547619599938e-06
33800.056 9.96790937559905e-07
33850.056 1.1014622018100108e-06
33900.056 1.0794262637199124e-06
33950.056 1.04557395949997e-06
34000.056 1.1177225385598447e-06
34050.056 1.0152641913698348e-06
34100.056 1.1718609700400151e-06
34150.056 1.0379789655097828e-06
34200.056 9.637677885097724e-07
34250.056 1.0877875722998236e-06
34300.056 9.23862035319535e-07
34350.056 9.30001217660017e-07
34400.056 8.906486953500477e-07
34450.056 9.728955998700088e-07
34500.056 1.0555156487899996e-06
34550.056 8.922693884200009e-07
34600.056 1.0768141759000272e-06
34650.056 1.0200778623899656e-06
34700.056 1.0221344751598713e-06
34750.056 1.1553298551801118e-06
34800.056 1.013867960749815e-06
34850.056 1.025049042260032e-06
34900.056 1.0900238234600446e-06
34950.056 1.0242218633297784e-06
35000.056 1.1951646112300195e-06
35050.056 1.1170535887800604e-06
35100.056 1.1038051711598929e-06
35150.056 1.225839675129949e-06
35200.056 1.1770620192201122e-06
35250.056 1.2484742507499528e-06
35300.056 1.1474455982701008e-06
35350.056 1.1692591558099064e-06
35400.056 1.2374242519401255e-06
35450.056 1.0061632306303545e-06
35500.056 1.351622880459988e-06
35550.056 1.2848579078499803e-06
35600.056 1.2031627176000809e-06
35650.056 1.4264342857900757e-06
35700.056 1.2174136099400286e-06
35750.056 1.3207038258997871e-06
35800.056 1.5720398054999974e-06
35850.056 1.317993441070093e-06
35900.056 1.6145502937499009e-06
35950.056 1.5234604082199783e-06
36000.056 1.4712219890000985e-06
36050.056 1.6762849340001422e-06
36100.056 1.6579275611292657e-06
36150.056 1.588999457250231e-06
36200.056 1.8190989046798961e-06
36250.056 1.648553287019918e-06
36300.056 1.924188521590127e-06
36350.056 1.802411231149859e-06
36400.056 1.8088795520200794e-06
36450.056 2.055003606999876e-06
36500.056 1.9016142358999825e-06
36550.056 1.9744214700004725e-06
36600.056 1.99756096770008e-06
36650.056 2.0471162113998316e-06
36700.056 2.25325151729992e-06
36750.056 2.0851415934001097e-06
36800.056 2.1923152949999092e-06
36850.056 2.312485988300035e-06
36900.056 2.2501670696001694e-06
36950.056 2.330576458499853e-06
37000.056 2.3950300558999024e-06
37050.056 2.4441600933999196e-06
37100.056 2.4363105393001704e-06
37150.056 2.467182939199829e-06
37200.056 2.5537127395000048e-06
37250.056 2.5795619269999453e-06
37300.056 2.566515935900067e-06
37350.056 2.4398769874002957e-06
37400.056 2.644792744099918e-06
37450.056 2.513747379900124e-06
37500.056 2.6764645064998383e-06
37550.056 2.693400771199814e-06
37600.056 2.8239969222999344e-06
37650.056 2.6671321509999726e-06
37700.056 2.836947773200005e-06
37750.056 2.7972783303000236e-06
37800.056 2.8860304033999984e-06
37850.056 2.767389954499946e-06
37900.056 2.821147000800239e-06
37950.056 2.8466245408000113e-06
38000.056 2.9366754813001483e-06
38050.056 2.9079741115001435e-06
38100.056 2.774320124400188e-06
38150.056 3.037811674899941e-06
38200.056 3.0295917562999546e-06
38250.056 2.8348186211002057e-06
38300.056 2.863393220999955e-06
38350.056 2.9742983484999917e-06
38400.056 2.9922706040998616e-06
38450.056 3.147364437300044e-06
38500.056 2.981422582699997e-06
38550.056 3.064366224800124e-06
38600.056 3.2964857781999247e-06
38650.056 3.0105024684999865e-06
38700.056 3.0135955056003002e-06
38750.056 3.1640093099000084e-06
38800.056 3.100221315400144e-06
38850.056 3.081776281900024e-06
38900.056 2.9684780227999287e-06
38950.056 3.1928491962999787e-06
39000.056 3.101825082800073e-06
39050.056 3.17832295979991e-06
39100.056 2.9718914892001495e-06
39150.056 3.127325090500067e-06
39200.056 3.1733747076000087e-06
39250.056 3.1441505692997133e-06
39300.056 3.126194953499733e-06
39350.056 3.1433994156001867e-06
39400.056 3.1115173897000804e-06
39450.056 3.156960357599932e-06
39500.056 3.0284127275998397e-06
39550.056 3.014985775099791e-06
39600.056 3.25511553509992e-06
39650.056 2.973721078000046e-06
39700.056 3.0300015443999638e-06
39750.056 3.0229960252998382e-06
39800.056 2.850631628800061e-06
39850.056 3.034311971799885e-06
39900.056 2.935823554000032e-06
39950.056 3.05849007959986e-06
40000.056 2.7836600960999535e-06
40050.056 2.7632780041999986e-06
40100.056 2.9352926952999394e-06
40150.056 2.7521253051997326e-06
40200.056 2.8612307813998804e-06
40250.056 2.633627196399413e-06
40300.056 2.6470474764001948e-06
40350.056 2.783226409600132e-06
40400.056 2.7491184607000665e-06
40450.056 2.6658768261000564e-06
40500.056 2.4522512771002133e-06
40550.056 2.807941031899819e-06
40600.056 2.3714021622001737e-06
40650.056 2.6336761724000853e-06
40700.056 2.7570356412000485e-06
40750.056 2.409486425399369e-06
40800.056 2.36851596296997e-06
40850.056 2.30698107070038e-06
40900.056 2.3439479681001117e-06
40950.056 2.4075197372199526e-06
41000.056 2.4347133623999373e-06
41050.056 2.4144122551597155e-06
41100.056 2.2549885176999264e-06
41150.056 2.4205811890999596e-06
41200.056 2.3101219500000664e-06
41250.056 2.3307178361001044e-06
41300.056 2.026920245899703e-06
41350.056 2.356632440100057e-06
41400.056 2.1776802265001996e-06
41450.056 2.2318519916002065e-06
41500.056 2.2991282002001077e-06
41550.056 2.2161491021900355e-06
41600.056 2.1827041218000856e-06
41650.056 2.1187786895002094e-06
41700.056 2.0038271822398343e-06
41750.056 2.10532823489987e-06
41800.056 2.206863739379813e-06
41850.056 1.7636618370702204e-06
41900.056 2.1220274373599277e-06
41950.056 2.048535973300346e-06
42000.056 1.9969079550302946e-06
42050.056 1.7913636282697003e-06
42100.056 2.037990670900191e-06
42150.056 1.5710047840097456e-06
42200.056 1.6494805424800983e-06
42250.056 1.9067631526699394e-06
42300.056 1.6455691464400637e-06
42350.056 1.874529525580297e-06
42400.056 1.6535559259702382e-06
42450.056 1.4896574633000604e-06
42500.056 1.5521590480901214e-06
42550.056 1.5651265285099534e-06
42600.056 1.600221463370179e-06
42650.056 1.58447236238948e-06
42700.056 1.6384095464002554e-06
42750.056 1.5240796166399452e-06
42800.056 1.5591001166703726e-06
42850.056 1.693701394399692e-06
42900.056 1.670521678640062e-06
42950.056 1.4685538698395222e-06
43000.056 1.5486590246699657e-06
43050.056 1.373252659260491e-06
43100.056 1.501658745740056e-06
43150.056 1.4908684066401565e-06
43200.056 1.4325516575401014e-06
43250.056 1.466046748389855e-06
43300.056 1.511408306160088e-06
43350.056 1.3108215617798547e-06
43400.056 1.3770514527799776e-06
43450.056 1.3308418785101884e-06
43500.056 1.3375963288598777e-06
43550.056 1.3448478618100618e-06
43600.056 1.4185426136100572e-06
43650.056 1.235634851980018e-06
43700.056 1.2894205008598394e-06
43750.056 1.2852215229901463e-06
43800.056 1.203579643910042e-06
43850.056 1.2077750749801866e-06
43900.056 1.249540927249921e-06
43950.056 1.1488498068400076e-06
44000.056 1.0770366128600568e-06
44050.056 1.0954376798000407e-06
44100.056 1.1553697884401324e-06
44150.056 1.1872131485299202e-06
44200.056 1.1090234675300262e-06
44250.056 1.0896614710000013e-06
44300.056 1.0577734862700913e-06
44350.056 1.0247604337600567e-06
44400.056 1.066551016269948e-06
44450.056 1.0801171122200355e-06
44500.056 1.0557575990800924e-06
44550.056 1.000503691919863e-06
44600.056 9.908787120601006e-07
44650.056 1.0560481795000297e-06
44700.056 9.817171159400308e-07
44750.056 1.0147953863499188e-06
44800.056 1.0046721723899635e-06
44850.056 9.94399076250095e-07
44900.056 9.459431502600728e-07
44950.056 9.181331367300453e-07
45000.056 9.686457002399764e-07
45050.056 9.719762813899462e-07
45100.056 1.0089066719300087e-06
45150.056 9.239539865099983e-07
45200.056 8.6416270144001e-07
45250.056 8.979462710899402e-07
45300.056 9.68145940600026e-07
45350.056 9.83332494599938e-07
45400.056 9.281201484300892e-07
45450.056 8.784911864298873e-07
45500.056 9.172199878499537e-07
45550.056 9.75608482599987e-07
45600.056 9.072045882099862e-07
45650.056 8.456661069598743e-07
45700.056 9.621828398000607e-07
45750.056 8.770165481500297e-07
45800.056 8.709439651499635e-07
45850.056 1.0216658410099674e-06
45900.056 9.904252850900216e-07
45950.056 8.807154218200001e-07
46000.056 1.0166998127200213e-06
46050.056 1.0255022508601972e-06
46100.056 8.617309475200609e-07
46150.056 9.420191058099455e-07
46200.056 9.789894233201733e-07
46250.056 8.434775781400008e-07
46300.056 1.0501712059899953e-06
46350.056 9.318842535399302e-07
46400.056 9.514345059299348e-07
46450.056 9.87983869270076e-07
46500.056 8.944511325299486e-07
46550.056 1.0746910657200061e-06
46600.056 1.0092785150600552e-06
46650.056 1.242248044659839e-06
46700.056 1.186506933440362e-06
46750.056 9.578890907200017e-07
46800.056 1.010372238750095e-06
46850.056 1.0989069323701232e-06
46900.056 1.0298363786098672e-06
46950.056 1.165690329919982e-06
47000.056 9.701011105400126e-07
47050.056 1.1676257855599052e-06
47100.056 9.034721383000636e-07
47150.056 1.00716129842006e-06
47200.056 1.0842858990901731e-06
47250.056 9.671228800899289e-07
47300.056 1.000681795779854e-06
47350.056 8.961674321799112e-07
47400.056 1.0754997185698742e-06
47450.056 9.354641048499488e-07
47500.056 1.0808610824799079e-06
47550.056 9.44383896439949e-07
47600.056 1.0790625722499208e-06
47650.056 8.405932020398753e-07
47700.056 1.0953105296600406e-06
47750.056 8.015125932901332e-07
47800.056 1.0729733533699412e-06
47850.056 8.299788535099432e-07
47900.056 1.0449779389700236e-06
47950.056 8.55571596180098e-07
48000.056 1.17015750178999e-06
48050.056 9.186733114400918e-07
48100.056 1.0266031888699807e-06
48150.056 9.141320847701158e-07
48200.056 1.0727076876600726e-06
48250.056 9.044272663000407e-07
48300.056 1.1602266047698656e-06
48350.056 8.395316450499268e-07
48400.056 1.0230272994699805e-06
48450.056 8.704531542900201e-07
48500.056 1.1725655164300135e-06
48550.056 8.332729261799862e-07
48600.056 1.1114734474999339e-06
48650.056 8.678242948599764e-07
48700.056 1.1128335774000705e-06
48750.056 7.88261475380041e-07
48800.056 1.1693768948500437e-06
48850.056 8.398553701298464e-07
48900.056 1.128444956750082e-06
48950.056 9.788731720499959e-07
49000.056 9.569277844799493e-07
49050.056 1.0705730153599645e-06
49100.056 9.586360711200562e-07
49150.056 1.0225680518799506e-06
49200.056 9.447001309599617e-07
49250.056 1.0253505258200185e-06
49300.056 8.981453638899327e-07
49350.056 9.657192650599894e-07
49400.056 1.0888528408200118e-06
49450.056 9.549646239201898e-07
49500.056 9.919219370000108e-07
49550.056 8.741284166399566e-07
49600.056 9.62294440780149e-07
49650.056 1.002382385909965e-06
49700.056 8.875836593399226e-07
49750.056 1.284324919239898e-06
49800.056 9.457602247300191e-07
49850.056 1.2121719185500776e-06
49900.056 9.834629331100144e-07
49950.056 1.0228636281698764e-06
50000.056 1.0283668617398116e-06
50050.056 1.0063840912500475e-06
50100.056 1.1186628324299385e-06
50150.056 9.197967841200103e-07
50200.056 8.762796968600855e-07
50250.056 1.049263617740019e-06
50300.056 9.495595275999715e-07
50350.056 1.168528812919984e-06
50400.056 9.76662557139923e-07
50450.056 9.829924450601226e-07
50500.056 1.2144641118801182e-06
50550.056 1.0146301084e-06
50600.056 1.0882600463799558e-06
50650.056 1.0295148049301313e-06
50700.056 1.161577571639866e-06
50750.056 1.211805014920123e-06
50800.056 8.598296004598865e-07
50850.056 1.0359059710301174e-06
50900.056 1.1442285887699397e-06
50950.056 1.1051524154801854e-06
51000.056 1.306882890070104e-06
51050.056 1.0131239731400663e-06
51100.056 9.625978679899345e-07
51150.056 1.1076187000399544e-06
51200.056 1.0816191049699938e-06
51250.056 1.1589828553900021e-06
51300.056 9.393513801202351e-07
51350.056 1.0995642182098956e-06
51400.056 9.981240745698619e-07
51450.056 7.859364143898839e-07
51500.056 1.0043328843600815e-06
51550.056 1.3046714332400917e-06
51600.056 9.011697709300438e-07
51650.056 1.0681648352398732e-06
51700.056 1.0422138486697456e-06
51750.056 9.499918456500344e-07
51800.056 1.1788683337497826e-06
51850.056 1.1104444187698826e-06
51900.056 1.2259602165701327e-06
51950.056 1.1210650591499233e-06
52000.056 8.980850490799621e-07
52050.056 1.0771345302899454e-06
52100.056 9.91260084129908e-07
52150.056 9.909746453200346e-07
52200.056 9.635251606600193e-07
52250.056 1.0268005188499946e-06
52300.056 1.190131858089975e-06
52350.056 1.18749714912008e-06
52400.056 8.866470885001183e-07
52450.056 1.038253692600023e-06
52500.056 1.1849050093698412e-06
52550.056 1.1145995885398004e-06
52600.056 1.0962362202100924e-06
52650.056 1.2117218355201279e-06
52700.056 1.0198517384500324e-06
52750.056 8.907922646099443e-07
52800.056 9.714966102000742e-07
52850.056 9.456864646398965e-07
52900.056 1.052448878329999e-06
52950.056 1.02050164213994e-06
53000.056 1.1862302655699843e-06
53050.056 9.886345427198148e-07
53100.056 1.0212167255898888e-06
53150.056 1.2540646944701124e-06
53200.056 8.427177799400538e-07
53250.056 1.1720174026600083e-06
53300.056 1.1774133887303944e-06
53350.056 1.1693589310298827e-06
53400.056 1.1163583784900533e-06
53450.056 9.772487663400331e-07
53500.056 8.058590314598876e-07
53550.056 1.0278210935399463e-06
53600.056 1.1226301390901514e-06
53650.056 9.081741375400581e-07
53700.056 9.506265700201186e-07
53750.056 1.0264164301300078e-06
53800.056 1.0108675857300672e-06
53850.056 1.1416154277996988e-06
53900.056 8.699661185601925e-07
53950.056 1.1775215223799858e-06
54000.056 1.0950560926300433e-06
54050.056 9.326118254500754e-07
54100.056 8.083200121298997e-07
54150.056 9.445060180201218e-07
54200.056 7.747201422799941e-07
54250.056 8.809126759900362e-07
54300.056 8.175529088699709e-07
54350.056 9.795028324398782e-07
54400.056 1.0628937273398866e-06
54450.056 1.0619264339098652e-06
54500.056 9.84838664850027e-07
54550.056 8.841914099199957e-07
54600.056 9.785495897599758e-07
54650.056 8.73197201379889e-07
54700.056 1.0205587283400187e-06
54750.056 1.0513011568799859e-06
54800.056 8.679841739500042e-07
54850.056 9.501052663198726e-07
54900.056 1.0468127995201179e-06
54950.056 1.1319276378000517e-06
55000.056 9.386194516299909e-07
55050.056 1.0274000309699542e-06
55100.056 9.93239477420075e-07
55150.056 8.461642891698391e-07
55200.056 9.033257326799398e-07
55250.056 8.331070737499058e-07
55300.056 8.490637577999161e-07
55350.056 1.0233650653701712e-06
55400.056 1.0525476319200764e-06
55450.056 9.840163410898462e-07
55500.056 7.230164040500802e-07
55550.056 9.125594283898395e-07
55600.056 9.281887347799876e-07
55650.056 7.778558727200121e-07
55700.056 9.030545016600561e-07
55750.056 9.813607012099315e-07
55800.056 8.486376722900608e-07
55850.056 7.884862011599178e-07
55900.056 9.397282276099669e-07
55950.056 1.1984290624999794e-06
56000.056 8.440273905298532e-07
56050.056 9.730892155200054e-07
56100.056 9.970756868999687e-07
56150.056 8.378656895100025e-07
56200.056 9.004230879298902e-07
56250.056 8.285755755001233e-07
56300.056 9.917882898199327e-07
56350.056 1.1419392480500777e-06
56400.056 9.201652435600092e-07
56450.056 8.823183265299941e-07
56500.056 8.27442095709973e-07
56550.056 7.340549559300559e-07
56600.056 9.62508713459879e-07
56650.056 8.627821310200613e-07
56700.056 1.0775641934001222e-06
56750.056 8.282027947800067e-07
56800.056 9.401735958801073e-07
56850.056 8.14823766780076e-07
56900.056 8.476312345399818e-07
56950.056 9.77158247490029e-07
57000.056 9.74290196250062e-07
57050.056 1.0258121548499385e-06
57100.056 6.733181942099985e-07
57150.056 8.558660485200266e-07
57200.056 7.514847317900067e-07
57250.056 8.540367141800143e-07
57300.056 9.0259555140012e-07
57350.056 7.355728301999504e-07
57400.056 9.525040565600095e-07
57450.056 9.121160378298646e-07
57500.056 9.731299180101057e-07
57550.056 1.0138315045800732e-06
57600.056 1.1053391748498206e-06
57650.056 6.888054920700118e-07
57700.056 8.16623227030051e-07
57750.056 8.610274734299944e-07
57800.056 6.806314967898716e-07
57850.056 9.56925321170116e-07
57900.056 1.0440064804700394e-06
57950.056 9.121011644499267e-07
58000.056 8.697343875099733e-07
58050.056 9.199573631499991e-07
58100.056 1.038968997149987e-06
58150.056 9.347541624200286e-07
58200.056 7.047205777000236e-07
58250.056 8.656291921999488e-07
58300.056 6.67303551389983e-07
58350.056 7.634307891000796e-07
58400.056 8.362159293300853e-07
58450.056 8.534381005400578e-07
58500.056 8.582839640100232e-07
58550.056 9.804318428901353e-07
58600.056 8.223196867099006e-07
58650.056 9.231096645299125e-07
58700.056 8.413109751898639e-07
58750.056 9.308260179400558e-07
58800.056 6.534977228900152e-07
58850.056 8.208739522699982e-07
58900.056 9.123095530799936e-07
58950.056 7.872135405998562e-07
59000.056 8.391282321700286e-07
59050.056 8.784267749099419e-07
59100.056 9.919787855199433e-07
59150.056 9.525762376999788e-07
59200.056 9.011516264100306e-07
59250.056 1.0093245733600965e-06
59300.056 9.79889752870103e-07
59350.056 7.812440123200124e-07
59400.056 7.225669012699185e-07
59450.056 8.728336243200157e-07
59500.056 7.05540553689938e-07
59550.056 9.144995132500696e-07
59600.056 9.715894310299026e-07
59650.056 1.000115669490013e-06
59700.056 7.548700457100173e-07
59750.056 1.0082477132999156e-06
59800.056 9.54833655010008e-07
59850.056 9.242995810799934e-07
59900.056 8.249992349198725e-07
59950.056 8.949124465801959e-07
60000.056 1.1473355936900098e-06
60050.056 9.791477523700607e-07
60100.056 1.0391245837798747e-06
60150.056 8.833479480799386e-07
60200.056 9.76000844189846e-07
60250.056 9.072242631700965e-07
60300.056 8.630358342398861e-07
60350.056 8.198166353400534e-07
60400.056 9.624893576499145e-07
60450.056 7.507956414099121e-07
60500.056 6.481575316600585e-07
60550.056 8.665551996500713e-07
60600.056 9.077048618399589e-07
60650.056 9.423847802499298e-07
60700.056 8.789399701400463e-07
60750.056 8.521145284799731e-07
60800.056 1.0041315029899422e-06
60850.056 1.1506541943700286e-06
60900.056 9.58291342010135e-07
60950.056 1.0091085013599249e-06
61000.056 9.261838540800697e-07
61050.056 8.712710492200015e-07
61100.056 1.0057528550499372e-06
61150.056 6.849644720999446e-07
61200.056 9.76583828400054e-07
61250.056 1.1561824517299658e-06
61300.056 1.2282393062000256e-06
61350.056 1.1274766870400166e-06
61400.056 1.1874235010099004e-06
61450.056 9.116292916601278e-07
61500.056 9.311138574700428e-07
61550.056 9.404337317099701e-07
61600.056 8.16448441550115e-07
61650.056 9.783231250299853e-07
61700.056 8.121683399399209e-07
61750.056 9.430066897998258e-07
61800.056 1.127915684790114e-06
61850.056 8.358959758299351e-07
61900.056 1.0869282850700983e-06
61950.056 1.0456917147400953e-06
62000.056 9.382228063300029e-07
62050.056 9.290265616898325e-07
62100.056 1.0998632820701848e-06
62150.056 9.595135967501108e-07
62200.056 8.918353853098967e-07
62250.056 1.1468922940900078e-06
62300.056 1.1265174890600072e-06
62350.056 1.0557637836699475e-06
62400.056 8.428214573500807e-07
62450.056 9.013466377600573e-07
62500.056 1.1248656198099472e-06
62550.056 1.0300389795800136e-06
62600.056 1.0727878756800587e-06
62650.056 9.653091821700598e-07
62700.056 1.0193325915800036e-06
62750.056 1.143355403229926e-06
62800.056 9.423420649198442e-07
62850.056 1.152279043030082e-06
62900.056 9.733038159798308e-07
62950.056 1.1109641960800215e-06
63000.056 1.0846424078000113e-06
63050.056 1.1726166271100407e-06
63100.056 1.122775253109959e-06
63150.056 8.979755469999757e-07
63200.056 1.0905556210800468e-06
63250.056 1.1030586751599825e-06
63300.056 1.1072446335601446e-06
63350.056 1.103236874689985e-06
63400.056 8.945703377999442e-07
63450.056 8.798004746800423e-07
63500.056 1.0536488217300242e-06
63550.056 8.644193724099364e-07
63600.056 1.1236669009601643e-06
63650.056 1.0817312133500552e-06
63700.056 9.151855515199105e-07
63750.056 9.335907696599938e-07
63800.056 8.653310641300048e-07
63850.056 9.11323412050054e-07
63900.056 8.655462424200538e-07
63950.056 1.0309542169700593e-06
64000.056 1.0431668776100283e-06
64050.056 9.246765393098655e-07
64100.056 5.997904832199899e-07
64150.056 7.313227411299475e-07
64200.056 7.445039036400177e-07
64250.056 9.74738186269973e-07
64300.056 8.034217390999333e-07
64350.056 7.60152578010058e-07
64400.056 8.890247358900213e-07
64450.056 8.663456703300286e-07
64500.056 7.025149636598957e-07
64550.056 8.351345658301202e-07
64600.056 7.858288886899524e-07
64650.056 9.621494987200022e-07
64700.056 6.066176705799037e-07
64750.056 6.800300464500568e-07
64800.056 6.285860391300489e-07
64850.056 6.655373274200164e-07
64900.056 7.18900183919998e-07
64950.056 6.719523734799692e-07
65000.056 7.464512468000412e-07
65050.056 7.281597177000604e-07
65100.056 7.368687673399747e-07
65150.056 7.218421207200149e-07
65200.056 6.898721433399669e-07
65250.056 7.352386601799272e-07
65300.056 7.235073974300131e-07
65350.056 8.677396305199714e-07
65400.056 6.839350308599322e-07
65450.056 7.107711838499511e-07
65500.056 7.151952765899557e-07
65550.056 6.687203398999514e-07
65600.056 7.057028121500721e-07
65650.056 6.684040505699686e-07
65700.056 6.964162753600069e-07
65750.056 6.581072150200619e-07
65800.056 7.329230755400226e-07
65850.056 7.767655454499016e-07
65900.056 6.201118786500827e-07
65950.056 4.901757718299674e-07
66000.056 6.145594827998916e-07
66050.056 8.370626293501749e-07
66100.056 6.873433193899982e-07
66150.056 6.320918412799411e-07
66200.056 5.577368703300307e-07
66250.056 6.182726805800747e-07
66300.056 5.222483083799243e-07
66350.056 5.542299151201679e-07
66400.056 6.206203963699167e-07
66450.056 7.106960141399498e-07
66500.056 8.524687150799849e-07
66550.056 7.431540120998481e-07
66600.056 6.519911562001518e-07
66650.056 7.410855552599855e-07
66700.056 6.89029028869969e-07
66750.056 7.093769087500497e-07
66800.056 7.54711175370045e-07
66850.056 6.075897923002554e-07
66900.056 6.376490467701979e-07
66950.056 8.298608571701087e-07
67000.056 8.025628454698317e-07
67050.056 6.635362151198877e-07
67100.056 7.288877857300423e-07
67150.056 6.288949967799284e-07
67200.056 6.750137088200766e-07
67250.056 7.01481004980028e-07
67300.056 7.028587151400005e-07
67350.056 7.16473197379885e-07
67400.056 8.292056406499825e-07
67450.056 7.384528530800041e-07
67500.056 6.444644443000342e-07
67550.056 7.053953928300086e-07
67600.056 8.708651940899953e-07
67650.056 7.578543185899211e-07
67700.056 6.831827547298734e-07
67750.056 6.660613388500063e-07
67800.056 7.137091520999386e-07
67850.056 6.379202352699411e-07
67900.056 7.22841697479904e-07
67950.056 6.712542022400357e-07
68000.056 6.776462681498337e-07
68050.056 7.681105169799403e-07
68100.056 6.999033578399599e-07
68150.056 5.96428500809922e-07
68200.056 6.849731753500291e-07
68250.056 6.107114868799608e-07
68300.056 5.975827264999339e-07
68350.056 5.725172956199575e-07
68400.056 6.722728841399853e-07
68450.056 7.347989931300828e-07
68500.056 6.905362124700073e-07
68550.056 6.08483904749953e-07
68600.056 6.960685055199984e-07
68650.056 5.559222523898356e-07
68700.056 6.328368654399967e-07
68750.056 7.021657252900531e-07
68800.056 7.297226496399978e-07
68850.056 6.32691022229986e-07
68900.056 7.969858382300456e-07
68950.056 8.154180960000644e-07
69000.056 8.004793511399732e-07
69050.056 6.385920838597987e-07
69100.056 7.978105153499821e-07
69150.056 8.492622766200064e-07
69200.056 6.013193363000381e-07
69250.056 7.553236174599145e-07
69300.056 7.907818513201998e-07
69350.056 6.930721304899028e-07
69400.056 6.530595198598704e-07
69450.056 8.315720389801384e-07
69500.056 7.030101107299757e-07
69550.056 7.097952255200298e-07
69600.056 5.368646767200255e-07
69650.056 6.777215870101215e-07
69700.056 7.209737793500009e-07
69750.056 6.955648132798916e-07
69800.056 7.479021926000453e-07
69850.056 7.852796735201019e-07
69900.056 7.135103298899441e-07
69950.056 7.984847098301406e-07
70000.056 6.414468448299971e-07
70050.056 7.713804753100457e-07
70100.056 5.992112305100192e-07
70150.056 7.240419508899203e-07
70200.056 6.028275122800309e-07
70250.056 6.288132213699465e-07
70300.056 7.24331579259945e-07
70350.056 6.651856972300463e-07
70400.056 7.25019374940028e-07
70450.056 5.530400234500556e-07
70500.056 6.392719374600254e-07
70550.056 5.624048015300752e-07
70600.056 6.426456326500025e-07
70650.056 6.94385744790087e-07
70700.056 6.691633536201638e-07
70750.056 6.674531739701347e-07
70800.056 6.673708258901433e-07
70850.056 6.113170573700659e-07
70900.056 6.618188012098905e-07
70950.056 6.525277539800871e-07
71000.056 6.526174300699963e-07
71050.056 6.983939356600458e-07
71100.056 6.298096191300784e-07
71150.056 6.032458304099326e-07
71200.056 6.371995594899786e-07
71250.056 6.660002326200732e-07
71300.056 6.228032182699052e-07
71350.056 6.542153425400768e-07
71400.056 6.325648932700108e-07
71450.056 5.927800878799736e-07
71500.056 6.540798536099561e-07
71550.056 5.910427132499907e-07
71600.056 6.755365483999544e-07
71650.056 6.57072614220037e-07
71700.056 5.780758368099166e-07
71750.056 6.006812606900387e-07
71800.056 6.892530621000076e-07
71850.056 7.237789491399731e-07
71900.056 5.687570821599718e-07
71950.056 6.489174384699042e-07
72000.056 6.055768612100102e-07
72050.056 5.559367061701287e-07
72100.056 5.988912651199592e-07
72150.056 6.525523967799674e-07
72200.056 5.881266532500711e-07
72250.056 6.251177989199993e-07
72300.056 5.793310624500441e-07
72350.056 5.854615159499008e-07
72400.056 6.339453745600448e-07
72450.056 5.706192333298482e-07
72500.056 6.113642725499977e-07
72550.056 4.981600193100835e-07
72600.056 5.984411838500645e-07
72650.056 6.210457113099884e-07
72700.056 5.911106263099102e-07
72750.056 5.959670438199188e-07
72800.056 5.617684442801256e-07
72850.056 5.71176078100072e-07
72900.056 6.196571123700559e-07
72950.056 5.433933422900489e-07
73000.056 5.61318380979884e-07
73050.056 5.726289032000593e-07
73100.056 6.338136884500429e-07
73150.056 6.366879518399581e-07
73200.056 5.904773195898264e-07
73250.056 6.108124578800121e-07
73300.056 5.412036371298419e-07
73350.056 4.990756734199657e-07
73400.056 5.576501902600374e-07
73450.056 5.210437797899702e-07
73500.056 6.143991137300634e-07
73550.056 5.787322206599983e-07
73600.056 5.47498021109881e-07
73650.056 5.721875586799783e-07
73700.056 5.629780912400214e-07
73750.056 5.246202024498429e-07
73800.056 5.265930109999954e-07
73850.056 5.831681098499916e-07
73900.056 5.95113755809879e-07
73950.056 5.794000241800727e-07
74000.056 5.438360653999026e-07
74050.056 6.245074310899184e-07
74100.056 5.94913910319927e-07
74150.056 5.969213385299918e-07
74200.056 5.585234900099345e-07
74250.056 5.447263176000095e-07
74300.056 5.371685544699613e-07
74350.056 5.583021545299602e-07
74400.056 5.46309587880043e-07
74450.056 5.961606886199835e-07
74500.056 5.623253528398255e-07
74550.056 6.055390964200935e-07
74600.056 4.985868727399729e-07
74650.056 4.911343891100751e-07
74700.056 5.398725423799709e-07
74750.056 5.152753933800005e-07
74800.056 5.180545515600888e-07
74850.056 6.235573701400629e-07
74900.056 6.099614051399511e-07
74950.056 5.577819026399406e-07
75000.056 5.902271728399529e-07
75050.056 5.830177159298896e-07
75100.056 6.271116931601496e-07
75150.056 6.392689854700128e-07
75200.056 6.146839070500206e-07
75250.056 6.144317380799621e-07
75300.056 5.666634241000222e-07
75350.056 5.582844154699401e-07
75400.056 5.787688191200456e-07
75450.056 5.882118552401625e-07
75500.056 5.878606806699531e-07
75550.056 5.580784234900356e-07
75600.056 6.824235693000461e-07
75650.056 6.418702969100417e-07
75700.056 5.723397919199262e-07
75750.056 5.745546614501074e-07
75800.056 5.90323696019988e-07
75850.056 5.931928772300465e-07
75900.056 5.714477296300252e-07
75950.056 5.636177475800373e-07
76000.056 5.429430016699574e-07
76050.056 5.819294882998897e-07
76100.056 6.019576436999851e-07
76150.056 5.788866814899402e-07
76200.056 5.823981045701635e-07
76250.056 6.815376318499678e-07
76300.056 6.037005779099777e-07
76350.056 6.768354761700609e-07
76400.056 6.426764865400084e-07
76450.056 6.444798008001988e-07
76500.056 6.620967386401035e-07
76550.056 5.890017814800779e-07
76600.056 4.80947476910016e-07
76650.056 5.353125654000399e-07
76700.056 5.278389806300123e-07
76750.056 5.470131788000448e-07
76800.056 5.747618613001262e-07
76850.056 5.753972667701148e-07
76900.056 5.368940556199373e-07
76950.056 5.091996345300793e-07
77000.056 5.171538707400634e-07
77050.056 5.107168247600089e-07
77100.056 4.549233865700484e-07
77150.056 5.36148191650036e-07
77200.056 5.075864060400073e-07
77250.056 5.272794263400276e-07
77300.056 5.179066137999721e-07
77350.056 4.7201985592994166e-07
77400.056 4.642307261999759e-07
77450.056 4.581684773499763e-07
77500.056 5.036586480799425e-07
77550.056 5.090739198499396e-07
77600.056 4.983373377100117e-07
77650.056 4.867208400399583e-07
77700.056 5.063318649499425e-07
77750.056 5.064182487999603e-07
77800.056 5.142708410200379e-07
77850.056 5.202527831200426e-07
77900.056 5.148438142899482e-07
77950.056 5.332077216300651e-07
78000.056 5.252736547899669e-07
78050.056 4.761053919799954e-07
78100.056 5.013256545700646e-07
78150.056 5.071257369901221e-07
78200.056 5.485930578100412e-07
78250.056 5.472108904499843e-07
78300.056 5.180960088699927e-07
78350.056 5.336790142100537e-07
78400.056 5.684209549000083e-07
78450.056 5.551102721600191e-07
78500.056 6.096809596200033e-07
78550.056 5.187927425499795e-07
78600.056 5.39662154220008e-07
78650.056 5.06765663369972e-07
78700.056 5.486619061900878e-07
78750.056 5.61906207100077e-07
78800.056 5.44179242000019e-07
78850.056 5.006069637299106e-07
78900.056 5.088095910500217e-07
78950.056 4.897096196899629e-07
79000.056 5.407025900601144e-07
79050.056 5.565642977399238e-07
79100.056 5.388811009899815e-07
79150.056 5.353901053900739e-07
79200.056 6.001886005998948e-07
79250.056 5.378915195400224e-07
79300.056 5.751386805300284e-07
79350.056 6.050738213800997e-07
79400.056 5.824740529501358e-07
79450.056 5.450240390699296e-07
79500.056 6.251429885799747e-07
79550.056 5.41107226290099e-07
79600.056 5.161712080399581e-07
79650.056 5.486176037599784e-07
79700.056 5.715729579300008e-07
79750.056 6.032764762801023e-07
79800.056 5.19814301150135e-07
79850.056 5.908304135500732e-07
79900.056 5.996010269800368e-07
79950.056 6.211127309800028e-07
