# %ECSV 1.0
# ---
# datatype:
# - {name: wav, unit: Angstrom, datatype: float64}
# - {name: flux_nu, unit: erg / (cm2 Hz s), datatype: float64}
# meta: {C/O: '1.00', Kzz: '1.0000E+05', Teff: '275.', Y: '0.28', '[Fe/H]': '0.00', f_hole: '1.00', f_rain: '0.00', grav: '1000.'}
# schema: astropy-2.0
wav flux_nu
4000.0559999999996 nan
4050.0559999999996 6.212437077000097e-19
4100.056 1.2534109599300172e-17
4150.056 6.047882725500049e-17
4200.056 1.1464871485700065e-16
4250.056 3.42290815810002e-16
4300.056 6.773528306700029e-16
4350.056 1.1697899100400044e-15
4400.056 1.873740733200006e-15
4450.056 2.87841303680001e-15
4500.056 4.410055178700014e-15
4550.056 6.353208309400012e-15
4600.056 7.505736140300014e-15
4650.056 8.705571407000007e-15
4700.056 8.879996364499997e-15
4750.056 7.771144244199987e-15
4800.056 6.4201684598999865e-15
4850.056 4.793427642099986e-15
4900.056 3.786903480599992e-15
4950.056 3.061840910699993e-15
5000.056 2.069605192599989e-15
5050.056 1.3666804816999979e-15
5100.056 1.4025727525000027e-15
5150.056 1.5602504895000014e-15
5200.056 1.768998590800002e-15
5250.056 1.907682574300001e-15
5300.056 2.0441765579000016e-15
5350.056 2.1946085143000014e-15
5400.056 2.2856255386000015e-15
5450.056 2.4846655805000043e-15
5500.056 2.763706472100003e-15
5550.056 3.0840311078000037e-15
5600.056 3.363826120500003e-15
5650.056 3.565370939300001e-15
5700.056 3.5209009623000024e-15
5750.056 3.580346887599999e-15
5800.056 3.3850787927999963e-15
5850.056 2.5084225220999735e-15
5900.056 7.797717393780239e-16
5950.056 4.361870845700068e-15
6000.056 8.794368894000063e-15
6050.056 1.635332952300013e-14
6100.056 2.7632376829000192e-14
6150.056 4.3221243999000256e-14
6200.056 6.451371278300032e-14
6250.056 8.899510433400031e-14
6300.056 1.2754060090000058e-13
6350.056 1.8001323257000076e-13
6400.056 2.472273651700012e-13
6450.056 2.864532766699995e-13
6500.056 3.8014562564000384e-13
6550.056 5.417233111399992e-13
6600.056 7.707250909600079e-13
6650.056 1.1329860038700066e-12
6700.056 1.5100976256000075e-12
6750.056 2.0774435510000094e-12
6800.056 2.410852413300002e-12
6850.056 2.2747921784999937e-12
6900.056 1.5423881382699783e-12
6950.056 8.857225515800088e-13
7000.056 9.64410938719987e-13
7050.056 9.330595472100026e-13
7100.056 1.0465082371199985e-12
7150.056 6.823848167889803e-13
7200.056 3.574758280200022e-13
7250.056 3.9937984160398054e-13
7300.056 4.063590651950166e-13
7350.056 6.477973730100038e-13
7400.056 9.555247711600055e-13
7450.056 1.3992979500000153e-12
7500.056 1.7851927150000037e-12
7550.056 2.0583590533000047e-12
7600.056 2.1735502738000004e-12
7650.056 1.3955359666899816e-12
7700.056 1.4604807359100194e-12
7750.056 2.6550876820000204e-12
7800.056 3.347861107100014e-12
7850.056 3.817786879699991e-12
7900.056 4.484474351100023e-12
7950.056 5.291684978000007e-12
8000.056 6.285501276200022e-12
8050.056 7.264947185300018e-12
8100.056 4.434499196399877e-12
8150.056 1.7260091859801269e-12
8200.056 5.339668186600008e-12
8250.056 5.851906211986094e-12
8300.056 5.877206512389889e-12
8350.056 7.230308412300076e-12
8400.056 1.1372048310500365e-11
8450.056 1.939342167900024e-11
8500.056 2.6350768356000194e-11
8550.056 3.45854278680004e-11
8600.056 4.3732842174000324e-11
8650.056 4.982262246000016e-11
8700.056 4.9055476531e-11
8750.056 5.002261931200008e-11
8800.056 4.4862726052999534e-11
8850.056 3.0005394102998635e-11
8900.056 3.0967827296096005e-12
8950.056 6.221078039550319e-13
9000.056 6.128497632938213e-13
9050.056 5.843314021059985e-12
9100.056 5.736334881262721e-12
9150.056 7.495095981329577e-12
9200.056 1.5316472541241352e-11
9250.056 9.799558276368799e-12
9300.056 1.60899098241875e-14
9350.056 7.493851600464903e-15
9400.056 4.4720268227022665e-13
9450.056 6.161308014552068e-14
9500.056 8.36188727477225e-14
9550.056 6.708432567137608e-14
9600.056 1.7304838966002625e-13
9650.056 6.429064050260809e-13
9700.056 5.465722777690851e-12
9750.056 5.019783421230643e-12
9800.056 7.781653853039709e-12
9850.056 1.2709827511199977e-11
9900.056 2.242682704450108e-11
9950.056 2.5869425790000642e-11
10000.056 2.0581064961748214e-11
10050.056 1.4662703363299354e-11
10100.056 1.0496820938499935e-11
10150.056 5.427262136299746e-12
10200.056 1.6289809176800089e-12
10250.056 1.5830435873700213e-12
10300.056 3.05744856143986e-12
10350.056 1.2338558304900714e-12
10400.056 3.0066481755000982e-12
10450.056 4.32574392919984e-12
10500.056 5.6919765269000926e-12
10550.056 7.546297131800037e-12
10600.056 7.913158947100013e-12
10650.056 6.977816385499931e-12
10700.056 5.280198665899926e-12
10750.056 4.337885119999918e-12
10800.056 3.6097706961000368e-12
10850.056 2.9320797528999737e-12
10900.056 2.3547234316999382e-12
10950.056 1.4887842288599859e-12
11000.056 8.145646940999464e-13
11050.056 3.042291476809882e-13
11100.056 7.09322622375622e-14
11150.056 1.0949705424941902e-14
11200.056 3.5045944902797975e-15
11250.056 3.640944365474083e-15
11300.056 1.5646708347728477e-14
11350.056 3.3420740104192488e-15
11400.056 3.9893795183434274e-14
11450.056 1.6135541338241007e-14
11500.056 1.6487230540531737e-14
11550.056 4.747105228137898e-15
11600.056 1.3196225962074436e-15
11650.056 1.1983043259971009e-14
11700.056 2.6467620153768364e-14
11750.056 1.302131597825245e-14
11800.056 6.234577419733912e-14
11850.056 6.602307046980261e-14
11900.056 9.228252429600154e-14
11950.056 1.381389687620025e-13
12000.056 1.6595114843500828e-13
12050.056 2.4017099592800436e-13
12100.056 2.6005274354999865e-13
12150.056 3.658115133760056e-13
12200.056 4.4727368860399787e-13
12250.056 8.380438057860252e-13
12300.056 1.541080656180066e-12
12350.056 2.054718898990063e-12
12400.056 3.5476361607000693e-12
12450.056 6.2947866855001634e-12
12500.056 8.348140067499923e-12
12550.056 9.246528837300181e-12
12600.056 1.4358274774400483e-11
12650.056 2.328441143400055e-11
12700.056 2.8605225783999783e-11
12750.056 2.303853933900002e-11
12800.056 1.7185548730999505e-11
12850.056 9.830872719799579e-12
12900.056 5.899842271679934e-12
12950.056 4.608394800580033e-12
13000.056 5.061650525900323e-12
13050.056 2.8321122308048266e-12
13100.056 3.347057471199815e-12
13150.056 1.4274611165711466e-12
13200.056 1.5673947480259268e-12
13250.056 1.9080331780762703e-12
13300.056 4.581344895825736e-13
13350.056 2.6706052335659753e-13
13400.056 4.243224505415487e-14
13450.056 3.1588317695801617e-15
13500.056 2.4135489632447426e-16
13550.056 9.43800727138117e-18
13600.056 7.823688761290122e-19
13650.056 6.954554883258667e-18
13700.056 2.362874058521321e-18
13750.056 5.4328392209437685e-17
13800.056 6.945761709187849e-17
13850.056 8.589478816491572e-18
13900.056 5.500851601431971e-17
13950.056 2.637573687754859e-17
14000.056 1.5504835592326868e-16
14050.056 1.4810328774827e-16
14100.056 1.5164228016312923e-16
14150.056 1.1540467838025031e-15
14200.056 9.874236042264325e-16
14250.056 2.1143177468314787e-15
14300.056 9.883492067748176e-15
14350.056 7.740682936755717e-15
14400.056 7.365842883721492e-15
14450.056 2.2182240540520548e-14
14500.056 7.593798162700242e-14
14550.056 1.8423827124514472e-13
14600.056 3.844589208961309e-13
14650.056 7.382649800278085e-14
14700.056 2.223775043390652e-14
14750.056 9.384440230457496e-15
14800.056 6.054898353642643e-15
14850.056 6.09316893306632e-15
14900.056 3.930515564634327e-15
14950.056 1.4899491222036842e-15
15000.056 9.67468903524713e-15
15050.056 2.7973314051934976e-14
15100.056 6.002698344479862e-15
15150.056 1.1920974248883194e-15
15200.056 1.2628517220695155e-14
15250.056 3.310661040920151e-14
15300.056 7.282439498002025e-14
15350.056 1.0515013432850512e-13
15400.056 1.348317919136236e-13
15450.056 2.882712227346289e-13
15500.056 6.394255374289822e-13
15550.056 2.0093542401003817e-12
15600.056 5.033880866479843e-12
15650.056 1.2406417729301325e-11
15700.056 2.5037531227900855e-11
15750.056 3.430751374200057e-11
15800.056 4.523669677200047e-11
15850.056 5.89977846560022e-11
15900.056 6.487018465499977e-11
15950.056 7.745664494600003e-11
16000.056 7.063699855799906e-11
16050.056 5.242898247899819e-11
16100.056 2.938391176499982e-11
16150.056 1.3684714033398736e-11
16200.056 3.74654644772993e-12
16250.056 1.194386158874964e-12
16300.056 3.828251660137438e-13
16350.056 2.6890618084681345e-13
16400.056 2.517817726397501e-13
16450.056 3.2671777166805987e-13
16500.056 2.289201821851325e-13
16550.056 3.06791321042996e-13
16600.056 1.589272098695731e-12
16650.056 5.361222900612412e-13
16700.056 1.148262645204576e-13
16750.056 4.2985971821149657e-13
16800.056 6.614716219537554e-13
16850.056 5.900200940921848e-13
16900.056 1.8071038799872619e-13
16950.056 1.2915957378558525e-13
17000.056 4.617007817850342e-14
17050.056 8.686599413760881e-14
17100.056 2.6147012042158986e-13
17150.056 1.7070129907472e-13
17200.056 7.299959611520272e-13
17250.056 8.818130070678174e-14
17300.056 8.887082698712608e-14
17350.056 1.8405431317262504e-13
17400.056 4.4359068122668296e-13
17450.056 6.215938967326807e-13
17500.056 1.1390618303080415e-12
17550.056 9.449169800520004e-13
17600.056 1.0017684442200718e-12
17650.056 4.71552025474686e-13
17700.056 4.0277269998881837e-13
17750.056 2.584542442363809e-13
17800.056 5.300462488415295e-13
17850.056 2.017417197040058e-13
17900.056 1.0538065231102372e-13
17950.056 5.631000578391943e-14
18000.056 1.1607343883253747e-13
18050.056 3.283622602165874e-14
18100.056 2.9009769295847595e-14
18150.056 1.1408378641409666e-14
18200.056 7.603634858474691e-15
18250.056 4.141709599290864e-14
18300.056 1.780313642163539e-15
18350.056 1.8831433819623e-15
18400.056 4.7052156065456465e-16
18450.056 1.0826763715782668e-14
18500.056 7.50920502461062e-15
18550.056 2.068525482020568e-15
18600.056 8.492944827097877e-15
18650.056 7.307605354618102e-15
18700.056 1.8854309552929612e-16
18750.056 3.8727231600668183e-16
18800.056 2.939404219352996e-14
18850.056 1.8664496398916305e-14
18900.056 3.755896243954947e-14
18950.056 4.043195217149425e-14
19000.056 2.467939856206736e-15
19050.056 1.1637078197832941e-15
19100.056 7.779539357571653e-15
19150.056 3.021818797872469e-15
19200.056 1.0495227815313005e-14
19250.056 7.538649248315896e-15
19300.056 3.132427214295082e-15
19350.056 4.7452080948722385e-15
19400.056 2.3450086214622666e-15
19450.056 1.9982708824137892e-15
19500.056 2.158189372535077e-15
19550.056 7.0287913192613676e-15
19600.056 1.5080415785123568e-14
19650.056 1.2209626754849991e-14
19700.056 2.309350432085393e-14
19750.056 2.7160257436948445e-14
19800.056 1.3870429709234964e-14
19850.056 2.1108899996745025e-14
19900.056 4.260669634901345e-14
19950.056 4.176499232604184e-14
20000.056 4.736382182110745e-14
20050.056 3.715821263714489e-14
20100.056 5.936267131513175e-14
20150.056 4.289435499502095e-14
20200.056 2.858000149371657e-14
20250.056 6.719513178588338e-14
20300.056 8.120474046732928e-14
20350.056 8.849048505269158e-14
20400.056 9.238760747399956e-14
20450.056 1.3159144799401919e-13
20500.056 1.3239652937500287e-13
20550.056 1.329278713949931e-13
20600.056 1.3245999462201103e-13
20650.056 1.298349852449916e-13
20700.056 1.2623758114199777e-13
20750.056 1.1662297029799883e-13
20800.056 1.0543425145099618e-13
20850.056 1.0130637392999966e-13
20900.056 9.346169933299953e-14
20950.056 8.512514817399952e-14
21000.056 7.879499144799958e-14
21050.056 7.729361873399963e-14
21100.056 7.587261443499991e-14
21150.056 7.798731358600054e-14
21200.056 8.135762624400106e-14
21250.056 8.735374761099893e-14
21300.056 9.169694117300091e-14
21350.056 9.695579955199712e-14
21400.056 1.1046089683400587e-13
21450.056 1.0289014415800373e-13
21500.056 9.83445887078495e-14
21550.056 1.023739181880583e-13
21600.056 9.958223633363506e-14
21650.056 9.05370841890554e-14
21700.056 8.431130615194791e-14
21750.056 8.775401824742494e-14
21800.056 6.780645694898549e-14
21850.056 6.480557654512158e-14
21900.056 4.916238659396139e-14
21950.056 2.1718691097296066e-14
22000.056 1.334842472532904e-15
22050.056 2.774203275392675e-15
22100.056 8.80452784267696e-15
22150.056 4.88490915924119e-15
22200.056 4.538540416956998e-15
22250.056 3.4426039316442883e-15
22300.056 8.948603397020585e-16
22350.056 2.1582326397551406e-15
22400.056 7.113119476227359e-16
22450.056 1.4778167859520999e-15
22500.056 9.729025997867386e-16
22550.056 2.709925465582728e-16
22600.056 1.6878851772370212e-16
22650.056 1.6044380130654198e-16
22700.056 3.1467039955400607e-16
22750.056 8.320446222270175e-16
22800.056 1.238635042623639e-15
22850.056 6.175711654415316e-16
22900.056 4.170797578495795e-16
22950.056 2.293258322939514e-16
23000.056 2.0508675113354363e-16
23050.056 1.1398292537740165e-16
23100.056 7.037955968516044e-15
23150.056 7.198442063672267e-15
23200.056 1.1761281626826855e-16
23250.056 1.3678982829678844e-15
23300.056 6.584135803569094e-16
23350.056 1.0873164121942031e-15
23400.056 8.955037314217188e-16
23450.056 2.6238038540963956e-16
23500.056 2.3846642815483113e-16
23550.056 7.844648662364554e-16
23600.056 3.458066224389126e-15
23650.056 5.328248721610328e-15
23700.056 3.01376936039097e-16
23750.056 6.585154390895333e-16
23800.056 6.694669686598693e-15
23850.056 2.3546662033811414e-15
23900.056 7.165466836288506e-15
23950.056 2.2361518402280336e-15
24000.056 1.0209185862053348e-14
24050.056 1.0627546011540711e-14
24100.056 2.2105871732121648e-14
24150.056 3.3121723380903016e-14
24200.056 2.4165082839543816e-14
24250.056 1.589155117028554e-14
24300.056 4.8328833112260425e-14
24350.056 4.165500933629509e-14
24400.056 1.0820581762425965e-13
24450.056 1.2413841894640467e-13
24500.056 1.1057632158318785e-13
24550.056 2.341224728376147e-13
24600.056 3.392613561279781e-13
24650.056 4.674140540370466e-13
24700.056 3.752915602497543e-13
24750.056 5.866532575951453e-13
24800.056 5.485907925310247e-13
24850.056 6.4247180107469e-13
24900.056 4.4133553646692166e-13
24950.056 6.273775990617634e-13
25000.056 9.69542564070908e-13
25050.056 4.916776914396966e-13
25100.056 7.461286106459958e-13
25150.056 3.320260290637596e-13
25200.056 5.425735471635529e-13
25250.056 1.9496926599594876e-13
25300.056 1.4979733819588526e-13
25350.056 8.752096334511287e-14
25400.056 2.1512975787890507e-13
25450.056 4.826375115546337e-14
25500.056 3.699026963067997e-14
25550.056 1.228650594329949e-13
25600.056 4.3007407052973876e-14
25650.056 1.426926119870192e-14
25700.056 1.0834113682227641e-14
25750.056 5.014770116799584e-15
25800.056 1.9838177506488375e-14
25850.056 4.044453081042915e-15
25900.056 4.6661344995176004e-15
25950.056 2.779549361885376e-15
26000.056 1.2655300795345361e-14
26050.056 3.459526693759207e-15
26100.056 8.874302077240633e-15
26150.056 5.247179754660979e-15
26200.056 6.3131027249221515e-15
26250.056 2.357232469308228e-14
26300.056 7.7329161844072e-15
26350.056 5.437546468977905e-14
26400.056 1.3259033891275975e-13
26450.056 5.6452378715346676e-14
26500.056 1.5500018623825056e-13
26550.056 2.3029978787065346e-14
26600.056 1.9075292046563447e-14
26650.056 6.281387851279272e-15
26700.056 6.828796057206371e-15
26750.056 9.259605087378386e-15
26800.056 2.3348229614946153e-14
26850.056 1.874215522431548e-14
26900.056 5.0165017801858395e-14
26950.056 1.6049619830160507e-14
27000.056 5.768034159900192e-14
27050.056 1.0867791529219474e-13
27100.056 1.2645966986920289e-14
27150.056 8.206974098669786e-14
27200.056 1.3692791389148493e-14
27250.056 3.011513131321234e-14
27300.056 2.52186228690001e-13
27350.056 7.472204193916155e-14
27400.056 1.2752253905258663e-14
27450.056 1.1495189989111752e-13
27500.056 1.4753874692437735e-13
27550.056 3.7595145244095465e-14
27600.056 9.557912404060375e-14
27650.056 3.554611125990319e-14
27700.056 4.288536426803614e-14
27750.056 1.6494726098691142e-13
27800.056 7.272755193680285e-14
27850.056 1.3514838898458805e-13
27900.056 2.0377727888194906e-13
27950.056 2.706166278649937e-13
28000.056 3.848881467490871e-13
28050.056 4.6143539795813546e-14
28100.056 4.955088325082003e-13
28150.056 3.6020998258916106e-13
28200.056 7.536534548021535e-14
28250.056 6.56767708260177e-13
28300.056 5.853920332369481e-13
28350.056 7.530168635812684e-14
28400.056 4.145954045854734e-13
28450.056 5.510714560621067e-13
28500.056 2.0264420061385314e-13
28550.056 8.598132900127008e-14
28600.056 6.916384447264885e-13
28650.056 1.561578058496105e-13
28700.056 6.318844062658691e-13
28750.056 1.132802318857835e-12
28800.056 1.7086228188245437e-13
28850.056 1.7695906801067004e-12
28900.056 4.618400597397956e-13
28950.056 5.383137834606753e-13
29000.056 2.6616104162043547e-13
29050.056 7.119193155750775e-13
29100.056 1.3504756663068984e-13
29150.056 1.3653642896941294e-13
29200.056 2.0406087172184807e-12
29250.056 6.980072205363818e-13
29300.056 3.620083196907185e-13
29350.056 1.567921284517096e-12
29400.056 1.2187693944516369e-12
29450.056 1.67612586805061e-13
29500.056 2.462663293737865e-12
29550.056 5.498763475744638e-13
29600.056 3.9862813416944584e-13
29650.056 3.0268163315902284e-12
29700.056 3.639624928533781e-13
29750.056 2.249453707356808e-12
29800.056 6.727726093953653e-13
29850.056 3.504738256954041e-12
29900.056 9.853105112296368e-13
29950.056 8.982267091529712e-13
30000.056 4.741737870731099e-15
30050.056 2.949303629051543e-13
30100.056 1.2129609387284574e-12
30150.056 2.8744593593332124e-12
30200.056 2.5566773128247847e-12
30250.056 3.375668989419853e-12
30300.056 4.787316086114362e-12
30350.056 6.803641204528496e-13
30400.056 6.610387279830867e-12
30450.056 7.619498836169313e-12
30500.056 1.044813801695149e-12
30550.056 1.2325829297423638e-12
30600.056 4.863885586632102e-11
30650.056 1.5987397612839715e-11
30700.056 2.2908848643953753e-12
30750.056 1.0689873232875387e-11
30800.056 2.147893668546763e-11
30850.056 1.7190826939542797e-11
30900.056 6.102805993074274e-12
30950.056 4.562521563426031e-12
31000.056 7.178581015751044e-12
31050.056 1.7734389769321699e-12
31100.056 9.46361122529847e-13
31150.056 4.670660216766845e-12
31200.056 2.531453409989634e-11
31250.056 1.0082651184551923e-11
31300.056 2.0233476791016842e-12
31350.056 1.945260189714972e-11
31400.056 9.36298721338428e-12
31450.056 9.524498873057148e-12
31500.056 2.6064706125899444e-12
31550.056 6.753096520713661e-12
31600.056 5.139716219435999e-12
31650.056 3.149601308511468e-12
31700.056 2.308344174834757e-12
31750.056 8.748433738747788e-13
31800.056 1.6014530702130458e-12
31850.056 1.7377423891054666e-13
31900.056 5.466154054512861e-13
31950.056 1.9930032328291434e-13
32000.056 1.3632225701113804e-13
32050.056 1.0677131993636342e-13
32100.056 9.124180955117838e-14
32150.056 5.955619527821877e-14
32200.056 1.9122405085560173e-14
32250.056 4.776384475377694e-14
32300.056 7.021756689538287e-15
32350.056 2.5367461672870066e-14
32400.056 1.6930567560273909e-15
32450.056 1.6873922492664527e-14
32500.056 1.6225448723702488e-15
32550.056 1.3607223840561006e-14
32600.056 9.39268411350467e-16
32650.056 2.3829904841990384e-14
32700.056 1.4720779838704078e-15
32750.056 8.39780495476187e-14
32800.056 1.9972793633277133e-14
32850.056 3.5403139569406786e-13
32900.056 1.869442761148312e-13
32950.056 3.6644359730793586e-13
33000.056 7.694323350132688e-14
33050.056 2.9331772940964694e-14
33100.056 3.950308022364657e-15
33150.056 1.1262436334911103e-17
33200.056 1.2510168338156028e-15
33250.056 2.320726254975846e-15
33300.056 8.24267703635502e-14
33350.056 5.043983754612988e-14
33400.056 3.825677856358394e-13
33450.056 1.5767105830024998e-14
33500.056 2.34336105910635e-13
33550.056 2.2346813519364932e-14
33600.056 9.977892700262215e-14
33650.056 1.2941205938278908e-13
33700.056 1.089287981989659e-14
33750.056 1.4685586571752046e-13
33800.056 4.710599757282352e-15
33850.056 6.600781337833879e-14
33900.056 6.543659990913975e-14
33950.056 9.10881549779157e-14
34000.056 2.941415724819452e-13
34050.056 4.519420107805238e-14
34100.056 4.106882157455321e-13
34150.056 9.731819450958096e-14
34200.056 6.770469439447272e-13
34250.056 1.7640668162421005e-13
34300.056 3.3382976081473715e-13
34350.056 2.5874121359071476e-12
34400.056 1.9317076511094447e-13
34450.056 1.6339188657764389e-12
34500.056 2.988019481437719e-13
34550.056 1.8920063842826803e-12
34600.056 1.0595078803461654e-11
34650.056 2.4343862413400787e-13
34700.056 5.802614764962577e-12
34750.056 1.7090763922576425e-12
34800.056 9.701520511769666e-13
34850.056 5.185732573891276e-12
34900.056 3.856422609781549e-13
34950.056 1.0520383593914345e-11
35000.056 7.841637114276425e-12
35050.056 1.4054717251924053e-11
35100.056 2.233715097849521e-11
35150.056 2.1291380314047963e-11
35200.056 2.2925965666904726e-11
35250.056 4.4403785836372254e-11
35300.056 5.4340237827725506e-12
35350.056 1.9530749470108773e-12
35400.056 1.1428752213874455e-12
35450.056 1.1949568094135187e-12
35500.056 9.530866629551437e-12
35550.056 9.8685246491381e-12
35600.056 1.899504773688245e-11
35650.056 2.2242721181929848e-11
35700.056 3.316515517099726e-11
35750.056 2.50420995233844e-11
35800.056 5.111476230169248e-12
35850.056 3.756017426562434e-12
35900.056 6.876071117946181e-12
35950.056 2.2501623964400124e-11
36000.056 2.9075450118951375e-11
36050.056 1.893611337786576e-11
36100.056 1.6740213354290512e-11
36150.056 1.294331432697338e-10
36200.056 7.241699891760208e-11
36250.056 2.6908040779166817e-11
36300.056 1.2012876758849364e-10
36350.056 7.570459283748332e-11
36400.056 1.0618321839158645e-10
36450.056 5.602155012362767e-11
36500.056 4.988719329902673e-11
36550.056 2.3216336522748969e-10
36600.056 2.7743028368798166e-10
36650.056 7.906884543311591e-11
36700.056 1.4522445531373253e-10
36750.056 3.1797438542807815e-10
36800.056 3.4151638120712434e-10
36850.056 9.337261247749675e-11
36900.056 1.0710134037936504e-10
36950.056 4.1000767976476547e-10
37000.056 2.4848544443966197e-10
37050.056 3.941177945169897e-10
37100.056 5.266368815663827e-11
37150.056 1.4817593034271715e-10
37200.056 6.653659382500573e-10
37250.056 2.608806426713535e-10
37300.056 8.36747191098448e-11
37350.056 1.703954532445794e-10
37400.056 3.4751735440281066e-10
37450.056 1.3217324205918846e-10
37500.056 1.4099019639201972e-10
37550.056 7.608345674679799e-10
37600.056 1.5016165013458729e-09
37650.056 1.49596549709231e-10
37700.056 3.8909493099707393e-10
37750.056 3.2878977382397586e-10
37800.056 3.346662499346894e-10
37850.056 1.8928260614099344e-10
37900.056 1.64834954934139e-10
37950.056 2.962383966698056e-10
38000.056 2.186975035802379e-10
38050.056 6.883332363425678e-10
38100.056 1.0644290513619822e-09
38150.056 1.3928851066970975e-09
38200.056 6.904369196927088e-10
38250.056 1.310643267009027e-09
38300.056 2.861881661697527e-09
38350.056 1.2864158097542917e-09
38400.056 2.973309108773838e-10
38450.056 6.359345252657487e-11
38500.056 1.0405212240490003e-10
38550.056 6.939736654500776e-10
38600.056 1.1140447751998604e-09
38650.056 7.77245970471576e-10
38700.056 4.495146046947587e-10
38750.056 7.916841640519615e-10
38800.056 7.038022425040237e-10
38850.056 9.050478927701422e-10
38900.056 9.470633451272602e-10
38950.056 5.309053820361513e-10
39000.056 1.3775384525128052e-09
39050.056 2.960700448969386e-10
39100.056 5.818513704528097e-10
39150.056 1.4709156840100297e-09
39200.056 1.1762600173100034e-09
39250.056 1.2368597667068327e-09
39300.056 8.371326518077281e-10
39350.056 2.5506996391700247e-09
39400.056 1.0200211091097586e-09
39450.056 1.9862973730221326e-09
39500.056 2.4257578315498368e-09
39550.056 6.40778361042089e-10
39600.056 1.4935043405091675e-09
39650.056 3.5090231630999797e-09
39700.056 3.0407792618000355e-09
39750.056 6.793230621484933e-10
39800.056 4.84284793812317e-10
39850.056 2.981623081120361e-09
39900.056 4.200343370200035e-09
39950.056 1.2341702717000787e-09
40000.056 2.462601773200112e-09
40050.056 2.8266376639737897e-09
40100.056 4.648067378057123e-10
40150.056 2.2527501288602395e-09
40200.056 3.152309193299759e-09
40250.056 3.847084906749511e-09
40300.056 3.842851178200305e-09
40350.056 1.239628383603539e-09
40400.056 1.7115257705844392e-09
40450.056 7.261838949160383e-10
40500.056 3.3048347550101535e-09
40550.056 3.700074996439515e-09
40600.056 4.505535599599901e-09
40650.056 2.3033104103238287e-09
40700.056 4.229966710999908e-09
40750.056 2.982700662739716e-09
40800.056 1.4396147692798333e-09
40850.056 6.266815820100628e-09
40900.056 6.4236555146995714e-09
40950.056 3.2334587237659836e-09
41000.056 2.685885824685812e-09
41050.056 6.9647840796002335e-09
41100.056 5.7228412479594555e-09
41150.056 1.0698594768658966e-09
41200.056 6.350108924900885e-09
41250.056 5.992272014239022e-09
41300.056 6.616048531600852e-09
41350.056 1.0422623554800073e-08
41400.056 7.525304939199614e-09
41450.056 8.866386779999986e-09
41500.056 4.009056325489268e-09
41550.056 3.5906248607506344e-09
41600.056 4.327507975889659e-09
41650.056 8.921805427300877e-09
41700.056 1.3094780017999564e-08
41750.056 9.626082435900239e-09
41800.056 1.0659498615199829e-08
41850.056 6.778444354999432e-09
41900.056 4.912863350398875e-09
41950.056 4.435997571699607e-09
42000.056 1.2511160688603595e-09
42050.056 2.160526693290231e-09
42100.056 4.152733344399883e-09
42150.056 5.413800464599892e-09
42200.056 6.8121350460999006e-09
42250.056 5.109469490200477e-09
42300.056 4.244075173199699e-09
42350.056 8.900221910400319e-09
42400.056 1.1947147011400466e-08
42450.056 1.4093118886000518e-08
42500.056 1.5123065909999815e-08
42550.056 1.320804742099968e-08
42600.056 9.456891953301178e-09
42650.056 1.322245412519885e-08
42700.056 5.582747844879541e-09
42750.056 1.1611688269401206e-08
42800.056 1.7968640290000273e-08
42850.056 1.8271969479999175e-08
42900.056 1.705353359200034e-08
42950.056 1.3673462587500437e-08
43000.056 1.5398637321999675e-08
43050.056 8.27439070429922e-09
43100.056 1.2315185485300581e-08
43150.056 1.3330167641500227e-08
43200.056 1.7266318857000437e-08
43250.056 2.1407246290000196e-08
43300.056 1.8653091929999365e-08
43350.056 1.216783790269975e-08
43400.056 1.5650963279000133e-08
43450.056 1.0671778980399967e-08
43500.056 8.42799539450023e-09
43550.056 1.0681517978100525e-08
43600.056 1.814496469399991e-08
43650.056 1.0484757463999372e-08
43700.056 1.7219678426802152e-08
43750.056 2.0760043409999415e-08
43800.056 1.657825836529965e-08
43850.056 1.457794074420082e-08
43900.056 1.0724141632000049e-08
43950.056 8.68225930139975e-09
44000.056 9.265139943099997e-09
44050.056 1.851342868400133e-08
44100.056 2.382150703300015e-08
44150.056 2.1380408551999554e-08
44200.056 2.0753686100999978e-08
44250.056 1.3320113747999361e-08
44300.056 8.431228623699869e-09
44350.056 7.916026093100251e-09
44400.056 9.44860592029996e-09
44450.056 1.5727597538001186e-08
44500.056 1.4261051471699995e-08
44550.056 1.8392166449000214e-08
44600.056 1.4199718546200086e-08
44650.056 1.6325973856999502e-08
44700.056 1.2307453205299036e-08
44750.056 1.539559287860074e-08
44800.056 1.0348593472799802e-08
44850.056 1.4167838641400601e-08
44900.056 1.4538220013999798e-08
44950.056 1.757584403500086e-08
45000.056 1.9929578565999894e-08
45050.056 1.7129406315598915e-08
45100.056 1.5622448595500892e-08
45150.056 1.4165424854999578e-08
45200.056 8.942489914899902e-09
45250.056 1.0961455923699535e-08
45300.056 1.0374540660000144e-08
45350.056 6.790430550100784e-09
45400.056 1.9530675087000515e-08
45450.056 1.6419695885101152e-08
45500.056 2.033762684900069e-08
45550.056 2.1147597211998476e-08
45600.056 1.935282497700048e-08
45650.056 1.735266736299894e-08
45700.056 9.098066566998921e-09
45750.056 7.957100845100829e-09
45800.056 1.831551842800014e-08
45850.056 1.4446076079600792e-08
45900.056 2.1579982206999916e-08
45950.056 2.1843967937999276e-08
46000.056 2.0369285467000382e-08
46050.056 1.6607507520001067e-08
46100.056 2.132499962199917e-08
46150.056 1.4092301172199912e-08
46200.056 9.534450059198781e-09
46250.056 3.2474398074100407e-09
46300.056 1.18014088159009e-08
46350.056 1.405045503810039e-08
46400.056 1.4776252584000271e-08
46450.056 1.0540753506399371e-08
46500.056 1.4335008860000381e-08
46550.056 8.184182779399137e-09
46600.056 6.835702969099596e-09
46650.056 1.2415085461400516e-08
46700.056 9.2960132135991e-09
46750.056 3.140936045470271e-09
46800.056 1.7949946807897927e-09
46850.056 9.168220322101509e-09
46900.056 1.522082052900013e-08
46950.056 1.6443345725999835e-08
47000.056 1.715257743700026e-08
47050.056 9.93281011789828e-09
47100.056 9.011678302800182e-09
47150.056 1.1890903214800881e-08
47200.056 1.27252968269995e-08
47250.056 4.680647115838915e-09
47300.056 3.3625187197210393e-09
47350.056 1.2130502511800777e-08
47400.056 1.486186304499985e-08
47450.056 8.577926067300087e-09
47500.056 1.5386607793001024e-08
47550.056 1.5382679066999978e-08
47600.056 9.589986641699171e-09
47650.056 1.1639979570699437e-08
47700.056 9.6162164442009e-09
47750.056 7.836697474199888e-09
47800.056 4.2632880314996795e-09
47850.056 1.2611923823102494e-09
47900.056 2.63033164391011e-09
47950.056 9.10838862040082e-09
48000.056 1.139881517799916e-08
48050.056 8.724584501200112e-09
48100.056 4.613535345719883e-09
48150.056 8.818753626800366e-09
48200.056 4.540379912709325e-09
48250.056 8.03524404140031e-09
48300.056 9.757770043299757e-09
48350.056 5.248655140599246e-09
48400.056 8.269263341737555e-10
48450.056 1.6307339353244112e-09
48500.056 3.8094513445695456e-09
48550.056 4.944225216771129e-09
48600.056 1.1341361837500334e-08
48650.056 1.3338892917999884e-08
48700.056 1.0905970268400343e-08
48750.056 9.772012047300027e-09
48800.056 1.0676938206799862e-08
48850.056 4.494871739849379e-09
48900.056 3.4685475374695745e-09
48950.056 1.607901697369926e-09
49000.056 1.1518333923523143e-09
49050.056 4.168893612749645e-09
49100.056 6.618932154661004e-09
49150.056 6.267830374199904e-09
49200.056 1.0705761566500592e-08
49250.056 1.1239145781299874e-08
49300.056 8.330767122999241e-09
49350.056 3.171035903000501e-09
49400.056 3.9362079015492925e-09
49450.056 2.761785620340522e-09
49500.056 2.0053265135896012e-09
49550.056 3.184847047699906e-10
49600.056 8.202811387841677e-10
49650.056 3.740372199900458e-09
49700.056 5.916740677100019e-09
49750.056 3.735007416719726e-09
49800.056 2.0158542763500824e-09
49850.056 6.260728067300575e-09
49900.056 7.869769441899968e-09
49950.056 7.0555178681997285e-09
50000.056 3.2118920753193608e-09
50050.056 3.1295215603305042e-09
50100.056 2.9925981210997855e-09
50150.056 9.01008921269816e-10
50200.056 1.5957735574904033e-10
50250.056 7.934908262500049e-10
50300.056 6.438807557461378e-10
50350.056 3.3146307934003523e-09
50400.056 5.296050458100051e-09
50450.056 5.320290126700053e-09
50500.056 6.857655480500246e-09
50550.056 7.628410285199916e-09
50600.056 4.435994214489487e-09
50650.056 6.875589612300231e-09
50700.056 5.6164545794996865e-09
50750.056 2.9115069636997577e-09
50800.056 6.40537074091818e-10
50850.056 2.876230755731029e-10
50900.056 2.2030883756202994e-09
50950.056 3.0226969321997385e-09
51000.056 1.9019118130504027e-09
51050.056 4.0849088381996454e-09
51100.056 1.7304577347099402e-09
51150.056 9.545826577202312e-10
51200.056 4.1868752999002524e-09
51250.056 3.898891585299766e-09
51300.056 2.315358256609935e-09
51350.056 1.232502050431727e-09
51400.056 3.07796196261054e-10
51450.056 2.809567837619303e-10
51500.056 3.0006886784008885e-10
51550.056 1.3334432041602026e-09
51600.056 2.2087475375001386e-09
51650.056 3.2952316676000444e-09
51700.056 2.3517618647095307e-09
51750.056 1.923815729530391e-09
51800.056 3.737651191899998e-09
51850.056 2.8746024267998386e-09
51900.056 2.06722479759991e-09
51950.056 8.614417032498282e-10
52000.056 1.3958583694797985e-10
52050.056 4.637757228600224e-10
52100.056 2.5470441615495246e-10
52150.056 1.5704849753904168e-10
52200.056 6.391065534800444e-10
52250.056 1.2160070700201036e-09
52300.056 1.1728235656498973e-09
52350.056 2.752236979869783e-10
52400.056 3.3670528046901366e-10
52450.056 1.4523555207901713e-09
52500.056 1.0119770532099465e-09
52550.056 2.073051907199874e-09
52600.056 2.134272104740229e-09
52650.056 2.6071890629999007e-09
52700.056 1.287018184029855e-09
52750.056 3.2043938965091335e-10
52800.056 6.815230361201095e-10
52850.056 8.113612015798762e-10
52900.056 2.2971800691792872e-10
52950.056 4.06092316722074e-10
53000.056 1.1049497980400323e-09
53050.056 4.5077535254797554e-10
53100.056 1.8260504188402015e-09
53150.056 1.933413788399915e-09
53200.056 9.41537242869955e-10
53250.056 1.5852488064799525e-09
53300.056 1.4274452412501139e-09
53350.056 1.2411927959199502e-09
53400.056 7.20603413239922e-10
53450.056 2.417751660399583e-10
53500.056 8.675158042498843e-11
53550.056 1.325998898280022e-10
53600.056 3.877046124600944e-10
53650.056 8.460108659300582e-10
53700.056 7.483622506299383e-10
53750.056 6.997323308399361e-10
53800.056 6.014593995100362e-10
53850.056 1.2484995874099455e-09
53900.056 1.634723054400014e-09
53950.056 1.2105155026299218e-09
54000.056 9.24403520000073e-10
54050.056 8.312581465999221e-10
54100.056 2.5433356177598363e-10
54150.056 2.463379429000041e-10
54200.056 8.379152362998054e-11
54250.056 1.318755363820203e-10
54300.056 2.649569473450283e-10
54350.056 5.052323088000228e-10
54400.056 3.93929265518931e-10
54450.056 3.3221237903006977e-10
54500.056 5.061297166200525e-10
54550.056 3.9777045517995704e-10
54600.056 2.50177127959963e-10
54650.056 6.553327133299218e-11
54700.056 2.5332977532002726e-10
54750.056 2.769181220799694e-10
54800.056 1.722631566500269e-10
54850.056 2.4924186976003135e-10
54900.056 3.2043086286401604e-10
54950.056 7.083985925698999e-10
55000.056 3.5193307469997093e-10
55050.056 3.2404179118802364e-10
55100.056 4.913928308200867e-10
55150.056 2.2859742289489816e-10
55200.056 1.8815197106699318e-10
55250.056 2.0972755907604313e-10
55300.056 1.9506993230201154e-10
55350.056 2.7703320050900927e-10
55400.056 2.2652253098298586e-10
55450.056 2.672493428049584e-10
55500.056 1.4155503510300362e-10
55550.056 8.620955776499146e-11
55600.056 1.574535286412231e-10
55650.056 1.4590035130899092e-10
55700.056 1.7995917321901654e-10
55750.056 9.233714201178358e-11
55800.056 5.356302890201086e-11
55850.056 6.441471026129673e-11
55900.056 1.7169178606425034e-10
55950.056 2.4280913439308216e-10
56000.056 1.1419708783735807e-10
56050.056 1.147737181790174e-10
56100.056 1.4043122219041428e-10
56150.056 8.776678344799367e-11
56200.056 9.281738181649661e-11
56250.056 2.6635290408900834e-10
56300.056 1.6766274751895986e-10
56350.056 3.847502708190704e-11
56400.056 5.4455877236194125e-11
56450.056 5.260037457161344e-11
56500.056 1.1989528293190134e-10
56550.056 4.0999245569396616e-11
56600.056 7.158721874370243e-11
56650.056 4.206485050873332e-11
56700.056 5.5091426599400724e-11
56750.056 8.804928461699956e-11
56800.056 2.8361946501702046e-11
56850.056 7.27166437314032e-11
56900.056 5.40069266812099e-11
56950.056 1.2026245841596865e-10
57000.056 1.515002479408549e-10
57050.056 1.6036411259596502e-10
57100.056 1.63337122062434e-11
57150.056 8.421771132742267e-11
57200.056 3.914977253439557e-11
57250.056 7.668470285300301e-11
57300.056 3.2346999652809204e-11
57350.056 3.1939395342559475e-11
57400.056 7.28017618813952e-11
57450.056 2.7114189545800863e-11
57500.056 1.2502217091303638e-11
57550.056 1.613673431143814e-11
57600.056 9.362465385623622e-12
57650.056 3.40841143512072e-11
57700.056 7.879964439099115e-11
57750.056 6.25294141194509e-11
57800.056 6.86603083541752e-11
57850.056 5.84209753644979e-11
57900.056 2.2416362905000333e-10
57950.056 8.996384131088918e-11
58000.056 1.8785407765285807e-11
58050.056 4.8294647274991816e-11
58100.056 1.9676816822381935e-11
58150.056 3.2257895646971516e-11
58200.056 2.9211090083798253e-11
58250.056 1.993389772396179e-11
58300.056 1.1298278563599196e-11
58350.056 1.4290000930236093e-11
58400.056 1.9368046212557442e-11
58450.056 1.0430452166300875e-10
58500.056 8.476788741098046e-11
58550.056 2.0892419297480423e-11
58600.056 2.556172392432956e-11
58650.056 7.463708943399051e-11
58700.056 1.1610779492325703e-11
58750.056 8.968184261599516e-11
58800.056 2.4600644733069193e-11
58850.056 2.0712918646108246e-11
58900.056 1.3266042762265232e-11
58950.056 3.273194651899373e-11
59000.056 3.826034090079769e-11
59050.056 1.2032105712614286e-11
59100.056 4.172719661462979e-12
59150.056 2.1847260320108773e-11
59200.056 9.970992171700813e-11
59250.056 1.5506793156301145e-10
59300.056 1.44422041397988e-10
59350.056 5.289674778999974e-11
59400.056 3.860674331007599e-11
59450.056 3.683155697814258e-11
59500.056 6.427713091771004e-11
59550.056 6.479051785800093e-11
59600.056 3.624224490498164e-11
59650.056 7.039529475171188e-12
59700.056 5.473321050901333e-11
59750.056 1.5085716816800253e-10
59800.056 6.853902932729144e-11
59850.056 6.008512020750419e-11
59900.056 7.004286685899938e-11
59950.056 4.247156552450997e-11
60000.056 5.898735097513836e-11
60050.056 1.5528466779500232e-10
60100.056 1.4538909443698952e-10
60150.056 3.4183974825387445e-11
60200.056 1.1668189172318246e-11
60250.056 5.7190200610144664e-11
60300.056 4.9818561428466896e-11
60350.056 6.554970859142986e-11
60400.056 1.0095504630548257e-10
60450.056 3.429526729829718e-11
60500.056 2.4385648583303277e-11
60550.056 6.236433902732703e-11
60600.056 5.832899409457986e-11
60650.056 6.434479017532801e-11
60700.056 2.664891710459089e-11
60750.056 7.95778719313598e-12
60800.056 2.933712373215498e-11
60850.056 5.075068120764565e-11
60900.056 2.7141907656756774e-11
60950.056 1.2181839885620553e-11
61000.056 4.815945899318284e-11
61050.056 3.105091137799711e-11
61100.056 2.2586082041766976e-11
61150.056 2.0430321592162744e-11
61200.056 4.449435142280044e-11
61250.056 2.2359748243497578e-11
61300.056 9.788503499524718e-12
61350.056 2.9919884567501925e-11
61400.056 1.804370647499959e-11
61450.056 6.048138577040476e-12
61500.056 2.816064422405036e-12
61550.056 9.110299633670283e-12
61600.056 1.047696065074437e-11
61650.056 5.725400405200837e-12
61700.056 2.0397598007071462e-11
61750.056 1.4673887208940702e-11
61800.056 1.9509548807110816e-11
61850.056 9.50724531291687e-12
61900.056 6.625925510160804e-11
61950.056 2.0907637051857318e-11
62000.056 1.2759196103418404e-11
62050.056 7.277857499401714e-11
62100.056 1.448981416625289e-11
62150.056 5.010059993564325e-11
62200.056 6.389063374681875e-11
62250.056 9.230901454607369e-11
62300.056 1.0252823593801363e-10
62350.056 2.7891805100999963e-10
62400.056 1.2330355424520528e-10
62450.056 8.876276597106266e-11
62500.056 1.4207922127632237e-10
62550.056 3.3201211701201534e-10
62600.056 5.47867219791959e-11
62650.056 2.959019333073046e-11
62700.056 1.3911847720154279e-11
62750.056 8.81731957635786e-11
62800.056 8.942058158100891e-11
62850.056 3.213794108314394e-11
62900.056 1.9351944999406795e-10
62950.056 2.315116442739319e-10
63000.056 3.608036680785266e-11
63050.056 3.1499268765112315e-10
63100.056 4.4844589990696454e-10
63150.056 5.030570557700304e-10
63200.056 2.8432706682293897e-10
63250.056 1.3029537813799018e-10
63300.056 1.2503583770149998e-11
63350.056 5.417395744202154e-11
63400.056 7.910214519798446e-11
63450.056 1.574039068317292e-11
63500.056 1.621544105760444e-10
63550.056 2.20354398539974e-10
63600.056 3.0166387721056034e-11
63650.056 1.4023104453503895e-10
63700.056 1.178140335909827e-10
63750.056 8.155084262625597e-11
63800.056 1.4592207394371268e-10
63850.056 1.8340346054796754e-10
63900.056 6.571754173098972e-11
63950.056 2.3810243261537573e-11
64000.056 7.062317853539779e-11
64050.056 9.297814950746875e-12
64100.056 5.453095543901407e-11
64150.056 6.357715926870221e-11
64200.056 2.6901443420174575e-11
64250.056 1.594517583360025e-10
64300.056 1.1529990279747356e-10
64350.056 4.480127342689166e-11
64400.056 9.648115054631028e-11
64450.056 1.0254920197546681e-10
64500.056 1.7824754231499988e-10
64550.056 1.1163929971599621e-10
64600.056 4.048516149095065e-11
64650.056 7.95881594150754e-11
64700.056 3.7862923481556797e-11
64750.056 7.429741170682812e-11
64800.056 1.9423379838567556e-11
64850.056 6.486689506599939e-11
64900.056 3.3243121854894166e-11
64950.056 3.271519318099433e-11
65000.056 4.271682236940093e-11
65050.056 7.059132642768385e-11
65100.056 4.678727328811077e-11
65150.056 6.118432804860801e-11
65200.056 3.909265020091973e-11
65250.056 2.126976626184216e-11
65300.056 5.1267360803889264e-11
65350.056 9.150747342695136e-11
65400.056 6.665217549319149e-11
65450.056 1.0203507085001157e-10
65500.056 1.0052916123071449e-10
65550.056 7.02396624944078e-11
65600.056 1.5534141294186821e-10
65650.056 1.6305827875136073e-10
65700.056 9.93478888067176e-11
65750.056 7.861993216664317e-11
65800.056 1.1370283740384203e-10
65850.056 2.919064034699773e-10
65900.056 9.125388831397078e-11
65950.056 3.254045209700453e-11
66000.056 4.478300455371927e-11
66050.056 8.174882202887182e-11
66100.056 1.0996900048059191e-10
66150.056 1.2126738530438093e-10
66200.056 2.822118174000043e-10
66250.056 9.472907065634146e-11
66300.056 1.4293860249461643e-10
66350.056 9.79997147340056e-11
66400.056 1.326831456040477e-10
66450.056 2.723675303200156e-10
66500.056 2.2051109758703718e-10
66550.056 1.8295964381098017e-10
66600.056 1.7478998333814546e-10
66650.056 4.5187245955098233e-11
66700.056 9.094925479860598e-11
66750.056 1.821649540359877e-10
66800.056 1.5167093394800977e-10
66850.056 8.810145596796687e-11
66900.056 2.996478939050087e-10
66950.056 1.280640712389825e-10
67000.056 4.121568644000949e-10
67050.056 2.818582261979696e-10
67100.056 2.7023924629002506e-10
67150.056 2.814043856779864e-10
67200.056 3.783270161199697e-10
67250.056 3.9675844614010354e-10
67300.056 3.920734575499214e-10
67350.056 5.672133582182167e-11
67400.056 1.8332693637668486e-10
67450.056 2.0429436435893932e-10
67500.056 2.5793912501505497e-10
67550.056 6.76995931460147e-10
67600.056 9.336038786998736e-10
67650.056 5.242026713703413e-10
67700.056 5.260000165998745e-10
67750.056 3.6111603934005306e-10
67800.056 1.7518103567169921e-10
67850.056 2.6153699416401e-10
67900.056 2.0699264960699475e-10
67950.056 2.603644351250116e-10
68000.056 4.6532977420395185e-10
68050.056 1.497049372629893e-10
68100.056 3.603477108210979e-10
68150.056 5.422929431599416e-10
68200.056 2.56898108294943e-10
68250.056 1.9209005722801495e-10
68300.056 5.083531474100569e-10
68350.056 5.149497259399594e-10
68400.056 7.427597249500432e-10
68450.056 8.692813166999247e-10
68500.056 5.167627667099214e-10
68550.056 3.064435618099779e-10
68600.056 1.9880310895500503e-10
68650.056 2.038350827360292e-10
68700.056 3.5684512846006374e-10
68750.056 4.777895570899753e-10
68800.056 2.605417066099041e-10
68850.056 3.814087451300117e-10
68900.056 9.741281418500387e-10
68950.056 1.0441419902799258e-09
69000.056 2.6370973310030256e-10
69050.056 3.2863917784005635e-10
69100.056 9.037030755500567e-10
69150.056 1.2722744660302058e-09
69200.056 1.4381677835800652e-09
69250.056 1.0680358304698107e-09
69300.056 1.2560910508601718e-09
69350.056 1.187631358819867e-09
69400.056 4.979618576520726e-10
69450.056 1.0134588444997287e-09
69500.056 7.517025111600443e-10
69550.056 5.738543409199697e-10
69600.056 2.0974888856998318e-10
69650.056 5.763909488900723e-10
69700.056 8.710837300600101e-10
69750.056 3.9070662133798395e-10
69800.056 1.0713356122099861e-09
69850.056 1.1141855166601513e-09
69900.056 7.536195135998508e-10
69950.056 7.296316433602195e-10
70000.056 8.597863025700069e-10
70050.056 1.4715167507001386e-09
70100.056 1.1162996090677322e-09
70150.056 8.0049022715011e-10
70200.056 6.599523402998663e-10
70250.056 5.590193452100595e-10
70300.056 9.079523985901606e-10
70350.056 1.0921088624999428e-09
70400.056 5.595876955999427e-10
70450.056 2.6819337208004357e-10
70500.056 6.055665611701316e-10
70550.056 6.851361504300163e-10
70600.056 7.044471749100449e-10
70650.056 1.0266141192699477e-09
70700.056 1.5224284472101988e-09
70750.056 1.9635801704999725e-09
70800.056 7.546573145497992e-10
70850.056 1.1728139122302721e-09
70900.056 1.2251140961998297e-09
70950.056 1.9216181523002673e-09
71000.056 1.9141535797000865e-09
71050.056 1.7675521673997912e-09
71100.056 1.4011396228298998e-09
71150.056 7.665370485798984e-10
71200.056 7.389621474198948e-10
71250.056 1.5752907543302761e-09
71300.056 2.1127025798998883e-09
71350.056 1.7572529952499054e-09
71400.056 1.3647100005998153e-09
71450.056 5.723238232899498e-10
71500.056 7.701365280799944e-10
71550.056 8.287537319399922e-10
71600.056 7.00826030709934e-10
71650.056 4.73318121629993e-10
71700.056 5.023508650900637e-10
71750.056 1.0416317216901726e-09
71800.056 1.3617123105999117e-09
71850.056 1.6952758079000396e-09
71900.056 1.3629366089999246e-09
71950.056 1.4184780504897698e-09
72000.056 1.0880175661200285e-09
72050.056 5.567065206198723e-10
72100.056 6.520391632700965e-10
72150.056 9.228345424399752e-10
72200.056 1.0104250505400127e-09
72250.056 1.9551479149000445e-09
72300.056 5.723090874759342e-10
72350.056 1.1655432085001128e-09
72400.056 9.048050849699814e-10
72450.056 9.36762688889752e-10
72500.056 1.121835583549862e-09
72550.056 2.7537125742703824e-10
72600.056 3.6760987438405045e-10
72650.056 6.962657655642272e-10
72700.056 3.713993767068936e-10
72750.056 5.520512451029394e-10
72800.056 1.8385582925700185e-10
72850.056 3.3456626164116087e-10
72900.056 1.029382534460004e-09
72950.056 3.337464555099402e-10
73000.056 3.7779889914391014e-10
73050.056 1.1561482588199215e-10
73100.056 1.3755641292600684e-10
73150.056 5.665230422099531e-10
73200.056 1.2238105829468025e-10
73250.056 1.7938596906197817e-10
73300.056 1.0519563812870916e-10
73350.056 1.059471488623627e-10
73400.056 2.536805931800362e-10
73450.056 1.1083215967847036e-10
73500.056 5.989503625331587e-11
73550.056 1.3817466606103747e-10
73600.056 1.7456538540993698e-10
73650.056 9.434313891361991e-11
73700.056 8.344570822075534e-11
73750.056 2.8423407607441717e-11
73800.056 9.491538863006564e-11
73850.056 1.3518094198296202e-10
73900.056 3.6868750703206156e-11
73950.056 6.816055562248835e-11
74000.056 1.9935293809434585e-11
74050.056 1.1547857210804368e-10
74100.056 1.7218100341998817e-10
74150.056 9.498717016697046e-11
74200.056 2.453418895907507e-11
74250.056 6.80641356577317e-12
74300.056 7.92011571685301e-11
74350.056 1.319588121280201e-10
74400.056 8.532529747176183e-11
74450.056 2.645984619246393e-11
74500.056 1.0600396115762103e-11
74550.056 3.2753027104494456e-11
74600.056 8.834477553102386e-11
74650.056 1.126849072909853e-10
74700.056 7.288828704001835e-11
74750.056 1.125458965165253e-11
74800.056 1.8092138351472854e-11
74850.056 9.974611470002545e-11
74900.056 1.1764696641597026e-10
74950.056 7.682387762297067e-11
75000.056 3.835388884478354e-11
75050.056 1.6794951643587388e-12
75100.056 4.6985793327318624e-11
75150.056 1.2300426447401703e-10
75200.056 1.415316111799912e-10
75250.056 6.969106019895587e-11
75300.056 3.4369945861998396e-11
75350.056 5.093427236782362e-12
75400.056 6.67209496190169e-11
75450.056 1.4659349280001552e-10
75500.056 1.3077073789418696e-10
75550.056 7.376317744630061e-11
75600.056 6.321875252358274e-11
75650.056 2.717699947951382e-11
75700.056 1.57468160623032e-10
75750.056 2.6217622265106613e-10
75800.056 2.174302611154707e-10
75850.056 1.5779203283383744e-10
75900.056 1.2859690125495517e-10
75950.056 3.972777479092406e-11
76000.056 2.2916492472004393e-10
76050.056 3.95851333080003e-10
76100.056 2.561272756227284e-10
76150.056 2.6579000246000885e-10
76200.056 1.4842186251295377e-10
76250.056 2.3632142531154746e-11
76300.056 1.295393984400222e-10
76350.056 2.0084315004000292e-10
76400.056 1.4816030257098876e-10
76450.056 1.1734477898500252e-10
76500.056 7.006666760798859e-11
76550.056 1.4583450119026813e-11
76600.056 2.093690912258082e-12
76650.056 3.237147416445959e-12
76700.056 4.848240785340487e-12
76750.056 8.46040831888532e-12
76800.056 1.8598791453235318e-11
76850.056 2.2429247037984184e-11
76900.056 3.8952155845390925e-11
76950.056 3.0874936951258356e-11
77000.056 1.0958094561799106e-10
77050.056 1.9938218174896348e-11
77100.056 4.30396895683143e-11
77150.056 8.460031189408649e-11
77200.056 3.627062857260583e-11
77250.056 1.4478643262653762e-11
77300.056 1.0587361288900935e-10
77350.056 9.070249434834534e-11
77400.056 1.437754684500824e-10
77450.056 3.145817514499816e-10
77500.056 1.8270185908998117e-10
77550.056 6.455983237378397e-11
77600.056 1.003841097541813e-11
77650.056 2.0056756383335925e-11
77700.056 1.0061665708699564e-10
77750.056 1.496190626068548e-10
77800.056 2.2136920266001054e-10
77850.056 1.7872127147997005e-10
77900.056 4.4269656323599274e-11
77950.056 1.0099911072954606e-11
78000.056 5.103401058829143e-11
78050.056 6.080410171227579e-11
78100.056 1.3172095389671725e-10
78150.056 2.4509510727709575e-10
78200.056 3.0788499515997244e-10
78250.056 1.332778291899495e-10
78300.056 2.212585479013046e-11
78350.056 8.49150861188216e-11
78400.056 3.957996377287075e-11
78450.056 7.056962620902227e-11
78500.056 2.0148297793790245e-10
78550.056 3.267577847399915e-10
78600.056 2.048109203599603e-10
78650.056 3.545495595952214e-11
78700.056 4.085903336252925e-11
78750.056 1.1105688417898285e-10
78800.056 4.510152341256983e-11
78850.056 2.9927992850758625e-11
78900.056 7.903371211786027e-11
78950.056 2.070614848400108e-10
79000.056 9.986641396109685e-11
79050.056 9.094424304095305e-11
79100.056 1.609762515870239e-10
79150.056 7.238317400283834e-11
79200.056 1.0633091239999513e-10
79250.056 4.6191096687290325e-11
79300.056 7.259852351328017e-11
79350.056 1.073957309629979e-10
79400.056 4.366953222161016e-11
79450.056 2.3633069482702764e-10
79500.056 4.287480821900419e-10
79550.056 3.420092241399193e-10
79600.056 1.1399805984946307e-10
79650.056 2.944384269499553e-10
79700.056 1.1267155661900186e-10
79750.056 1.2096710137843293e-10
79800.056 1.0325155102596711e-10
79850.056 2.849787396930479e-10
79900.056 7.391707419001521e-10
79950.056 8.949572041799398e-10
