# %ECSV 1.0
# ---
# datatype:
# - {name: wav, unit: Angstrom, datatype: float64}
# - {name: flux_nu, unit: erg / (cm2 Hz s), datatype: float64}
# meta: {C/O: '1.00', Kzz: '1.0000E+05', Teff: '450.', Y: '0.28', '[Fe/H]': '0.00', f_hole: '1.00', f_rain: '0.00', grav: '100.'}
# schema: astropy-2.0
wav flux_nu
4000.0559999999996 nan
4050.0559999999996 1.6368825845375363e-17
4100.056 3.1626894943200676e-15
4150.056 3.2289324281000335e-14
4200.056 3.237596542680908e-14
4250.056 2.8893726301000235e-13
4300.056 6.501964541800046e-13
4350.056 1.139829049980005e-12
4400.056 1.8199672851000078e-12
4450.056 2.775176741100011e-12
4500.056 3.873005175700023e-12
4550.056 3.680655178641969e-12
4600.056 6.318196920199967e-13
4650.056 3.3881586132999785e-13
4700.056 1.461063206299987e-13
4750.056 4.417710870099954e-14
4800.056 1.5425098072399864e-14
4850.056 5.5812714958999505e-15
4900.056 2.6777062518999874e-15
4950.056 1.6204792115999941e-15
5000.056 9.90356902319994e-16
5050.056 7.202054507400023e-16
5100.056 7.815269681700079e-16
5150.056 8.924016192200049e-16
5200.056 1.016839218610003e-15
5250.056 1.1458737826000017e-15
5300.056 1.294262162700002e-15
5350.056 1.467284199100002e-15
5400.056 1.647743010500003e-15
5450.056 1.858840473600011e-15
5500.056 2.0946721477000096e-15
5550.056 2.343814964600004e-15
5600.056 2.580911221000003e-15
5650.056 2.7781926226999985e-15
5700.056 2.8500446983000016e-15
5750.056 2.8193253203000007e-15
5800.056 2.5329175791999923e-15
5850.056 1.7839824750799773e-15
5900.056 5.473314118656404e-16
5950.056 3.5111160364001102e-15
6000.056 7.548647520799956e-15
6050.056 1.3547116208100192e-14
6100.056 2.1820413655000203e-14
6150.056 3.302055306000021e-14
6200.056 4.8069948913000254e-14
6250.056 6.676633761000015e-14
6300.056 9.260358207600011e-14
6350.056 1.2608523077800046e-13
6400.056 1.6924176936000077e-13
6450.056 2.0847837723199644e-13
6500.056 2.762067448810006e-13
6550.056 3.7415186826199236e-13
6600.056 5.081947426000163e-13
6650.056 6.975504875800059e-13
6700.056 9.083062369400069e-13
6750.056 1.2473252398100064e-12
6800.056 1.5232088534000145e-12
6850.056 1.6613549411000021e-12
6900.056 1.4727586382300322e-12
6950.056 1.2331831523319936e-12
7000.056 1.3665043195999902e-12
7050.056 1.450933253549984e-12
7100.056 1.6223137675999725e-12
7150.056 1.3912865572488511e-12
7200.056 1.2419942357454377e-12
7250.056 1.4011459726206661e-12
7300.056 1.4469495512442749e-12
7350.056 1.7035685227388533e-12
7400.056 1.9596208503700973e-12
7450.056 2.317789790260129e-12
7500.056 2.5927594048999962e-12
7550.056 2.729180004399997e-12
7600.056 2.662064782399992e-12
7650.056 1.0655646840779631e-12
7700.056 8.6426204921903e-13
7750.056 2.971956925300037e-12
7800.056 4.142139478219992e-12
7850.056 5.768509167999977e-12
7900.056 7.230289879099846e-12
7950.056 8.058635245440005e-12
8000.056 1.0455693087000085e-11
8050.056 1.231715910450022e-11
8100.056 1.0978245900194543e-11
8150.056 1.0542399528778454e-11
8200.056 1.63492927975168e-11
8250.056 1.8031624713521946e-11
8300.056 2.171799551101751e-11
8350.056 2.403894913560669e-11
8400.056 2.8980006338160343e-11
8450.056 3.8786149553199546e-11
8500.056 4.552279179199859e-11
8550.056 5.872628871800084e-11
8600.056 7.26345467220006e-11
8650.056 8.530836194200096e-11
8700.056 9.369816793000113e-11
8750.056 1.071068446000006e-10
8800.056 1.1555906611600035e-10
8850.056 1.0579699070299634e-10
8900.056 3.6062361095476865e-11
8950.056 3.6310914629645617e-11
9000.056 3.2861809908617514e-11
9050.056 9.649975102210062e-11
9100.056 1.2008989565088373e-10
9150.056 1.4531032215560625e-10
9200.056 2.3051074508250227e-10
9250.056 2.1434254353381303e-10
9300.056 2.7015223006360705e-11
9350.056 3.651492485341868e-11
9400.056 9.888763279187785e-11
9450.056 1.086409609748333e-10
9500.056 9.166820142183842e-11
9550.056 1.0410041794123807e-10
9600.056 1.0668797913044689e-10
9650.056 1.652088728867625e-10
9700.056 3.3089923434647434e-10
9750.056 3.139882836843948e-10
9800.056 3.6429007191169116e-10
9850.056 4.254196002269548e-10
9900.056 5.737089949103836e-10
9950.056 5.869195039278535e-10
10000.056 6.15393523132962e-10
10050.056 8.110580137800262e-10
10100.056 9.821003440399818e-10
10150.056 9.52343909330006e-10
10200.056 8.615357476390895e-10
10250.056 1.0896288766556017e-09
10300.056 1.4948334373981254e-09
10350.056 1.3578041701590043e-09
10400.056 2.1963428402601852e-09
10450.056 2.904280151459372e-09
10500.056 3.64332419894996e-09
10550.056 4.578074220800111e-09
10600.056 5.12057178719995e-09
10650.056 5.473933549500158e-09
10700.056 5.2648289702700415e-09
10750.056 5.468405210510051e-09
10800.056 5.265665909486057e-09
10850.056 4.666701788269136e-09
10900.056 3.316630792830875e-09
10950.056 1.5340988571068907e-09
11000.056 8.766419968860886e-10
11050.056 4.549108439094042e-10
11100.056 2.2478418737766623e-10
11150.056 8.077440201088684e-11
11200.056 4.980890739120688e-11
11250.056 5.920749029028843e-11
11300.056 1.0269436257902972e-10
11350.056 2.6421603999662297e-11
11400.056 1.1983269037039571e-10
11450.056 7.552824570369221e-11
11500.056 5.659571581917592e-11
11550.056 1.1236211545961197e-11
11600.056 7.107774279222164e-12
11650.056 3.1937525867399415e-11
11700.056 3.8767885414871356e-11
11750.056 7.5510969814696e-12
11800.056 5.178522281987109e-11
11850.056 8.209461993635764e-11
11900.056 8.971005819829114e-11
11950.056 1.50639854583083e-10
12000.056 2.6497916547686714e-10
12050.056 4.640879487538432e-10
12100.056 7.10224108871444e-10
12150.056 1.1153978201606086e-09
12200.056 1.4040934874313985e-09
12250.056 2.241470680112588e-09
12300.056 3.6141372198093817e-09
12350.056 4.084175957300935e-09
12400.056 6.278096760739699e-09
12450.056 8.895887059760543e-09
12500.056 1.0233904382321303e-08
12550.056 1.2217801782339876e-08
12600.056 1.4565001715611063e-08
12650.056 1.5788104660679375e-08
12700.056 1.578970163592089e-08
12750.056 1.1683924065551246e-08
12800.056 8.508185689649726e-09
12850.056 4.9090643034352845e-09
12900.056 3.623447109291446e-09
12950.056 2.8442424744008963e-09
13000.056 2.940250439401483e-09
13050.056 1.764001244910977e-09
13100.056 1.5914822043753824e-09
13150.056 9.503821192951591e-10
13200.056 9.293809362236958e-10
13250.056 6.947757238331752e-10
13300.056 2.52502242498387e-10
13350.056 7.669558885666057e-11
13400.056 3.614857633096759e-11
13450.056 1.0502200892862662e-11
13500.056 3.782240316126038e-12
13550.056 1.2751559650083595e-12
13600.056 2.472690392790638e-13
13650.056 2.188935524066862e-12
13700.056 1.090177228401497e-12
13750.056 2.6762801422183045e-12
13800.056 2.3362271913283244e-12
13850.056 1.1734367367897397e-12
13900.056 1.979337858783311e-12
13950.056 1.5625430444590875e-12
14000.056 1.9037095840956262e-12
14050.056 3.390610609597894e-12
14100.056 3.397473232893431e-12
14150.056 7.435588048295512e-12
14200.056 4.40092015594804e-12
14250.056 6.6187246380234395e-12
14300.056 1.870257589663935e-11
14350.056 1.7517354185116997e-11
14400.056 1.850947442043014e-11
14450.056 3.312570520223717e-11
14500.056 7.38307501133445e-11
14550.056 7.83717630491908e-11
14600.056 9.982730004285036e-11
14650.056 5.296459658320178e-11
14700.056 2.2986680735097712e-11
14750.056 1.0230837490493065e-11
14800.056 1.8976293402864088e-11
14850.056 2.5606849738655856e-11
14900.056 2.5449035771688767e-11
14950.056 1.8105929294298815e-11
15000.056 5.3672327354068735e-11
15050.056 4.3696240071808986e-11
15100.056 2.570758435963139e-11
15150.056 1.4484486100606179e-11
15200.056 4.0398957899145064e-11
15250.056 9.45905885871785e-11
15300.056 1.1970334036185375e-10
15350.056 1.6577248369712105e-10
15400.056 2.337523169201032e-10
15450.056 3.307797745046755e-10
15500.056 3.920891678252054e-10
15550.056 7.46680113250576e-10
15600.056 1.1073203009277608e-09
15650.056 1.8512458626505474e-09
15700.056 2.919364396390996e-09
15750.056 3.9006895033499615e-09
15800.056 4.646800000620059e-09
15850.056 5.65070263848073e-09
15900.056 5.638723964890087e-09
15950.056 5.6799402392994206e-09
16000.056 4.367646658100528e-09
16050.056 2.48533467121972e-09
16100.056 1.4673722158418138e-09
16150.056 7.315477893309121e-10
16200.056 3.5622051346994045e-10
16250.056 2.1968889727889032e-10
16300.056 1.2809137283509847e-10
16350.056 1.6839949553634715e-10
16400.056 2.124267271599049e-10
16450.056 1.8263856245731023e-10
16500.056 1.5288367407732868e-10
16550.056 1.542470448294619e-10
16600.056 2.650254840017851e-10
16650.056 1.8899018306791933e-10
16700.056 2.5093616653957868e-11
16750.056 9.431356700419307e-11
16800.056 1.5865063255684467e-10
16850.056 1.8220927553191165e-10
16900.056 8.245802035473882e-11
16950.056 4.7377511218454173e-11
17000.056 2.422580705286637e-11
17050.056 5.372179617454834e-11
17100.056 1.0307231207735642e-10
17150.056 5.267245338175915e-11
17200.056 2.0194272098968388e-10
17250.056 1.0264691948778867e-10
17300.056 6.332355404670888e-11
17350.056 7.213964279072932e-11
17400.056 1.3379570162886001e-10
17450.056 1.7885016416206676e-10
17500.056 2.445854916975718e-10
17550.056 2.177478547240894e-10
17600.056 1.6341428431856775e-10
17650.056 1.4023263483675877e-10
17700.056 1.0854307379549383e-10
17750.056 1.0386712745293281e-10
17800.056 2.541711041368842e-10
17850.056 1.1300328868643933e-10
17900.056 8.00699381870469e-11
17950.056 6.10723429833276e-11
18000.056 1.0145556794429426e-10
18050.056 7.263878390391497e-11
18100.056 9.229297377996275e-11
18150.056 7.518291485955377e-11
18200.056 5.113619059692894e-11
18250.056 1.8543858324713497e-10
18300.056 3.769499639430247e-11
18350.056 2.92634821689532e-11
18400.056 2.0484663383879662e-11
18450.056 1.0078557981209906e-10
18500.056 9.848942196782496e-11
18550.056 5.375369124697449e-11
18600.056 7.281319269332058e-11
18650.056 4.91496507143113e-11
18700.056 1.2592484485204734e-11
18750.056 3.0567937284244425e-11
18800.056 1.538130525970834e-10
18850.056 1.5166966928513936e-10
18900.056 1.3121945105769302e-10
18950.056 2.1087539783820677e-10
19000.056 5.951004667938791e-11
19050.056 2.6303134418358672e-11
19100.056 6.419504687591095e-11
19150.056 2.7329882086632465e-11
19200.056 4.06174102126479e-11
19250.056 2.97091568639695e-11
19300.056 1.9895885872421676e-11
19350.056 1.7102868416787303e-11
19400.056 1.530425211900798e-11
19450.056 2.685324220402603e-11
19500.056 1.6899205402543927e-11
19550.056 2.953341078371007e-11
19600.056 7.102051320489738e-11
19650.056 4.580407841541558e-11
19700.056 5.795295783296355e-11
19750.056 9.922254242025482e-11
19800.056 6.552905911506394e-11
19850.056 8.148962683168465e-11
19900.056 1.1204981776595501e-10
19950.056 1.6089527134252587e-10
20000.056 2.134144673997313e-10
20050.056 1.5495167977277344e-10
20100.056 2.8318460800761525e-10
20150.056 1.4730580925216452e-10
20200.056 1.0362172672774017e-10
20250.056 2.2393029350314285e-10
20300.056 2.709712717185266e-10
20350.056 2.943960549037106e-10
20400.056 2.4655838915507733e-10
20450.056 4.4548337562660693e-10
20500.056 5.335097146795984e-10
20550.056 6.145007088515622e-10
20600.056 6.54178063602538e-10
20650.056 8.404621291169741e-10
20700.056 9.495062978228466e-10
20750.056 1.0944143056238185e-09
20800.056 1.0655583338637826e-09
20850.056 1.2565600078600592e-09
20900.056 1.3597102120097457e-09
20950.056 1.3091395567601085e-09
21000.056 1.2939556161971474e-09
21050.056 1.3854486503198281e-09
21100.056 1.3102727264900965e-09
21150.056 1.3168657001158486e-09
21200.056 1.22680084038019e-09
21250.056 1.138560013600726e-09
21300.056 9.636308680666292e-10
21350.056 9.540580918696998e-10
21400.056 9.238836016255705e-10
21450.056 7.364266884659888e-10
21500.056 6.457322713967271e-10
21550.056 5.809185736711529e-10
21600.056 4.862761681608336e-10
21650.056 3.5042213712350375e-10
21700.056 3.0978769508315573e-10
21750.056 2.9812190049271286e-10
21800.056 2.0334001415008284e-10
21850.056 1.973803951369204e-10
21900.056 1.3768347516443415e-10
21950.056 5.043536053896486e-11
22000.056 8.4807690198886e-12
22050.056 1.2254281266641733e-11
22100.056 5.082445656793372e-11
22150.056 3.9686212888270193e-11
22200.056 4.176074179205784e-11
22250.056 3.3358665525833655e-11
22300.056 1.6273738713730118e-11
22350.056 2.1996558139685737e-11
22400.056 7.930972912554332e-12
22450.056 1.1967744124688283e-11
22500.056 9.359777717823597e-12
22550.056 5.348209437084076e-12
22600.056 4.171737843237548e-12
22650.056 8.615955288596546e-12
22700.056 6.9587335693574765e-12
22750.056 8.809467300108549e-12
22800.056 9.624240909869223e-12
22850.056 6.745248513148778e-12
22900.056 4.776818659918583e-12
22950.056 4.029091386463994e-12
23000.056 5.61485776981994e-12
23050.056 7.126026894215481e-12
23100.056 3.915501723973052e-11
23150.056 3.713565673268799e-11
23200.056 1.5321811272613495e-12
23250.056 6.493816821477626e-12
23300.056 5.992969930482041e-12
23350.056 9.248076812653511e-12
23400.056 7.085609343627252e-12
23450.056 4.3050428404448995e-12
23500.056 4.705139395123875e-12
23550.056 9.64012934869136e-12
23600.056 1.9511952550172474e-11
23650.056 2.772197190320974e-11
23700.056 5.325514019837947e-12
23750.056 4.972869144486395e-12
23800.056 2.2425939657309796e-11
23850.056 1.535461672605765e-11
23900.056 3.487160016556718e-11
23950.056 1.9231084067821382e-11
24000.056 4.21643677204372e-11
24050.056 5.1628383832541516e-11
24100.056 5.969030840178511e-11
24150.056 8.739280986344675e-11
24200.056 5.6506133297979464e-11
24250.056 4.54788576164873e-11
24300.056 8.453780997825973e-11
24350.056 6.902865172022238e-11
24400.056 1.5555172418669914e-10
24450.056 1.7598307822541445e-10
24500.056 1.5674251146757922e-10
24550.056 2.4087864575672293e-10
24600.056 2.5601545681925325e-10
24650.056 3.9941298724937553e-10
24700.056 2.355102325100519e-10
24750.056 3.160593053109156e-10
24800.056 2.762559983456175e-10
24850.056 4.727133251367631e-10
24900.056 2.0697150667187524e-10
24950.056 4.364932019603723e-10
25000.056 4.2869550765331366e-10
25050.056 2.6863095983872963e-10
25100.056 4.329074664470362e-10
25150.056 1.967583944375587e-10
25200.056 3.005916873894329e-10
25250.056 1.1823708928866834e-10
25300.056 1.719411219584723e-10
25350.056 7.686307738096288e-11
25400.056 2.024847727116073e-10
25450.056 5.899343536126008e-11
25500.056 4.9375123444471386e-11
25550.056 1.0532056293021263e-10
25600.056 5.166266045811546e-11
25650.056 2.639635522421092e-11
25700.056 3.166411612860171e-11
25750.056 8.09538317942203e-12
25800.056 5.0075474558042764e-11
25850.056 8.114797591046413e-12
25900.056 1.1660837541960811e-11
25950.056 2.5401216921293834e-12
26000.056 4.3615191898291956e-11
26050.056 4.208639982935277e-12
26100.056 2.4830323405647513e-11
26150.056 9.964353802378293e-12
26200.056 1.3712427424393504e-11
26250.056 1.0942822418913205e-10
26300.056 1.9799947891418752e-11
26350.056 1.8157980078878203e-10
26400.056 2.7453663023396085e-10
26450.056 1.8856553440151336e-10
26500.056 4.3071312319306574e-10
26550.056 4.184164011305446e-11
26600.056 5.260718621427612e-11
26650.056 6.32008954156025e-12
26700.056 3.5114451146453333e-12
26750.056 5.677404777900797e-12
26800.056 2.0315333297020762e-11
26850.056 1.0923179636949424e-11
26900.056 6.28292719564708e-11
26950.056 1.8576320550865515e-11
27000.056 1.1767648445104276e-10
27050.056 1.3885502347271723e-10
27100.056 1.326362048455727e-11
27150.056 1.6592434502570766e-10
27200.056 1.3005827602083018e-11
27250.056 5.2314217563033806e-11
27300.056 4.23313045384426e-10
27350.056 1.317789320084591e-10
27400.056 5.610682359106483e-12
27450.056 1.757976155882328e-10
27500.056 2.1413675216274909e-10
27550.056 2.9081225392130528e-11
27600.056 9.500161580153972e-11
27650.056 2.197668692797483e-11
27700.056 1.9766567504534358e-11
27750.056 1.4909061034008355e-10
27800.056 3.8790448246914236e-11
27850.056 6.988111566493977e-11
27900.056 6.974589847523952e-11
27950.056 1.9311366094049395e-10
28000.056 1.7861398801683834e-10
28050.056 1.8391931616277526e-11
28100.056 1.702219492497217e-10
28150.056 1.282647897134156e-10
28200.056 3.102886133864186e-11
28250.056 2.4094616182355005e-10
28300.056 2.203496464093176e-10
28350.056 4.148809396264393e-11
28400.056 1.566195764043421e-10
28450.056 2.8475522228530897e-10
28500.056 1.7046274367666547e-10
28550.056 3.401677807737723e-11
28600.056 2.9124446373000423e-10
28650.056 1.8446454307030965e-10
28700.056 2.8953569550296124e-10
28750.056 4.2114234474823797e-10
28800.056 1.7429259042207388e-10
28850.056 4.35566921430023e-10
28900.056 2.0814672100598642e-10
28950.056 3.2584564270451523e-10
29000.056 2.2480506791099146e-10
29050.056 3.429599200993415e-10
29100.056 1.8266656710509013e-10
29150.056 2.541232156070276e-10
29200.056 4.186620963344282e-10
29250.056 5.438037194019481e-10
29300.056 2.6041853710779497e-10
29350.056 7.512668528867434e-10
29400.056 3.34661815116633e-10
29450.056 2.5107681230359025e-10
29500.056 6.69949055237386e-10
29550.056 2.769722114835702e-10
29600.056 3.8483996162047253e-10
29650.056 9.5014404825208e-10
29700.056 2.5789787772869126e-10
29750.056 6.963672100113434e-10
29800.056 5.663888316465873e-10
29850.056 8.106374223162459e-10
29900.056 4.705108812609774e-10
29950.056 5.611177578203116e-10
30000.056 1.3307059919790842e-11
30050.056 6.572719461350562e-11
30100.056 2.2720348952315032e-10
30150.056 7.325119976509154e-10
30200.056 5.192362965817095e-10
30250.056 1.03943668608183e-09
30300.056 1.3750496937143439e-09
30350.056 4.220811713244339e-10
30400.056 1.3317872913824625e-09
30450.056 8.531154245163862e-10
30500.056 7.059006768206382e-10
30550.056 5.742130873321709e-10
30600.056 2.3845269511589178e-09
30650.056 1.1237960775172225e-09
30700.056 7.618884622441705e-10
30750.056 1.4649615807857028e-09
30800.056 1.0623485748122616e-09
30850.056 1.226118761041963e-09
30900.056 6.525304356131765e-10
30950.056 6.733866726802694e-10
31000.056 7.338964752514228e-10
31050.056 5.771874961318069e-10
31100.056 3.5623082181930745e-10
31150.056 6.692820421206469e-10
31200.056 1.4626750121758772e-09
31250.056 8.425691441339342e-10
31300.056 5.491694331609945e-10
31350.056 1.0394271140216187e-09
31400.056 7.131942676182627e-10
31450.056 7.53229023495047e-10
31500.056 3.044720405258157e-10
31550.056 4.991690937624001e-10
31600.056 3.3343278939791485e-10
31650.056 3.070398719975682e-10
31700.056 3.016603046086225e-10
31750.056 1.5123505828457204e-10
31800.056 3.095931716515025e-10
31850.056 6.477039331657819e-11
31900.056 1.4896299558088652e-10
31950.056 9.068352065194272e-11
32000.056 7.861920645638737e-11
32050.056 1.1805889717019022e-10
32100.056 1.0101006464268027e-10
32150.056 1.16504266551856e-10
32200.056 5.6123023624732516e-11
32250.056 1.5056765872656976e-10
32300.056 4.681384192922025e-11
32350.056 1.418164048740642e-10
32400.056 2.8433015625605975e-11
32450.056 1.1234324333181563e-10
32500.056 3.551111396043484e-11
32550.056 8.603041801175501e-11
32600.056 4.410310085327853e-11
32650.056 2.2672501882568133e-10
32700.056 6.62762096872703e-11
32750.056 4.036604742918815e-10
32800.056 2.3822061454907886e-10
32850.056 6.519864601509368e-10
32900.056 5.658309570884052e-10
32950.056 6.213842398799417e-10
33000.056 2.384500765965583e-10
33050.056 3.244569803779973e-10
33100.056 7.264471048206915e-11
33150.056 4.600680590233484e-14
33200.056 1.9093898845797662e-12
33250.056 2.3066409205761158e-12
33300.056 1.6224480308506184e-11
33350.056 5.4105688975201585e-11
33400.056 1.867143568503741e-10
33450.056 1.3958154325329159e-10
33500.056 4.688480547058175e-10
33550.056 1.0726423188680623e-10
33600.056 3.002381366925534e-10
33650.056 2.7261551799194584e-10
33700.056 1.1113940098041601e-10
33750.056 4.017012880736011e-10
33800.056 4.9473199479378594e-11
33850.056 2.0487461989740703e-10
33900.056 2.166272124641419e-10
33950.056 1.6735888084890347e-10
34000.056 3.785027042470945e-10
34050.056 6.334314524113501e-11
34100.056 3.4304323835150467e-10
34150.056 1.5128966947645643e-10
34200.056 3.820964673594853e-10
34250.056 2.37891944266471e-10
34300.056 2.333042520168186e-10
34350.056 4.4332761984402864e-10
34400.056 1.4702159232639695e-10
34450.056 4.4663377429180363e-10
34500.056 2.4248565593650255e-10
34550.056 1.5166163171884664e-10
34600.056 7.029949589851996e-10
34650.056 1.3531586778058763e-10
34700.056 5.17277337175503e-10
34750.056 3.3360194351644666e-10
34800.056 2.890535456799948e-10
34850.056 7.999934223852836e-10
34900.056 2.458357104903947e-10
34950.056 7.220225229582128e-10
35000.056 1.365191777557754e-09
35050.056 6.005911075644748e-10
35100.056 1.370695299819883e-09
35150.056 1.1157665705988351e-09
35200.056 9.493632760090749e-10
35250.056 1.715494253607442e-09
35300.056 7.44487528524781e-10
35350.056 9.498641224164934e-10
35400.056 8.118163526937042e-10
35450.056 6.594215097817447e-10
35500.056 2.276112530726339e-09
35550.056 1.3627053344791624e-09
35600.056 1.4835636070908533e-09
35650.056 1.5903266933211274e-09
35700.056 1.6805715050348906e-09
35750.056 2.4035356873027487e-09
35800.056 2.2573237535226133e-09
35850.056 8.875820605378775e-10
35900.056 1.2346309247296482e-09
35950.056 1.5872059060897929e-09
36000.056 1.8370359169151851e-09
36050.056 1.3015926855945443e-09
36100.056 1.2316888363507392e-09
36150.056 2.5715882840533277e-09
36200.056 2.8127332285381317e-09
36250.056 1.952301691330018e-09
36300.056 4.243073434043772e-09
36350.056 2.495815736161156e-09
36400.056 3.8581271997495534e-09
36450.056 3.884281597211502e-09
36500.056 4.339991014445569e-09
36550.056 5.727490410461626e-09
36600.056 6.18765372892331e-09
36650.056 4.661699558258725e-09
36700.056 5.0202803292032125e-09
36750.056 6.290705518634404e-09
36800.056 7.251037659040398e-09
36850.056 4.085605733649303e-09
36900.056 6.698252681628916e-09
36950.056 7.29223334765936e-09
37000.056 5.1154085722055884e-09
37050.056 7.908765870038975e-09
37100.056 5.7387642933511655e-09
37150.056 5.588165513731783e-09
37200.056 9.151239670087365e-09
37250.056 6.037717602885188e-09
37300.056 4.542690038750288e-09
37350.056 7.587503735162641e-09
37400.056 1.149522906884276e-08
37450.056 4.9752850005529725e-09
37500.056 6.751394710819035e-09
37550.056 1.1704201445085059e-08
37600.056 1.6905799135648298e-08
37650.056 5.777096754381539e-09
37700.056 1.1307047629260929e-08
37750.056 7.591895950174717e-09
37800.056 7.732775931864607e-09
37850.056 4.140825245984212e-09
37900.056 5.48180802780171e-09
37950.056 1.0398737879422276e-08
38000.056 9.900216200100327e-09
38050.056 1.3479122088926411e-08
38100.056 1.5836785315434053e-08
38150.056 1.7256574144979172e-08
38200.056 1.490283809824479e-08
38250.056 1.5669373216004912e-08
38300.056 2.3586058025971925e-08
38350.056 2.2527450931859348e-08
38400.056 9.862023563211195e-09
38450.056 5.481133254699381e-09
38500.056 3.5219607616104112e-09
38550.056 1.0740212452203286e-08
38600.056 1.1112851599894431e-08
38650.056 1.2894671197947413e-08
38700.056 1.0314875924597958e-08
38750.056 1.1400710064192398e-08
38800.056 1.173254475143749e-08
38850.056 1.3047253682511991e-08
38900.056 1.6969529688905337e-08
38950.056 1.0557575601101947e-08
39000.056 1.6912551277196e-08
39050.056 1.0730835968866992e-08
39100.056 1.5305164260631412e-08
39150.056 1.980133320241079e-08
39200.056 1.4395595335309426e-08
39250.056 2.2470204885350674e-08
39300.056 1.509035498712586e-08
39350.056 2.6869413183019494e-08
39400.056 1.5738210593907655e-08
39450.056 2.1903225835843205e-08
39500.056 2.2526785278005982e-08
39550.056 1.2486706345354305e-08
39600.056 2.2003846665278272e-08
39650.056 2.691542990979547e-08
39700.056 2.541157317692387e-08
39750.056 1.4085866176068775e-08
39800.056 1.626288547762001e-08
39850.056 3.1441437569003925e-08
39900.056 3.513224867110171e-08
39950.056 1.7210334044467513e-08
40000.056 2.9455014616141506e-08
40050.056 3.077497771779858e-08
40100.056 1.340916078051098e-08
40150.056 2.9107133147461484e-08
40200.056 3.06163794192262e-08
40250.056 3.3942121088793097e-08
40300.056 3.326455846410028e-08
40350.056 2.275781982726425e-08
40400.056 3.2117860992523044e-08
40450.056 1.8098288180460446e-08
40500.056 3.742754945529941e-08
40550.056 4.0352952892427774e-08
40600.056 3.176066399300188e-08
40650.056 2.565041514372157e-08
40700.056 4.840351750249526e-08
40750.056 3.2118367982891584e-08
40800.056 2.1217342161250255e-08
40850.056 5.5326051283815146e-08
40900.056 4.585490319987718e-08
40950.056 4.0264330310574935e-08
41000.056 3.294933883149301e-08
41050.056 5.785623778538369e-08
41100.056 4.7875114024899824e-08
41150.056 2.1822839616137918e-08
41200.056 5.741114837600667e-08
41250.056 4.467458960271383e-08
41300.056 4.5321645826777885e-08
41350.056 5.958100477699451e-08
41400.056 5.088852174860177e-08
41450.056 6.693306645398754e-08
41500.056 4.380141318101652e-08
41550.056 4.0586399144758e-08
41600.056 4.4466076591968934e-08
41650.056 5.673063913870492e-08
41700.056 6.683210948598118e-08
41750.056 5.4235372892890625e-08
41800.056 5.794693862141514e-08
41850.056 5.2475276566589676e-08
41900.056 4.9168816600213776e-08
41950.056 5.007111701030335e-08
42000.056 3.301455726789051e-08
42050.056 3.753902741909001e-08
42100.056 4.521414834080122e-08
42150.056 4.384080800978132e-08
42200.056 4.776947244019828e-08
42250.056 4.1354268757005376e-08
42300.056 3.988582208121908e-08
42350.056 5.888245329900404e-08
42400.056 6.597270155300822e-08
42450.056 6.09990914810182e-08
42500.056 6.031029050999177e-08
42550.056 5.1941734446987225e-08
42600.056 5.754713458033385e-08
42650.056 8.642103400797174e-08
42700.056 4.6008031105521946e-08
42750.056 5.9179216456508784e-08
42800.056 8.25355743580119e-08
42850.056 8.600066633897456e-08
42900.056 9.212074422481785e-08
42950.056 7.132321492798962e-08
43000.056 8.139875747301096e-08
43050.056 4.3558176601506526e-08
43100.056 6.75930196504916e-08
43150.056 5.553131058530752e-08
43200.056 8.40288208710069e-08
43250.056 1.0826983020200589e-07
43300.056 1.0302434125599855e-07
43350.056 5.663185274208385e-08
43400.056 8.103376205570297e-08
43450.056 5.442034694560487e-08
43500.056 5.5074224530813505e-08
43550.056 6.10459722001092e-08
43600.056 9.487774036401223e-08
43650.056 6.093131828400126e-08
43700.056 1.089812733750235e-07
43750.056 9.492210895299585e-08
43800.056 8.666276123309214e-08
43850.056 7.658571868300714e-08
43900.056 6.461044029589124e-08
43950.056 4.2158960523395404e-08
44000.056 4.2357200810497694e-08
44050.056 1.0105449972000141e-07
44100.056 1.3171996479499846e-07
44150.056 1.1810949785479942e-07
44200.056 1.0562695956400055e-07
44250.056 5.948076328619644e-08
44300.056 4.85794660834082e-08
44350.056 5.442264684575313e-08
44400.056 5.019455494609429e-08
44450.056 8.801343794500025e-08
44500.056 8.107392315581495e-08
44550.056 1.1489175212199076e-07
44600.056 9.983934815239931e-08
44650.056 8.752766200730965e-08
44700.056 5.846397290439642e-08
44750.056 9.201572493101972e-08
44800.056 6.333148664740634e-08
44850.056 8.680585102500631e-08
44900.056 7.444449614980343e-08
44950.056 8.840623651000813e-08
45000.056 1.0284171775000422e-07
45050.056 9.250731392298838e-08
45100.056 8.416176116210141e-08
45150.056 7.703878977778597e-08
45200.056 6.01869714124049e-08
45250.056 7.069153627228079e-08
45300.056 6.340472124850982e-08
45350.056 5.3504098230414063e-08
45400.056 1.2984572256701612e-07
45450.056 1.0537294058400993e-07
45500.056 1.2879065061460783e-07
45550.056 1.3397727463996134e-07
45600.056 1.1868732701902189e-07
45650.056 9.600627603050122e-08
45700.056 6.363234714209547e-08
45750.056 5.960645252780317e-08
45800.056 1.3844482800900378e-07
45850.056 1.1120468418869393e-07
45900.056 1.378442201109923e-07
45950.056 1.1647733381799817e-07
46000.056 1.2967336348051342e-07
46050.056 9.545701382940635e-08
46100.056 1.5370062605498673e-07
46150.056 9.06002351860045e-08
46200.056 7.830213975048919e-08
46250.056 3.383086231940576e-08
46300.056 9.291684570000132e-08
46350.056 9.753018790481295e-08
46400.056 8.752975602800191e-08
46450.056 8.048583201319482e-08
46500.056 9.219140377692074e-08
46550.056 5.0037284647703104e-08
46600.056 7.455748262952926e-08
46650.056 1.1556065360200758e-07
46700.056 7.43448408829799e-08
46750.056 3.954524645500685e-08
46800.056 2.6426598174100396e-08
46850.056 1.1129216329601754e-07
46900.056 1.1117545794399648e-07
46950.056 1.0967564641499012e-07
47000.056 1.056868720800173e-07
47050.056 7.726094059358719e-08
47100.056 5.3856858860906994e-08
47150.056 8.506195882781234e-08
47200.056 9.7966520183995e-08
47250.056 5.48745368014931e-08
47300.056 3.6368213226707055e-08
47350.056 1.1372423337100185e-07
47400.056 9.862956811999024e-08
47450.056 8.105787539602895e-08
47500.056 1.1890604125138975e-07
47550.056 1.0193012203700576e-07
47600.056 9.604442557149271e-08
47650.056 9.966808197891555e-08
47700.056 7.688192058390894e-08
47750.056 5.689641925870262e-08
47800.056 4.8146588164006445e-08
47850.056 2.445002260923479e-08
47900.056 3.852012650601651e-08
47950.056 8.549536498500527e-08
48000.056 1.1855250423500761e-07
48050.056 9.846323866920026e-08
48100.056 4.184462684878473e-08
48150.056 7.645301615200219e-08
48200.056 5.232449250933891e-08
48250.056 6.501930204400023e-08
48300.056 1.122212356539883e-07
48350.056 6.622514905069484e-08
48400.056 1.8391767027287135e-08
48450.056 3.84344263590197e-08
48500.056 6.325934309298492e-08
48550.056 6.782978658986626e-08
48600.056 8.629282853699922e-08
48650.056 1.1048657694299165e-07
48700.056 7.318872043651029e-08
48750.056 4.970640946621962e-08
48800.056 9.807644442800264e-08
48850.056 5.269256538469077e-08
48900.056 7.102306300339291e-08
48950.056 3.885037596720069e-08
49000.056 2.0113674808395138e-08
49050.056 6.454093734789089e-08
49100.056 8.289766786611566e-08
49150.056 6.156159513661566e-08
49200.056 9.761058007701782e-08
49250.056 9.832671682200797e-08
49300.056 8.199258996119871e-08
49350.056 3.254668937377814e-08
49400.056 4.9091190020786804e-08
49450.056 4.771953595526274e-08
49500.056 3.699220274829558e-08
49550.056 8.492285528750327e-09
49600.056 2.4103454270894567e-08
49650.056 5.41203550750014e-08
49700.056 5.906354674308026e-08
49750.056 5.976654975829876e-08
49800.056 3.851836994016563e-08
49850.056 8.016511788361391e-08
49900.056 6.5519940444994e-08
49950.056 6.53535981510009e-08
50000.056 4.9697325903746157e-08
50050.056 6.15255455204018e-08
50100.056 4.824443487599724e-08
50150.056 2.307620980339531e-08
50200.056 4.359291010543932e-09
50250.056 2.6853144011998793e-08
50300.056 1.76029861769629e-08
50350.056 5.698395148750867e-08
50400.056 5.9196029002792445e-08
50450.056 4.476556456760296e-08
50500.056 6.985733909190474e-08
50550.056 6.023525935400443e-08
50600.056 4.395716965578779e-08
50650.056 7.321540715301181e-08
50700.056 7.216186137998899e-08
50750.056 4.6024595457804027e-08
50800.056 1.6185201312052937e-08
50850.056 8.957552136294364e-09
50900.056 5.197703030700221e-08
50950.056 4.513488182799697e-08
51000.056 3.7102312159232285e-08
51050.056 5.432943113099251e-08
51100.056 2.0159309006077747e-08
51150.056 2.3492118922655193e-08
51200.056 6.838097160999796e-08
51250.056 4.756083621587176e-08
51300.056 3.221333626341245e-08
51350.056 3.08919004618259e-08
51400.056 1.064169075688174e-08
51450.056 8.374840792491042e-09
51500.056 8.158527571779486e-09
51550.056 3.1502973245685125e-08
51600.056 2.625294506519667e-08
51650.056 3.405181250039703e-08
51700.056 3.624470257843388e-08
51750.056 2.329622932262982e-08
51800.056 4.3365208091993123e-08
51850.056 3.5088884657697545e-08
51900.056 4.4986122942998295e-08
51950.056 2.5551458767097077e-08
52000.056 2.7040878054139426e-09
52050.056 1.3909759407701961e-08
52100.056 8.07958736869875e-09
52150.056 4.628301291835322e-09
52200.056 1.3965553865499796e-08
52250.056 2.181626258190583e-08
52300.056 2.9617341201998246e-08
52350.056 9.920223134502577e-09
52400.056 1.0240353629690195e-08
52450.056 3.6098578529603124e-08
52500.056 2.7594176916502198e-08
52550.056 3.1599539251997636e-08
52600.056 2.3591649022799593e-08
52650.056 2.8348594293702637e-08
52700.056 2.020885850919895e-08
52750.056 7.904000996523897e-09
52800.056 1.461606050980224e-08
52850.056 1.7000049461975117e-08
52900.056 7.565592782577962e-09
52950.056 1.231063977780157e-08
53000.056 2.151159045340411e-08
53050.056 8.276191065847495e-09
53100.056 2.6195594142897576e-08
53150.056 2.781815678480197e-08
53200.056 1.2557427900299378e-08
53250.056 2.5211189318701206e-08
53300.056 3.084930916004421e-08
53350.056 2.343264012240141e-08
53400.056 1.539391290269647e-08
53450.056 5.4622359818780224e-09
53500.056 9.743793844746238e-10
53550.056 2.7267854860520558e-09
53600.056 1.278874262746308e-08
53650.056 1.3625967612316956e-08
53700.056 1.142412910141685e-08
53750.056 1.1097657590727714e-08
53800.056 1.0736352142060497e-08
53850.056 1.908553787249417e-08
53900.056 2.1062918390349855e-08
53950.056 2.014070099732037e-08
54000.056 1.479926487790555e-08
54050.056 2.0740157893297006e-08
54100.056 4.185934044577591e-09
54150.056 5.9688853647015325e-09
54200.056 7.749506069766161e-10
54250.056 2.6352498234203046e-09
54300.056 5.91364027910164e-09
54350.056 1.02565958890093e-08
54400.056 9.533873687266748e-09
54450.056 8.584880165458491e-09
54500.056 1.0791529821162321e-08
54550.056 8.708684739809689e-09
54600.056 6.641691970338783e-09
54650.056 6.131485571834962e-10
54700.056 7.55341695519963e-09
54750.056 7.594578182829134e-09
54800.056 3.935186623805503e-09
54850.056 5.3269256075814716e-09
54900.056 7.613833333846179e-09
54950.056 1.4799333413208327e-08
55000.056 6.298845466459098e-09
55050.056 7.4091727956884816e-09
55100.056 1.0536923547553666e-08
55150.056 5.122525938160478e-09
55200.056 4.455784986781813e-09
55250.056 6.1939946238407695e-09
55300.056 4.947894085009408e-09
55350.056 8.19156937855351e-09
55400.056 6.35787732619576e-09
55450.056 5.802579285698213e-09
55500.056 1.898835783612438e-09
55550.056 1.7984870826196914e-09
55600.056 5.105480919424443e-09
55650.056 3.6496849577485483e-09
55700.056 3.9569627646409215e-09
55750.056 2.4790007218154176e-09
55800.056 9.143762195280848e-10
55850.056 1.3569343439167141e-09
55900.056 4.8769860497321756e-09
55950.056 8.41068572032092e-09
56000.056 3.4525842890378557e-09
56050.056 3.0070962068633484e-09
56100.056 5.432426369838337e-09
56150.056 2.597858621436185e-09
56200.056 2.47464893186417e-09
56250.056 8.082706782118585e-09
56300.056 4.950747046142634e-09
56350.056 1.87508336263615e-09
56400.056 5.835119353486595e-10
56450.056 7.016867978094348e-10
56500.056 3.518296839593857e-09
56550.056 1.0187664470861145e-09
56600.056 3.874082962858418e-09
56650.056 4.5651291320916486e-09
56700.056 3.352837504779544e-09
56750.056 1.2144915561678337e-09
56800.056 1.4230751819868924e-09
56850.056 3.1711411714581096e-09
56900.056 1.2690221129033205e-09
56950.056 4.482875964101333e-09
57000.056 5.916047637415413e-09
57050.056 3.3123914701587716e-09
57100.056 5.672703431769414e-10
57150.056 1.7186580647929287e-09
57200.056 8.288229661120251e-10
57250.056 1.571342090088932e-09
57300.056 2.1551607185376528e-09
57350.056 1.089429373937272e-09
57400.056 4.108562264530803e-09
57450.056 1.3027658588558643e-09
57500.056 1.2680232943543957e-09
57550.056 1.9050418408359196e-09
57600.056 9.508730686592112e-10
57650.056 3.4529249345441737e-10
57700.056 1.0319893084789622e-09
57750.056 2.7005372126532447e-09
57800.056 1.3029356737091014e-09
57850.056 4.832048319862166e-09
57900.056 6.655876847270873e-09
57950.056 6.826599243511263e-09
58000.056 1.6982145421768135e-09
58050.056 3.9262981179389235e-09
58100.056 2.4891115720119655e-09
58150.056 1.875299126933305e-09
58200.056 3.3058401327400474e-10
58250.056 7.526545295094665e-10
58300.056 5.634167336020301e-10
58350.056 1.1147024382068403e-09
58400.056 2.376288137657321e-09
58450.056 4.555512285970206e-09
58500.056 4.733685225149692e-09
58550.056 2.2796985118385252e-09
58600.056 7.447897680836089e-10
58650.056 1.6478007611179219e-09
58700.056 1.2815805952300556e-09
58750.056 2.024437850649793e-09
58800.056 1.1886413939618853e-10
58850.056 8.329536369141268e-10
58900.056 7.38017189143142e-10
58950.056 5.090210491387375e-10
59000.056 1.23304219991212e-09
59050.056 1.6353332408397202e-09
59100.056 9.906660552919757e-10
59150.056 1.3711179622006641e-09
59200.056 2.7447399463400246e-09
59250.056 3.447100057880413e-09
59300.056 2.273575537915397e-09
59350.056 2.660374659379697e-10
59400.056 3.5527652928066506e-10
59450.056 2.64576000138499e-09
59500.056 1.5131927087377175e-09
59550.056 1.9064009152514133e-09
59600.056 3.1098952493097996e-09
59650.056 1.0741610610979724e-09
59700.056 9.261444824713808e-10
59750.056 5.0647618067624426e-09
59800.056 1.7792289331766336e-09
59850.056 1.893121940728738e-09
59900.056 6.125055984639564e-10
59950.056 1.4926833872715068e-09
60000.056 3.892512337248599e-09
60050.056 5.8717429429615635e-09
60100.056 4.200680556209493e-09
60150.056 1.0230612911518274e-09
60200.056 1.9593152822724664e-09
60250.056 5.2217856043843665e-09
60300.056 3.813312500253966e-09
60350.056 2.3863440688892767e-09
60400.056 2.425087580981419e-09
60450.056 3.5008838383487565e-10
60500.056 1.1604164790305318e-10
60550.056 1.3251863727657704e-09
60600.056 2.297579853515957e-09
60650.056 1.6528401414828266e-09
60700.056 8.703079317299019e-10
60750.056 3.6327306181117286e-10
60800.056 2.1211701664881796e-09
60850.056 3.928780532115184e-09
60900.056 2.5727018973274524e-09
60950.056 1.625239443908069e-09
61000.056 4.064223294536335e-09
61050.056 1.182040923427485e-09
61100.056 9.928602665301767e-10
61150.056 2.801247744665709e-10
61200.056 2.385884505130578e-09
61250.056 2.042599971665239e-09
61300.056 1.3194675288636025e-09
61350.056 3.296991138250056e-09
61400.056 8.318282504182331e-10
61450.056 4.954362131039879e-10
61500.056 3.789285414623843e-10
61550.056 1.0186992158947643e-09
61600.056 4.096063192677615e-10
61650.056 6.082219509100866e-10
61700.056 1.6737522773969077e-09
61750.056 1.370082833143264e-09
61800.056 1.3840439641276023e-09
61850.056 2.617859697487639e-10
61900.056 2.766221766010925e-09
61950.056 2.111758933149012e-09
62000.056 1.5063366302036714e-09
62050.056 5.5210598437413616e-09
62100.056 1.3717177467183615e-09
62150.056 3.6063539828586014e-09
62200.056 2.9713077658356084e-09
62250.056 2.6765842736883922e-09
62300.056 5.908973139249346e-09
62350.056 6.252641155241659e-09
62400.056 4.21111175234161e-09
62450.056 3.5299288573317415e-09
62500.056 5.965704231516665e-09
62550.056 1.0281430506597566e-08
62600.056 3.337302421826572e-09
62650.056 3.5118922669853737e-09
62700.056 2.184856931112388e-09
62750.056 6.264452920375827e-09
62800.056 4.611976867148592e-09
62850.056 3.3379851176713796e-09
62900.056 6.8566072701372996e-09
62950.056 9.849949445101683e-09
63000.056 2.707337834445008e-09
63050.056 1.371717593804384e-08
63100.056 1.722428832373785e-08
63150.056 1.0602017136740016e-08
63200.056 6.957997701009887e-09
63250.056 8.22621726172987e-09
63300.056 2.264643601894553e-09
63350.056 4.014920809801259e-09
63400.056 1.3479889544594745e-09
63450.056 4.704324758179291e-10
63500.056 4.961411873361513e-09
63550.056 7.399263514997215e-09
63600.056 3.248894708745143e-09
63650.056 4.019065831800507e-09
63700.056 8.091100329836747e-10
63750.056 2.307963568956518e-09
63800.056 6.438057196267011e-09
63850.056 4.558732956763021e-09
63900.056 1.3264536524633058e-09
63950.056 2.094956623158676e-09
64000.056 4.329180262440554e-09
64050.056 8.540944308624258e-10
64100.056 3.41541066185306e-10
64150.056 4.5645925281360467e-10
64200.056 4.3573778785063385e-10
64250.056 2.74806103381416e-09
64300.056 2.0261227371021715e-09
64350.056 1.0723140359228549e-09
64400.056 3.6873926250984234e-09
64450.056 3.246178285480552e-09
64500.056 1.9278161095302473e-09
64550.056 3.815356194050301e-09
64600.056 2.2487004548122614e-09
64650.056 3.754905032832833e-09
64700.056 8.155177776478945e-10
64750.056 1.517931559734675e-09
64800.056 6.78520627653125e-10
64850.056 4.887676166810345e-10
64900.056 4.446658934967005e-10
64950.056 3.448445986159285e-10
65000.056 5.690878542964248e-10
65050.056 2.3891100860573185e-09
65100.056 1.6417053629434787e-09
65150.056 1.8435947539657182e-09
65200.056 4.508258889129501e-10
65250.056 1.2125440170410057e-09
65300.056 2.1522983242513668e-09
65350.056 4.646097001652959e-09
65400.056 1.6992238090120883e-09
65450.056 2.0088288002014917e-09
65500.056 2.785513982650042e-09
65550.056 1.0032261722261494e-09
65600.056 3.0690061347405976e-09
65650.056 1.5329244557685749e-09
65700.056 1.179416221040312e-09
65750.056 7.893732207786259e-10
65800.056 1.873738779650221e-09
65850.056 4.250577659458754e-09
65900.056 6.570041294297748e-10
65950.056 1.04849492809518e-09
66000.056 1.2638322192993666e-09
66050.056 3.4816077907029383e-09
66100.056 2.1744373399228616e-09
66150.056 1.998593257149163e-09
66200.056 2.4642414084897742e-09
66250.056 1.1293302177399397e-09
66300.056 8.340774991723802e-10
66350.056 3.625876488720605e-10
66400.056 6.562933300699383e-10
66450.056 2.5497076197308015e-09
66500.056 4.618930019892674e-09
66550.056 4.254304267029207e-09
66600.056 3.5417600663605357e-09
66650.056 1.68098209393227e-09
66700.056 1.3885057779188134e-09
66750.056 2.9115569112854874e-09
66800.056 1.6007834920698002e-09
66850.056 1.1933976134336792e-09
66900.056 5.385297157514496e-09
66950.056 4.410193822801539e-09
67000.056 7.818378024704074e-09
67050.056 2.576142521919971e-09
67100.056 1.7049543962202968e-09
67150.056 2.2144074671890795e-09
67200.056 3.98658614659898e-09
67250.056 3.4495804404012842e-09
67300.056 6.759689686540302e-09
67350.056 2.5334988197169976e-09
67400.056 6.1834132497848065e-09
67450.056 4.01557504312189e-09
67500.056 2.2210248451201544e-09
67550.056 8.4490990437563e-09
67600.056 1.4324766313598326e-08
67650.056 9.210724174607799e-09
67700.056 5.195691875563561e-09
67750.056 2.7742418803209244e-09
67800.056 3.414539069221173e-09
67850.056 1.691908677150015e-09
67900.056 1.8344018067101627e-09
67950.056 1.974313046507908e-09
68000.056 6.250964586559192e-09
68050.056 3.2993303334826434e-09
68100.056 6.115587982202389e-09
68150.056 6.588823584597201e-09
68200.056 4.545011663480278e-09
68250.056 1.2211226499514795e-09
68300.056 6.386146377900504e-09
68350.056 7.501404922078286e-09
68400.056 9.364907578799358e-09
68450.056 1.049123961430356e-08
68500.056 4.8635648191764446e-09
68550.056 1.352640564100182e-09
68600.056 1.5178268648701266e-09
68650.056 7.910328100324118e-10
68700.056 2.2888222745010433e-09
68750.056 4.351109149000727e-09
68800.056 4.023883408647419e-09
68850.056 2.8974342363980774e-09
68900.056 1.2187418525159282e-08
68950.056 1.1490209124092624e-08
69000.056 4.879263084524582e-09
69050.056 2.322202818129789e-09
69100.056 1.0778512854700602e-08
69150.056 1.5635078805246717e-08
69200.056 1.1866270141480954e-08
69250.056 1.346465078209822e-08
69300.056 1.292404523590172e-08
69350.056 1.4203551083399273e-08
69400.056 5.678066755892662e-09
69450.056 1.1248962307695744e-08
69500.056 7.563458800119108e-09
69550.056 4.639562351640168e-09
69600.056 8.863478898602168e-10
69650.056 4.586437223491972e-09
69700.056 9.70466185959918e-09
69750.056 5.081549593240463e-09
69800.056 1.1037336737100805e-08
69850.056 1.1132406606304502e-08
69900.056 7.133005096480179e-09
69950.056 6.707365261681404e-09
70000.056 6.72497436435822e-09
70050.056 1.6235560145409113e-08
70100.056 9.168438430081342e-09
70150.056 7.891674000999172e-09
70200.056 5.0804122741380755e-09
70250.056 5.828599671761184e-09
70300.056 1.0917992590529923e-08
70350.056 1.1817243964898645e-08
70400.056 4.22890117639826e-09
70450.056 7.673519702973284e-10
70500.056 4.480979239180739e-09
70550.056 3.5270210701898955e-09
70600.056 4.67503083623056e-09
70650.056 7.080550770998831e-09
70700.056 9.982385733105196e-09
70750.056 1.879587695440893e-08
70800.056 7.379331545605852e-09
70850.056 7.2772730752586596e-09
70900.056 1.3680688729098844e-08
70950.056 1.3893860792105104e-08
71000.056 1.1224875602598523e-08
71050.056 1.3893503370120414e-08
71100.056 8.738321950999814e-09
71150.056 5.455570992777365e-09
71200.056 5.804703179700052e-09
71250.056 1.294843623300417e-08
71300.056 1.5751765785601895e-08
71350.056 1.676866626479993e-08
71400.056 1.2047477944995564e-08
71450.056 3.3106555876784107e-09
71500.056 5.1905991688985785e-09
71550.056 5.006709688220706e-09
71600.056 7.34762787919963e-09
71650.056 3.6116287420019707e-09
71700.056 2.3968482306220512e-09
71750.056 7.408305330304022e-09
71800.056 1.2792400085821284e-08
71850.056 1.1300509253899794e-08
71900.056 7.524659199337018e-09
71950.056 1.0681568433735291e-08
72000.056 8.662446287962686e-09
72050.056 3.2802764854588045e-09
72100.056 4.3570669881799385e-09
72150.056 9.412345850167554e-09
72200.056 8.063282240441098e-09
72250.056 1.853971029000388e-08
72300.056 6.500730824441535e-09
72350.056 1.0866226705516463e-08
72400.056 8.775522916001388e-09
72450.056 8.028360884033965e-09
72500.056 1.0827795818401407e-08
72550.056 2.6241168051691936e-09
72600.056 6.371531867691192e-09
72650.056 1.125100405520636e-08
72700.056 4.453725541969299e-09
72750.056 6.340038286799646e-09
72800.056 2.8617874487956522e-09
72850.056 4.141746841032029e-09
72900.056 1.2955855841602643e-08
72950.056 6.530219278151553e-09
73000.056 6.173388441218971e-09
73050.056 2.5986920002413242e-09
73100.056 4.405976914665153e-09
73150.056 1.333316127239703e-08
73200.056 3.4835197547269702e-09
73250.056 5.250936856629607e-09
73300.056 2.3444998741487917e-09
73350.056 1.8299084454492794e-09
73400.056 5.490277216250343e-09
73450.056 2.6845502140305005e-09
73500.056 2.1367434257402626e-09
73550.056 4.459554826511016e-09
73600.056 5.015420149697207e-09
73650.056 4.335993148350006e-09
73700.056 2.6887387253464865e-09
73750.056 1.1333829017668344e-09
73800.056 3.32734689835356e-09
73850.056 4.9858356224971095e-09
73900.056 1.9234578289283e-09
73950.056 3.2499098113121833e-09
74000.056 8.320753551275918e-10
74050.056 6.053628852693199e-09
74100.056 5.48707847574864e-09
74150.056 5.077596968868967e-09
74200.056 1.246059845586439e-09
74250.056 3.563174997334718e-10
74300.056 4.259494425560292e-09
74350.056 6.731292882772265e-09
74400.056 4.733003717969958e-09
74450.056 1.5818274545398579e-09
74500.056 6.714462919350152e-10
74550.056 2.141440503153295e-09
74600.056 2.2210717122909516e-09
74650.056 2.76010408790088e-09
74700.056 2.6795409119212065e-09
74750.056 7.859874555860521e-10
74800.056 1.2601556556716854e-09
74850.056 5.772592334102658e-09
74900.056 7.264703817195653e-09
74950.056 4.798556961778448e-09
75000.056 2.5825111294093896e-09
75050.056 2.2760104842326243e-10
75100.056 4.227414636849773e-09
75150.056 8.36105878610293e-09
75200.056 7.000685285899146e-09
75250.056 5.177045939606643e-09
75300.056 3.3720967392900904e-09
75350.056 5.934073005227063e-10
75400.056 7.60444391880182e-09
75450.056 9.804497897802564e-09
75500.056 6.664280975358479e-09
75550.056 4.281789385133057e-09
75600.056 6.067145158299581e-09
75650.056 3.3878806399804356e-09
75700.056 1.0272162058598679e-08
75750.056 6.598980114235908e-09
75800.056 7.027506101720175e-09
75850.056 8.761998326875613e-09
75900.056 8.92349402715712e-09
75950.056 3.5073940050466896e-09
76000.056 1.1255240543584922e-08
76050.056 1.0153444094095467e-08
76100.056 9.3013215981394e-09
76150.056 9.260562716897166e-09
76200.056 7.604908979803348e-09
76250.056 2.9128382588291595e-09
76300.056 1.2687838790600293e-08
76350.056 1.7133568727004184e-08
76400.056 1.008612213130307e-08
76450.056 8.261701978802128e-09
76500.056 5.554669588899431e-09
76550.056 1.179235163633423e-09
76600.056 1.934166783339161e-10
76650.056 2.9313189161577143e-10
76700.056 3.5133904808893253e-10
76750.056 4.3913386000227283e-10
76800.056 1.0066777358882516e-09
76850.056 1.0385965318504003e-09
76900.056 1.9287310364700447e-09
76950.056 1.1287810828423114e-09
77000.056 3.494280384358578e-09
77050.056 7.931635229578758e-10
77100.056 1.6496878560407923e-09
77150.056 3.5490971718759663e-09
77200.056 1.2646528889549146e-09
77250.056 1.1592534706136262e-09
77300.056 4.0325353894186986e-09
77350.056 1.977108715960396e-09
77400.056 3.593067302431836e-09
77450.056 6.806128862755992e-09
77500.056 5.000135799399572e-09
77550.056 2.7774552365510236e-09
77600.056 9.7565219971573e-10
77650.056 1.6491128623630069e-09
77700.056 4.769764939996481e-09
77750.056 4.883447637243676e-09
77800.056 8.151124334842114e-09
77850.056 1.1045817863096875e-08
77900.056 2.9198927125702903e-09
77950.056 8.475697755860947e-10
78000.056 3.5489559100392227e-09
78050.056 2.714485661526542e-09
78100.056 4.928953094351239e-09
78150.056 7.568743952994477e-09
78200.056 1.1991734123498794e-08
78250.056 6.93259112630062e-09
78300.056 1.4906546724195545e-09
78350.056 4.646208838683484e-09
78400.056 2.332984149256709e-09
78450.056 4.549024646277606e-09
78500.056 1.1010625346529432e-08
78550.056 1.2068474704998687e-08
78600.056 8.595594958799197e-09
78650.056 1.5989807988533693e-09
78700.056 2.11030198005639e-09
78750.056 4.8438147143800245e-09
78800.056 2.5179269880985176e-09
78850.056 1.4419706699185986e-09
78900.056 4.376118746122015e-09
78950.056 7.65576592500092e-09
79000.056 4.810151742533897e-09
79050.056 4.1632725480855854e-09
79100.056 5.8258276933011796e-09
79150.056 3.275769786407561e-09
79200.056 4.700562822899645e-09
79250.056 2.042131077758053e-09
79300.056 3.3853211550403845e-09
79350.056 4.391047132730146e-09
79400.056 1.7449857222552399e-09
79450.056 7.027469951213185e-09
79500.056 1.3452542289198728e-08
79550.056 1.0459515868903116e-08
79600.056 4.598822201428942e-09
79650.056 1.0588412131098045e-08
79700.056 4.601923431509551e-09
79750.056 4.842229570490134e-09
79800.056 3.694564160635598e-09
79850.056 8.58646577438261e-09
79900.056 1.5059666283940588e-08
79950.056 2.0147110707301942e-08
