# %ECSV 1.0
# ---
# datatype:
# - {name: wav, unit: Angstrom, datatype: float64}
# - {name: flux_nu, unit: erg / (cm2 Hz s), datatype: float64}
# meta: {C/O: '1.00', Kzz: '1.0000E+05', Teff: '1700.', Y: '0.28', '[Fe/H]': '0.00', f_hole: '1.00', f_rain: '0.00', grav: '32.'}
# schema: astropy-2.0
wav flux_nu
4000.0559999999996 nan
4050.0559999999996 7.064072796915265e-10
4100.056 1.0061524507089776e-09
4150.056 7.553680035781869e-10
4200.056 5.440577521026189e-10
4250.056 5.157583946923264e-10
4300.056 3.640771320031189e-10
4350.056 4.157628701860003e-10
4400.056 4.588072992551212e-10
4450.056 3.2089853234001016e-10
4500.056 3.5375793637702083e-10
4550.056 4.576233062798873e-10
4600.056 4.3181330124400674e-10
4650.056 3.819157756889773e-10
4700.056 4.6307450323811004e-10
4750.056 5.576957746139162e-10
4800.056 4.083474507710263e-10
4850.056 4.945537063920429e-10
4900.056 7.662105733899847e-10
4950.056 8.7872253672005e-10
5000.056 4.754842975349497e-10
5050.056 4.663145051120571e-10
5100.056 6.35845180243118e-10
5150.056 6.362524506492304e-10
5200.056 5.104697883959937e-10
5250.056 5.673884553010492e-10
5300.056 6.175380053700096e-10
5350.056 6.314499923700762e-10
5400.056 6.610891213300033e-10
5450.056 5.212072085999751e-10
5500.056 3.679897957799783e-10
5550.056 3.588223189999647e-10
5600.056 2.98916467620007e-10
5650.056 2.2359577888999558e-10
5700.056 1.5140718392999894e-10
5750.056 7.587461787299751e-11
5800.056 3.1130721917999295e-11
5850.056 7.68741282647979e-12
5900.056 6.88456590533533e-13
5950.056 2.1188555888000572e-11
6000.056 1.1523391908800223e-10
6050.056 3.75978410430007e-10
6100.056 7.625075496300488e-10
6150.056 1.291695301889962e-09
6200.056 1.756343142590019e-09
6250.056 2.5176257862000884e-09
6300.056 3.722734118400085e-09
6350.056 5.044893042000087e-09
6400.056 6.587677258299981e-09
6450.056 8.634536194499123e-09
6500.056 9.119798082798971e-09
6550.056 1.088142586939846e-08
6600.056 1.1368099103300583e-08
6650.056 1.1406127829500999e-08
6700.056 8.1860075114256e-09
6750.056 1.3055799803800718e-08
6800.056 1.5382019487500384e-08
6850.056 1.8461702858999767e-08
6900.056 1.9913142762000332e-08
6950.056 2.1084065952598498e-08
7000.056 2.420583741679794e-08
7050.056 2.380335634020095e-08
7100.056 1.911983517119906e-08
7150.056 1.8592919865200597e-08
7200.056 2.3675261291999745e-08
7250.056 3.084050123900182e-08
7300.056 4.0952706782004496e-08
7350.056 4.416341495600245e-08
7400.056 3.814687550900217e-08
7450.056 3.179670969299311e-08
7500.056 3.093197620899874e-08
7550.056 3.124671600400073e-08
7600.056 2.2154246077998956e-08
7650.056 3.1649032374482885e-09
7700.056 8.489643264401429e-10
7750.056 1.4971592996000445e-08
7800.056 3.0536104558618754e-08
7850.056 4.7052988628000505e-08
7900.056 4.998858122900886e-08
7950.056 4.56951339545271e-08
8000.056 5.8319943349996906e-08
8050.056 8.489576293999041e-08
8100.056 1.2880874787901676e-07
8150.056 1.9066634964601503e-07
8200.056 1.7242752718358583e-07
8250.056 2.0196401244900289e-07
8300.056 1.8816334869803832e-07
8350.056 2.0803841748602865e-07
8400.056 2.1980989590600963e-07
8450.056 1.620006967099759e-07
8500.056 1.5158025279893005e-07
8550.056 1.759980986300143e-07
8600.056 1.8788810128094044e-07
8650.056 1.9818854613495127e-07
8700.056 2.0328577082306408e-07
8750.056 2.454625098700137e-07
8800.056 3.372781135930575e-07
8850.056 3.571056900510051e-07
8900.056 2.8795061823899093e-07
8950.056 3.005605151497476e-07
9000.056 3.8756351213004475e-07
9050.056 4.141663517839436e-07
9100.056 5.19360085097014e-07
9150.056 5.947006830660162e-07
9200.056 5.822568325600106e-07
9250.056 4.002389400558487e-07
9300.056 3.08513842057434e-07
9350.056 3.4663855229872277e-07
9400.056 3.9371881355490096e-07
9450.056 4.487486786397737e-07
9500.056 5.119840791651536e-07
9550.056 5.827262792040392e-07
9600.056 5.777015145464652e-07
9650.056 6.630871597180873e-07
9700.056 7.232821780762121e-07
9750.056 5.847723598900789e-07
9800.056 6.568342962363644e-07
9850.056 6.756005807199152e-07
9900.056 6.203680729999949e-07
9950.056 5.793742350219825e-07
10000.056 5.796395158499093e-07
10050.056 6.065189221689993e-07
10100.056 7.591645959101586e-07
10150.056 7.594798893198159e-07
10200.056 8.366666659499422e-07
10250.056 8.355551022397423e-07
10300.056 8.403113473998569e-07
10350.056 9.705682224498706e-07
10400.056 1.0698719823799217e-06
10450.056 1.1344025943502168e-06
10500.056 1.0432890427699314e-06
10550.056 1.0402727537603302e-06
10600.056 1.1357145439302678e-06
10650.056 1.2359373704700077e-06
10700.056 1.358697961060109e-06
10750.056 1.5308175424201054e-06
10800.056 1.6711597097999312e-06
10850.056 1.8491386114597608e-06
10900.056 1.745930834049821e-06
10950.056 1.5301841112057456e-06
11000.056 1.4783395852610033e-06
11050.056 1.0979206649462088e-06
11100.056 1.1750717811158862e-06
11150.056 1.2059408729380373e-06
11200.056 1.2251579348987306e-06
11250.056 1.411949283327971e-06
11300.056 1.4053852080932503e-06
11350.056 1.223371769939614e-06
11400.056 1.1057627438893227e-06
11450.056 1.351225504398867e-06
11500.056 1.5407695604366476e-06
11550.056 1.4521751249218823e-06
11600.056 1.5484115960176507e-06
11650.056 1.6073040030264887e-06
11700.056 1.2996659436900039e-06
11750.056 1.2988394144241617e-06
11800.056 1.3131530689446797e-06
11850.056 1.6352742006181823e-06
11900.056 1.6795995832075735e-06
11950.056 1.7668484482578027e-06
12000.056 1.6624085516940776e-06
12050.056 1.9026808727893344e-06
12100.056 1.9132698395898423e-06
12150.056 2.1489457519798e-06
12200.056 2.2280679526595012e-06
12250.056 2.415563591759509e-06
12300.056 2.5403972641804545e-06
12350.056 2.594094395310298e-06
12400.056 2.386021441659793e-06
12450.056 2.0629035266100798e-06
12500.056 2.254351573179624e-06
12550.056 2.2958573291750436e-06
12600.056 2.502276738570082e-06
12650.056 2.6281248774097024e-06
12700.056 2.8263498252900556e-06
12750.056 2.802119850400181e-06
12800.056 3.0188932979099037e-06
12850.056 2.9177005587602482e-06
12900.056 2.7990817828396098e-06
12950.056 2.9310312327045033e-06
13000.056 2.9785973878992027e-06
13050.056 3.029981768678725e-06
13100.056 3.0023957067315596e-06
13150.056 2.961409242473685e-06
13200.056 2.8125803333017806e-06
13250.056 2.5759720614883375e-06
13300.056 2.076637347749332e-06
13350.056 1.1963834883769124e-06
13400.056 1.0435858949523184e-06
13450.056 8.692210223039225e-07
13500.056 8.416701611254743e-07
13550.056 7.714297517581538e-07
13600.056 6.674201118041944e-07
13650.056 7.742661215601683e-07
13700.056 6.614439092381837e-07
13750.056 6.49194555579064e-07
13800.056 7.736583965879651e-07
13850.056 7.6230335600162e-07
13900.056 7.644472066061936e-07
13950.056 7.212417796410265e-07
14000.056 6.701602127117129e-07
14050.056 6.714489226914089e-07
14100.056 5.899803068544538e-07
14150.056 5.992138497146827e-07
14200.056 5.553353096526104e-07
14250.056 5.449257462177096e-07
14300.056 5.717896095069916e-07
14350.056 5.594751924157619e-07
14400.056 6.218963417176078e-07
14450.056 6.48214002381402e-07
14500.056 7.575716626188512e-07
14550.056 7.824183785878004e-07
14600.056 8.223063317063953e-07
14650.056 8.156821237568328e-07
14700.056 7.446481579100624e-07
14750.056 8.08525994619256e-07
14800.056 8.634669928304498e-07
14850.056 9.379552837882283e-07
14900.056 9.561287747930535e-07
14950.056 9.616106973071453e-07
15000.056 1.004664086727354e-06
15050.056 1.1173916201765932e-06
15100.056 1.1389127062341902e-06
15150.056 1.2251669929781251e-06
15200.056 1.2598155913418927e-06
15250.056 1.2782978242898348e-06
15300.056 1.3801636705448718e-06
15350.056 1.425493086686009e-06
15400.056 1.508385121466079e-06
15450.056 1.605901926672197e-06
15500.056 1.6453077866396014e-06
15550.056 1.768270966599912e-06
15600.056 1.7401630998802347e-06
15650.056 1.8605176141101187e-06
15700.056 2.0407423172709035e-06
15750.056 2.149310516979844e-06
15800.056 2.155786720240714e-06
15850.056 2.1512804291300023e-06
15900.056 2.208952356100384e-06
15950.056 2.3008933494898288e-06
16000.056 2.362295070719855e-06
16050.056 2.4535718952501283e-06
16100.056 2.5625607938702817e-06
16150.056 2.537450882270284e-06
16200.056 2.6496980260396886e-06
16250.056 2.6810218566799416e-06
16300.056 2.6989283441500138e-06
16350.056 2.8637517216398518e-06
16400.056 2.8527034994605105e-06
16450.056 2.919519761530107e-06
16500.056 3.0543847902105216e-06
16550.056 3.1865921748099912e-06
16600.056 3.02875274989065e-06
16650.056 3.3130659619200774e-06
16700.056 3.2004413533494746e-06
16750.056 3.2806708512195014e-06
16800.056 3.4294938861100563e-06
16850.056 3.4061480318999638e-06
16900.056 3.316819596380197e-06
16950.056 3.306643258459615e-06
17000.056 3.284196974160375e-06
17050.056 3.223819093550054e-06
17100.056 3.0086203511508275e-06
17150.056 2.9283660409017566e-06
17200.056 2.652599301399805e-06
17250.056 2.484528379116812e-06
17300.056 2.5226492100714856e-06
17350.056 2.3681011531411835e-06
17400.056 2.4646937429560912e-06
17450.056 2.256235905507672e-06
17500.056 2.1354661696790567e-06
17550.056 2.144771379802093e-06
17600.056 2.024888765710971e-06
17650.056 2.0414840539525812e-06
17700.056 1.7291316327937673e-06
17750.056 1.6227334329381092e-06
17800.056 1.6597540249054112e-06
17850.056 1.4799118465882265e-06
17900.056 1.4932570396829032e-06
17950.056 1.4488667437606478e-06
18000.056 1.3004169313141033e-06
18050.056 1.2958732029110751e-06
18100.056 1.2351446735983733e-06
18150.056 1.4296452254032593e-06
18200.056 1.1118820904593366e-06
18250.056 1.3798638944233092e-06
18300.056 1.3129921723185718e-06
18350.056 1.1836835555242392e-06
18400.056 1.1790915790816035e-06
18450.056 1.0691427833496496e-06
18500.056 1.1115158877754155e-06
18550.056 1.0263067719083085e-06
18600.056 8.595042186069072e-07
18650.056 9.973827858751819e-07
18700.056 1.0775751938108172e-06
18750.056 1.0292141369941667e-06
18800.056 1.092163796320431e-06
18850.056 1.2670653478638521e-06
18900.056 1.2283999770212889e-06
18950.056 1.245502383364978e-06
19000.056 1.329873248761768e-06
19050.056 1.2742935857519886e-06
19100.056 1.3367534896094379e-06
19150.056 1.3919448648510494e-06
19200.056 1.3677078904336854e-06
19250.056 1.2962999919376194e-06
19300.056 1.3607471638642519e-06
19350.056 1.3178136439601588e-06
19400.056 1.1561428327704753e-06
19450.056 1.3660298745012166e-06
19500.056 1.3356567882516797e-06
19550.056 1.1180637118976323e-06
19600.056 1.3407734392679356e-06
19650.056 1.3250017767508457e-06
19700.056 1.3369867116741898e-06
19750.056 1.250963558921317e-06
19800.056 1.3086641630786974e-06
19850.056 1.3479874783000262e-06
19900.056 1.18048119953428e-06
19950.056 1.4253788923791028e-06
20000.056 1.250654058128248e-06
20050.056 1.3465537386258829e-06
20100.056 1.4459669362799746e-06
20150.056 1.4085396024659679e-06
20200.056 1.4645558891874277e-06
20250.056 1.5626598722500378e-06
20300.056 1.5629932282920054e-06
20350.056 1.6202771095767708e-06
20400.056 1.6051033908211715e-06
20450.056 1.7620561348397956e-06
20500.056 1.736682985090263e-06
20550.056 1.7828369665901382e-06
20600.056 1.9346741531105023e-06
20650.056 1.8947820814906978e-06
20700.056 1.9815634384302063e-06
20750.056 2.049957144329562e-06
20800.056 2.1388332459702457e-06
20850.056 2.1355276364698073e-06
20900.056 2.244263806149642e-06
20950.056 2.289739607609974e-06
21000.056 2.4315647625998874e-06
21050.056 2.4291314540400754e-06
21100.056 2.4843308019199484e-06
21150.056 2.6489718233501553e-06
21200.056 2.611697973840268e-06
21250.056 2.769199296649734e-06
21300.056 2.675493083689859e-06
21350.056 2.9088225570300663e-06
21400.056 2.7801964908504294e-06
21450.056 3.084970707820004e-06
21500.056 2.9171505678502688e-06
21550.056 2.994283325089814e-06
21600.056 3.097461450280434e-06
21650.056 3.050431063120401e-06
21700.056 3.248514615209867e-06
21750.056 3.145886173699904e-06
21800.056 3.1369111750497305e-06
21850.056 3.157256889269778e-06
21900.056 3.2574285647104453e-06
21950.056 3.1725360797903065e-06
22000.056 3.26948615259002e-06
22050.056 3.1074490889493603e-06
22100.056 3.270303389759967e-06
22150.056 3.2795631781503e-06
22200.056 3.1540814155409716e-06
22250.056 3.325983459050334e-06
22300.056 3.292010425989678e-06
22350.056 3.186321529830314e-06
22400.056 3.3535579870702577e-06
22450.056 3.28394960018949e-06
22500.056 3.3503919825397587e-06
22550.056 3.253745212609192e-06
22600.056 3.287768624679967e-06
22650.056 3.237628128610961e-06
22700.056 3.223532117030915e-06
22750.056 3.3522410281798433e-06
22800.056 3.175586667430056e-06
22850.056 3.22055311401052e-06
22900.056 3.3346975724198333e-06
22950.056 2.29109440270035e-06
23000.056 2.6037184253342337e-06
23050.056 2.7335403457415175e-06
23100.056 2.5876486375266734e-06
23150.056 2.700367535275641e-06
23200.056 2.6524907997641086e-06
23250.056 2.1572467102734143e-06
23300.056 2.335280860123195e-06
23350.056 2.4156463356901034e-06
23400.056 2.2948304517541046e-06
23450.056 2.416892142501832e-06
23500.056 2.3375937889104857e-06
23550.056 2.090788259535669e-06
23600.056 2.117105014415509e-06
23650.056 2.28010149534981e-06
23700.056 2.220557403948387e-06
23750.056 2.1860479993003952e-06
23800.056 2.1567781496733083e-06
23850.056 1.839561568084249e-06
23900.056 2.0837704100186554e-06
23950.056 2.153523099430844e-06
24000.056 2.003584551503509e-06
24050.056 2.0197117838630723e-06
24100.056 1.7985362692025063e-06
24150.056 1.7670108842025913e-06
24200.056 1.79405899718517e-06
24250.056 1.7195315044573886e-06
24300.056 1.6593042425300384e-06
24350.056 1.5296505991122274e-06
24400.056 1.711518230965687e-06
24450.056 1.4922878995967357e-06
24500.056 1.374086240340788e-06
24550.056 1.3562481575110327e-06
24600.056 1.41001295155728e-06
24650.056 1.527978750401881e-06
24700.056 1.2464517709939055e-06
24750.056 1.1804711299025887e-06
24800.056 1.131198129542373e-06
24850.056 1.3545701015168938e-06
24900.056 9.946338477097522e-07
24950.056 1.2795025924377276e-06
25000.056 1.1208542438630127e-06
25050.056 8.668337100622544e-07
25100.056 1.0665408834570586e-06
25150.056 8.81895941453022e-07
25200.056 9.599468826876833e-07
25250.056 8.936045912297907e-07
25300.056 9.985437957210495e-07
25350.056 7.875595161420357e-07
25400.056 9.191986280473983e-07
25450.056 7.895425550119927e-07
25500.056 8.512735777593153e-07
25550.056 7.930914335581776e-07
25600.056 8.179648316591082e-07
25650.056 7.19937649430963e-07
25700.056 9.505125298755865e-07
25750.056 6.552946113291055e-07
25800.056 9.126261943412418e-07
25850.056 7.647548626307999e-07
25900.056 8.89277881493117e-07
25950.056 7.437015027818885e-07
26000.056 9.089298073403074e-07
26050.056 9.509113861760906e-07
26100.056 9.490822116469547e-07
26150.056 9.439270796786646e-07
26200.056 8.976384625610051e-07
26250.056 9.235296305862995e-07
26300.056 9.296997108951129e-07
26350.056 9.484974103588935e-07
26400.056 9.898691824355582e-07
26450.056 9.864088582451675e-07
26500.056 1.031298837726485e-06
26550.056 9.624808822936307e-07
26600.056 1.1651813855876302e-06
26650.056 8.626609587278636e-07
26700.056 8.745991947000602e-07
26750.056 7.544297929476472e-07
26800.056 8.891084057846235e-07
26850.056 6.901379516859959e-07
26900.056 9.429325279451384e-07
26950.056 6.363184310759615e-07
27000.056 9.023102539243118e-07
27050.056 7.415792464230413e-07
27100.056 7.516365050988284e-07
27150.056 8.259111743959634e-07
27200.056 7.988482161563497e-07
27250.056 7.535377402314178e-07
27300.056 8.990616240619278e-07
27350.056 8.67826380243672e-07
27400.056 6.984984644479617e-07
27450.056 9.813879937034994e-07
27500.056 8.932723297528541e-07
27550.056 8.241407711579711e-07
27600.056 1.0059001244007607e-06
27650.056 7.373921449788546e-07
27700.056 7.151901434721426e-07
27750.056 9.914955470964186e-07
27800.056 6.829585606258526e-07
27850.056 7.861996224693838e-07
27900.056 8.203990615441638e-07
27950.056 9.542786226619243e-07
28000.056 9.116221029683557e-07
28050.056 6.640354461172211e-07
28100.056 1.016074571205407e-06
28150.056 7.95775361818035e-07
28200.056 6.652266859560771e-07
28250.056 8.851395522820925e-07
28300.056 1.0366809700120945e-06
28350.056 7.816340669886596e-07
28400.056 8.264022779139396e-07
28450.056 8.655953484687275e-07
28500.056 8.806537282577744e-07
28550.056 6.179951778037349e-07
28600.056 1.0287506715329069e-06
28650.056 9.465287390518384e-07
28700.056 8.487345598047303e-07
28750.056 9.757580999000106e-07
28800.056 8.990423193032525e-07
28850.056 9.7854446185915e-07
28900.056 7.495739225750543e-07
28950.056 1.0917113145719364e-06
29000.056 8.785113264967236e-07
29050.056 9.056948053317991e-07
29100.056 7.486747101690815e-07
29150.056 9.815877888102556e-07
29200.056 8.645069251673063e-07
29250.056 1.0143441263700534e-06
29300.056 8.12246731516511e-07
29350.056 1.1650267696097287e-06
29400.056 9.067770831238049e-07
29450.056 9.482571986889618e-07
29500.056 9.965141181048871e-07
29550.056 9.502080866400629e-07
29600.056 1.0251008458598517e-06
29650.056 9.981108807499163e-07
29700.056 8.592694495998147e-07
29750.056 1.1244871532806896e-06
29800.056 1.114756686649952e-06
29850.056 1.082094266579867e-06
29900.056 9.69155692590263e-07
29950.056 1.1507206112898178e-06
30000.056 1.1431156384297471e-06
30050.056 1.064363419429862e-06
30100.056 8.721570749197381e-07
30150.056 1.3549740479698757e-06
30200.056 1.1661934275101173e-06
30250.056 1.1789952060204216e-06
30300.056 1.1812446728098343e-06
30350.056 1.0680851609701553e-06
30400.056 1.3538060575002997e-06
30450.056 1.0640619824400925e-06
30500.056 9.73498245850185e-07
30550.056 1.3663768394303549e-06
30600.056 1.3172171106102064e-06
30650.056 1.3320174051700108e-06
30700.056 1.2324970402499612e-06
30750.056 1.166311054820052e-06
30800.056 1.3921814742903264e-06
30850.056 1.1618787825299095e-06
30900.056 1.1951001785298992e-06
30950.056 1.1350131688701735e-06
31000.056 1.296090793559926e-06
31050.056 1.1234950424499781e-06
31100.056 1.1594879899599075e-06
31150.056 1.2946662145497398e-06
31200.056 1.2856084751598613e-06
31250.056 1.324749028600155e-06
31300.056 1.2107855553898218e-06
31350.056 1.2191542089799723e-06
31400.056 1.165653549920332e-06
31450.056 1.206882081670045e-06
31500.056 1.224351087230136e-06
31550.056 1.1309085788200253e-06
31600.056 1.1683669805298892e-06
31650.056 1.2035630789599855e-06
31700.056 1.223174249069901e-06
31750.056 1.0498447163102676e-06
31800.056 1.2898254595400526e-06
31850.056 1.3273192704101696e-06
31900.056 1.4288035409199071e-06
31950.056 9.753776599098554e-07
32000.056 1.163501481770203e-06
32050.056 1.3944904123701186e-06
32100.056 1.3595888215398354e-06
32150.056 1.4447102717199954e-06
32200.056 1.34918350295991e-06
32250.056 1.3509375238402236e-06
32300.056 1.3682613344100351e-06
32350.056 1.562062558200261e-06
32400.056 1.295669909810043e-06
32450.056 1.3700226892899333e-06
32500.056 1.4661835324803098e-06
32550.056 1.6566332888101002e-06
32600.056 1.6694712077598901e-06
32650.056 1.6710952494606055e-06
32700.056 1.592266965340221e-06
32750.056 1.6396570664100057e-06
32800.056 1.5155860831801457e-06
32850.056 1.856825273479749e-06
32900.056 1.8172063330699822e-06
32950.056 1.5190971316797967e-06
33000.056 1.638428721340184e-06
33050.056 1.6780816673299364e-06
33100.056 1.6704559093295297e-06
33150.056 1.2834661940501607e-06
33200.056 9.555291361997948e-07
33250.056 9.032810949295287e-07
33300.056 8.524275837101875e-07
33350.056 9.427459762101498e-07
33400.056 9.945716427398039e-07
33450.056 1.1266359320296271e-06
33500.056 1.3812849545002958e-06
33550.056 1.391255837009984e-06
33600.056 1.567395946680392e-06
33650.056 1.7267031620905596e-06
33700.056 1.693230252339634e-06
33750.056 1.8938375094299615e-06
33800.056 1.7594438279097512e-06
33850.056 1.7743898456900492e-06
33900.056 1.9225070410196387e-06
33950.056 1.7132019482398544e-06
34000.056 1.7425767184794476e-06
34050.056 1.704843867109603e-06
34100.056 1.9873765329202384e-06
34150.056 1.8510542434796516e-06
34200.056 1.7058619401693656e-06
34250.056 1.975799598439733e-06
34300.056 1.6625422158690263e-06
34350.056 1.8067035249399627e-06
34400.056 1.6327706504998088e-06
34450.056 1.7490346350599427e-06
34500.056 1.8343236962902633e-06
34550.056 1.6405327364498981e-06
34600.056 1.893449400060064e-06
34650.056 1.8750327576300193e-06
34700.056 1.7854336496796045e-06
34750.056 1.9932164117302684e-06
34800.056 2.0069789195995438e-06
34850.056 1.7729827972001117e-06
34900.056 1.8810670005703789e-06
34950.056 1.8077238046394898e-06
35000.056 1.8921207121797574e-06
35050.056 2.0998765112305e-06
35100.056 1.8876606796294036e-06
35150.056 1.965520289430003e-06
35200.056 2.0211274129598877e-06
35250.056 1.8546812979999646e-06
35300.056 1.9690960463200325e-06
35350.056 2.077422516279798e-06
35400.056 1.9231387590600093e-06
35450.056 1.7986476689505272e-06
35500.056 2.1469040718598077e-06
35550.056 1.972910677799947e-06
35600.056 1.8241805314699009e-06
35650.056 2.256850005960283e-06
35700.056 1.8618547277303807e-06
35750.056 2.0843212288497003e-06
35800.056 2.2013386277997436e-06
35850.056 2.0948567933798468e-06
35900.056 2.3872782701996183e-06
35950.056 2.16847955507014e-06
36000.056 1.9770515113698045e-06
36050.056 2.3684423418402993e-06
36100.056 2.3986800324794117e-06
36150.056 2.158086923480308e-06
36200.056 2.4159716108596427e-06
36250.056 2.1376523106295347e-06
36300.056 2.598869296270621e-06
36350.056 2.402079862519848e-06
36400.056 2.294802732920021e-06
36450.056 2.5933150531996928e-06
36500.056 2.400639897560182e-06
36550.056 2.3208245020404996e-06
36600.056 2.4179154405501812e-06
36650.056 2.508031873800196e-06
36700.056 2.6401988374001117e-06
36750.056 2.468074071600222e-06
36800.056 2.5254821796497675e-06
36850.056 2.52324539226038e-06
36900.056 2.6118192580004793e-06
36950.056 2.6060041041798985e-06
37000.056 2.7051109028000024e-06
37050.056 2.6903354180998777e-06
37100.056 2.66982188250038e-06
37150.056 2.664019935899419e-06
37200.056 2.7697542041000812e-06
37250.056 2.816182787600199e-06
37300.056 2.8229839347004804e-06
37350.056 2.6118370669004254e-06
37400.056 2.7627718699996695e-06
37450.056 2.761587050830278e-06
37500.056 2.79775031789975e-06
37550.056 2.7581434613994784e-06
37600.056 2.927663187699588e-06
37650.056 2.73574310949973e-06
37700.056 2.7946984162000292e-06
37750.056 2.955812126899694e-06
37800.056 3.026420934799929e-06
37850.056 2.8303821931998796e-06
37900.056 2.9303018734002176e-06
37950.056 2.9763280491000577e-06
38000.056 2.8920845289003897e-06
38050.056 2.9537755165001604e-06
38100.056 2.8123602550002515e-06
38150.056 3.1145018058995935e-06
38200.056 3.1927293022995703e-06
38250.056 2.8439029573004824e-06
38300.056 2.8185837264999392e-06
38350.056 2.9648905234997954e-06
38400.056 3.0249218690397462e-06
38450.056 3.129945458700252e-06
38500.056 2.99969823139984e-06
38550.056 3.0054144475001036e-06
38600.056 3.3228424212997957e-06
38650.056 2.8969148006001238e-06
38700.056 2.9806868488005802e-06
38750.056 3.0782546483999953e-06
38800.056 3.066237153300296e-06
38850.056 2.992223890700308e-06
38900.056 2.9343580194998266e-06
38950.056 3.1496455360997063e-06
39000.056 3.0065822944001037e-06
39050.056 3.1023323588998927e-06
39100.056 2.9039670631400464e-06
39150.056 3.023096315700098e-06
39200.056 3.1636482878001675e-06
39250.056 3.130944320999371e-06
39300.056 3.099203779699301e-06
39350.056 3.100759114800331e-06
39400.056 3.042498966000069e-06
39450.056 3.0487676295997846e-06
39500.056 3.0064327697597368e-06
39550.056 2.945626272999541e-06
39600.056 3.26262158440006e-06
39650.056 2.868837097999998e-06
39700.056 3.015309599599806e-06
39750.056 2.9815965301996155e-06
39800.056 2.8227817405001384e-06
39850.056 2.920321990499743e-06
39900.056 2.9002289457000423e-06
39950.056 3.063892928499863e-06
40000.056 2.733801728999853e-06
40050.056 2.6262260182999578e-06
40100.056 2.843744171199834e-06
40150.056 2.643837726299469e-06
40200.056 2.73382958539969e-06
40250.056 2.7282215179692005e-06
40300.056 2.5068774904002163e-06
40350.056 2.7518792478003636e-06
40400.056 2.7410929926598847e-06
40450.056 2.5671210451004682e-06
40500.056 2.35933126950024e-06
40550.056 2.7909040146998027e-06
40600.056 2.4243062457703188e-06
40650.056 2.5047198201603148e-06
40700.056 2.6717006063002178e-06
40750.056 2.3463816096991166e-06
40800.056 2.3211936630903597e-06
40850.056 2.2074461944005135e-06
40900.056 2.2172469322003992e-06
40950.056 2.3802286128199543e-06
41000.056 2.4213759140001295e-06
41050.056 2.359980891189542e-06
41100.056 2.2484938027002022e-06
41150.056 2.388079076500115e-06
41200.056 2.2384594255900126e-06
41250.056 2.288966316720225e-06
41300.056 1.9679517609396534e-06
41350.056 2.3646497667301154e-06
41400.056 2.2037769793001868e-06
41450.056 2.1525117289701834e-06
41500.056 2.317154279280106e-06
41550.056 2.2106664080100056e-06
41600.056 2.333759898400019e-06
41650.056 2.0643845637804474e-06
41700.056 1.9640500919297113e-06
41750.056 2.0543184733398812e-06
41800.056 2.0359697492996044e-06
41850.056 1.8406856654703773e-06
41900.056 2.1289894503098585e-06
41950.056 1.7895199155805133e-06
42000.056 1.951463438950162e-06
42050.056 1.7346665744393447e-06
42100.056 2.032938215580315e-06
42150.056 1.504021465539387e-06
42200.056 1.6619611012400374e-06
42250.056 1.7643152914300074e-06
42300.056 1.4586551107700278e-06
42350.056 1.7904321780905284e-06
42400.056 1.5108093940904066e-06
42450.056 1.2688962833401945e-06
42500.056 1.3848385578903011e-06
42550.056 1.4318845806800707e-06
42600.056 1.4193420415004e-06
42650.056 1.2084369185891375e-06
42700.056 1.4460710436406022e-06
42750.056 1.3073892702800276e-06
42800.056 1.2741072112004703e-06
42850.056 1.3484632575296591e-06
42900.056 1.3137189426100758e-06
42950.056 1.20419885279933e-06
43000.056 1.2450657105700304e-06
43050.056 1.166016418670672e-06
43100.056 1.2967775595601779e-06
43150.056 1.2933195766102828e-06
43200.056 1.3007124290301827e-06
43250.056 1.2545432478199417e-06
43300.056 1.309414312140136e-06
43350.056 1.1704761656899374e-06
43400.056 1.2212129334499e-06
43450.056 1.2411742002405102e-06
43500.056 1.1980752360098141e-06
43550.056 1.268961652290029e-06
43600.056 1.2858340690201326e-06
43650.056 1.114899742170163e-06
43700.056 1.0742629407397186e-06
43750.056 1.1541877936602128e-06
43800.056 1.0476298927001987e-06
43850.056 1.0981375328403273e-06
43900.056 1.15110021174992e-06
43950.056 1.0650040105703023e-06
44000.056 1.016210675450188e-06
44050.056 1.0162381874001232e-06
44100.056 1.0580575312901936e-06
44150.056 1.1023272607197254e-06
44200.056 1.0295399853599642e-06
44250.056 1.0136422493200535e-06
44300.056 9.927566084401335e-07
44350.056 9.660018687500377e-07
44400.056 1.028539245469956e-06
44450.056 1.0503626735900073e-06
44500.056 1.0748711859501247e-06
44550.056 9.541483206497696e-07
44600.056 9.944910381901094e-07
44650.056 1.0467522632501128e-06
44700.056 9.679523102301027e-07
44750.056 1.0191852537998825e-06
44800.056 1.0497321384499488e-06
44850.056 1.0266377741500774e-06
44900.056 9.631887113601425e-07
44950.056 9.09344676879977e-07
45000.056 1.009251091649911e-06
45050.056 1.006373541929892e-06
45100.056 1.0370936835999404e-06
45150.056 9.693651872699645e-07
45200.056 8.923881026699996e-07
45250.056 9.226177777198885e-07
45300.056 9.938465328300685e-07
45350.056 1.0380458908999357e-06
45400.056 9.830613547301362e-07
45450.056 8.915150337698661e-07
45500.056 9.230149450799711e-07
45550.056 1.028110307449923e-06
45600.056 9.428899755399674e-07
45650.056 8.522624467898249e-07
45700.056 1.0193114192500754e-06
45750.056 9.21421052729981e-07
45800.056 9.053402396499726e-07
45850.056 1.0767951785399681e-06
45900.056 1.0943321530700699e-06
45950.056 9.28138979999987e-07
46000.056 1.120659466490002e-06
46050.056 1.094266438400195e-06
46100.056 9.03964848110096e-07
46150.056 9.880576698699653e-07
46200.056 1.0804915603402325e-06
46250.056 8.716257463299766e-07
46300.056 1.1529547010099417e-06
46350.056 9.453666218899047e-07
46400.056 9.772710116898816e-07
46450.056 1.0152680353601949e-06
46500.056 9.217716271599151e-07
46550.056 1.151946361869981e-06
46600.056 1.049874445100028e-06
46650.056 1.36462734223988e-06
46700.056 1.2546913935103507e-06
46750.056 9.789869335298886e-07
46800.056 1.0969410117801883e-06
46850.056 1.1805211424101198e-06
46900.056 1.1008314087397818e-06
46950.056 1.2411811536200813e-06
47000.056 1.0435533201399795e-06
47050.056 1.2344428790597613e-06
47100.056 9.67888743560105e-07
47150.056 1.081267894080183e-06
47200.056 1.1475012918503067e-06
47250.056 1.0113112388598253e-06
47300.056 1.0718028414197263e-06
47350.056 8.964134436198018e-07
47400.056 1.1476259320797419e-06
47450.056 1.0124866644999317e-06
47500.056 1.1144000169397754e-06
47550.056 1.0009462444498775e-06
47600.056 1.157064797879932e-06
47650.056 8.178296783697645e-07
47700.056 1.1791483420100584e-06
47750.056 7.86068970680201e-07
47800.056 1.1498829553798726e-06
47850.056 8.705342617398219e-07
47900.056 1.1601727406600616e-06
47950.056 8.306584972301804e-07
48000.056 1.3060469742599953e-06
48050.056 9.44957716110176e-07
48100.056 1.0520800578699738e-06
48150.056 9.580959247201413e-07
48200.056 1.163533926900192e-06
48250.056 9.503173799099215e-07
48300.056 1.2822872238497772e-06
48350.056 8.452632245799259e-07
48400.056 1.1524237759899879e-06
48450.056 9.252197183300606e-07
48500.056 1.2960009837100328e-06
48550.056 8.731658289200441e-07
48600.056 1.177923478939891e-06
48650.056 8.988455640599681e-07
48700.056 1.1341241599200827e-06
48750.056 8.063326159401037e-07
48800.056 1.3203941245800886e-06
48850.056 8.940977050498266e-07
48900.056 1.1686065427401017e-06
48950.056 1.0618551874600381e-06
49000.056 1.0522352906398683e-06
49050.056 1.1075215020599386e-06
49100.056 1.0169392281401369e-06
49150.056 1.0876952341500458e-06
49200.056 1.0318612361399616e-06
49250.056 1.0758876573100238e-06
49300.056 9.264053103599017e-07
49350.056 9.92553078349995e-07
49400.056 1.1950789996901122e-06
49450.056 9.969166989602382e-07
49500.056 1.0687420798600854e-06
49550.056 9.14402626490004e-07
49600.056 1.0181824421002661e-06
49650.056 1.0633526125500658e-06
49700.056 9.021738573099268e-07
49750.056 1.3785779652697726e-06
49800.056 1.021760435910065e-06
49850.056 1.318557928610044e-06
49900.056 1.0231810526301e-06
49950.056 1.114984349569673e-06
50000.056 1.0801507011697533e-06
50050.056 1.0899632265501076e-06
50100.056 1.171992561519921e-06
50150.056 9.830864731400407e-07
50200.056 9.116265115601117e-07
50250.056 1.0713039998000624e-06
50300.056 9.964401979799158e-07
50350.056 1.177745238470018e-06
50400.056 1.0335768517200006e-06
50450.056 1.0253874449501693e-06
50500.056 1.3410023281802369e-06
50550.056 1.0740920135099345e-06
50600.056 1.1681107458700502e-06
50650.056 1.0942935219502877e-06
50700.056 1.2077603040096012e-06
50750.056 1.2316885948101793e-06
50800.056 9.188042934799157e-07
50850.056 1.0929089639602164e-06
50900.056 1.1676668708299597e-06
50950.056 1.1989945962101872e-06
51000.056 1.378522574550123e-06
51050.056 1.017334678530162e-06
51100.056 1.0053760460499096e-06
51150.056 1.1706894824699155e-06
51200.056 1.1159037703999303e-06
51250.056 1.2377831153399277e-06
51300.056 1.0187202868303673e-06
51350.056 1.155731446669749e-06
51400.056 1.0738433028997008e-06
51450.056 7.980900829198611e-07
51500.056 1.100836874999968e-06
51550.056 1.4104454501001311e-06
51600.056 9.269022116500503e-07
51650.056 1.1104334985398094e-06
51700.056 1.0321420277496724e-06
51750.056 9.908729075400868e-07
51800.056 1.2007275238798089e-06
51850.056 1.1978311059798726e-06
51900.056 1.257059551460261e-06
51950.056 1.1491209316798898e-06
52000.056 9.773558542399406e-07
52050.056 1.1432339240499374e-06
52100.056 1.0672384661097614e-06
52150.056 1.0833779287100934e-06
52200.056 1.047422114970063e-06
52250.056 1.0929022157800039e-06
52300.056 1.1779844128099894e-06
52350.056 1.3021653070401892e-06
52400.056 9.333419117401295e-07
52450.056 1.105381164629965e-06
52500.056 1.2300761384897432e-06
52550.056 1.1239735802196154e-06
52600.056 1.1660663433101813e-06
52650.056 1.330552859080213e-06
52700.056 1.115666424150018e-06
52750.056 9.010171176298744e-07
52800.056 1.0284871646601182e-06
52850.056 9.738534622098715e-07
52900.056 1.0900490438500902e-06
52950.056 1.0821153610598095e-06
53000.056 1.2333552743398865e-06
53050.056 1.0727348229197825e-06
53100.056 1.0043276949397171e-06
53150.056 1.2856493414602576e-06
53200.056 8.811984762901522e-07
53250.056 1.2943785207899415e-06
53300.056 1.2540983791505605e-06
53350.056 1.2249420090398594e-06
53400.056 1.1286365179001145e-06
53450.056 1.0058128945700423e-06
53500.056 8.645915750098099e-07
53550.056 1.110911248319874e-06
53600.056 1.2134668378202343e-06
53650.056 9.629861939702103e-07
53700.056 1.0225902480402702e-06
53750.056 1.1508255405499876e-06
53800.056 1.1405962326801796e-06
53850.056 1.2159559196495791e-06
53900.056 8.74301749860325e-07
53950.056 1.2185951896998647e-06
54000.056 1.2220895004400386e-06
54050.056 9.616429250101642e-07
54100.056 8.909420328498797e-07
54150.056 1.0229447917700895e-06
54200.056 8.518035852200737e-07
54250.056 9.648046324100602e-07
54300.056 8.686213351898685e-07
54350.056 1.0160598180698915e-06
54400.056 1.172264067729825e-06
54450.056 1.1115374377197184e-06
54500.056 1.0070886970799517e-06
54550.056 9.545286754499647e-07
54600.056 1.0226554180999162e-06
54650.056 9.500021690298628e-07
54700.056 1.0489578633700934e-06
54750.056 1.1426951199401581e-06
54800.056 9.109271712700481e-07
54850.056 1.0105790062199164e-06
54900.056 1.049078651430314e-06
54950.056 1.171387314700092e-06
55000.056 1.0279644980900495e-06
55050.056 1.1705082662598815e-06
55100.056 1.003666753840058e-06
55150.056 9.139965673597952e-07
55200.056 9.54280772539868e-07
55250.056 8.4493289523968e-07
55300.056 9.207375221598563e-07
55350.056 1.0505000453402705e-06
55400.056 1.1019454369801176e-06
55450.056 1.1020229347597574e-06
55500.056 7.803969659300973e-07
55550.056 9.64730846849814e-07
55600.056 1.0141422814700134e-06
55650.056 8.326278252600262e-07
55700.056 9.68128849250021e-07
55750.056 1.110225676849914e-06
55800.056 9.068425112001105e-07
55850.056 8.469769307998796e-07
55900.056 9.905032438199464e-07
55950.056 1.2532472171500148e-06
56000.056 8.804737686797596e-07
56050.056 1.0626751494899327e-06
56100.056 1.0546754144599304e-06
56150.056 8.723208581601044e-07
56200.056 9.900648701898354e-07
56250.056 8.481238487500546e-07
56300.056 1.1031024559199286e-06
56350.056 1.2099477295401394e-06
56400.056 1.0584524894800564e-06
56450.056 9.542259911700089e-07
56500.056 8.460197276200118e-07
56550.056 8.215341946601179e-07
56600.056 1.0646135197798856e-06
56650.056 8.898391461900321e-07
56700.056 1.1803498285103505e-06
56750.056 8.756342188800012e-07
56800.056 9.689984491901868e-07
56850.056 8.890912394701018e-07
56900.056 9.399714155299481e-07
56950.056 1.0154887292600537e-06
57000.056 1.000653241520172e-06
57050.056 1.1761772969599808e-06
57100.056 7.37203512589983e-07
57150.056 9.610074270999962e-07
57200.056 8.072121690600701e-07
57250.056 9.513373187700471e-07
57300.056 9.437363331500888e-07
57350.056 7.614170525499401e-07
57400.056 1.042200746960007e-06
57450.056 9.80248605429852e-07
57500.056 1.0982300010000652e-06
57550.056 1.0985881109500906e-06
57600.056 1.2129837326096572e-06
57650.056 7.355632817700094e-07
57700.056 8.917592500901028e-07
57750.056 9.839488681699513e-07
57800.056 7.186252747297711e-07
57850.056 9.890445468701216e-07
57900.056 1.0710959848800957e-06
57950.056 9.654005973099087e-07
58000.056 8.967439635799812e-07
58050.056 1.0144082943699842e-06
58100.056 1.1389990065298308e-06
58150.056 9.874367478501406e-07
58200.056 7.667668224900124e-07
58250.056 9.639765391999827e-07
58300.056 7.029275137499284e-07
58350.056 8.357094154400264e-07
58400.056 8.651547747500796e-07
58450.056 9.173278488101119e-07
58500.056 9.554390949600737e-07
58550.056 1.0591636574201954e-06
58600.056 8.566242151598744e-07
58650.056 9.751086740899283e-07
58700.056 9.456125568498305e-07
58750.056 9.768696650099908e-07
58800.056 7.228890914300252e-07
58850.056 8.972569114199902e-07
58900.056 9.786146206999642e-07
58950.056 8.344529176496733e-07
59000.056 8.795822134599664e-07
59050.056 9.074276313698424e-07
59100.056 1.0414487178899349e-06
59150.056 1.0491498937799705e-06
59200.056 9.798474740001145e-07
59250.056 1.1151527728501622e-06
59300.056 1.0596429547702466e-06
59350.056 8.859962269000257e-07
59400.056 7.881952013599177e-07
59450.056 9.209427139900436e-07
59500.056 7.626221566899391e-07
59550.056 1.0066745992499646e-06
59600.056 1.0383459903999137e-06
59650.056 1.0994972443699806e-06
59700.056 8.159147369400614e-07
59750.056 1.0860956221398842e-06
59800.056 1.0072158141400364e-06
59850.056 9.713120620399821e-07
59900.056 9.216473085498259e-07
59950.056 9.48075863140265e-07
60000.056 1.2235225082000964e-06
60050.056 1.0517318211599932e-06
60100.056 1.1426947654298223e-06
60150.056 9.556083597799286e-07
60200.056 1.0571159777199107e-06
60250.056 1.0069450383801109e-06
60300.056 9.039099199598826e-07
60350.056 9.003390184799939e-07
60400.056 1.0429972763098483e-06
60450.056 8.156926065598219e-07
60500.056 6.998402850100444e-07
60550.056 8.984369358800978e-07
60600.056 1.0201429549999734e-06
60650.056 1.0477353545698686e-06
60700.056 1.0056290873600526e-06
60750.056 9.665834424799245e-07
60800.056 1.1325971066098828e-06
60850.056 1.2004145715800604e-06
60900.056 1.044035450380233e-06
60950.056 1.1200646850798328e-06
61000.056 9.786098680901726e-07
61050.056 9.770618908999636e-07
61100.056 1.1154306611600038e-06
61150.056 7.148162189198695e-07
61200.056 1.0457032475900483e-06
61250.056 1.242682097939926e-06
61300.056 1.3760788357100936e-06
61350.056 1.160080259570053e-06
61400.056 1.2964722015198814e-06
61450.056 9.830950621001884e-07
61500.056 1.0846440596600373e-06
61550.056 1.0152257816499727e-06
61600.056 8.805009673501754e-07
61650.056 1.126013617979822e-06
61700.056 8.840478344199029e-07
61750.056 1.044345136769651e-06
61800.056 1.2708736258302985e-06
61850.056 9.323561836198406e-07
61900.056 1.177964217580191e-06
61950.056 1.2247359380301987e-06
62000.056 1.0469256218399822e-06
62050.056 1.045489319479773e-06
62100.056 1.172098801260431e-06
62150.056 1.1079135501901492e-06
62200.056 9.814199746797669e-07
62250.056 1.2380911235301644e-06
62300.056 1.1834523347500331e-06
62350.056 1.1685425412200742e-06
62400.056 9.310212277202133e-07
62450.056 1.0072869596000353e-06
62500.056 1.2320903469398923e-06
62550.056 1.143311962150024e-06
62600.056 1.167475911840162e-06
62650.056 1.0146762232700253e-06
62700.056 1.1031163489400216e-06
62750.056 1.2099230761698666e-06
62800.056 9.95721273589679e-07
62850.056 1.2741867195601185e-06
62900.056 1.0254674992596286e-06
62950.056 1.1831150217200734e-06
63000.056 1.1506349636801197e-06
63050.056 1.3074148878800264e-06
63100.056 1.2350514990899644e-06
63150.056 9.70810071999911e-07
63200.056 1.1364535507301169e-06
63250.056 1.1726816171499557e-06
63300.056 1.1623238807802555e-06
63350.056 1.188251220690126e-06
63400.056 9.845684841498447e-07
63450.056 9.725324448400697e-07
63500.056 1.110004561329931e-06
63550.056 9.596234650498532e-07
63600.056 1.2494569479202935e-06
63650.056 1.1757794024001473e-06
63700.056 1.0351477120298447e-06
63750.056 1.0008709349700442e-06
63800.056 9.493439714800835e-07
63850.056 9.801188432501242e-07
63900.056 9.393311863500047e-07
63950.056 1.1528065187400403e-06
64000.056 1.1226058985699014e-06
64050.056 1.035653129559879e-06
64100.056 6.30620419610022e-07
64150.056 8.213834096899503e-07
64200.056 8.376472584100678e-07
64250.056 1.1395672670199824e-06
64300.056 8.762696415199337e-07
64350.056 8.362890482100991e-07
64400.056 1.0249648782300417e-06
64450.056 9.340833879400846e-07
64500.056 7.658930127998661e-07
64550.056 9.243534571602451e-07
64600.056 8.050894555300248e-07
64650.056 1.0727202253800623e-06
64700.056 6.430925644398157e-07
64750.056 7.24322384800083e-07
64800.056 6.329458378000847e-07
64850.056 7.383133661899817e-07
64900.056 7.5907759156006e-07
64950.056 7.014224499799306e-07
65000.056 7.985521965600089e-07
65050.056 7.733360182901404e-07
65100.056 7.562732627399297e-07
65150.056 7.845224981099841e-07
65200.056 7.238863201699818e-07
65250.056 7.504654349798565e-07
65300.056 7.568538722300113e-07
65350.056 9.262368356499656e-07
65400.056 7.149881986998763e-07
65450.056 7.562187406199658e-07
65500.056 7.54707334449881e-07
65550.056 7.045776233199953e-07
65600.056 7.491097911999866e-07
65650.056 6.860868382399546e-07
65700.056 7.400937497499362e-07
65750.056 7.041102796301561e-07
65800.056 7.940889062199713e-07
65850.056 8.119844320097507e-07
65900.056 6.406116722801041e-07
65950.056 4.888517632799781e-07
66000.056 6.480320177598348e-07
66050.056 8.40578640880289e-07
66100.056 7.089092844200667e-07
66150.056 6.509480489798734e-07
66200.056 5.541585958500838e-07
66250.056 6.488565332900611e-07
66300.056 5.325338629599239e-07
66350.056 5.762486982802762e-07
66400.056 6.342866764498074e-07
66450.056 7.199097646598609e-07
66500.056 8.602584551100082e-07
66550.056 7.255592292298408e-07
66600.056 6.724192243901563e-07
66650.056 7.38948755719986e-07
66700.056 7.197905891800421e-07
66750.056 7.383739599600777e-07
66800.056 7.853430886101794e-07
66850.056 6.330893056903743e-07
66900.056 6.26822260640305e-07
66950.056 8.458694572602115e-07
67000.056 8.210421254197225e-07
67050.056 7.049953764598393e-07
67100.056 7.948824655500431e-07
67150.056 6.516919581798715e-07
67200.056 7.069747644101138e-07
67250.056 7.447904540799997e-07
67300.056 7.304271134100414e-07
67350.056 7.602608912298376e-07
67400.056 8.911651377300015e-07
67450.056 7.840682198899431e-07
67500.056 6.798859630800195e-07
67550.056 7.419055080199951e-07
67600.056 8.897157706999339e-07
67650.056 8.085195070998441e-07
67700.056 7.126360869798091e-07
67750.056 6.710915537299755e-07
67800.056 7.475540920500056e-07
67850.056 6.495582069698339e-07
67900.056 7.579716457799201e-07
67950.056 6.863678585001358e-07
68000.056 7.022708975696967e-07
68050.056 8.362571172498661e-07
68100.056 7.28929876220078e-07
68150.056 6.085749283698554e-07
68200.056 7.027888675099505e-07
68250.056 6.387034096299887e-07
68300.056 6.159806136898801e-07
68350.056 5.869905133699828e-07
68400.056 6.907355556499343e-07
68450.056 7.896827291501538e-07
68500.056 7.220480488500633e-07
68550.056 6.18159270609994e-07
68600.056 7.369489340800542e-07
68650.056 5.979846641997772e-07
68700.056 6.58505771999947e-07
68750.056 7.220479241001255e-07
68800.056 7.676846559099984e-07
68850.056 6.541626563799488e-07
68900.056 8.06050929830149e-07
68950.056 7.984298493900016e-07
69000.056 8.314981235898935e-07
69050.056 6.567348794997805e-07
69100.056 8.040301434099032e-07
69150.056 8.841055396599992e-07
69200.056 6.044347209301344e-07
69250.056 8.004635483298499e-07
69300.056 8.240892529402271e-07
69350.056 7.482523029599494e-07
69400.056 7.084391606398507e-07
69450.056 8.95857033100257e-07
69500.056 7.266401076200208e-07
69550.056 7.311740605801299e-07
69600.056 5.658928788300584e-07
69650.056 7.219893741701122e-07
69700.056 7.403859956199011e-07
69750.056 7.579838622398392e-07
69800.056 7.695708232501195e-07
69850.056 8.354337882700931e-07
69900.056 7.647115730700442e-07
69950.056 9.150583314102012e-07
70000.056 6.607281353400287e-07
70050.056 8.001252218301372e-07
70100.056 6.050915053900162e-07
70150.056 7.717963891999147e-07
70200.056 6.479026624301291e-07
70250.056 6.694090567498875e-07
70300.056 7.748068005699681e-07
70350.056 7.188573155199659e-07
70400.056 8.138109251499386e-07
70450.056 5.782417688900465e-07
70500.056 6.802858452600197e-07
70550.056 5.625060894301204e-07
70600.056 7.256759956700063e-07
70650.056 7.284711173301306e-07
70700.056 7.119417386303131e-07
70750.056 6.913989590601674e-07
70800.056 7.313962503901866e-07
70850.056 6.460216751199691e-07
70900.056 7.206169409397843e-07
70950.056 6.907626325700863e-07
71000.056 7.300373924999333e-07
71050.056 7.364413620301588e-07
71100.056 6.887823746801789e-07
71150.056 6.45130104179823e-07
71200.056 6.617915117099644e-07
71250.056 6.941373862201733e-07
71300.056 6.639963623698643e-07
71350.056 7.297530086400509e-07
71400.056 6.762375906200782e-07
71450.056 6.519995430099253e-07
71500.056 7.356906173799873e-07
71550.056 6.842971195199736e-07
71600.056 7.651017249599203e-07
71650.056 7.390586003900676e-07
71700.056 6.474486073999158e-07
71750.056 6.968568237900854e-07
71800.056 8.498371506299709e-07
71850.056 8.692548334001587e-07
71900.056 5.927889740400164e-07
71950.056 7.539458933599395e-07
72000.056 6.627567680800573e-07
72050.056 6.138183111200979e-07
72100.056 6.745688635599895e-07
72150.056 7.583171589599937e-07
72200.056 6.90998279320131e-07
72250.056 6.945293023000856e-07
72300.056 6.309130875699934e-07
72350.056 6.324821698597274e-07
72400.056 7.595818434202098e-07
72450.056 6.500442150997356e-07
72500.056 6.914138188099451e-07
72550.056 5.557505320001377e-07
72600.056 6.625321537101686e-07
72650.056 7.486157922100449e-07
72700.056 6.8331916911975e-07
72750.056 6.843787731097477e-07
72800.056 6.662199603901666e-07
72850.056 6.725393304101026e-07
72900.056 6.852956045000315e-07
72950.056 5.939692594000384e-07
73000.056 6.252506302696677e-07
73050.056 6.557297375501799e-07
73100.056 7.902560443201183e-07
73150.056 7.662907694498987e-07
73200.056 7.444317046296135e-07
73250.056 7.21546814760068e-07
73300.056 6.317857363497708e-07
73350.056 5.323820012900082e-07
73400.056 6.126071418701588e-07
73450.056 5.652622170099613e-07
73500.056 7.717259364100521e-07
73550.056 6.531241354999954e-07
73600.056 5.976366173398323e-07
73650.056 6.720079758198425e-07
73700.056 6.210824305899438e-07
73750.056 6.030559670297988e-07
73800.056 5.619451291999849e-07
73850.056 6.847625230500683e-07
73900.056 6.956191832098788e-07
73950.056 6.981266743801181e-07
74000.056 6.494414125298918e-07
74050.056 7.355971208297776e-07
74100.056 7.015878076098218e-07
74150.056 7.072645597700108e-07
74200.056 6.420278358699346e-07
74250.056 6.507902668999809e-07
74300.056 6.149811537499899e-07
74350.056 6.229219778899014e-07
74400.056 5.869067955701273e-07
74450.056 7.537055105401941e-07
74500.056 6.633371510396748e-07
74550.056 7.469281774900953e-07
74600.056 5.426747645898987e-07
74650.056 5.220189665401208e-07
74700.056 6.006884426699459e-07
74750.056 6.067540374800666e-07
74800.056 5.644621309301463e-07
74850.056 8.026416922300188e-07
74900.056 6.866645953897625e-07
74950.056 6.094562681700204e-07
75000.056 6.39142013419911e-07
75050.056 7.170701946697262e-07
75100.056 7.42257995050198e-07
75150.056 7.609126538500546e-07
75200.056 7.126796120201163e-07
75250.056 7.147844804298716e-07
75300.056 6.147025481000028e-07
75350.056 6.154868076398808e-07
75400.056 6.424361617300974e-07
75450.056 6.496215800502607e-07
75500.056 7.035475581799167e-07
75550.056 6.055698513400345e-07
75600.056 8.160066480600155e-07
75650.056 7.243939157001299e-07
75700.056 6.191613086398708e-07
75750.056 6.331289951500626e-07
75800.056 6.554083463300554e-07
75850.056 6.646382685600563e-07
75900.056 6.221277290900426e-07
75950.056 6.140643532900528e-07
76000.056 5.553047779599319e-07
76050.056 6.210047710298905e-07
76100.056 6.526343597700637e-07
76150.056 6.064849610399e-07
76200.056 6.256384645302599e-07
76250.056 7.613906121199882e-07
76300.056 6.247979431699561e-07
76350.056 6.838736813700897e-07
76400.056 7.060961306198526e-07
76450.056 7.113348683803555e-07
76500.056 7.454358598602504e-07
76550.056 6.557638329800792e-07
76600.056 5.665407566800236e-07
76650.056 6.398776812700477e-07
76700.056 6.09348148670041e-07
76750.056 6.778396613000289e-07
76800.056 6.640684102801736e-07
76850.056 7.016350071101932e-07
76900.056 6.580000205098997e-07
76950.056 6.028643448401609e-07
77000.056 6.269019751601759e-07
77050.056 6.48898463980028e-07
77100.056 4.814749488200826e-07
77150.056 6.260570857799978e-07
77200.056 6.396051604600916e-07
77250.056 6.141739711198662e-07
77300.056 6.031320734199425e-07
77350.056 5.327564745698699e-07
77400.056 5.258002718099753e-07
77450.056 5.031432997099716e-07
77500.056 5.872665085498005e-07
77550.056 5.859461587598161e-07
77600.056 5.590618367100338e-07
77650.056 5.34247229619856e-07
77700.056 6.073051155299472e-07
77750.056 6.002255493698417e-07
77800.056 6.171907190100729e-07
77850.056 6.349358826999225e-07
77900.056 6.326326701899437e-07
77950.056 6.343762887802141e-07
78000.056 6.41698508339842e-07
78050.056 5.348628145899708e-07
78100.056 5.667984376400826e-07
78150.056 5.983312225802706e-07
78200.056 6.633991247501058e-07
78250.056 6.593885233099827e-07
78300.056 6.306890711899666e-07
78350.056 6.157025167401523e-07
78400.056 7.07800624560084e-07
78450.056 6.949837157699062e-07
78500.056 7.639048003199136e-07
78550.056 5.782410208599948e-07
78600.056 6.122566977399682e-07
78650.056 5.459448761699635e-07
78700.056 6.381637356400973e-07
78750.056 6.377621072601055e-07
78800.056 6.175870281100908e-07
78850.056 5.456450003399344e-07
78900.056 5.624274470100598e-07
78950.056 5.057256372299542e-07
79000.056 5.95800444440171e-07
79050.056 6.373419532998012e-07
79100.056 6.03578263429966e-07
79150.056 6.142226924401342e-07
79200.056 7.15429976359731e-07
79250.056 6.008360303500722e-07
79300.056 6.68344663390101e-07
79350.056 7.403028741801855e-07
79400.056 6.961277827901606e-07
79450.056 5.955939011998236e-07
79500.056 7.597080728799991e-07
79550.056 5.796212495201278e-07
79600.056 5.660769415099054e-07
79650.056 6.084389745599871e-07
79700.056 6.39295165209889e-07
79750.056 6.835705001202266e-07
79800.056 5.542791482701651e-07
79850.056 6.463017881402158e-07
79900.056 6.590949963400724e-07
79950.056 7.104660266198616e-07
