# %ECSV 1.0
# ---
# datatype:
# - {name: wav, unit: Angstrom, datatype: float64}
# - {name: flux_nu, unit: erg / (cm2 Hz s), datatype: float64}
# meta: {C/O: '1.00', Kzz: '1.0000E+05', Teff: '900.', Y: '0.28', '[Fe/H]': '0.00', f_hole: '1.00', f_rain: '0.00', grav: '32.'}
# schema: astropy-2.0
wav flux_nu
4000.0559999999996 nan
4050.0559999999996 2.0779965200188834e-13
4100.056 9.210087200869541e-12
4150.056 2.3974375668001864e-11
4200.056 2.0172011433458436e-11
4250.056 3.895167932560552e-11
4300.056 4.862202968440473e-11
4350.056 5.4437467837002994e-11
4400.056 6.636527015000386e-11
4450.056 7.397246440800028e-11
4500.056 7.585729451900459e-11
4550.056 8.919173417429495e-11
4600.056 9.695436551764064e-11
4650.056 8.785796406899174e-11
4700.056 8.587013401700207e-11
4750.056 5.008048954299998e-11
4800.056 1.5343255651699778e-11
4850.056 4.129756213699929e-12
4900.056 1.6962627614999854e-12
4950.056 7.743050061299932e-13
5000.056 2.847096362899966e-13
5050.056 1.1678011190099969e-13
5100.056 9.584224238200005e-14
5150.056 8.54754627720002e-14
5200.056 7.661292846699994e-14
5250.056 6.748392177899992e-14
5300.056 5.976706501299992e-14
5350.056 5.406315961499995e-14
5400.056 4.9693286830999926e-14
5450.056 4.626688634900002e-14
5500.056 4.349389491500013e-14
5550.056 4.1236649546000004e-14
5600.056 3.912956103899998e-14
5650.056 3.6819269913999937e-14
5700.056 3.3877758431999975e-14
5750.056 3.010032924199995e-14
5800.056 2.4851678550999918e-14
5850.056 1.634278597219976e-14
5900.056 4.616798029819783e-15
5950.056 3.2779135756000694e-14
6000.056 7.319246663200007e-14
6050.056 1.4030701836700183e-13
6100.056 2.5077319698000254e-13
6150.056 4.3401667573000365e-13
6200.056 7.372417130800053e-13
6250.056 1.2244363645100072e-12
6300.056 2.014224010200014e-12
6350.056 3.2555706904000266e-12
6400.056 5.1586811620000394e-12
6450.056 7.911571333399919e-12
6500.056 1.2092605729599993e-11
6550.056 1.8183264899000077e-11
6600.056 2.6970734492000465e-11
6650.056 3.921770924300028e-11
6700.056 4.561805082307828e-11
6750.056 7.628429157600046e-11
6800.056 9.970384131900059e-11
6850.056 1.148294856200002e-10
6900.056 1.1229439055000148e-10
6950.056 1.030869471189992e-10
7000.056 1.0605354591800141e-10
7050.056 1.1593836782499838e-10
7100.056 1.2812490806299943e-10
7150.056 1.2995502989469768e-10
7200.056 1.281839202746019e-10
7250.056 1.2493386698199211e-10
7300.056 1.1461849165199914e-10
7350.056 1.0350703360869711e-10
7400.056 9.232317428800236e-11
7450.056 7.89201036580014e-11
7500.056 6.425064397899938e-11
7550.056 4.852230138099961e-11
7600.056 3.391435760099966e-11
7650.056 7.180378236043588e-12
7700.056 4.0392286571562274e-12
7750.056 2.9069580557000634e-11
7800.056 5.819602766602081e-11
7850.056 1.2364947253800053e-10
7900.056 1.9956469837000005e-10
7950.056 2.4377415411998284e-10
8000.056 4.3805291611000557e-10
8050.056 6.019361880200147e-10
8100.056 7.565262522410058e-10
8150.056 9.59497171397291e-10
8200.056 1.2667901828326952e-09
8250.056 1.5704666290796622e-09
8300.056 1.9563319098164706e-09
8350.056 2.350215120621761e-09
8400.056 2.8405844058939124e-09
8450.056 3.4966606919198256e-09
8500.056 3.785461075207153e-09
8550.056 4.875846146300076e-09
8600.056 6.017738033500008e-09
8650.056 6.900024434699987e-09
8700.056 7.958790157799766e-09
8750.056 9.236919106700154e-09
8800.056 1.059671084670033e-08
8850.056 1.1506199701299648e-08
8900.056 9.716693975299368e-09
8950.056 9.31016878011442e-09
9000.056 1.1153932680729984e-08
9050.056 1.638743777378331e-08
9100.056 1.8776093722170175e-08
9150.056 1.9607688935230206e-08
9200.056 2.3227898309166157e-08
9250.056 2.3263821082995787e-08
9300.056 1.2391704982844299e-08
9350.056 1.4293035106460344e-08
9400.056 1.8327049105278584e-08
9450.056 2.2642447477445154e-08
9500.056 2.2340252351434368e-08
9550.056 2.5537321488538368e-08
9600.056 2.4932873730347133e-08
9650.056 2.8259718361327588e-08
9700.056 3.2620146685015884e-08
9750.056 3.375615272121566e-08
9800.056 3.7190440959244635e-08
9850.056 4.196482799964414e-08
9900.056 4.5618625224750964e-08
9950.056 4.643584541927636e-08
10000.056 4.3797914639390224e-08
10050.056 5.491390727740146e-08
10100.056 6.643061417978798e-08
10150.056 7.626505870198493e-08
10200.056 8.903841763499548e-08
10250.056 9.924121298299712e-08
10300.056 1.1087104729900329e-07
10350.056 1.2878294572099766e-07
10400.056 1.4603853120799378e-07
10450.056 1.5547949169699754e-07
10500.056 1.5973493141000384e-07
10550.056 1.662649180090103e-07
10600.056 1.760205424819926e-07
10650.056 1.9058239751500595e-07
10700.056 1.9890718695701436e-07
10750.056 2.1274185037020694e-07
10800.056 2.2211561935940365e-07
10850.056 2.2214108829557933e-07
10900.056 1.726167232103903e-07
10950.056 1.0190369288830682e-07
11000.056 9.078859622899627e-08
11050.056 7.545667256111743e-08
11100.056 6.032903687873457e-08
11150.056 4.30840302071616e-08
11200.056 3.9534150005012685e-08
11250.056 4.5957215453659714e-08
11300.056 4.877065787543688e-08
11350.056 2.6136237696022937e-08
11400.056 3.880646778481311e-08
11450.056 3.653078598418927e-08
11500.056 3.427073630321633e-08
11550.056 1.8022194408821037e-08
11600.056 2.0891345599041184e-08
11650.056 3.064909983646534e-08
11700.056 2.8197073715782642e-08
11750.056 1.2512162517849458e-08
11800.056 3.260428433210711e-08
11850.056 4.905832655160581e-08
11900.056 5.549013726900881e-08
11950.056 7.792755610437435e-08
12000.056 9.692396142069209e-08
12050.056 1.2248927747999896e-07
12100.056 1.4706141039713293e-07
12150.056 1.7879515005378733e-07
12200.056 2.0805001512825287e-07
12250.056 2.3892225114442397e-07
12300.056 2.749957167005411e-07
12350.056 2.90332580278118e-07
12400.056 3.177033357289956e-07
12450.056 3.126854769410282e-07
12500.056 3.391241566249963e-07
12550.056 3.645476840150398e-07
12600.056 4.341467792000187e-07
12650.056 4.2780639463299335e-07
12700.056 4.4371419567907904e-07
12750.056 4.320507225844377e-07
12800.056 4.364881754042317e-07
12850.056 3.8286174180879946e-07
12900.056 3.385140828410192e-07
12950.056 3.4141730555165055e-07
13000.056 3.143240093672831e-07
13050.056 2.8590810677782084e-07
13100.056 2.5968504459080557e-07
13150.056 2.1740439086180135e-07
13200.056 1.8937798668264558e-07
13250.056 1.4853582414746992e-07
13300.056 7.656304094486661e-08
13350.056 2.7485035152039773e-08
13400.056 2.1379553982788278e-08
13450.056 1.2861072138858348e-08
13500.056 9.579940128807964e-09
13550.056 7.1239134865064594e-09
13600.056 3.5568520720165374e-09
13650.056 7.676953589377302e-09
13700.056 6.535195778382719e-09
13750.056 5.851888579892234e-09
13800.056 6.266085593806277e-09
13850.056 5.389083826669471e-09
13900.056 5.695712927486277e-09
13950.056 4.953141096971132e-09
14000.056 4.970885093541524e-09
14050.056 6.028956622648049e-09
14100.056 6.068161728770131e-09
14150.056 8.164185175255228e-09
14200.056 6.8136950955187054e-09
14250.056 7.75564723010915e-09
14300.056 1.1055467911862307e-08
14350.056 1.160167754899149e-08
14400.056 1.389460630560099e-08
14450.056 1.5063028146131143e-08
14500.056 2.3702351984387197e-08
14550.056 2.7160405951690058e-08
14600.056 3.283816868363274e-08
14650.056 3.416882041884769e-08
14700.056 2.984697895890948e-08
14750.056 3.499305840919647e-08
14800.056 4.352297138258221e-08
14850.056 4.785412880183694e-08
14900.056 5.108608502204986e-08
14950.056 5.5692559663884634e-08
15000.056 6.300519312074337e-08
15050.056 7.130252397503321e-08
15100.056 7.809133578141044e-08
15150.056 8.734615398739327e-08
15200.056 8.998980033753824e-08
15250.056 1.0525156902004785e-07
15300.056 1.1797498159418912e-07
15350.056 1.2928103685326957e-07
15400.056 1.4601476537602106e-07
15450.056 1.6065397582051776e-07
15500.056 1.6765110613346366e-07
15550.056 1.8703016337869846e-07
15600.056 1.861415044085091e-07
15650.056 2.013670557810166e-07
15700.056 2.3133355479009282e-07
15750.056 2.4815786550899295e-07
15800.056 2.4021410842107514e-07
15850.056 2.6149366801498164e-07
15900.056 2.455976551680231e-07
15950.056 2.416427441089445e-07
16000.056 2.0328080900800692e-07
16050.056 1.5055849779479742e-07
16100.056 1.1695407290419363e-07
16150.056 8.373130036059266e-08
16200.056 5.9348123376600304e-08
16250.056 5.0982054158519473e-08
16300.056 4.002854853928112e-08
16350.056 4.427109559626284e-08
16400.056 5.4314788526626594e-08
16450.056 5.7369833738276014e-08
16500.056 6.134680188024371e-08
16550.056 6.044043018482075e-08
16600.056 5.683753338732256e-08
16650.056 4.880224566691549e-08
16700.056 1.6222694845310626e-08
16750.056 2.0779664980630422e-08
16800.056 3.7471533805066984e-08
16850.056 4.298213617785028e-08
16900.056 3.3514818205187975e-08
16950.056 2.5457533885262206e-08
17000.056 1.8053068423979395e-08
17050.056 2.923277370443002e-08
17100.056 3.870932434567896e-08
17150.056 2.731700117745785e-08
17200.056 4.383978034091049e-08
17250.056 3.918752888375324e-08
17300.056 2.8469087866629312e-08
17350.056 2.541920924888554e-08
17400.056 3.0739384317221473e-08
17450.056 3.612113701832311e-08
17500.056 4.30662396732107e-08
17550.056 4.19939154059919e-08
17600.056 3.596508423050164e-08
17650.056 3.636243010113197e-08
17700.056 2.6393783601434743e-08
17750.056 2.668646708686202e-08
17800.056 4.051508753018155e-08
17850.056 2.8913504602576007e-08
17900.056 2.4265089188740012e-08
17950.056 2.1608568016341436e-08
18000.056 2.5703866984084542e-08
18050.056 2.7875238232410207e-08
18100.056 3.095981151134576e-08
18150.056 3.9350317104265623e-08
18200.056 2.620518512996331e-08
18250.056 4.7066951704710794e-08
18300.056 3.543594045056804e-08
18350.056 2.893146713426835e-08
18400.056 2.9852974090770725e-08
18450.056 3.4147318545045826e-08
18500.056 3.7675219041834056e-08
18550.056 3.157278671325123e-08
18600.056 2.8240946546327387e-08
18650.056 3.007045840489639e-08
18700.056 2.8841882244337443e-08
18750.056 3.5842498320368915e-08
18800.056 5.275279904841341e-08
18850.056 6.104385201501975e-08
18900.056 5.97904530258181e-08
18950.056 7.628210839417195e-08
19000.056 6.540580316395765e-08
19050.056 5.333435047654305e-08
19100.056 7.561999301072303e-08
19150.056 6.468245411096242e-08
19200.056 7.258340765857156e-08
19250.056 6.148943959018747e-08
19300.056 6.100139847537688e-08
19350.056 5.2985245554151066e-08
19400.056 4.1833906289158896e-08
19450.056 6.607947842789545e-08
19500.056 6.34979512174108e-08
19550.056 4.702274172829976e-08
19600.056 6.63649078806335e-08
19650.056 7.082708116008506e-08
19700.056 7.335141638388782e-08
19750.056 7.63871552338715e-08
19800.056 7.907305093186296e-08
19850.056 9.46764808184741e-08
19900.056 7.763235915273306e-08
19950.056 1.1283839725497589e-07
20000.056 1.015559086701676e-07
20050.056 1.114145149418479e-07
20100.056 1.2905192279250024e-07
20150.056 1.2377704292597955e-07
20200.056 1.3482311066861752e-07
20250.056 1.5414593191340406e-07
20300.056 1.533237439159327e-07
20350.056 1.707230026701468e-07
20400.056 1.6553413394346493e-07
20450.056 1.898181885333708e-07
20500.056 1.9893891751685725e-07
20550.056 1.9804660779646032e-07
20600.056 2.188979715016931e-07
20650.056 2.1663945911019113e-07
20700.056 2.2336440828376595e-07
20750.056 2.3230483942586372e-07
20800.056 2.3421150409740258e-07
20850.056 2.2710981496999033e-07
20900.056 2.3300180434352661e-07
20950.056 2.2391443745396892e-07
21000.056 2.1708738582805908e-07
21050.056 2.1432227434998662e-07
21100.056 2.00833670336725e-07
21150.056 2.0360108392276194e-07
21200.056 1.8569111095480192e-07
21250.056 1.7484003654828701e-07
21300.056 1.4874152106500028e-07
21350.056 1.512060423086437e-07
21400.056 1.3885037344285617e-07
21450.056 1.2825596558982185e-07
21500.056 1.1557236672485528e-07
21550.056 1.0494066182863755e-07
21600.056 8.929114547463465e-08
21650.056 7.61624186010164e-08
21700.056 7.57282543857398e-08
21750.056 6.547977701548248e-08
21800.056 5.474812012976102e-08
21850.056 4.9007597321010616e-08
21900.056 3.479024357786876e-08
21950.056 2.060955070147971e-08
22000.056 8.478221043259985e-09
22050.056 5.338972098786775e-09
22100.056 8.766468411266712e-09
22150.056 1.3553417629937256e-08
22200.056 1.6094503145291234e-08
22250.056 1.3508817833690585e-08
22300.056 1.101783248522728e-08
22350.056 1.0561792597883826e-08
22400.056 7.539828177891237e-09
22450.056 6.563845020174757e-09
22500.056 5.898684019787592e-09
22550.056 4.805080712022292e-09
22600.056 5.027206246945839e-09
22650.056 5.515288751810308e-09
22700.056 4.66304840984689e-09
22750.056 5.02612953578453e-09
22800.056 4.4364812603853224e-09
22850.056 3.906675488436737e-09
22900.056 3.2913400763973942e-09
22950.056 3.1279818739743775e-09
23000.056 4.117155246820659e-09
23050.056 5.495396299036873e-09
23100.056 9.82103828851772e-09
23150.056 1.1602344304960757e-08
23200.056 2.9647352006775436e-09
23250.056 3.4867899927657837e-09
23300.056 3.2337171597541905e-09
23350.056 3.3089173661303435e-09
23400.056 3.710340018372763e-09
23450.056 3.5329213245231348e-09
23500.056 3.873902384095697e-09
23550.056 4.9997420789015795e-09
23600.056 5.659614476848277e-09
23650.056 7.825739192583472e-09
23700.056 4.92794220628437e-09
23750.056 3.774731986682466e-09
23800.056 4.308961207476136e-09
23850.056 4.98678151506326e-09
23900.056 7.611649541814388e-09
23950.056 8.65004172017568e-09
24000.056 9.419176173176298e-09
24050.056 1.251407189013515e-08
24100.056 1.1632897753843422e-08
24150.056 1.3425627695081172e-08
24200.056 1.2965259685322242e-08
24250.056 1.0804948150479226e-08
24300.056 1.3433041577176135e-08
24350.056 1.142329282314042e-08
24400.056 1.572981114480115e-08
24450.056 1.614484803200197e-08
24500.056 1.652582899825882e-08
24550.056 2.040285718555529e-08
24600.056 2.0776103837724138e-08
24650.056 2.6026853708450676e-08
24700.056 2.063344925212747e-08
24750.056 2.4138053195306512e-08
24800.056 2.5242100214766875e-08
24850.056 3.19233730429717e-08
24900.056 2.2844730012107744e-08
24950.056 3.575136953055624e-08
25000.056 3.3409042168834086e-08
25050.056 2.632536569412339e-08
25100.056 3.511636638592891e-08
25150.056 2.5072234657174472e-08
25200.056 3.2750294173695064e-08
25250.056 2.4781583612238583e-08
25300.056 3.4902212715144284e-08
25350.056 2.2079966413851423e-08
25400.056 3.6566220257171255e-08
25450.056 2.2465653251220294e-08
25500.056 2.2397067303718156e-08
25550.056 2.509417883884796e-08
25600.056 2.0173605985899386e-08
25650.056 1.6255515882875088e-08
25700.056 2.731969426180254e-08
25750.056 1.3221329358618705e-08
25800.056 2.6100117734148783e-08
25850.056 1.4645245268955695e-08
25900.056 1.882005016575466e-08
25950.056 1.2302154893422193e-08
26000.056 3.012533659900609e-08
26050.056 1.8813000569288635e-08
26100.056 2.7204363748638867e-08
26150.056 2.1560131110317516e-08
26200.056 2.5577649601128843e-08
26250.056 3.72347271446839e-08
26300.056 2.7512588325142736e-08
26350.056 4.655567620237798e-08
26400.056 4.7577574563147745e-08
26450.056 5.267258240555129e-08
26500.056 5.698866962455791e-08
26550.056 3.437932569178217e-08
26600.056 4.923251500136868e-08
26650.056 2.3956313386613965e-08
26700.056 2.3343042605590288e-08
26750.056 1.616151609863817e-08
26800.056 2.741327157230611e-08
26850.056 1.591244119388423e-08
26900.056 3.55412562231591e-08
26950.056 1.86576952274901e-08
27000.056 4.515423665273123e-08
27050.056 3.466964189629158e-08
27100.056 2.685470547709521e-08
27150.056 5.0269241178002365e-08
27200.056 2.970156773449234e-08
27250.056 3.5359820763993175e-08
27300.056 7.45870472464753e-08
27350.056 5.590505797912125e-08
27400.056 1.9704371595251955e-08
27450.056 7.310246947561049e-08
27500.056 6.859204899442573e-08
27550.056 3.427908180338038e-08
27600.056 6.236844482177415e-08
27650.056 2.9523552072465574e-08
27700.056 2.453269496486537e-08
27750.056 6.384887082229557e-08
27800.056 2.8582761609885012e-08
27850.056 3.725567429915405e-08
27900.056 4.0427499238187146e-08
27950.056 6.764246481205669e-08
28000.056 5.609740124575613e-08
28050.056 2.12707276714414e-08
28100.056 7.049784359808047e-08
28150.056 4.485300798318367e-08
28200.056 2.3959565986620984e-08
28250.056 6.750082142048213e-08
28300.056 8.739252104007393e-08
28350.056 3.3555507749741735e-08
28400.056 5.334302799311531e-08
28450.056 6.894265341411116e-08
28500.056 5.664410123768194e-08
28550.056 2.3486038884212332e-08
28600.056 7.957046253492563e-08
28650.056 6.83659504978212e-08
28700.056 6.096959432136448e-08
28750.056 8.60143976285817e-08
28800.056 6.847057488044299e-08
28850.056 8.321830030596454e-08
28900.056 4.4110373886269326e-08
28950.056 9.229130766368501e-08
29000.056 7.369040688432133e-08
29050.056 7.906350436635559e-08
29100.056 5.7747216108846034e-08
29150.056 9.758042213252863e-08
29200.056 7.210235603487818e-08
29250.056 1.0256614262108048e-07
29300.056 5.981168165915798e-08
29350.056 1.3960747881981516e-07
29400.056 8.001821886881879e-08
29450.056 8.91679037369395e-08
29500.056 9.885592481418311e-08
29550.056 8.58969536587789e-08
29600.056 1.01398176825699e-07
29650.056 1.0259781761767257e-07
29700.056 7.417284033661181e-08
29750.056 1.0530281211544092e-07
29800.056 1.0870324006228045e-07
29850.056 1.1418065534102771e-07
29900.056 1.0290751453742419e-07
29950.056 1.0607067179976292e-07
30000.056 6.313198417608556e-08
30050.056 6.945220440172989e-08
30100.056 6.13758507758813e-08
30150.056 1.0398956968148392e-07
30200.056 7.878782672574281e-08
30250.056 1.1857355689253184e-07
30300.056 1.0087097792171383e-07
30350.056 8.597388490870546e-08
30400.056 1.0306015055708915e-07
30450.056 7.494148193570027e-08
30500.056 6.134963424424547e-08
30550.056 6.597443318446054e-08
30600.056 7.594688951899657e-08
30650.056 5.960792517528491e-08
30700.056 5.8749922793705316e-08
30750.056 5.930996581328963e-08
30800.056 4.8944813116309796e-08
30850.056 4.594621239627606e-08
30900.056 4.108851348069346e-08
30950.056 3.971900772697119e-08
31000.056 3.411090555630255e-08
31050.056 3.3817058875100995e-08
31100.056 2.716111113021635e-08
31150.056 3.261910286458835e-08
31200.056 3.448853513840719e-08
31250.056 2.52563802437744e-08
31300.056 2.4254752223986003e-08
31350.056 2.455044947450026e-08
31400.056 1.9379941344580093e-08
31450.056 2.065226214089605e-08
31500.056 1.6571361225605508e-08
31550.056 1.8839310751538678e-08
31600.056 1.4275334545199698e-08
31650.056 1.3591045212762181e-08
31700.056 1.3478910333697856e-08
31750.056 1.152219438582494e-08
31800.056 1.428797558229895e-08
31850.056 1.1718436722301388e-08
31900.056 1.3450913647538625e-08
31950.056 8.552657733720114e-09
32000.056 1.1292036573918987e-08
32050.056 1.2373821127430326e-08
32100.056 1.2154133869112663e-08
32150.056 1.2527663692588298e-08
32200.056 1.0898581265480869e-08
32250.056 1.4064948887121887e-08
32300.056 1.0763140268159047e-08
32350.056 1.4734920661417115e-08
32400.056 1.035066746179653e-08
32450.056 1.3533092193085421e-08
32500.056 1.267678830488227e-08
32550.056 1.1857185270438715e-08
32600.056 1.466601888534118e-08
32650.056 2.0962726467316444e-08
32700.056 1.751805751550362e-08
32750.056 2.059124988350378e-08
32800.056 1.9228619429203133e-08
32850.056 2.1787549196596878e-08
32900.056 2.459600094869517e-08
32950.056 2.572584019210844e-08
33000.056 2.1018212530632063e-08
33050.056 1.9963506698912958e-08
33100.056 9.961684375717462e-09
33150.056 3.971349310110108e-09
33200.056 3.3583563726993097e-09
33250.056 1.896887450479585e-09
33300.056 2.1713679370504245e-09
33350.056 3.7086633708800803e-09
33400.056 5.396750356697602e-09
33450.056 7.824372555649376e-09
33500.056 1.2173686292207404e-08
33550.056 1.1173925994725341e-08
33600.056 1.7509456719157433e-08
33650.056 1.7423691450396153e-08
33700.056 1.550706508534696e-08
33750.056 2.1467258926605994e-08
33800.056 1.8901260626713297e-08
33850.056 2.0998306869957588e-08
33900.056 1.7235133098700264e-08
33950.056 1.7409516235277003e-08
34000.056 2.228112463060946e-08
34050.056 1.2846881186113018e-08
34100.056 2.214813154229923e-08
34150.056 1.8375162597089975e-08
34200.056 1.791163367300182e-08
34250.056 1.858816401528762e-08
34300.056 1.7282395827601302e-08
34350.056 1.4605907429999477e-08
34400.056 1.3570387839877034e-08
34450.056 1.798971936539391e-08
34500.056 1.7023121682602483e-08
34550.056 1.444719083076172e-08
34600.056 2.183549682289797e-08
34650.056 1.6270665964160693e-08
34700.056 1.9048956309998355e-08
34750.056 1.916186231159331e-08
34800.056 1.7673714182703172e-08
34850.056 1.9006525254307385e-08
34900.056 2.1173300847341267e-08
34950.056 2.223837407479457e-08
35000.056 3.118125026850985e-08
35050.056 2.015865580591719e-08
35100.056 2.5319425654203948e-08
35150.056 2.3434567888964852e-08
35200.056 2.6317506977596193e-08
35250.056 3.3045300373388864e-08
35300.056 2.7709389234605685e-08
35350.056 2.6785039611089687e-08
35400.056 3.007481187529948e-08
35450.056 2.097891820811122e-08
35500.056 3.910301530119909e-08
35550.056 3.718907255139158e-08
35600.056 3.097431625861672e-08
35650.056 3.557070980009531e-08
35700.056 3.3032650900191864e-08
35750.056 4.154732247139228e-08
35800.056 5.448493830519999e-08
35850.056 3.36381903405941e-08
35900.056 4.3854452163901407e-08
35950.056 4.0786760521887614e-08
36000.056 4.151368153380795e-08
36050.056 3.8055105177885346e-08
36100.056 4.151544098917431e-08
36150.056 4.31711276032882e-08
36200.056 4.5927919216085487e-08
36250.056 4.452940902198171e-08
36300.056 5.1762933608600776e-08
36350.056 4.973431352260751e-08
36400.056 4.796792267139151e-08
36450.056 5.999128779110751e-08
36500.056 6.30597901551977e-08
36550.056 6.164245027951707e-08
36600.056 7.379335357099935e-08
36650.056 7.298298809038123e-08
36700.056 7.846796086098417e-08
36750.056 8.353228144625303e-08
36800.056 8.240288638700047e-08
36850.056 7.874226231488209e-08
36900.056 8.540232838248616e-08
36950.056 9.561421865438272e-08
37000.056 9.088356905918974e-08
37050.056 8.88742565801864e-08
37100.056 1.0205562437700054e-07
37150.056 8.513896835519393e-08
37200.056 9.99500750449848e-08
37250.056 1.0462241863998177e-07
37300.056 9.179831084735724e-08
37350.056 9.416383046672249e-08
37400.056 1.3716497248979574e-07
37450.056 1.0813714203739964e-07
37500.056 1.082755133227867e-07
37550.056 1.246668067000865e-07
37600.056 1.3527662452700962e-07
37650.056 1.0612936214699627e-07
37700.056 1.5094393266781665e-07
37750.056 1.1581272336999287e-07
37800.056 1.225251931168842e-07
37850.056 9.627098519000686e-08
37900.056 1.0611894348603754e-07
37950.056 1.2629863419096655e-07
38000.056 1.5206276779890586e-07
38050.056 1.4928764770642963e-07
38100.056 1.392686311206375e-07
38150.056 1.686962003579913e-07
38200.056 1.7639632880304964e-07
38250.056 1.694704569920168e-07
38300.056 2.100923002409743e-07
38350.056 2.162508111620212e-07
38400.056 1.4806751630894658e-07
38450.056 1.5865783871116607e-07
38500.056 1.1706484651560813e-07
38550.056 1.6938521403904114e-07
38600.056 1.7799223365201925e-07
38650.056 1.666731978899736e-07
38700.056 1.794820856669882e-07
38750.056 1.9876952138601487e-07
38800.056 1.7009805533285415e-07
38850.056 1.714791798420197e-07
38900.056 2.2579752525702846e-07
38950.056 1.9321182091797117e-07
39000.056 2.0988171893599537e-07
39050.056 1.92123154368985e-07
39100.056 2.1093082435602764e-07
39150.056 2.0856157628700394e-07
39200.056 2.228580943305876e-07
39250.056 2.4591291206193763e-07
39300.056 2.0679719447189517e-07
39350.056 2.6587269468600507e-07
39400.056 2.37143993328085e-07
39450.056 2.457292029049906e-07
39500.056 2.3560771474205864e-07
39550.056 2.5177355577185514e-07
39600.056 2.620364275549117e-07
39650.056 2.795494959579887e-07
39700.056 2.718991041290282e-07
39750.056 2.3633536027816553e-07
39800.056 2.7235957374690886e-07
39850.056 3.1139706193999707e-07
39900.056 3.052930756080305e-07
39950.056 2.811021028729088e-07
40000.056 3.6117548161608653e-07
40050.056 3.1226047834800863e-07
40100.056 2.794552784912012e-07
40150.056 3.322159006459429e-07
40200.056 3.3718642573186666e-07
40250.056 3.212332210698858e-07
40300.056 3.2340465745606584e-07
40350.056 3.4713641762799006e-07
40400.056 3.824929389477928e-07
40450.056 3.567606712506852e-07
40500.056 3.711423038099947e-07
40550.056 3.781203562779306e-07
40600.056 3.6881464249005275e-07
40650.056 3.4016699313519885e-07
40700.056 4.3527645212499894e-07
40750.056 3.813872401499377e-07
40800.056 3.230226978938503e-07
40850.056 4.4089121912011785e-07
40900.056 4.073007434760418e-07
40950.056 3.884557611340292e-07
41000.056 4.03752408278014e-07
41050.056 4.670958311899563e-07
41100.056 4.0214398228802706e-07
41150.056 3.393782564171507e-07
41200.056 4.552625146859467e-07
41250.056 3.9735982196095723e-07
41300.056 3.69682109417907e-07
41350.056 4.894826311200755e-07
41400.056 4.4980544465008436e-07
41450.056 4.6476020781210316e-07
41500.056 4.053858981195119e-07
41550.056 4.092355154700644e-07
41600.056 4.857343574812608e-07
41650.056 4.7110982532003376e-07
41700.056 4.2996405445983297e-07
41750.056 4.531681155559819e-07
41800.056 4.892402583699498e-07
41850.056 3.748945454260304e-07
41900.056 4.253999488869343e-07
41950.056 3.9087558176208955e-07
42000.056 3.950978982499675e-07
42050.056 3.626558046319894e-07
42100.056 4.814345614100237e-07
42150.056 3.705696378299487e-07
42200.056 3.572395464179971e-07
42250.056 3.6021126323490267e-07
42300.056 3.489423527060066e-07
42350.056 4.2907067286007706e-07
42400.056 3.8141502060012377e-07
42450.056 3.536785614720269e-07
42500.056 3.504942472490017e-07
42550.056 3.4880107247194365e-07
42600.056 3.514712982880879e-07
42650.056 3.853099406428531e-07
42700.056 3.71873688647036e-07
42750.056 3.4112348551397754e-07
42800.056 3.568434635180718e-07
42850.056 4.074112907798598e-07
42900.056 4.138919001641089e-07
42950.056 3.638031452118553e-07
43000.056 3.965588885640109e-07
43050.056 3.061129593251547e-07
43100.056 3.6917278987194024e-07
43150.056 3.535098364170608e-07
43200.056 4.0552138336002085e-07
43250.056 4.36439150070002e-07
43300.056 4.434820107600051e-07
43350.056 3.465457535459348e-07
43400.056 3.8377209487695526e-07
43450.056 3.6050243084906536e-07
43500.056 3.3704364812697347e-07
43550.056 3.5648442178108325e-07
43600.056 4.4725930600603524e-07
43650.056 3.700686022570031e-07
43700.056 4.046545902500309e-07
43750.056 4.0533042088709727e-07
43800.056 3.768855244049499e-07
43850.056 3.591680207700637e-07
43900.056 3.8764640895994805e-07
43950.056 3.073653618750079e-07
44000.056 2.9981721521499915e-07
44050.056 3.9843574301103443e-07
44100.056 4.463483440800303e-07
44150.056 4.151668213769108e-07
44200.056 3.992487113159961e-07
44250.056 3.458205376550098e-07
44300.056 3.197729270340653e-07
44350.056 3.328691626185789e-07
44400.056 3.5462884275900433e-07
44450.056 3.826763005309619e-07
44500.056 3.991828847711017e-07
44550.056 4.2960314141992775e-07
44600.056 3.641068244050564e-07
44650.056 4.0641663595508627e-07
44700.056 3.226655797100148e-07
44750.056 3.928325262120097e-07
44800.056 3.662163351880303e-07
44850.056 3.869759872200733e-07
44900.056 3.4373098965702907e-07
44950.056 3.6858271376002284e-07
45000.056 3.884623349399583e-07
45050.056 3.85114655313002e-07
45100.056 3.8299672942999185e-07
45150.056 3.795590111459621e-07
45200.056 3.3541701432802875e-07
45250.056 3.579707436828947e-07
45300.056 3.337385445590561e-07
45350.056 3.444666523179714e-07
45400.056 4.159312551060369e-07
45450.056 3.719997342599557e-07
45500.056 3.826575656049958e-07
45550.056 4.2246281506190385e-07
45600.056 4.136807567000241e-07
45650.056 3.393616432029408e-07
45700.056 3.572285077180478e-07
45750.056 3.308209375929838e-07
45800.056 4.050357778599946e-07
45850.056 4.346969220559934e-07
45900.056 4.460675676400075e-07
45950.056 3.7841999911899465e-07
46000.056 4.283296723950128e-07
46050.056 3.9303500516503195e-07
46100.056 4.1042268209999217e-07
46150.056 3.7486405594498125e-07
46200.056 3.7420382963005314e-07
46250.056 2.999213187590551e-07
46300.056 4.099842168139901e-07
46350.056 3.754709229150156e-07
46400.056 3.697879953900054e-07
46450.056 3.6370589368105673e-07
46500.056 3.622845167410507e-07
46550.056 3.618454120199776e-07
46600.056 3.845205866099984e-07
46650.056 4.928466320599422e-07
46700.056 4.165008949700639e-07
46750.056 3.1558202576998515e-07
46800.056 2.9580902979203343e-07
46850.056 4.7417256024009714e-07
46900.056 4.2879689534994064e-07
46950.056 4.467702164600156e-07
47000.056 3.9448857750001647e-07
47050.056 4.1324154356485657e-07
47100.056 3.124160110870541e-07
47150.056 3.559272220930299e-07
47200.056 4.121673708660399e-07
47250.056 3.4451752844998646e-07
47300.056 2.950575098468786e-07
47350.056 4.021304239299517e-07
47400.056 4.214073518079432e-07
47450.056 3.9626476550602013e-07
47500.056 4.4167272955792346e-07
47550.056 3.934771477099898e-07
47600.056 3.9960680730996877e-07
47650.056 3.36576270672926e-07
47700.056 4.010796481150923e-07
47750.056 2.8325288159402354e-07
47800.056 3.54022843624002e-07
47850.056 2.7062393531098926e-07
47900.056 3.4063884249095654e-07
47950.056 3.2986295141404556e-07
48000.056 4.6300615956006587e-07
48050.056 4.1120074691002386e-07
48100.056 3.239581007330145e-07
48150.056 3.6802729886003664e-07
48200.056 3.6671212116501827e-07
48250.056 3.4521202666000563e-07
48300.056 4.258220533198488e-07
48350.056 2.988966886410264e-07
48400.056 2.609189215255688e-07
48450.056 3.3899408405210013e-07
48500.056 4.31754314827956e-07
48550.056 3.293258843239938e-07
48600.056 3.822850984600036e-07
48650.056 3.624818787399694e-07
48700.056 3.638375843629872e-07
48750.056 2.6639962684211944e-07
48800.056 4.6501633005499297e-07
48850.056 3.013213830439408e-07
48900.056 4.218214070340103e-07
48950.056 3.5228444315005093e-07
49000.056 2.4232430510794055e-07
49050.056 3.746915620299874e-07
49100.056 3.835165014590734e-07
49150.056 3.568978572945337e-07
49200.056 4.0833960165003616e-07
49250.056 4.0263282325005167e-07
49300.056 3.519997881899969e-07
49350.056 2.696176103120418e-07
49400.056 3.442606232699802e-07
49450.056 3.374011256741122e-07
49500.056 2.9918254581196677e-07
49550.056 2.0597581506202394e-07
49600.056 2.924780418860739e-07
49650.056 3.304084287639934e-07
49700.056 3.006838655309132e-07
49750.056 3.7145979274990474e-07
49800.056 3.139579261078262e-07
49850.056 4.28444540010102e-07
49900.056 3.4350007030598553e-07
49950.056 3.4552642567998016e-07
50000.056 3.254126307779662e-07
50050.056 3.738265728900066e-07
50100.056 3.286032090910133e-07
50150.056 2.417948958659734e-07
50200.056 1.458402680220105e-07
50250.056 3.2444193262995765e-07
50300.056 2.6742852353601843e-07
50350.056 3.9295439336403023e-07
50400.056 3.363262138059772e-07
50450.056 2.8682868232905257e-07
50500.056 3.482888617460528e-07
50550.056 3.1704955458001467e-07
50600.056 3.0260544715093866e-07
50650.056 3.628210972500935e-07
50700.056 3.8691473106985033e-07
50750.056 3.4115046292606333e-07
50800.056 2.1936998791898344e-07
50850.056 2.2192753793807283e-07
50900.056 3.7772516008400725e-07
50950.056 3.0599292491606234e-07
51000.056 3.4723708782103126e-07
51050.056 3.0399283547701086e-07
51100.056 2.0591090321597767e-07
51150.056 2.792789050405587e-07
51200.056 3.953529456799801e-07
51250.056 2.9874936000291687e-07
51300.056 2.551269234411407e-07
51350.056 2.660664918509865e-07
51400.056 1.7717037735698707e-07
51450.056 1.5260345436795557e-07
51500.056 1.7880799651706137e-07
51550.056 3.4926746122002867e-07
51600.056 2.5168371679304574e-07
51650.056 2.573381332459457e-07
51700.056 2.6985021944993935e-07
51750.056 2.0628470661803499e-07
51800.056 2.946262470659249e-07
51850.056 2.8107359765099716e-07
51900.056 3.70043192194093e-07
51950.056 2.9987231246397126e-07
52000.056 1.4175904785698077e-07
52050.056 2.4748550028703515e-07
52100.056 1.8684693227096954e-07
52150.056 1.7573825434501195e-07
52200.056 1.813705497949984e-07
52250.056 2.2475560398703465e-07
52300.056 3.1625987213997454e-07
52350.056 2.494896884400175e-07
52400.056 1.7269020095100794e-07
52450.056 2.8084967264801674e-07
52500.056 2.764137609259229e-07
52550.056 2.935783662539123e-07
52600.056 2.473806321940492e-07
52650.056 2.632419751040567e-07
52700.056 2.386865925669978e-07
52750.056 1.6610060113899154e-07
52800.056 2.08024996091032e-07
52850.056 2.1340693084393417e-07
52900.056 2.0301263299002016e-07
52950.056 2.1431654853799192e-07
53000.056 2.7791805195499896e-07
53050.056 1.6455471962293616e-07
53100.056 2.060211891649302e-07
53150.056 3.0594191326003546e-07
53200.056 1.628631074865954e-07
53250.056 2.8654201332002304e-07
53300.056 2.8715527143915517e-07
53350.056 2.787682433799819e-07
53400.056 2.704555053300258e-07
53450.056 1.6085689353699597e-07
53500.056 1.0656902268176441e-07
53550.056 1.6655823283696905e-07
53600.056 2.395574333010299e-07
53650.056 1.884946685411664e-07
53700.056 1.837859019820427e-07
53750.056 1.839374776650323e-07
53800.056 1.8759041720804744e-07
53850.056 2.527838515669049e-07
53900.056 1.785032009390317e-07
53950.056 2.531945896739829e-07
54000.056 1.9049698968103347e-07
54050.056 2.2384093445002686e-07
54100.056 1.1638296410697327e-07
54150.056 1.5802635080103312e-07
54200.056 8.549267569499347e-08
54250.056 1.2851145946901617e-07
54300.056 1.3137595890698713e-07
54350.056 1.8642719854395705e-07
54400.056 2.1284401781094855e-07
54450.056 1.8986917114069993e-07
54500.056 1.7815565957900192e-07
54550.056 1.5590715338100253e-07
54600.056 1.7378080173098793e-07
54650.056 1.0900284537298351e-07
54700.056 2.0584827748096815e-07
54750.056 2.0103045992501842e-07
54800.056 1.2970582772999805e-07
54850.056 1.5871960134601308e-07
54900.056 1.994591753429778e-07
54950.056 2.2632821074394505e-07
55000.056 1.5574165916295829e-07
55050.056 1.825552310739859e-07
55100.056 1.913019438280283e-07
55150.056 1.3850085754895627e-07
55200.056 1.4435868663499813e-07
55250.056 1.4355381121500954e-07
55300.056 1.283412517719924e-07
55350.056 1.9260701943404286e-07
55400.056 2.0329256483405042e-07
55450.056 1.4873285190458648e-07
55500.056 9.006766901862026e-08
55550.056 1.2818982294197872e-07
55600.056 1.5451738218697402e-07
55650.056 1.1141688041577539e-07
55700.056 1.435349002460222e-07
55750.056 1.3923474805098344e-07
55800.056 1.1028066055601733e-07
55850.056 9.501115038499963e-08
55900.056 1.478122453529777e-07
55950.056 2.1384778288902524e-07
56000.056 1.228713383489718e-07
56050.056 1.4152228278301222e-07
56100.056 1.6838235856899476e-07
56150.056 1.2659747469802096e-07
56200.056 1.346947597489554e-07
56250.056 1.431206474260296e-07
56300.056 1.484874205099832e-07
56350.056 1.6128773187501948e-07
56400.056 1.0197944225498877e-07
56450.056 1.0702347987001332e-07
56500.056 1.1847979247103032e-07
56550.056 8.57631715639992e-08
56600.056 1.5248455338195016e-07
56650.056 1.7298264569302922e-07
56700.056 1.7041780910101194e-07
56750.056 1.0024280420498797e-07
56800.056 1.60323512861034e-07
56850.056 1.4266428778800025e-07
56900.056 1.0711003512701139e-07
56950.056 1.6606058985398792e-07
57000.056 1.723611600019908e-07
57050.056 1.3530095208995181e-07
57100.056 7.216199453899654e-08
57150.056 1.250585779400545e-07
57200.056 9.984372201499316e-08
57250.056 1.0151931625199597e-07
57300.056 1.3753888403702172e-07
57350.056 9.426136793199721e-08
57400.056 1.6375245159598476e-07
57450.056 1.3503590371496295e-07
57500.056 1.4053002553406546e-07
57550.056 1.5678101800302387e-07
57600.056 1.6734945360596824e-07
57650.056 7.140035173200772e-08
57700.056 9.768304881099473e-08
57750.056 1.4004015656800705e-07
57800.056 8.784103387296792e-08
57850.056 1.7699308952901674e-07
57900.056 1.8561353116400983e-07
57950.056 1.9126832092498974e-07
58000.056 1.1680225904896839e-07
58050.056 1.4470870962398713e-07
58100.056 1.4376310113401756e-07
58150.056 1.4582447998697593e-07
58200.056 7.659159578299942e-08
58250.056 8.953590578597498e-08
58300.056 7.134425289400404e-08
58350.056 9.549567324601418e-08
58400.056 1.124996737620093e-07
58450.056 1.221947253890322e-07
58500.056 1.337579166360179e-07
58550.056 1.455052351020105e-07
58600.056 9.773540058198063e-08
58650.056 1.2017799554898065e-07
58700.056 1.1974891723898544e-07
58750.056 1.4204501889499424e-07
58800.056 5.468660476298412e-08
58850.056 1.0954895103400531e-07
58900.056 1.2763493501199612e-07
58950.056 9.141851871196001e-08
59000.056 1.4065190177202873e-07
59050.056 1.1489645967798301e-07
59100.056 1.7690729921397782e-07
59150.056 1.4759256146095386e-07
59200.056 1.3062058220199248e-07
59250.056 1.5647017031404655e-07
59300.056 1.61514830427018e-07
59350.056 7.888732638499707e-08
59400.056 7.816284261197995e-08
59450.056 1.3574974215801844e-07
59500.056 8.945381877197561e-08
59550.056 9.861648703499175e-08
59600.056 1.5973024496402056e-07
59650.056 1.4888585309800915e-07
59700.056 9.113444713498114e-08
59750.056 1.7734780658496378e-07
59800.056 1.2342801591001645e-07
59850.056 1.437841106739916e-07
59900.056 1.0064698547397992e-07
59950.056 1.251761851980082e-07
60000.056 1.8774449797503442e-07
60050.056 1.5720509386305797e-07
60100.056 1.6112182429193517e-07
60150.056 1.0819454168998199e-07
60200.056 1.4437060434698579e-07
60250.056 1.4382038482103278e-07
60300.056 1.4312594799395936e-07
60350.056 1.1322024396002092e-07
60400.056 1.477977674029554e-07
60450.056 7.783049181498124e-08
60500.056 5.649292037601054e-08
60550.056 1.1921192259401315e-07
60600.056 1.426269200240213e-07
60650.056 1.3194093561796292e-07
60700.056 1.14598264505004e-07
60750.056 9.416472958001678e-08
60800.056 1.342654936159786e-07
60850.056 1.6542749778103504e-07
60900.056 1.58533783870081e-07
60950.056 1.2101596869304068e-07
61000.056 1.474146639840133e-07
61050.056 1.1294604204098518e-07
61100.056 1.2573744995302294e-07
61150.056 7.549354723899968e-08
61200.056 1.495976467770096e-07
61250.056 1.543814920749886e-07
61300.056 1.2409672260403907e-07
61350.056 1.7568595769595372e-07
61400.056 1.3084813696803655e-07
61450.056 1.1157737319300069e-07
61500.056 1.0812975160506761e-07
61550.056 1.312776272159717e-07
61600.056 9.798703931900092e-08
61650.056 1.0596549068399115e-07
61700.056 1.0546216413098742e-07
61750.056 1.254205219039734e-07
61800.056 1.5433245936999694e-07
61850.056 8.636824785298913e-08
61900.056 1.678383682900473e-07
61950.056 1.454365398950107e-07
62000.056 1.3861022987502837e-07
62050.056 1.388968630899734e-07
62100.056 1.2977433481996006e-07
62150.056 1.341229307350408e-07
62200.056 1.5031579794596024e-07
62250.056 1.5145995940795777e-07
62300.056 1.733634231609715e-07
62350.056 1.6152874313596238e-07
62400.056 1.1843185467702389e-07
62450.056 1.3619702362099889e-07
62500.056 1.5835863949596075e-07
62550.056 1.6429160377898943e-07
62600.056 1.576570248640159e-07
62650.056 1.374653208160248e-07
62700.056 1.484657176659897e-07
62750.056 1.789423744249746e-07
62800.056 1.5448748151597978e-07
62850.056 1.5273373473597638e-07
62900.056 1.5449065888792802e-07
62950.056 1.6574456179801513e-07
63000.056 1.2632651100302742e-07
63050.056 1.985309140290125e-07
63100.056 1.9596867924997218e-07
63150.056 1.4373548801898808e-07
63200.056 1.7721420530800293e-07
63250.056 1.5643853703399837e-07
63300.056 1.4277895951798671e-07
63350.056 1.8956234797801789e-07
63400.056 1.1829216855498882e-07
63450.056 9.264795945800369e-08
63500.056 1.7765884749401314e-07
63550.056 1.4835342677396128e-07
63600.056 1.3271762377900042e-07
63650.056 1.442078744540147e-07
63700.056 1.0902379510399108e-07
63750.056 1.277536423889677e-07
63800.056 1.34215949147006e-07
63850.056 1.4219183656303804e-07
63900.056 1.1754896041204567e-07
63950.056 1.2474068547004226e-07
64000.056 1.514964809720182e-07
64050.056 1.2257876230097266e-07
64100.056 6.56404459060077e-08
64150.056 7.782260841299126e-08
64200.056 7.116350705500578e-08
64250.056 1.2244774504499144e-07
64300.056 1.0257366528499009e-07
64350.056 8.191435322300783e-08
64400.056 1.2156990910700407e-07
64450.056 1.0985518226299832e-07
64500.056 8.419909996199438e-08
64550.056 1.0613931900699623e-07
64600.056 9.702684847098946e-08
64650.056 1.2059329278001975e-07
64700.056 6.500654152598571e-08
64750.056 8.259808077199105e-08
64800.056 6.935968788201522e-08
64850.056 6.474580176901328e-08
64900.056 7.12408906909643e-08
64950.056 6.736468228099834e-08
65000.056 8.506650335202827e-08
65050.056 9.984769001798842e-08
65100.056 9.445174038500518e-08
65150.056 9.481564975399972e-08
65200.056 7.855015422599543e-08
65250.056 1.1160780568298262e-07
65300.056 1.11285830538016e-07
65350.056 1.493541696660003e-07
65400.056 9.499705150699845e-08
65450.056 1.0176779317898888e-07
65500.056 1.2724015411999135e-07
65550.056 8.496958109599389e-08
65600.056 1.2012651122604832e-07
65650.056 1.0874096762799424e-07
65700.056 1.0733410666601579e-07
65750.056 8.527933272101883e-08
65800.056 1.1511300231001669e-07
65850.056 1.4313170883798398e-07
65900.056 8.078888751201458e-08
65950.056 6.646043011800292e-08
66000.056 8.354503572101714e-08
66050.056 1.6176016298203173e-07
66100.056 1.0919966931601612e-07
66150.056 9.677716608800278e-08
66200.056 8.73648546600022e-08
66250.056 8.453547216998912e-08
66300.056 6.232943954700344e-08
66350.056 5.902801587702642e-08
66400.056 8.236415134297711e-08
66450.056 1.2118638703200362e-07
66500.056 1.6485330718904569e-07
66550.056 1.4599037548997606e-07
66600.056 1.15119375863066e-07
66650.056 1.2981728920905985e-07
66700.056 1.0051989488899713e-07
66750.056 1.3636053058701887e-07
66800.056 1.4504171695599125e-07
66850.056 8.950814742306452e-08
66900.056 1.3760250818709121e-07
66950.056 1.6344762018605168e-07
67000.056 1.7878287373601523e-07
67050.056 1.0483673884295582e-07
67100.056 1.1039639973301961e-07
67150.056 9.562108947901276e-08
67200.056 1.2958757004204927e-07
67250.056 1.1911253256700274e-07
67300.056 1.336442770440075e-07
67350.056 1.3200759286900718e-07
67400.056 1.4559630815097257e-07
67450.056 1.1874058062602916e-07
67500.056 9.050367700199154e-08
67550.056 1.2327864230102873e-07
67600.056 1.8519840896799472e-07
67650.056 1.4061745227108908e-07
67700.056 1.1516033557692674e-07
67750.056 1.01053395717975e-07
67800.056 1.1146764801891342e-07
67850.056 1.0029215449601111e-07
67900.056 1.0050648368199569e-07
67950.056 1.0255108218697872e-07
68000.056 1.3166829786798508e-07
68050.056 1.2975745851297928e-07
68100.056 1.3526505919605926e-07
68150.056 1.1885868960996877e-07
68200.056 1.0936246967703932e-07
68250.056 8.985828706297344e-08
68300.056 1.1218286135398713e-07
68350.056 9.67308876249648e-08
68400.056 1.3783199376397355e-07
68450.056 1.464107497460451e-07
68500.056 1.2555564127297978e-07
68550.056 9.302848707400377e-08
68600.056 1.0463034186901557e-07
68650.056 7.095455333102181e-08
68700.056 1.0055670217101525e-07
68750.056 1.2543055094403004e-07
68800.056 1.3471252180892687e-07
68850.056 1.0267369083695528e-07
68900.056 1.749576887060157e-07
68950.056 1.6602964631007716e-07
69000.056 1.2976875432697185e-07
69050.056 1.0106015599995531e-07
69100.056 1.7278551134595435e-07
69150.056 1.8188446940202875e-07
69200.056 1.2207922135203245e-07
69250.056 1.6136738334697617e-07
69300.056 1.4885555817401043e-07
69350.056 1.5034122882896898e-07
69400.056 9.80202536039843e-08
69450.056 1.5708614552102688e-07
69500.056 1.4166931671596858e-07
69550.056 1.3136548236200564e-07
69600.056 6.603228267200371e-08
69650.056 1.1623068406306274e-07
69700.056 1.4443782147398164e-07
69750.056 1.0731541286599914e-07
69800.056 1.25931966118992e-07
69850.056 1.4371606723007606e-07
69900.056 1.3764688962799355e-07
69950.056 1.3257129990601495e-07
70000.056 1.0995796877099967e-07
70050.056 1.6037873951105374e-07
70100.056 1.1113111889303382e-07
70150.056 1.1401825347399604e-07
70200.056 1.0470951379700939e-07
70250.056 1.1579816162897852e-07
70300.056 1.4007656507997447e-07
70350.056 1.2760680498198678e-07
70400.056 1.1915101634101293e-07
70450.056 7.087321453100875e-08
70500.056 9.772633688803244e-08
70550.056 8.864615098299768e-08
70600.056 8.635598924399779e-08
70650.056 1.1898608763101083e-07
70700.056 1.0950277909700927e-07
70750.056 1.3397268074207702e-07
70800.056 1.0892104091299848e-07
70850.056 9.470779236202259e-08
70900.056 1.278185294799809e-07
70950.056 1.3057281201703001e-07
71000.056 1.1152429640495643e-07
71050.056 1.235680549290284e-07
71100.056 9.08279153780443e-08
71150.056 8.961003521997341e-08
71200.056 1.0721720880302892e-07
71250.056 1.211583560230151e-07
71300.056 9.853437090096402e-08
71350.056 1.3027818709902944e-07
71400.056 1.2379536395493615e-07
71450.056 9.411513051601077e-08
71500.056 9.126008995797865e-08
71550.056 8.389940673500578e-08
71600.056 1.0900917919698224e-07
71650.056 1.0567346150500677e-07
71700.056 8.332518741499331e-08
71750.056 8.597668739798501e-08
71800.056 1.1118249248099326e-07
71850.056 1.0424099501196749e-07
71900.056 9.616627408897634e-08
71950.056 1.0063417979193956e-07
72000.056 9.297214845402905e-08
72050.056 8.329533334502576e-08
72100.056 8.072362727900463e-08
72150.056 1.0231364636397368e-07
72200.056 7.873907778101945e-08
72250.056 1.1128850351502816e-07
72300.056 8.208398549702172e-08
72350.056 9.70731596909887e-08
72400.056 9.209575016102431e-08
72450.056 8.42491992689498e-08
72500.056 9.596428140904607e-08
72550.056 5.91599225570154e-08
72600.056 9.42043467960018e-08
72650.056 9.125544707201526e-08
72700.056 8.157469813399577e-08
72750.056 9.609916347197538e-08
72800.056 7.203575234603158e-08
72850.056 7.233533737100858e-08
72900.056 1.0371433142000107e-07
72950.056 7.844094477800198e-08
73000.056 8.232706728296016e-08
73050.056 6.980774716303138e-08
73100.056 8.15665381180215e-08
73150.056 9.652591171096937e-08
73200.056 6.350463256696207e-08
73250.056 8.140212646897791e-08
73300.056 6.200665442199016e-08
73350.056 6.857129024698516e-08
73400.056 8.243578154798285e-08
73450.056 6.942740010199044e-08
73500.056 7.628841948100178e-08
73550.056 8.060215263699027e-08
73600.056 7.223760965596637e-08
73650.056 7.613119559599764e-08
73700.056 6.811578728398014e-08
73750.056 6.176747644696861e-08
73800.056 7.382077466002616e-08
73850.056 7.554905898895768e-08
73900.056 7.902596555898108e-08
73950.056 7.746109225403696e-08
74000.056 5.99197149019908e-08
74050.056 9.292649996203157e-08
74100.056 8.487006870296148e-08
74150.056 8.310584211197523e-08
74200.056 6.715619796496595e-08
74250.056 5.695515658900557e-08
74300.056 7.034506393999725e-08
74350.056 8.050723234802097e-08
74400.056 8.482575835400042e-08
74450.056 6.499229779698386e-08
74500.056 6.807697885298674e-08
74550.056 7.829042615902082e-08
74600.056 5.9171604356022944e-08
74650.056 6.137673671002317e-08
74700.056 7.136790149501965e-08
74750.056 6.12960350379817e-08
74800.056 7.146225453301726e-08
74850.056 8.993233885103115e-08
74900.056 9.575811307095922e-08
74950.056 7.268374755297334e-08
75000.056 8.255825286501154e-08
75050.056 6.717871107800609e-08
75100.056 9.84220657210339e-08
75150.056 9.776309256001535e-08
75200.056 9.186607043398399e-08
75250.056 9.965771364798899e-08
75300.056 9.42938699710064e-08
75350.056 7.342498767999665e-08
75400.056 1.0938241840599991e-07
75450.056 1.0123634454203351e-07
75500.056 8.67794836900149e-08
75550.056 8.26122356170051e-08
75600.056 1.1282403732002838e-07
75650.056 8.947061322999219e-08
75700.056 1.0276542096296102e-07
75750.056 9.331133604209997e-08
75800.056 9.231993769396477e-08
75850.056 1.0548012067805836e-07
75900.056 1.0204801587199923e-07
75950.056 9.188799238497972e-08
76000.056 1.0021937738295998e-07
76050.056 1.0451606536896408e-07
76100.056 1.0075679858898633e-07
76150.056 1.0988839732795914e-07
76200.056 9.415957710304336e-08
76250.056 1.0794657842297683e-07
76300.056 1.1506906823196584e-07
76350.056 1.3806307270303555e-07
76400.056 1.187514943160488e-07
76450.056 1.2282933826104055e-07
76500.056 1.1127605661601605e-07
76550.056 8.679144576099602e-08
76600.056 4.704879424199697e-08
76650.056 5.807393656399323e-08
76700.056 5.361181126699812e-08
76750.056 5.823555831401585e-08
76800.056 7.554781072501617e-08
76850.056 6.619900045703813e-08
76900.056 6.156475639497656e-08
76950.056 5.279460271800863e-08
77000.056 5.8670000933994665e-08
77050.056 4.9779998389990796e-08
77100.056 5.8140168567006155e-08
77150.056 6.47058209769907e-08
77200.056 5.287765142499732e-08
77250.056 6.42680939580113e-08
77300.056 6.603149813899186e-08
77350.056 5.4879260122989536e-08
77400.056 5.20250007920013e-08
77450.056 5.904509557400024e-08
77500.056 6.351511843899219e-08
77550.056 6.494205698501e-08
77600.056 5.913507222399826e-08
77650.056 6.665031303401182e-08
77700.056 6.687757956296363e-08
77750.056 6.385652996101204e-08
77800.056 7.105841894900973e-08
77850.056 7.954870206000711e-08
77900.056 6.53655163769874e-08
77950.056 7.032413208400215e-08
78000.056 7.056073202800897e-08
78050.056 5.882380609800515e-08
78100.056 6.729762200802238e-08
78150.056 6.921257412403497e-08
78200.056 8.917602265798461e-08
78250.056 7.550535096601187e-08
78300.056 7.291909781598313e-08
78350.056 7.752896743602614e-08
78400.056 8.581999469998464e-08
78450.056 7.529787739903142e-08
78500.056 1.0068434748400309e-07
78550.056 8.474887017597564e-08
78600.056 9.442555444800491e-08
78650.056 7.860481149400465e-08
78700.056 8.597224004902843e-08
78750.056 8.511017032401694e-08
78800.056 8.621633678096796e-08
78850.056 7.536625673198044e-08
78900.056 8.361199052002567e-08
78950.056 8.908601844500004e-08
79000.056 8.634254499000955e-08
79050.056 8.105214542099929e-08
79100.056 9.248052921998984e-08
79150.056 8.275296705103993e-08
79200.056 9.03131318969953e-08
79250.056 8.006567260400246e-08
79300.056 9.188391933199495e-08
79350.056 9.613737272801081e-08
79400.056 7.997771155203132e-08
79450.056 8.311242295298973e-08
79500.056 1.0135595605498903e-07
79550.056 1.0515462740605223e-07
79600.056 9.435073505600545e-08
79650.056 9.748954325797878e-08
79700.056 9.45129077180053e-08
79750.056 9.49639499730099e-08
79800.056 7.802801675406047e-08
79850.056 1.0664130938500984e-07
79900.056 1.0937189514999243e-07
79950.056 1.2657026213399828e-07
