# %ECSV 1.0
# ---
# datatype:
# - {name: wav, unit: Angstrom, datatype: float64}
# - {name: flux_nu, unit: erg / (cm2 Hz s), datatype: float64}
# schema: astropy-2.0
wav flux_nu
3000.0480007680403 nan
3050.0480007680403 0.0
3100.0480007680403 0.0
3150.0480007680403 0.0
3200.0480007680403 0.0
3250.0480007680403 0.0
3300.0480007680403 0.0
3350.0480007680403 0.0
3400.0480007680403 0.0
3450.0480007680403 0.0
3500.0480007680403 0.0
3550.0480007680403 0.0
3600.0480007680403 0.0
3650.0480007680403 0.0
3700.0480007680403 0.0
3750.0480007680403 0.0
3800.0480007680403 0.0
3850.0480007680403 0.0
3900.0480007680403 0.0
3950.0480007680403 0.0
4000.0480007680403 0.0
4050.0480007680403 0.0
4100.04800076804 0.0
4150.04800076804 0.0
4200.04800076804 0.0
4250.04800076804 0.0
4300.04800076804 0.0
4350.04800076804 0.0
4400.04800076804 0.0
4450.04800076804 0.0
4500.04800076804 0.0
4550.04800076804 0.0
4600.04800076804 0.0
4650.04800076804 0.0
4700.04800076804 0.0
4750.04800076804 0.0
4800.04800076804 0.0
4850.04800076804 0.0
4900.04800076804 0.0
4950.04800076804 0.0
5000.04800076804 1.295548098953316e-12
5050.04800076804 3.4911836555079507e-12
5100.04800076804 4.149426837944908e-12
5150.04800076804 4.968170129486989e-12
5200.04800076804 5.931980445492311e-12
5250.04800076804 7.020382811955727e-12
5300.04800076804 8.262541185837349e-12
5350.04800076804 9.681784092014584e-12
5400.04800076804 1.121342352666241e-11
5450.04800076804 1.3004962683242913e-11
5500.04800076804 1.505885286724959e-11
5550.04800076804 1.734679632896298e-11
5600.04800076804 1.9786833241136863e-11
5650.04800076804 2.2239610817143364e-11
5700.04800076804 2.411568999676978e-11
5750.04800076804 2.602970853414758e-11
5800.04800076804 2.6189762659453174e-11
5850.04800076804 2.2579717126507438e-11
5900.04800076804 6.4679919150041464e-12
5950.04800076804 1.1972292415288158e-11
6000.04800076804 3.810943563334791e-11
6050.04800076804 5.721127605063051e-11
6100.04800076804 7.444005020399889e-11
6150.04800076804 9.066530057508413e-11
6200.04800076804 1.0674902924438706e-10
6250.04800076804 1.2215328421041016e-10
6300.04800076804 1.4020556137335155e-10
6350.04800076804 1.5950221353514992e-10
6400.04800076804 1.798000031888362e-10
6450.04800076804 1.901735311448059e-10
6500.04800076804 2.1408015028054019e-10
6550.04800076804 2.4405343130536186e-10
6600.04800076804 2.78266508095407e-10
6650.04800076804 3.176088185904825e-10
6700.04800076804 3.638116286994025e-10
6750.04800076804 4.116743345732427e-10
6800.04800076804 4.610523868620784e-10
6850.04800076804 5.14440980584914e-10
6900.04800076804 5.183204975969568e-10
6950.04800076804 5.093576524817492e-10
7000.04800076804 5.903294662811871e-10
7050.04800076804 6.085858693562224e-10
7100.04800076804 6.531031299137873e-10
7150.04800076804 5.382635617549097e-10
7200.04800076804 4.957843382032411e-10
7250.04800076804 5.928842790371038e-10
7300.04800076804 6.319965871559936e-10
7350.04800076804 7.44035691251591e-10
7400.04800076804 8.473628672624451e-10
7450.04800076804 1.0257012291120102e-09
7500.04800076804 1.1773450654067695e-09
7550.04800076804 1.341026446531848e-09
7600.04800076804 1.4953182954160401e-09
7650.04800076804 1.6176764216860664e-09
7700.04800076804 1.1690274717760992e-09
7750.04800076804 5.875263611436891e-10
7800.04800076804 1.8718701334490843e-09
7850.04800076804 2.036814527211459e-09
7900.04800076804 2.2405462428440573e-09
7950.04800076804 2.439210748534682e-09
8000.04800076804 2.4812128121636934e-09
8050.04800076804 2.536626988733369e-09
8100.04800076804 1.8791337346021783e-09
8150.04800076804 1.7507424678642752e-09
8200.04800076804 2.3305383955698266e-09
8250.04800076804 2.3404686042606566e-09
8300.04800076804 2.585523014612535e-09
8350.04800076804 2.3421860257791468e-09
8400.04800076804 2.434520148839954e-09
8450.04800076804 2.813847383762765e-09
8500.04800076804 3.1910636451881393e-09
8550.04800076804 3.6490629605280404e-09
8600.04800076804 4.130792335018428e-09
8650.04800076804 4.459507406030092e-09
8700.04800076804 4.363499501085568e-09
8750.04800076804 4.5921343236198285e-09
8800.04800076804 4.36793970702931e-09
8850.04800076804 3.065919212969438e-09
8900.04800076804 6.48994635537882e-10
8950.04800076804 8.437810557171089e-10
9000.04800076804 5.61327404994039e-10
9050.04800076804 1.7242829166429815e-09
9100.04800076804 2.1157685824786536e-09
9150.04800076804 2.0304270859214727e-09
9200.04800076804 3.1718710288408664e-09
9250.04800076804 2.7465330471881358e-09
9300.04800076804 3.1873715752548583e-10
9350.04800076804 3.656297079359854e-10
9400.04800076804 7.09933432595031e-10
9450.04800076804 9.131238812455436e-10
9500.04800076804 7.325679676413788e-10
9550.04800076804 8.92136284551981e-10
9600.04800076804 7.384932236422907e-10
9650.04800076804 1.016879723716899e-09
9700.04800076804 1.5728705545721316e-09
9750.04800076804 1.4520400004777223e-09
9800.04800076804 1.7441768296091741e-09
9850.04800076804 1.927417536435501e-09
9900.04800076804 2.6449536316265658e-09
9950.04800076804 2.383003153790044e-09
10000.04800076804 3.289212726821329e-09
10050.04800076804 3.4132439261313896e-09
10100.04800076804 4.741186255798324e-09
10150.04800076804 5.8241937510845896e-09
10200.04800076804 7.47931517540906e-09
10250.04800076804 8.932264134432169e-09
10300.04800076804 1.0576423343705311e-08
10350.04800076804 1.3098459044906739e-08
10400.04800076804 1.6807370722194702e-08
10450.04800076804 1.916024238028938e-08
10500.04800076804 2.1418973677023743e-08
10550.04800076804 2.395282936393593e-08
10600.04800076804 2.4209809732745222e-08
10650.04800076804 2.509347518832156e-08
10700.04800076804 2.4129044243419086e-08
10750.04800076804 2.409697525396498e-08
10800.04800076804 2.142099466886979e-08
10850.04800076804 1.8402910732164302e-08
10900.04800076804 1.1488307239435636e-08
10950.04800076804 4.872245948251966e-09
11000.04800076804 2.985867846547723e-09
11050.04800076804 1.7589496658751816e-09
11100.04800076804 9.624801761654198e-10
11150.04800076804 3.8350758422083086e-10
11200.04800076804 2.262851645475334e-10
11250.04800076804 2.8823325527767964e-10
11300.04800076804 4.568939841896323e-10
11350.04800076804 1.3701888347558374e-10
11400.04800076804 3.7384923775369776e-10
11450.04800076804 2.925830911919755e-10
11500.04800076804 1.8568272515066375e-10
11550.04800076804 4.015528912689352e-11
11600.04800076804 3.758406538491976e-11
11650.04800076804 1.3928603279575137e-10
11700.04800076804 1.5329727044285254e-10
11750.04800076804 2.2262676462090593e-11
11800.04800076804 1.8916257977425446e-10
11850.04800076804 4.154365631765991e-10
11900.04800076804 4.6255798612565325e-10
11950.04800076804 8.020767620727033e-10
12000.04800076804 1.6239738825832313e-09
12050.04800076804 2.8612092190330963e-09
12100.04800076804 5.044155793735657e-09
12150.04800076804 7.672408047942277e-09
12200.04800076804 1.0241142883804396e-08
12250.04800076804 1.4843143898430346e-08
12300.04800076804 2.0195718657667122e-08
12350.04800076804 2.139184962288796e-08
12400.04800076804 2.985955731791692e-08
12450.04800076804 3.9421976641025064e-08
12500.04800076804 4.443555932994269e-08
12550.04800076804 4.985006667261393e-08
12600.04800076804 5.0227876504514924e-08
12650.04800076804 4.849118513430986e-08
12700.04800076804 4.758527157347158e-08
12750.04800076804 4.122043553368254e-08
12800.04800076804 3.652726350393059e-08
12850.04800076804 2.622772757336601e-08
12900.04800076804 1.9661236740808513e-08
12950.04800076804 1.6523460685205208e-08
13000.04800076804 1.4599211546138004e-08
13050.04800076804 9.86940165074655e-09
13100.04800076804 8.106023952650227e-09
13150.04800076804 5.485990605798454e-09
13200.04800076804 4.8386206407013205e-09
13250.04800076804 3.383754339848746e-09
13300.04800076804 1.1617909034481014e-09
13350.04800076804 3.5314365409916064e-10
13400.04800076804 2.186607332885579e-10
13450.04800076804 6.930877726637518e-11
13500.04800076804 2.851903767755908e-11
13550.04800076804 1.4530658607210531e-11
13600.04800076804 2.8058236162339397e-12
13650.04800076804 2.2826715470917135e-11
13700.04800076804 1.4372888383119124e-11
13750.04800076804 1.7972939232893096e-11
13800.04800076804 1.4879087201457425e-11
13850.04800076804 1.1473304293994072e-11
13900.04800076804 1.5142936838673412e-11
13950.04800076804 1.0829292881358235e-11
14000.04800076804 1.2313492253685932e-11
14050.04800076804 2.1863125795942347e-11
14100.04800076804 2.5184817593948773e-11
14150.04800076804 5.1490513914131907e-11
14200.04800076804 3.026597624097136e-11
14250.04800076804 4.382195132599678e-11
14300.04800076804 1.1524949265543955e-10
14350.04800076804 1.152755409506196e-10
14400.04800076804 1.3286364916310205e-10
14450.04800076804 1.7941033130997536e-10
14500.04800076804 4.5742445522388114e-10
14550.04800076804 5.009905318521265e-10
14600.04800076804 8.200807379767873e-10
14650.04800076804 8.538995165233262e-10
14700.04800076804 5.122172269030326e-10
14750.04800076804 8.093227337147297e-10
14800.04800076804 1.1087615562579674e-09
14850.04800076804 1.1788590191241168e-09
14900.04800076804 1.483922486708746e-09
14950.04800076804 2.0574296110224566e-09
15000.04800076804 2.5906479666304196e-09
15050.04800076804 2.7371252300471043e-09
15100.04800076804 3.545836151511095e-09
15150.04800076804 3.5389341312517512e-09
15200.04800076804 3.742281277099241e-09
15250.04800076804 5.824470501723531e-09
15300.04800076804 7.166701877839575e-09
15350.04800076804 9.597993646310442e-09
15400.04800076804 1.0870760102890053e-08
15450.04800076804 1.233900609714572e-08
15500.04800076804 1.3333186379186542e-08
15550.04800076804 1.6543971115485312e-08
15600.04800076804 1.7883238534496367e-08
15650.04800076804 1.8559803138399968e-08
15700.04800076804 2.3099039940163138e-08
15750.04800076804 2.530872840593059e-08
15800.04800076804 2.4699773138665117e-08
15850.04800076804 2.598504663931366e-08
15900.04800076804 2.111104122195719e-08
15950.04800076804 1.8493819974453154e-08
16000.04800076804 1.258089328098456e-08
16050.04800076804 6.932651190594605e-09
16100.04800076804 4.403615661521171e-09
16150.04800076804 2.1460585201149698e-09
16200.04800076804 1.1921396398802708e-09
16250.04800076804 9.842955751677868e-10
16300.04800076804 5.54410293330665e-10
16350.04800076804 6.73710353127689e-10
16400.04800076804 7.587168672069561e-10
16450.04800076804 7.909793481341778e-10
16500.04800076804 7.79858798819763e-10
16550.04800076804 7.222755935964078e-10
16600.04800076804 9.005753348795036e-10
16650.04800076804 6.393277977972261e-10
16700.04800076804 9.562606900568646e-11
16750.04800076804 3.267995949970981e-10
16800.04800076804 5.830092793488603e-10
16850.04800076804 6.920104946071639e-10
16900.04800076804 3.7806466094199836e-10
16950.04800076804 2.551544119942609e-10
17000.04800076804 1.4530066573316856e-10
17050.04800076804 2.30994815592491e-10
17100.04800076804 3.854321787085736e-10
17150.04800076804 1.851722761107968e-10
17200.04800076804 7.488039092967556e-10
17250.04800076804 4.04505498066023e-10
17300.04800076804 2.2984244186012749e-10
17350.04800076804 2.779364832100262e-10
17400.04800076804 4.1155303045834734e-10
17450.04800076804 6.256925937607406e-10
17500.04800076804 9.156305015829349e-10
17550.04800076804 7.37688623927099e-10
17600.04800076804 5.232933908168281e-10
17650.04800076804 4.460544561734121e-10
17700.04800076804 3.515402405737931e-10
17750.04800076804 3.6919162931598917e-10
17800.04800076804 7.0843246074489e-10
17850.04800076804 3.87628670524316e-10
17900.04800076804 3.373559190933812e-10
17950.04800076804 1.917148135435335e-10
18000.04800076804 3.0879213961615686e-10
18050.04800076804 4.1718252907239496e-10
18100.04800076804 3.264980268629545e-10
18150.04800076804 4.937454752801162e-10
18200.04800076804 2.8002537735604203e-10
18250.04800076804 8.216021147550781e-10
18300.04800076804 3.190606018622573e-10
18350.04800076804 2.1843185837655357e-10
18400.04800076804 1.5087567043000288e-10
18450.04800076804 5.265941669411766e-10
18500.04800076804 5.721486135159305e-10
18550.04800076804 3.6593345495777293e-10
18600.04800076804 4.978985629835843e-10
18650.04800076804 3.32573067345624e-10
18700.04800076804 1.6168149149309916e-10
18750.04800076804 3.100988782170016e-10
18800.04800076804 1.3388731313239152e-09
18850.04800076804 1.1658385923449757e-09
18900.04800076804 1.0520868568679698e-09
18950.04800076804 1.8169587701357525e-09
19000.04800076804 7.497813222008852e-10
19050.04800076804 4.700748601593148e-10
19100.04800076804 1.2439895578464358e-09
19150.04800076804 6.299244440133424e-10
19200.04800076804 1.1529110440698413e-09
19250.04800076804 9.334668131865242e-10
19300.04800076804 5.754600729712677e-10
19350.04800076804 7.805584652297057e-10
19400.04800076804 4.971678840062382e-10
19450.04800076804 1.113642822926471e-09
19500.04800076804 9.160661166737502e-10
19550.04800076804 7.984654412179582e-10
19600.04800076804 1.3690042700103343e-09
19650.04800076804 1.4396898145120548e-09
19700.04800076804 1.5574832044118981e-09
19750.04800076804 1.971270930729582e-09
19800.04800076804 2.517436074902169e-09
19850.04800076804 3.255076514388331e-09
19900.04800076804 2.846364834258069e-09
19950.04800076804 4.27669725274472e-09
20000.04800076804 4.447592587486195e-09
20050.04800076804 4.400723514470126e-09
20100.04800076804 5.370245648748244e-09
20150.04800076804 4.317542898393383e-09
20200.04800076804 4.830764066981741e-09
20250.04800076804 6.4386870673478346e-09
20300.04800076804 6.053358758825399e-09
20350.04800076804 7.017853576087993e-09
20400.04800076804 6.2186212338063656e-09
20450.04800076804 8.378379552994731e-09
20500.04800076804 8.383636416496229e-09
20550.04800076804 8.427522780654303e-09
20600.04800076804 9.1628684186733e-09
20650.04800076804 8.74868626218466e-09
20700.04800076804 8.947476962769557e-09
20750.04800076804 9.623481985189322e-09
20800.04800076804 8.773017398065798e-09
20850.04800076804 8.906161137798101e-09
20900.04800076804 9.158810780249748e-09
20950.04800076804 8.092631768757211e-09
21000.04800076804 8.304026698962144e-09
21050.04800076804 7.556271018508598e-09
21100.04800076804 7.147359775111812e-09
21150.04800076804 6.9170636739859295e-09
21200.04800076804 6.460285894951983e-09
21250.04800076804 5.956336862900607e-09
21300.04800076804 4.794458738256662e-09
21350.04800076804 4.8364153727274725e-09
21400.04800076804 4.401813364891067e-09
21450.04800076804 3.441220040977414e-09
21500.04800076804 3.582944218285633e-09
21550.04800076804 3.2749971002502203e-09
21600.04800076804 2.737279867198851e-09
21650.04800076804 2.2368963168239604e-09
21700.04800076804 2.2223702701104536e-09
21750.04800076804 2.528556080661881e-09
21800.04800076804 2.1382117710620697e-09
21850.04800076804 1.825031487928911e-09
21900.04800076804 1.4312038228776474e-09
21950.04800076804 3.4466635714815657e-10
22000.04800076804 1.0045569256156903e-10
22050.04800076804 1.4225294640871907e-10
22100.04800076804 3.782983953065843e-10
22150.04800076804 4.534942125295407e-10
22200.04800076804 4.0444720159810924e-10
22250.04800076804 3.7868431195335005e-10
22300.04800076804 2.0638832209516987e-10
22350.04800076804 2.5656872547163427e-10
22400.04800076804 1.2644250825460659e-10
22450.04800076804 1.476329343023178e-10
22500.04800076804 1.3838866248916927e-10
22550.04800076804 5.029655001359747e-11
22600.04800076804 9.23620723792133e-11
22650.04800076804 1.7024249521307255e-10
22700.04800076804 7.758029631410776e-11
22750.04800076804 8.645387293073218e-11
22800.04800076804 9.726536865905481e-11
22850.04800076804 8.312196340524946e-11
22900.04800076804 3.7379389897358817e-11
22950.04800076804 3.317536326255353e-11
23000.04800076804 7.798192868021355e-11
23050.04800076804 8.005606445726756e-11
23100.04800076804 2.442337805830378e-10
23150.04800076804 3.0923782771473216e-10
23200.04800076804 3.2333133398707536e-11
23250.04800076804 2.9953293590538274e-11
23300.04800076804 5.957499950164895e-11
23350.04800076804 4.256120511389541e-11
23400.04800076804 9.179638333055499e-11
23450.04800076804 5.5931316539103194e-11
23500.04800076804 4.631866036301869e-11
23550.04800076804 9.995753143530616e-11
23600.04800076804 1.0428587967785691e-10
23650.04800076804 2.055863101275721e-10
23700.04800076804 5.081330170826637e-11
23750.04800076804 2.9121817023216124e-11
23800.04800076804 1.2264690250360795e-10
23850.04800076804 9.716375818780932e-11
23900.04800076804 2.0307526505292473e-10
23950.04800076804 1.8078012420848763e-10
24000.04800076804 2.7219544830414274e-10
24050.04800076804 4.0698249235620045e-10
24100.04800076804 3.389424983224852e-10
24150.04800076804 4.45520156655052e-10
24200.04800076804 3.3786543631719514e-10
24250.04800076804 2.0173283767590054e-10
24300.04800076804 4.4793434034444764e-10
24350.04800076804 3.300420619728345e-10
24400.04800076804 6.37407012022075e-10
24450.04800076804 6.952392292838217e-10
24500.04800076804 7.174742690098627e-10
24550.04800076804 1.0307812295239842e-09
24600.04800076804 1.3147655904040047e-09
24650.04800076804 1.3877921963025756e-09
24700.04800076804 1.1366982967676717e-09
24750.04800076804 1.1867379593514738e-09
24800.04800076804 1.2332831749841929e-09
24850.04800076804 1.8210384975894746e-09
24900.04800076804 9.1577918736727e-10
24950.04800076804 1.5781844382190892e-09
25000.04800076804 1.8940003263490976e-09
25050.04800076804 1.1489683561452417e-09
25100.04800076804 1.5019152354029078e-09
25150.04800076804 7.510614963946764e-10
25200.04800076804 1.2184131048159463e-09
25250.04800076804 5.232866436196462e-10
25300.04800076804 8.809639405454953e-10
25350.04800076804 3.4409508958385105e-10
25400.04800076804 8.793796749401196e-10
25450.04800076804 3.8048811858105107e-10
25500.04800076804 3.008075796886835e-10
25550.04800076804 6.208527036935376e-10
25600.04800076804 1.2113262403780615e-10
25650.04800076804 1.615648768030608e-10
25700.04800076804 2.2778198679911405e-10
25750.04800076804 9.093771455165735e-11
25800.04800076804 3.8343197624233935e-10
25850.04800076804 7.585924190647456e-11
25900.04800076804 1.2700043288182297e-10
25950.04800076804 3.9758403301131124e-11
26000.04800076804 3.116595453277278e-10
26050.04800076804 6.048440371342438e-11
26100.04800076804 2.7003763649226623e-10
26150.04800076804 1.3683801969513942e-10
26200.04800076804 1.4787201107913353e-10
26250.04800076804 7.73833726064501e-10
26300.04800076804 2.320309754965797e-10
26350.04800076804 9.583020744892494e-10
26400.04800076804 1.4410243500978573e-09
26450.04800076804 1.2519825812367839e-09
26500.04800076804 1.7371349795181576e-09
26550.04800076804 4.5343051164115126e-10
26600.04800076804 4.329116705536245e-10
26650.04800076804 1.0703706861480531e-10
26700.04800076804 3.63154553831075e-11
26750.04800076804 7.532017613415761e-11
26800.04800076804 1.545926281617394e-10
26850.04800076804 1.0271475077861705e-10
26900.04800076804 4.564264301562303e-10
26950.04800076804 1.4829627877142154e-10
27000.04800076804 6.317882383100112e-10
27050.04800076804 6.579245958823691e-10
27100.04800076804 1.8118022995406235e-10
27150.04800076804 8.9354543474922e-10
27200.04800076804 1.4382427922288826e-10
27250.04800076804 4.104162234179944e-10
27300.04800076804 2.7054297918578815e-09
27350.04800076804 1.0004901676171647e-09
27400.04800076804 6.559373635355199e-11
27450.04800076804 1.4307881373995883e-09
27500.04800076804 1.8252821326646508e-09
27550.04800076804 3.2172070740302496e-10
27600.04800076804 8.888481463528371e-10
27650.04800076804 2.4371608102074364e-10
27700.04800076804 1.8269283364805516e-10
27750.04800076804 1.0979834521420498e-09
27800.04800076804 3.732435167090011e-10
27850.04800076804 5.225462092541688e-10
27900.04800076804 6.934296381184049e-10
27950.04800076804 1.5163477384678252e-09
28000.04800076804 1.2817500751630932e-09
28050.04800076804 2.623137273720545e-10
28100.04800076804 2.083088590210488e-09
28150.04800076804 1.2039509487122912e-09
28200.04800076804 2.789400665626931e-10
28250.04800076804 2.2561204856294156e-09
28300.04800076804 3.5625950496179627e-09
28350.04800076804 5.075437370377923e-10
28400.04800076804 1.8708374252330984e-09
28450.04800076804 3.5524306799383164e-09
28500.04800076804 1.802030914236073e-09
28550.04800076804 4.0741051618932516e-10
28600.04800076804 2.6518611452692696e-09
28650.04800076804 2.915827435460563e-09
28700.04800076804 2.3891877985530496e-09
28750.04800076804 4.846031950097361e-09
28800.04800076804 3.697827806561541e-09
28850.04800076804 4.78163789908854e-09
28900.04800076804 2.024313832748728e-09
28950.04800076804 6.752847035126958e-09
29000.04800076804 3.6197864458237926e-09
29050.04800076804 4.315679299162861e-09
29100.04800076804 2.9909910514129235e-09
29150.04800076804 7.019858370011195e-09
29200.04800076804 4.481458592818217e-09
29250.04800076804 6.2523740494429605e-09
29300.04800076804 3.825281656345016e-09
29350.04800076804 1.674440997765725e-08
29400.04800076804 4.351304715940825e-09
29450.04800076804 5.541969372402029e-09
29500.04800076804 8.539277866546502e-09
29550.04800076804 5.185518086059105e-09
29600.04800076804 9.177340880352015e-09
29650.04800076804 1.0505520294266733e-08
29700.04800076804 4.573174819058901e-09
29750.04800076804 7.619206733177655e-09
29800.04800076804 9.239761768913478e-09
29850.04800076804 1.2659641072251148e-08
29900.04800076804 1.2724964282385065e-08
29950.04800076804 8.853478217541153e-09
30000.04800076804 4.445027380394948e-09
30050.04800076804 5.7594498260557715e-09
30100.04800076804 9.34106353832227e-09
30150.04800076804 1.1520826635875958e-08
30200.04800076804 7.361660563434525e-09
30250.04800076804 1.5486824430101306e-08
30300.04800076804 1.383336011787257e-08
30350.04800076804 9.010384080894066e-09
30400.04800076804 1.334570838540592e-08
30450.04800076804 1.0201253963434367e-08
30500.04800076804 8.65183050959012e-09
30550.04800076804 7.068304609151958e-09
30600.04800076804 1.3166759371966593e-08
30650.04800076804 1.0015231185262704e-08
30700.04800076804 7.61697533956523e-09
30750.04800076804 8.914261207838225e-09
30800.04800076804 6.704417536378965e-09
30850.04800076804 8.44404046746828e-09
30900.04800076804 7.139079908344835e-09
30950.04800076804 4.201866258109456e-09
31000.04800076804 6.0615602954399506e-09
31050.04800076804 5.079246558884084e-09
31100.04800076804 3.2085349457806123e-09
31150.04800076804 4.364234222663563e-09
31200.04800076804 5.116323021157608e-09
31250.04800076804 3.3062365333597607e-09
31300.04800076804 2.5170636770712064e-09
31350.04800076804 3.519517451546929e-09
31400.04800076804 1.646083144938325e-09
31450.04800076804 3.30491326873959e-09
31500.04800076804 1.4649382815971552e-09
31550.04800076804 2.0439512249044174e-09
31600.04800076804 1.1480695808514374e-09
31650.04800076804 1.266302497852966e-09
31700.04800076804 1.5024503193853038e-09
31750.04800076804 5.710355936056417e-10
31800.04800076804 1.4644090300573692e-09
31850.04800076804 5.249907799873598e-10
31900.04800076804 9.542497076368368e-10
31950.04800076804 6.10079552142333e-10
32000.04800076804 6.435462869016958e-10
32050.04800076804 4.2831543532620876e-10
32100.04800076804 3.8268017281344227e-10
32150.04800076804 5.534625711004418e-10
32200.04800076804 3.061783499982426e-10
32250.04800076804 9.131036592538546e-10
32300.04800076804 2.3238553209842003e-10
32350.04800076804 8.645128583244279e-10
32400.04800076804 2.6262269154004e-10
32450.04800076804 5.156580239923817e-10
32500.04800076804 3.2879109564088556e-10
32550.04800076804 5.961118010755296e-10
32600.04800076804 3.557512825599938e-10
32650.04800076804 1.0857842207651668e-09
32700.04800076804 5.790050918441018e-10
32750.04800076804 1.593990254863934e-09
32800.04800076804 8.371839020932357e-10
32850.04800076804 2.3049174216635264e-09
32900.04800076804 1.872672416149305e-09
32950.04800076804 2.5784554198415495e-09
33000.04800076804 1.3551686866563018e-09
33050.04800076804 1.580062881135116e-09
33100.04800076804 4.877551840924106e-10
33150.04800076804 2.795071102757628e-12
33200.04800076804 2.0867971097655634e-11
33250.04800076804 2.057257337808979e-11
33300.04800076804 5.854299504167732e-11
33350.04800076804 2.2004630092662462e-10
33400.04800076804 5.48487154480272e-10
33450.04800076804 4.6198754403215453e-10
33500.04800076804 1.2449561201961135e-09
33550.04800076804 7.160952563200947e-10
33600.04800076804 1.0781606555907416e-09
33650.04800076804 8.086761382694907e-10
33700.04800076804 6.221815769434146e-10
33750.04800076804 1.357786099820428e-09
33800.04800076804 3.8382158388917585e-10
33850.04800076804 8.770711935690654e-10
33900.04800076804 9.727700884255417e-10
33950.04800076804 8.830648563574176e-10
34000.04800076804 1.5319439843296144e-09
34050.04800076804 3.519498766043724e-10
34100.04800076804 1.312130302614351e-09
34150.04800076804 7.230212949285184e-10
34200.04800076804 1.200838360790589e-09
34250.04800076804 8.391295682611198e-10
34300.04800076804 8.181761747472146e-10
34350.04800076804 1.482719389685802e-09
34400.04800076804 7.885039332893069e-10
34450.04800076804 1.656018965812663e-09
34500.04800076804 6.963252999543876e-10
34550.04800076804 6.294759680235538e-10
34600.04800076804 2.0907451945933996e-09
34650.04800076804 5.90390492322305e-10
34700.04800076804 1.0022293596666297e-09
34750.04800076804 7.595619999117756e-10
34800.04800076804 8.791757233330466e-10
34850.04800076804 1.5633452204353712e-09
34900.04800076804 1.1737730744158191e-09
34950.04800076804 1.0932305083762655e-09
35000.04800076804 2.5415223486147356e-09
35050.04800076804 1.5316134747257244e-09
35100.04800076804 2.641602484067059e-09
35150.04800076804 2.1216492369888383e-09
35200.04800076804 3.1288782610899314e-09
35250.04800076804 3.1767471013682044e-09
35300.04800076804 2.107944313430688e-09
35350.04800076804 3.242423474445142e-09
35400.04800076804 2.633182024051883e-09
35450.04800076804 2.197874579955994e-09
35500.04800076804 6.649736849690634e-09
35550.04800076804 3.590961365117344e-09
35600.04800076804 4.6008008531165985e-09
35650.04800076804 4.67337578101232e-09
35700.04800076804 3.1992166499989997e-09
35750.04800076804 7.32312082719752e-09
35800.04800076804 4.279345141789693e-09
35850.04800076804 2.5413412955601956e-09
35900.04800076804 4.634000572385481e-09
35950.04800076804 3.824258383311172e-09
36000.04800076804 1.634234132259322e-09
36050.04800076804 3.766391025617149e-09
36100.04800076804 3.313000334328443e-09
36150.04800076804 4.9736881145610905e-09
36200.04800076804 4.2725886325652256e-09
36250.04800076804 5.232242060969223e-09
36300.04800076804 6.011049449507204e-09
36350.04800076804 4.875652210420438e-09
36400.04800076804 8.678400655650972e-09
36450.04800076804 7.0763088525900365e-09
36500.04800076804 8.638951791140866e-09
36550.04800076804 1.0021951767161532e-08
36600.04800076804 1.1254785335129227e-08
36650.04800076804 1.1436693115174066e-08
36700.04800076804 1.4475965931122691e-08
36750.04800076804 1.4868290877296803e-08
36800.04800076804 1.1926916175470145e-08
36850.04800076804 8.601283140795494e-09
36900.04800076804 1.2043769218577131e-08
36950.04800076804 1.2644669885435575e-08
37000.04800076804 1.134143439100586e-08
37050.04800076804 1.5299778445455527e-08
37100.04800076804 1.5288906215613777e-08
37150.04800076804 1.4694892028669002e-08
37200.04800076804 1.127629361306327e-08
37250.04800076804 1.077774890474022e-08
37300.04800076804 1.042334313291079e-08
37350.04800076804 1.6434769267631412e-08
37400.04800076804 1.6809906132497687e-08
37450.04800076804 1.2669330605462064e-08
37500.04800076804 1.335974670299219e-08
37550.04800076804 2.1011994428030926e-08
37600.04800076804 2.7186414923456917e-08
37650.04800076804 1.6641563253485463e-08
37700.04800076804 2.057584982276665e-08
37750.04800076804 1.273565803227415e-08
37800.04800076804 1.5088324717103767e-08
37850.04800076804 1.1528769786895993e-08
37900.04800076804 1.5467019207710993e-08
37950.04800076804 2.0233467266443862e-08
38000.04800076804 2.5256426180176413e-08
38050.04800076804 2.707956518070071e-08
38100.04800076804 2.6864356664168542e-08
38150.04800076804 3.0291681957170324e-08
38200.04800076804 2.9696489692894484e-08
38250.04800076804 3.1076412965708343e-08
38300.04800076804 5.013620744962604e-08
38350.04800076804 4.310259253070679e-08
38400.04800076804 2.2157583042676413e-08
38450.04800076804 1.9968071632996807e-08
38500.04800076804 9.68581524316282e-09
38550.04800076804 1.788989472452981e-08
38600.04800076804 2.3702205435039773e-08
38650.04800076804 3.439789560576361e-08
38700.04800076804 2.6280727461496456e-08
38750.04800076804 3.026086565298225e-08
38800.04800076804 2.2827035430862656e-08
38850.04800076804 4.007077104048229e-08
38900.04800076804 3.9363864315733586e-08
38950.04800076804 2.916401876731569e-08
39000.04800076804 4.746026230459555e-08
39050.04800076804 3.277086519376747e-08
39100.04800076804 4.6266218041177364e-08
39150.04800076804 3.7919278531098876e-08
39200.04800076804 2.943818619741724e-08
39250.04800076804 4.382196029541558e-08
39300.04800076804 4.1977989274219406e-08
39350.04800076804 6.917961237556065e-08
39400.04800076804 4.694341224672854e-08
39450.04800076804 5.073386461948416e-08
39500.04800076804 4.904937140773853e-08
39550.04800076804 4.215706929279566e-08
39600.04800076804 5.870655763621427e-08
39650.04800076804 7.284459173110036e-08
39700.04800076804 4.567478711525775e-08
39750.04800076804 3.285798623798994e-08
39800.04800076804 4.1681523641441937e-08
39850.04800076804 6.126345167686376e-08
39900.04800076804 6.766530572683176e-08
39950.04800076804 5.790944103849316e-08
40000.04800076804 7.750267443689066e-08
40050.04800076804 6.430365083135497e-08
40100.04800076804 3.649681515869605e-08
40150.04800076804 7.969476945986443e-08
40200.04800076804 7.886177501726796e-08
40250.04800076804 7.10075290829081e-08
40300.04800076804 8.763026254401416e-08
40350.04800076804 5.17630414956858e-08
40400.04800076804 7.789489466377793e-08
40450.04800076804 6.048013273793156e-08
40500.04800076804 9.874998995921164e-08
40550.04800076804 8.536120230672826e-08
40600.04800076804 7.825793202729295e-08
40650.04800076804 7.741916161011488e-08
40700.04800076804 1.2228396624088817e-07
40750.04800076804 1.0330389512513055e-07
40800.04800076804 6.808315492530085e-08
40850.04800076804 1.2603963882469414e-07
40900.04800076804 9.351626488639921e-08
40950.04800076804 7.737559528815394e-08
41000.04800076804 9.994000281796443e-08
41050.04800076804 1.2863186688468115e-07
41100.04800076804 6.768760230324938e-08
41150.04800076804 5.8219235796305466e-08
41200.04800076804 1.3618942949133377e-07
41250.04800076804 1.0062177320220459e-07
41300.04800076804 9.186613274041164e-08
41350.04800076804 1.4099705931815453e-07
41400.04800076804 1.098702638704228e-07
41450.04800076804 1.3022460631229995e-07
41500.04800076804 9.107481852726773e-08
41550.04800076804 8.654151129610854e-08
41600.04800076804 1.2526490977523737e-07
41650.04800076804 1.2275611752724568e-07
41700.04800076804 1.1234930753469959e-07
41750.04800076804 1.0221237031180673e-07
41800.04800076804 1.3922916730284774e-07
41850.04800076804 9.112648827026095e-08
41900.04800076804 9.611856191940761e-08
41950.04800076804 1.081389783186846e-07
42000.04800076804 1.3350083270752503e-07
42050.04800076804 1.201634470405525e-07
42100.04800076804 1.4418040087285084e-07
42150.04800076804 1.1102074881935504e-07
42200.04800076804 1.2954943003740533e-07
42250.04800076804 1.0005439171408725e-07
42300.04800076804 1.0854428552646425e-07
42350.04800076804 1.2916570530536562e-07
42400.04800076804 1.1411277410786565e-07
42450.04800076804 1.2720831477597756e-07
42500.04800076804 1.1375355005573196e-07
42550.04800076804 1.1275200052558364e-07
42600.04800076804 1.0792196929498236e-07
42650.04800076804 1.7963566279609847e-07
42700.04800076804 9.546335322080457e-08
42750.04800076804 1.0812724520493389e-07
42800.04800076804 1.0115942334579542e-07
42850.04800076804 1.2740265716210905e-07
42900.04800076804 1.4408441331489005e-07
42950.04800076804 1.1160851020729136e-07
43000.04800076804 1.5502027948343341e-07
43050.04800076804 7.312931614266286e-08
43100.04800076804 9.926343817726113e-08
43150.04800076804 1.2326110959963046e-07
43200.04800076804 1.479787651056004e-07
43250.04800076804 1.7212253629968849e-07
43300.04800076804 1.842859440336772e-07
43350.04800076804 1.0668226998722037e-07
43400.04800076804 1.3915663372991214e-07
43450.04800076804 8.602691009576802e-08
43500.04800076804 9.166803694184636e-08
43550.04800076804 1.0829297160864173e-07
43600.04800076804 1.4847777961726637e-07
43650.04800076804 8.35939423634737e-08
43700.04800076804 1.6811539778173137e-07
43750.04800076804 1.6809164063415502e-07
43800.04800076804 1.1552216228988832e-07
43850.04800076804 1.3526348446319432e-07
43900.04800076804 1.0297087054754635e-07
43950.04800076804 7.855307380925107e-08
44000.04800076804 6.182035940844941e-08
44050.04800076804 1.2681913689441706e-07
44100.04800076804 1.4031080209883206e-07
44150.04800076804 1.3628988042484502e-07
44200.04800076804 1.1309958953057215e-07
44250.04800076804 8.384702723811012e-08
44300.04800076804 7.884015712157499e-08
44350.04800076804 7.158502761007051e-08
44400.04800076804 7.15169988174464e-08
44450.04800076804 8.084797358737464e-08
44500.04800076804 6.783528825228675e-08
44550.04800076804 8.496239538398257e-08
44600.04800076804 6.143690368528284e-08
44650.04800076804 7.199995422168942e-08
44700.04800076804 5.66017815754472e-08
44750.04800076804 6.442492169722098e-08
44800.04800076804 5.087903412452127e-08
44850.04800076804 5.332012132495853e-08
44900.04800076804 3.755401120849837e-08
44950.04800076804 3.52149382132378e-08
45000.04800076804 3.838531808940033e-08
45050.04800076804 3.956923580977634e-08
45100.04800076804 3.6080661558225826e-08
45150.04800076804 3.056803987732105e-08
45200.04800076804 1.859902505441516e-08
45250.04800076804 2.1766101006866288e-08
45300.04800076804 2.671244259987399e-08
45350.04800076804 2.4909762983901904e-08
45400.04800076804 1.7248201409062165e-08
45450.04800076804 1.6467230584270547e-08
45500.04800076804 1.8080935064874535e-08
45550.04800076804 2.131381302580907e-08
45600.04800076804 1.4668183288725495e-08
45650.04800076804 1.459746608551882e-08
45700.04800076804 1.92893503011646e-08
45750.04800076804 1.5794231868237914e-08
45800.04800076804 1.1345195252785458e-08
45850.04800076804 2.088719873851773e-08
45900.04800076804 2.0865600553604245e-08
45950.04800076804 1.0907473821695937e-08
46000.04800076804 1.8532012097320337e-08
46050.04800076804 2.1328243706569218e-08
46100.04800076804 1.1230818378325434e-08
46150.04800076804 2.1992698806135874e-08
46200.04800076804 2.0211783494133498e-08
46250.04800076804 7.786248441052331e-09
46300.04800076804 2.546721027880796e-08
46350.04800076804 1.7550989245642353e-08
46400.04800076804 2.155621599595268e-08
46450.04800076804 3.4931612993330076e-08
46500.04800076804 2.030380563334294e-08
46550.04800076804 3.342079140706565e-08
46600.04800076804 3.4961157326974125e-08
46650.04800076804 8.016890403904012e-08
46700.04800076804 4.848327357519437e-08
46750.04800076804 3.109866569569106e-08
46800.04800076804 1.8400180164830395e-08
46850.04800076804 3.6202117892579996e-08
46900.04800076804 2.8672723026345817e-08
46950.04800076804 4.4150810798638456e-08
47000.04800076804 1.702845084832405e-08
47050.04800076804 4.3351138427598094e-08
47100.04800076804 1.343388733585316e-08
47150.04800076804 2.0984763049437623e-08
47200.04800076804 2.7688061276617445e-08
47250.04800076804 1.537576590171412e-08
47300.04800076804 2.0267847036795367e-08
47350.04800076804 1.366193845542694e-08
47400.04800076804 3.469706190870962e-08
47450.04800076804 1.2291475482614798e-08
47500.04800076804 4.119752338938091e-08
47550.04800076804 1.4668192486449284e-08
47600.04800076804 3.7654103279006516e-08
47650.04800076804 1.6347910900113322e-08
47700.04800076804 3.669079613127989e-08
47750.04800076804 1.2702484102387565e-08
47800.04800076804 3.071239081402963e-08
47850.04800076804 1.5036497874551297e-08
47900.04800076804 2.496407409041521e-08
47950.04800076804 2.045455663402035e-08
48000.04800076804 4.959767559658797e-08
48050.04800076804 2.8195994504748797e-08
48100.04800076804 3.693064232558062e-08
48150.04800076804 2.9072782915659002e-08
48200.04800076804 4.466217481657741e-08
48250.04800076804 3.028682370474785e-08
48300.04800076804 6.460022274495195e-08
48350.04800076804 2.7777169926634955e-08
48400.04800076804 2.8027972957743977e-08
48450.04800076804 2.7587943681640414e-08
48500.04800076804 5.6804174606449914e-08
48550.04800076804 2.3915882506024252e-08
48600.04800076804 5.2691881194038994e-08
48650.04800076804 3.0553525944444364e-08
48700.04800076804 6.04713057748628e-08
48750.04800076804 3.54512415851926e-08
48800.04800076804 6.123286795525103e-08
48850.04800076804 4.5179580943840915e-08
48900.04800076804 5.899635253331699e-08
48950.04800076804 5.231684160734655e-08
49000.04800076804 3.695130493898076e-08
49050.04800076804 6.345856988207627e-08
49100.04800076804 4.334868396080508e-08
49150.04800076804 7.885175738538246e-08
49200.04800076804 5.122787948500349e-08
49250.04800076804 8.767013318806806e-08
49300.04800076804 5.504322421504543e-08
49350.04800076804 4.251286977771449e-08
49400.04800076804 5.631958224275665e-08
49450.04800076804 6.285666818656544e-08
49500.04800076804 4.976949387631327e-08
49550.04800076804 1.7182357494463082e-08
49600.04800076804 4.9165836838295325e-08
49650.04800076804 5.57945983211087e-08
49700.04800076804 5.32832718407433e-08
49750.04800076804 8.788168678803561e-08
49800.04800076804 4.509798764577656e-08
49850.04800076804 1.119068643369517e-07
49900.04800076804 8.015501062277274e-08
49950.04800076804 9.099912548038266e-08
50000.04800076804 8.401006232428796e-08
50050.04800076804 9.312357308332378e-08
50100.04800076804 9.050625119026558e-08
50150.04800076804 3.528840663651252e-08
50200.04800076804 1.2961436634441569e-08
50250.04800076804 5.826719718308077e-08
50300.04800076804 4.2283614923904694e-08
50350.04800076804 7.898728070518018e-08
50400.04800076804 8.255060017574458e-08
50450.04800076804 7.465274190884179e-08
50500.04800076804 9.98753967881285e-08
50550.04800076804 8.500076290089799e-08
50600.04800076804 8.546970712646548e-08
50650.04800076804 9.226831766347351e-08
50700.04800076804 1.1988135977528724e-07
50750.04800076804 9.538983155336966e-08
50800.04800076804 3.425248139063265e-08
50850.04800076804 2.3210157829385533e-08
50900.04800076804 8.884976895292829e-08
50950.04800076804 9.166997911624373e-08
51000.04800076804 6.474575696179872e-08
51050.04800076804 8.326369156066834e-08
51100.04800076804 2.8461257558496728e-08
51150.04800076804 4.856131863737396e-08
51200.04800076804 1.1447619156959136e-07
51250.04800076804 8.404898072657256e-08
51300.04800076804 5.616826657669491e-08
51350.04800076804 6.741417463391076e-08
51400.04800076804 2.827444808177566e-08
51450.04800076804 2.365801551317118e-08
51500.04800076804 2.1340588306433214e-08
51550.04800076804 6.246617645677263e-08
51600.04800076804 4.811160930550367e-08
51650.04800076804 7.475096416405278e-08
51700.04800076804 7.04610435275763e-08
51750.04800076804 4.563525828182986e-08
51800.04800076804 9.811850703447429e-08
51850.04800076804 7.81334445251405e-08
51900.04800076804 9.585623939675516e-08
51950.04800076804 5.949733780573901e-08
52000.04800076804 9.01835969697427e-09
52050.04800076804 3.4096393719418956e-08
52100.04800076804 2.4512210067374697e-08
52150.04800076804 1.4164342450656399e-08
52200.04800076804 2.526154209195601e-08
52250.04800076804 4.811470904927508e-08
52300.04800076804 7.672515698722702e-08
52350.04800076804 2.9718272822944765e-08
52400.04800076804 2.6945491972183066e-08
52450.04800076804 7.7361166164757e-08
52500.04800076804 6.840260755279833e-08
52550.04800076804 6.804035032569496e-08
52600.04800076804 4.8958482727551415e-08
52650.04800076804 5.107109801078988e-08
52700.04800076804 4.593873825184873e-08
52750.04800076804 2.4703360598501035e-08
52800.04800076804 3.0974770413374906e-08
52850.04800076804 4.19325483458771e-08
52900.04800076804 2.090589599927438e-08
52950.04800076804 2.5020463193812405e-08
53000.04800076804 7.046902678186327e-08
53050.04800076804 1.9591319918962934e-08
53100.04800076804 7.039599513720843e-08
53150.04800076804 8.543055105752741e-08
53200.04800076804 3.46441417838604e-08
53250.04800076804 8.184178155264033e-08
53300.04800076804 8.100047878524982e-08
53350.04800076804 7.778639701829291e-08
53400.04800076804 6.047445931103852e-08
53450.04800076804 1.5588053765364063e-08
53500.04800076804 5.223195841905732e-09
53550.04800076804 1.2099920820025558e-08
53600.04800076804 3.677916228701409e-08
53650.04800076804 3.9099946654572525e-08
53700.04800076804 3.0372063558680816e-08
53750.04800076804 2.996811135038165e-08
53800.04800076804 2.7570388565496605e-08
53850.04800076804 4.079696363238547e-08
53900.04800076804 5.660526568944644e-08
53950.04800076804 6.503075686856002e-08
54000.04800076804 3.9814830527519396e-08
54050.04800076804 4.5105887753963456e-08
54100.04800076804 1.1383652694785291e-08
54150.04800076804 1.833379257872064e-08
54200.04800076804 3.6408804887948085e-09
54250.04800076804 8.512845427208945e-09
54300.04800076804 2.4959449228204258e-08
54350.04800076804 3.347452438951645e-08
54400.04800076804 3.152558600183552e-08
54450.04800076804 2.620856013132593e-08
54500.04800076804 2.161159971516059e-08
54550.04800076804 2.134843880125486e-08
54600.04800076804 2.2767961172208717e-08
54650.04800076804 4.191099468687971e-09
54700.04800076804 2.5281849506712396e-08
54750.04800076804 2.5206462519961782e-08
54800.04800076804 1.3827951173136126e-08
54850.04800076804 2.3248815510036577e-08
54900.04800076804 3.690500442375644e-08
54950.04800076804 5.520632766623714e-08
55000.04800076804 1.4470111973974096e-08
55050.04800076804 3.0643632219375917e-08
55100.04800076804 3.3780484850583184e-08
55150.04800076804 1.632577322551249e-08
55200.04800076804 1.4595929664965175e-08
55250.04800076804 2.2917575380232194e-08
55300.04800076804 1.4077364261388578e-08
55350.04800076804 3.358466921460289e-08
55400.04800076804 3.900558033300752e-08
55450.04800076804 2.0483982185869364e-08
55500.04800076804 7.660628574069983e-09
55550.04800076804 8.474342881439442e-09
55600.04800076804 1.4007277814981823e-08
55650.04800076804 1.3292695761989101e-08
55700.04800076804 1.3990140684641574e-08
55750.04800076804 1.2746212116061277e-08
55800.04800076804 5.481519964871206e-09
55850.04800076804 8.56263919443078e-09
55900.04800076804 2.418031035814687e-08
55950.04800076804 3.446951232938454e-08
56000.04800076804 1.099551674446877e-08
56050.04800076804 1.5934136717634357e-08
56100.04800076804 2.495330268204427e-08
56150.04800076804 1.021987138295039e-08
56200.04800076804 1.6299170410723676e-08
56250.04800076804 2.6237470599433712e-08
56300.04800076804 1.797446226949271e-08
56350.04800076804 1.267970424632304e-08
56400.04800076804 4.02861870753504e-09
56450.04800076804 3.9218355775178654e-09
56500.04800076804 1.031886796141148e-08
56550.04800076804 5.163069356963969e-09
56600.04800076804 2.1363911783356468e-08
56650.04800076804 2.429421146093888e-08
56700.04800076804 1.8655391068156923e-08
56750.04800076804 5.14352212066764e-09
56800.04800076804 1.7310891598495058e-08
56850.04800076804 1.825380661672499e-08
56900.04800076804 8.24585854137081e-09
56950.04800076804 2.0809674367120416e-08
57000.04800076804 2.7425938255372354e-08
57050.04800076804 1.1034522185518063e-08
57100.04800076804 3.4291505162749784e-09
57150.04800076804 6.120823718171322e-09
57200.04800076804 5.258030695991807e-09
57250.04800076804 7.244235195373529e-09
57300.04800076804 1.4487518842840787e-08
57350.04800076804 5.8588649775358025e-09
57400.04800076804 1.626097455292311e-08
57450.04800076804 8.378224978022022e-09
57500.04800076804 9.089048678647391e-09
57550.04800076804 1.4207560716449532e-08
57600.04800076804 1.2908235529057352e-08
57650.04800076804 2.2384996721527434e-09
57700.04800076804 4.353494751210245e-09
57750.04800076804 9.505492541020728e-09
57800.04800076804 3.712499564685859e-09
57850.04800076804 3.260253210256697e-08
57900.04800076804 3.571476143223308e-08
57950.04800076804 3.660404358599979e-08
58000.04800076804 1.000506037278293e-08
58050.04800076804 1.9588279808667066e-08
58100.04800076804 1.8505725391876185e-08
58150.04800076804 1.0642953517635884e-08
58200.04800076804 2.232227884801583e-09
58250.04800076804 4.347850642001893e-09
58300.04800076804 4.441948562555699e-09
58350.04800076804 6.697914092946062e-09
58400.04800076804 1.651702350093723e-08
58450.04800076804 1.7855595567271942e-08
58500.04800076804 1.6621265303276837e-08
58550.04800076804 1.4730675382875425e-08
58600.04800076804 5.2040193347431385e-09
58650.04800076804 7.030191482635686e-09
58700.04800076804 1.0864229135758823e-08
58750.04800076804 7.903019939290855e-09
58800.04800076804 1.081507405858383e-09
58850.04800076804 5.966928121224466e-09
58900.04800076804 9.143793907022498e-09
58950.04800076804 3.3507825388103807e-09
59000.04800076804 9.761792868081377e-09
59050.04800076804 1.6228491618513264e-08
59100.04800076804 1.3958535861370365e-08
59150.04800076804 1.0316155348460338e-08
59200.04800076804 1.3642917673495297e-08
59250.04800076804 1.4508692567570454e-08
59300.04800076804 1.0245156730658965e-08
59350.04800076804 1.7314288941030993e-09
59400.04800076804 1.9749597299282026e-09
59450.04800076804 1.1524690660250527e-08
59500.04800076804 5.923611040272579e-09
59550.04800076804 1.3301232327892763e-08
59600.04800076804 1.7778928935727372e-08
59650.04800076804 8.163958305107274e-09
59700.04800076804 5.131008710436384e-09
59750.04800076804 1.8182312650008078e-08
59800.04800076804 8.062610250249248e-09
59850.04800076804 1.1595104597119368e-08
59900.04800076804 3.4903694488560473e-09
59950.04800076804 8.770326898908863e-09
60000.04800076804 2.4595402170496097e-08
60050.04800076804 2.22206397708713e-08
60100.04800076804 1.7549956909489114e-08
60150.04800076804 7.100208459256638e-09
60200.04800076804 1.7103949265018887e-08
60250.04800076804 2.4976323484636044e-08
60300.04800076804 2.2725383584816775e-08
60350.04800076804 1.4110486621499797e-08
60400.04800076804 1.3148819583243205e-08
60450.04800076804 2.784349403080042e-09
60500.04800076804 8.77626951432568e-10
60550.04800076804 1.0554856784446164e-08
60600.04800076804 1.603542992568906e-08
60650.04800076804 9.064502488262837e-09
60700.04800076804 5.647987258519751e-09
60750.04800076804 2.9292369182815588e-09
60800.04800076804 1.4456135741610304e-08
60850.04800076804 3.185119522000531e-08
60900.04800076804 2.963280341884578e-08
60950.04800076804 2.2585832195935612e-08
61000.04800076804 1.9410188888857178e-08
61050.04800076804 6.5879713840205696e-09
61100.04800076804 7.958061067720789e-09
61150.04800076804 2.2196043912248237e-09
61200.04800076804 1.4632372962361983e-08
61250.04800076804 2.4006627368803897e-08
61300.04800076804 2.3608974247363328e-08
61350.04800076804 3.4690749456840145e-08
61400.04800076804 1.1944164252681339e-08
61450.04800076804 3.3166304083867326e-09
61500.04800076804 6.63321585076754e-09
61550.04800076804 1.2415172286836452e-08
61600.04800076804 4.3381550171996e-09
61650.04800076804 1.215321268122703e-08
61700.04800076804 1.2832283162093742e-08
61750.04800076804 1.3829674442658855e-08
61800.04800076804 1.2347292420563472e-08
61850.04800076804 3.3654057142087222e-09
61900.04800076804 1.9603084015032595e-08
61950.04800076804 1.890674484999395e-08
62000.04800076804 3.0457875325872584e-08
62050.04800076804 2.6921363239104255e-08
62100.04800076804 1.804950088921738e-08
62150.04800076804 2.9557134940563627e-08
62200.04800076804 2.5725249822183628e-08
62250.04800076804 2.116047945497714e-08
62300.04800076804 4.743543638416895e-08
62350.04800076804 3.399833095905837e-08
62400.04800076804 1.1435561023512508e-08
62450.04800076804 2.088968029487328e-08
62500.04800076804 4.440306130864785e-08
62550.04800076804 3.670882195102152e-08
62600.04800076804 4.183342481280427e-08
62650.04800076804 2.774267702887941e-08
62700.04800076804 2.4274592252006483e-08
62750.04800076804 3.7829607496621445e-08
62800.04800076804 2.1771623968221462e-08
62850.04800076804 3.649956433786352e-08
62900.04800076804 2.1837554197018454e-08
62950.04800076804 4.509093208618508e-08
63000.04800076804 2.990567548774397e-08
63050.04800076804 5.441544643970367e-08
63100.04800076804 4.973129080576793e-08
63150.04800076804 3.7405182653120154e-08
63200.04800076804 3.942045395195417e-08
63250.04800076804 2.6755667789601947e-08
63300.04800076804 2.7301447334023516e-08
63350.04800076804 2.4316125499145704e-08
63400.04800076804 8.387352815189593e-09
63450.04800076804 4.130492501071864e-09
63500.04800076804 1.821350703809214e-08
63550.04800076804 2.586261319056139e-08
63600.04800076804 2.7364741175367482e-08
63650.04800076804 1.4369575856587207e-08
63700.04800076804 4.6205796785215e-09
63750.04800076804 1.3035467256410764e-08
63800.04800076804 3.417756514689814e-08
63850.04800076804 2.2790908564565617e-08
63900.04800076804 6.707837580138541e-09
63950.04800076804 1.9175177234797763e-08
64000.04800076804 2.2243923057984235e-08
64050.04800076804 8.00968209048233e-09
64100.04800076804 1.8070544271785144e-09
64150.04800076804 2.905078943903761e-09
64200.04800076804 3.442896067725978e-09
64250.04800076804 1.2021512013238524e-08
64300.04800076804 8.97643701281187e-09
64350.04800076804 5.854048286647356e-09
64400.04800076804 1.7126909834550695e-08
64450.04800076804 2.1311697892009274e-08
64500.04800076804 7.190724713146132e-09
64550.04800076804 1.5940129235650767e-08
64600.04800076804 5.922277350038789e-09
64650.04800076804 1.351931376914099e-08
64700.04800076804 3.8491779139670264e-09
64750.04800076804 8.478484186228196e-09
64800.04800076804 5.389832517406478e-09
64850.04800076804 2.9160013664944437e-09
64900.04800076804 2.8033968313889692e-09
64950.04800076804 2.748411949510816e-09
65000.04800076804 4.828907116694334e-09
65050.04800076804 8.702633519653794e-09
65100.04800076804 1.5178765478783637e-08
65150.04800076804 5.2620354659464275e-09
65200.04800076804 2.4901105857118106e-09
65250.04800076804 1.122252182853217e-08
65300.04800076804 9.947942556174681e-09
65350.04800076804 2.7392862013106116e-08
65400.04800076804 9.842909523992147e-09
65450.04800076804 1.0548913598435027e-08
65500.04800076804 1.3415405559758825e-08
65550.04800076805 4.862783837464984e-09
65600.04800076805 1.2166989844821614e-08
65650.04800076805 7.213803890217494e-09
65700.04800076805 6.501552440600182e-09
65750.04800076805 4.3019989555571606e-09
65800.04800076805 1.030952916025424e-08
65850.04800076805 1.3703651775601808e-08
65900.04800076805 3.5223746327456758e-09
65950.04800076805 6.9418089003093404e-09
66000.04800076805 9.648233749010191e-09
66050.04800076805 2.3944260953646644e-08
66100.04800076805 1.1365385465031692e-08
66150.04800076805 9.434510191166261e-09
66200.04800076805 9.267406665178944e-09
66250.04800076805 5.8985120406074266e-09
66300.04800076805 2.0626489807009567e-09
66350.04800076805 1.7016974202121771e-09
66400.04800076805 3.6775315808722196e-09
66450.04800076805 1.2730308218358825e-08
66500.04800076805 1.970889798953905e-08
66550.04800076805 2.210651200127226e-08
66600.04800076805 1.6407237714969677e-08
66650.04800076805 9.911884421203573e-09
66700.04800076805 7.766895948099386e-09
66750.04800076805 7.83068020921367e-09
66800.04800076805 9.859471501869478e-09
66850.04800076805 5.826621355788521e-09
66900.04800076805 2.389283126642704e-08
66950.04800076805 2.36057909809306e-08
67000.04800076805 2.312676915590413e-08
67050.04800076805 1.294901134511786e-08
67100.04800076805 6.488956419886052e-09
67150.04800076805 7.663140331343548e-09
67200.04800076805 1.3287397979699915e-08
67250.04800076805 1.2942839817682014e-08
67300.04800076805 2.0673261801998988e-08
67350.04800076805 9.228725478230082e-09
67400.04800076805 2.492701299378872e-08
67450.04800076805 1.4509577980635436e-08
67500.04800076805 1.2851813479858369e-08
67550.04800076805 2.727488894011788e-08
67600.04800076805 4.65440560768096e-08
67650.04800076805 3.416620272936889e-08
67700.04800076805 1.7039940172177916e-08
67750.04800076805 1.0779975756124226e-08
67800.04800076805 1.7079135987626355e-08
67850.04800076805 6.683907298362818e-09
67900.04800076805 8.599058142115858e-09
67950.04800076805 6.891673348450367e-09
68000.04800076805 1.552159918497427e-08
68050.04800076805 2.318678727066336e-08
68100.04800076805 3.5189851754074464e-08
68150.04800076805 2.6895875273971948e-08
68200.04800076805 1.9718817040427596e-08
68250.04800076805 3.748283343253621e-09
68300.04800076805 1.9050146597092763e-08
68350.04800076805 1.1868422232250217e-08
68400.04800076805 3.877120738571419e-08
68450.04800076805 3.011804247785501e-08
68500.04800076805 1.7971838127976443e-08
68550.04800076805 6.7865587277799855e-09
68600.04800076805 6.9633547541587976e-09
68650.04800076805 3.222481976181173e-09
68700.04800076805 9.587838526900876e-09
68750.04800076805 1.7811921890839998e-08
68800.04800076805 2.080024996922512e-08
68850.04800076805 6.9225846412152486e-09
68900.04800076805 3.0957589981493726e-08
68950.04800076805 2.914698251028341e-08
69000.04800076805 1.9458221299810897e-08
69050.04800076805 9.140380823642155e-09
69100.04800076805 2.88903555888026e-08
69150.04800076805 4.298607811831095e-08
69200.04800076805 2.9282711911362895e-08
69250.04800076805 4.1525713726112544e-08
69300.04800076805 2.0269696006877518e-08
69350.04800076805 4.525624453857085e-08
69400.04800076805 1.358157723128136e-08
69450.04800076805 3.866875846519666e-08
69500.04800076805 1.846023011962894e-08
69550.04800076805 1.3972605239771082e-08
69600.04800076805 3.483033443484681e-09
69650.04800076805 1.3069858455740899e-08
69700.04800076805 2.689584980626689e-08
69750.04800076805 1.746442311334202e-08
69800.04800076805 2.9524579755586264e-08
69850.04800076805 2.8240667573007715e-08
69900.04800076805 1.5762550905072266e-08
69950.04800076805 1.698928105831307e-08
70000.04800076805 1.9763648762021694e-08
70050.04800076805 4.133328809428545e-08
70100.04800076805 2.9184037422652514e-08
70150.04800076805 2.0123549892369414e-08
70200.04800076805 1.3354452671923646e-08
70250.04800076805 2.1101577013095874e-08
70300.04800076805 3.782908004115876e-08
70350.04800076805 2.547922242677165e-08
70400.04800076805 1.299105576406239e-08
70450.04800076805 2.192252144190576e-09
70500.04800076805 1.0688990389895121e-08
70550.04800076805 1.1378472152963457e-08
70600.04800076805 1.0523586586993777e-08
70650.04800076805 2.9552990207439457e-08
70700.04800076805 2.8670405503082885e-08
70750.04800076805 3.9901665276972056e-08
70800.04800076805 1.6794442295223686e-08
70850.04800076805 1.9644263639002954e-08
70900.04800076805 2.2175990034475918e-08
70950.04800076805 3.555026796494997e-08
71000.04800076805 2.9473486326173066e-08
71050.04800076805 3.0164563209661376e-08
71100.04800076805 1.8608277325572845e-08
71150.04800076805 1.7599071949946147e-08
71200.04800076805 1.521327261550704e-08
71250.04800076805 2.3087720504675344e-08
71300.04800076805 3.499894667412039e-08
71350.04800076805 3.825274103123075e-08
71400.04800076805 2.8917114824686918e-08
71450.04800076805 1.0986751016941874e-08
71500.04800076805 1.1968681205421873e-08
71550.04800076805 1.696303732805229e-08
71600.04800076805 1.6971365872409648e-08
71650.04800076805 1.2796452065286768e-08
71700.04800076805 8.759228654345501e-09
71750.04800076805 1.8895485685615987e-08
71800.04800076805 3.029605851896499e-08
71850.04800076805 2.8310277289432884e-08
71900.04800076805 1.4504009282193716e-08
71950.04800076805 1.9176714564649717e-08
72000.04800076805 1.864060426960542e-08
72050.04800076805 9.710800012480236e-09
72100.04800076805 1.0442868060175706e-08
72150.04800076805 9.02132546196348e-09
72200.04800076805 2.1001972800750527e-08
72250.04800076805 2.605011055926675e-08
72300.04800076805 1.820272026962615e-08
72350.04800076805 2.4031680111147975e-08
72400.04800076805 1.7618005301271168e-08
72450.04800076805 1.3262813773176686e-08
72500.04800076805 1.934903090603288e-08
72550.04800076805 7.1046329688970215e-09
72600.04800076805 1.2408222236972904e-08
72650.04800076805 2.5493921939239893e-08
72700.04800076805 1.634436350505198e-08
72750.04800076805 1.5966465019453473e-08
72800.04800076805 9.309463760001557e-09
72850.04800076805 1.176331262256538e-08
72900.04800076805 2.5795481041783144e-08
72950.04800076805 1.7553555724033983e-08
73000.04800076805 1.798373642527487e-08
73050.04800076805 8.996661778456327e-09
73100.04800076805 1.128647115046754e-08
73150.04800076805 2.894264268220637e-08
73200.04800076805 9.398283052316087e-09
73250.04800076805 1.4656824021022054e-08
73300.04800076805 1.1190408909111963e-08
73350.04800076805 7.360163315399511e-09
73400.04800076805 1.4545491453910515e-08
73450.04800076805 7.424800314008688e-09
73500.04800076805 5.889179685889695e-09
73550.04800076805 1.2036648930102884e-08
73600.04800076805 9.627331616118753e-09
73650.04800076805 1.3520915318426712e-08
73700.04800076805 1.299998247773057e-08
73750.04800076805 4.387704872049676e-09
73800.04800076805 1.1575609929877491e-08
73850.04800076805 1.5609729809700147e-08
73900.04800076805 9.464934281797318e-09
73950.04800076805 9.876135273312082e-09
74000.04800076805 4.770934428535264e-09
74050.04800076805 1.9988033522735608e-08
74100.04800076805 1.3121989494558382e-08
74150.04800076805 1.2541250075886504e-08
74200.04800076805 7.1907768985531376e-09
74250.04800076805 1.412233680144191e-09
74300.04800076805 1.1154884288367462e-08
74350.04800076805 1.8734457293506066e-08
74400.04800076805 1.7608562709885437e-08
74450.04800076805 6.320867977140706e-09
74500.04800076805 3.978992194327745e-09
74550.04800076805 9.237182792092534e-09
74600.04800076805 1.1253353397073096e-08
74650.04800076805 1.1667170890944228e-08
74700.04800076805 7.2958568821040495e-09
74750.04800076805 4.284661908483593e-09
74800.04800076805 7.197469905084991e-09
74850.04800076805 6.064065524113397e-09
74900.04800076805 1.681090474475861e-08
74950.04800076805 1.7113197028214547e-08
75000.04800076805 7.258492721899069e-09
75050.04800076805 1.904283397955819e-09
75100.04800076805 1.5839198759687678e-08
75150.04800076805 1.876546016722256e-08
75200.04800076805 2.0733696459261953e-08
75250.04800076805 2.0298835786231376e-08
75300.04800076805 1.4870823540890709e-08
75350.04800076805 4.842291032413721e-09
75400.04800076805 2.0857860650340547e-08
75450.04800076805 1.8543202171097103e-08
75500.04800076805 1.7664893520494677e-08
75550.04800076805 1.822659513910767e-08
75600.04800076805 2.2263549821642773e-08
75650.04800076805 1.1419091157658117e-08
75700.04800076805 2.194541951118648e-08
75750.04800076805 9.867410200906405e-09
75800.04800076805 1.8977223934584437e-08
75850.04800076805 2.319905562604371e-08
75900.04800076805 2.3663394791390087e-08
75950.04800076805 1.0228574320791033e-08
76000.04800076805 2.3576292010048053e-08
76050.04800076805 2.5133211032649856e-08
76100.04800076805 2.0801737730287725e-08
76150.04800076805 2.456830317225158e-08
76200.04800076805 2.2473145495249817e-08
76250.04800076805 1.3177325703671903e-08
76300.04800076805 3.157403782622345e-08
76350.04800076805 4.0005471264380914e-08
76400.04800076805 3.2118853541393775e-08
76450.04800076805 2.525464306458606e-08
76500.04800076805 1.4940213928368715e-08
76550.04800076805 6.68865032404868e-09
76600.04800076805 1.4327648223654254e-09
76650.04800076805 1.572609867546348e-09
76700.04800076805 2.551948034799341e-09
76750.04800076805 2.679422137434751e-09
76800.04800076805 5.9747291041884524e-09
76850.04800076805 1.4243688057347927e-09
76900.04800076805 1.5815049746891661e-09
76950.04800076805 5.7968491214720904e-09
77000.04800076805 8.905003926418626e-09
77050.04800076805 2.3558256441120486e-09
77100.04800076805 2.2979207436899872e-09
77150.04800076805 1.0877385601859893e-08
77200.04800076805 5.985546487519292e-09
77250.04800076805 5.3945187863751195e-09
77300.04800076805 9.572788066722472e-09
77350.04800076805 3.5666906737633605e-09
77400.04800076805 3.671800772482047e-09
77450.04800076805 9.086799983164082e-09
77500.04800076805 8.107807485267889e-09
77550.04800076805 7.037023504605249e-09
77600.04800076805 3.3496880087354525e-09
77650.04800076805 5.186170212857794e-09
77700.04800076805 3.5508661192142014e-09
77750.04800076805 1.1544201563507662e-08
77800.04800076805 1.2385428027926351e-08
77850.04800076805 2.3120040117642018e-08
77900.04800076805 1.0769120252874203e-08
77950.04800076805 2.380215358715927e-09
78000.04800076805 6.566316032138604e-09
78050.04800076805 1.0608228026327598e-08
78100.04800076805 1.0150133035783697e-08
78150.04800076805 2.0722626621666904e-08
78200.04800076805 1.9204095291077345e-08
78250.04800076805 1.8027228223083484e-08
78300.04800076805 9.616563307148944e-09
78350.04800076805 1.6079751580109316e-08
78400.04800076805 6.6377763751386775e-09
78450.04800076805 1.6483530231460018e-08
78500.04800076805 2.003399343238559e-08
78550.04800076805 2.971310368564463e-08
78600.04800076805 2.0914592153173102e-08
78650.04800076805 2.808962097103269e-09
78700.04800076805 6.39725049858158e-09
78750.04800076805 9.634668121960256e-09
78800.04800076805 1.2229948086086254e-08
78850.04800076805 4.216947386410392e-09
78900.04800076805 1.2504739909663738e-08
78950.04800076805 1.890864403000357e-08
79000.04800076805 1.480384697772132e-08
79050.04800076805 1.0267786801670873e-08
79100.04800076805 1.1831568584404348e-08
79150.04800076805 1.2212614267736983e-08
79200.04800076805 1.651987403745678e-08
79250.04800076805 8.71919820691459e-09
79300.04800076805 6.4167370927270494e-09
79350.04800076805 1.0927658445155936e-08
79400.04800076805 7.592963108416209e-09
79450.04800076805 2.0098932111006932e-08
79500.04800076805 3.1799945744445286e-08
79550.04800076805 2.023476261021105e-08
79600.04800076805 1.0335949804485312e-08
79650.04800076805 1.7895085680855482e-08
79700.04800076805 1.633150869771596e-08
79750.04800076805 1.62221591224502e-08
79800.04800076805 6.586809478808915e-09
79850.04800076805 1.6593654827065193e-08
79900.04800076805 3.1342029764028956e-08
79950.04800076805 2.072508338822193e-08
