# %ECSV 1.0
# ---
# datatype:
# - {name: wav, unit: Angstrom, datatype: float64}
# - {name: flux_nu, unit: erg / (cm2 Hz s), datatype: float64}
# meta: {C/O: '1.00', Kzz: '1.0000E+05', Teff: '550.', Y: '0.28', '[Fe/H]': '-0.50', f_hole: '1.00', f_rain: '0.00', grav: '100.'}
# schema: astropy-2.0
wav flux_nu
4000.0559999999996 nan
4050.0559999999996 1.3089278234469132e-16
4100.056 4.3990087895601145e-14
4150.056 4.131317846800037e-13
4200.056 3.9436423651218946e-13
4250.056 2.414768235200018e-12
4300.056 4.581702354300074e-12
4350.056 6.71283713130002e-12
4400.056 9.679716770400053e-12
4450.056 1.386666967810017e-11
4500.056 1.671414682400013e-11
4550.056 1.6351262587649844e-11
4600.056 5.305257355399979e-12
4650.056 3.0288607493999896e-12
4700.056 1.2817232900899867e-12
4750.056 2.7270795960099534e-13
4800.056 4.663712925999928e-14
4850.056 8.03871764679987e-15
4900.056 2.5384334382999794e-15
4950.056 1.3283341169999922e-15
5000.056 8.032938820399954e-16
5050.056 6.184065320500025e-16
5100.056 6.685097643500021e-16
5150.056 7.487632314400005e-16
5200.056 8.378525272099997e-16
5250.056 9.450794592100002e-16
5300.056 1.0640575267200002e-15
5350.056 1.201257047500002e-15
5400.056 1.3667898855000012e-15
5450.056 1.5372100213e-15
5500.056 1.7152877033000027e-15
5550.056 1.896968976300003e-15
5600.056 2.0742479358e-15
5650.056 2.2212781744000015e-15
5700.056 2.2952305694000018e-15
5750.056 2.2026302233999976e-15
5800.056 1.9236004853999945e-15
5850.056 1.3458846046299848e-15
5900.056 4.3098106822858045e-16
5950.056 2.7740823682000496e-15
6000.056 6.166316924900041e-15
6050.056 1.1221661704600104e-14
6100.056 1.8012076584000107e-14
6150.056 2.7147423276000147e-14
6200.056 3.974491742000018e-14
6250.056 5.718873071800023e-14
6300.056 8.050274143600036e-14
6350.056 1.1131300037300052e-13
6400.056 1.5134343709000054e-13
6450.056 1.98367522299999e-13
6500.056 2.635522522600008e-13
6550.056 3.5100938676999815e-13
6600.056 4.668658470300088e-13
6650.056 6.229102555600033e-13
6700.056 7.981056151900079e-13
6750.056 1.0806729436000042e-12
6800.056 1.3646477742000073e-12
6850.056 1.5982545116000032e-12
6900.056 1.6380272454000202e-12
6950.056 1.5914056661299966e-12
7000.056 1.7449855115900016e-12
7050.056 1.9271188041599802e-12
7100.056 2.168426816499989e-12
7150.056 2.1308733308999664e-12
7200.056 2.1219223642469886e-12
7250.056 2.2799659069899004e-12
7300.056 2.3224985815671184e-12
7350.056 2.4852449668799683e-12
7400.056 2.606069932600064e-12
7450.056 2.6782620602000525e-12
7500.056 2.6217623742e-12
7550.056 2.408664211699994e-12
7600.056 2.068063675999989e-12
7650.056 6.225058991299714e-13
7700.056 4.216228585170185e-13
7750.056 2.022060793300034e-12
7800.056 3.434551558650034e-12
7850.056 5.740589550900018e-12
7900.056 7.882194571599981e-12
7950.056 9.080678237860074e-12
8000.056 1.3264798065300129e-11
8050.056 1.6581809516000213e-11
8100.056 1.8223185875199568e-11
8150.056 2.0095205142860074e-11
8200.056 2.816471742932121e-11
8250.056 3.269659796495359e-11
8300.056 4.039767986435139e-11
8350.056 4.816676858309843e-11
8400.056 5.919618009119951e-11
8450.056 7.608883526499965e-11
8500.056 8.770022179499725e-11
8550.056 1.144385131480025e-10
8600.056 1.4471618333000127e-10
8650.056 1.7622791640000175e-10
8700.056 2.0986399622000214e-10
8750.056 2.535019416300019e-10
8800.056 2.9920521426000224e-10
8850.056 3.285983882999974e-10
8900.056 2.3990765115498735e-10
8950.056 2.344583239576709e-10
9000.056 2.7306290712902605e-10
9050.056 5.261586595606498e-10
9100.056 6.334127011911907e-10
9150.056 7.35876906788046e-10
9200.056 9.716668455949868e-10
9250.056 9.80943311419105e-10
9300.056 2.83831244039662e-10
9350.056 3.9114087534295733e-10
9400.056 8.09204152178441e-10
9450.056 8.702251898299948e-10
9500.056 8.082314603757256e-10
9550.056 9.109177423506337e-10
9600.056 9.697164353011305e-10
9650.056 1.3071870709406138e-09
9700.056 2.1017423600401695e-09
9750.056 2.2070079684412187e-09
9800.056 2.6085823358448888e-09
9850.056 3.09772654344996e-09
9900.056 3.980257663340088e-09
9950.056 4.387643301360146e-09
10000.056 3.973409711498926e-09
10050.056 5.568714140400051e-09
10100.056 6.281826877500017e-09
10150.056 6.505784080400026e-09
10200.056 6.473724255600332e-09
10250.056 7.52951521529021e-09
10300.056 9.0689089188494e-09
10350.056 8.707485064000293e-09
10400.056 1.0784663563800195e-08
10450.056 1.220920807529864e-08
10500.056 1.3469956168099684e-08
10550.056 1.4857839510500118e-08
10600.056 1.550449894699994e-08
10650.056 1.587064338460021e-08
10700.056 1.549630530390015e-08
10750.056 1.5586486810900193e-08
10800.056 1.524172240380016e-08
10850.056 1.4363573205500122e-08
10900.056 1.1905990355199759e-08
10950.056 7.3328002852801045e-09
11000.056 5.030250788037221e-09
11050.056 3.0983793933114226e-09
11100.056 1.918186009495448e-09
11150.056 9.98745629042995e-10
11200.056 9.033948895589449e-10
11250.056 1.1457153906983987e-09
11300.056 1.4120605094535287e-09
11350.056 5.469555964286147e-10
11400.056 1.7232158217271657e-09
11450.056 1.1675063911516274e-09
11500.056 1.053944269053673e-09
11550.056 3.7378658105296636e-10
11600.056 3.02868245583792e-10
11650.056 7.299996896404309e-10
11700.056 8.668573604526341e-10
11750.056 2.9545412996176145e-10
11800.056 1.1984367504789618e-09
11850.056 1.8071591010440913e-09
11900.056 2.1451926455218664e-09
11950.056 3.0424225026004403e-09
12000.056 4.224982552850478e-09
12050.056 5.775983168330243e-09
12100.056 7.325147529768936e-09
12150.056 9.462248343829454e-09
12200.056 1.0963891865180264e-08
12250.056 1.3839805535068677e-08
12300.056 1.7816848068800868e-08
12350.056 1.9367995833599733e-08
12400.056 2.436297925639924e-08
12450.056 2.9341561270800666e-08
12500.056 3.2378888684002404e-08
12550.056 3.6212796512999406e-08
12600.056 4.0209627749001435e-08
12650.056 4.2650527810999445e-08
12700.056 4.34023165970011e-08
12750.056 3.796009504520142e-08
12800.056 3.3207542816499826e-08
12850.056 2.489306654900057e-08
12900.056 2.0908338655072378e-08
12950.056 1.8608054099661325e-08
13000.056 1.9369467164432553e-08
13050.056 1.4919675031345102e-08
13100.056 1.4663165790447297e-08
13150.056 1.0653424971948713e-08
13200.056 1.0274743422051702e-08
13250.056 7.981192431042406e-09
13300.056 3.4770585873915754e-09
13350.056 1.1522362715835017e-09
13400.056 4.851829233044227e-10
13450.056 1.912786437820912e-10
13500.056 8.531581792972802e-11
13550.056 3.789030399716669e-11
13600.056 1.3084387877838896e-11
13650.056 6.965877336622974e-11
13700.056 4.0312660088766294e-11
13750.056 8.746298517595848e-11
13800.056 9.404689870292126e-11
13850.056 4.98693646394517e-11
13900.056 6.356474058135358e-11
13950.056 5.956881488283912e-11
14000.056 6.548332772523227e-11
14050.056 1.0249945919008669e-10
14100.056 8.621448592412554e-11
14150.056 1.5420174331313144e-10
14200.056 1.0082595427956248e-10
14250.056 1.256069314219771e-10
14300.056 3.181147878759644e-10
14350.056 2.930802135010417e-10
14400.056 3.0415917669651994e-10
14450.056 4.682145927677298e-10
14500.056 9.376247441022506e-10
14550.056 9.64950723880203e-10
14600.056 1.3155064225517315e-09
14650.056 8.564041685155973e-10
14700.056 4.4547504942353573e-10
14750.056 3.1830558707763936e-10
14800.056 4.94311594440736e-10
14850.056 5.820955784942819e-10
14900.056 5.920239806705389e-10
14950.056 5.270129301601197e-10
15000.056 1.1310881802106256e-09
15050.056 1.0106259665614465e-09
15100.056 7.180380157402962e-10
15150.056 5.085421560093644e-10
15200.056 9.866189014366395e-10
15250.056 1.8387298169874266e-09
15300.056 2.248471031074154e-09
15350.056 2.7343063291260823e-09
15400.056 3.5593787031491065e-09
15450.056 4.42582054598578e-09
15500.056 5.2155105673941836e-09
15550.056 7.288238849317504e-09
15600.056 9.458543589639375e-09
15650.056 1.267600299878108e-08
15700.056 1.640205461910028e-08
15750.056 1.8902533655200145e-08
15800.056 2.0871587626799925e-08
15850.056 2.302981945830122e-08
15900.056 2.2749908921600307e-08
15950.056 2.23729904729991e-08
16000.056 1.892419101500113e-08
16050.056 1.3294328263499223e-08
16100.056 9.205685544009331e-09
16150.056 5.685809025588633e-09
16200.056 3.286297177936248e-09
16250.056 2.4186406631698135e-09
16300.056 1.6977627936709336e-09
16350.056 2.0792032453156185e-09
16400.056 2.4610531554508895e-09
16450.056 2.430786386757098e-09
16500.056 2.31516699976409e-09
16550.056 2.2690071568510144e-09
16600.056 3.0578082616455608e-09
16650.056 2.0966896502582086e-09
16700.056 4.787746331021288e-10
16750.056 1.304055613699079e-09
16800.056 2.0099412181729138e-09
16850.056 2.125016156789041e-09
16900.056 1.3463688634007544e-09
16950.056 9.35494108048051e-10
17000.056 5.867343717529173e-10
17050.056 1.0550644653143384e-09
17100.056 1.5512118903061342e-09
17150.056 1.02616951954013e-09
17200.056 2.362150391453133e-09
17250.056 1.5410248926608307e-09
17300.056 1.1242600419826965e-09
17350.056 1.1841081621061336e-09
17400.056 1.6472017064653135e-09
17450.056 1.967446764932984e-09
17500.056 2.343068116548125e-09
17550.056 2.0492299969765063e-09
17600.056 1.6787897772603331e-09
17650.056 1.4986974844811467e-09
17700.056 1.2348333742559087e-09
17750.056 1.0863719420067782e-09
17800.056 1.8176742962884606e-09
17850.056 1.059422188555267e-09
17900.056 8.505808160479007e-10
17950.056 6.560811741567325e-10
18000.056 9.214588065884907e-10
18050.056 6.629720706156478e-10
18100.056 7.84843856815684e-10
18150.056 7.492802215259933e-10
18200.056 4.984797895877847e-10
18250.056 1.3066070147546602e-09
18300.056 4.6311667744718187e-10
18350.056 3.811338157315219e-10
18400.056 2.97025044724751e-10
18450.056 8.000895927025505e-10
18500.056 7.508562917703427e-10
18550.056 5.010736405132286e-10
18600.056 5.473436175083669e-10
18650.056 3.969853137736094e-10
18700.056 1.8267970951033605e-10
18750.056 3.565199594430171e-10
18800.056 1.0517579681802946e-09
18850.056 1.004131006401389e-09
18900.056 8.967210019144464e-10
18950.056 1.282517243633821e-09
19000.056 5.721353873840712e-10
19050.056 3.059593362260016e-10
19100.056 5.613534419418668e-10
19150.056 2.9776667851769663e-10
19200.056 3.794839678831673e-10
19250.056 2.79253220272216e-10
19300.056 2.1731482220377212e-10
19350.056 1.8728944402287715e-10
19400.056 1.618830629259714e-10
19450.056 2.4836799405306427e-10
19500.056 2.0166872406943576e-10
19550.056 2.6258680109788295e-10
19600.056 4.457275364031367e-10
19650.056 3.626002447807302e-10
19700.056 4.288200866912537e-10
19750.056 5.917908584729669e-10
19800.056 4.6068534933516393e-10
19850.056 5.636583651968339e-10
19900.056 6.580739517221947e-10
19950.056 8.618187599603006e-10
20000.056 9.94476185630063e-10
20050.056 8.461144506363255e-10
20100.056 1.2751511416757906e-09
20150.056 8.224136849607999e-10
20200.056 6.65893571939577e-10
20250.056 1.0618448205325876e-09
20300.056 1.1802533430018756e-09
20350.056 1.1855094156438358e-09
20400.056 1.120804511889792e-09
20450.056 1.6084529735783841e-09
20500.056 1.780576843721801e-09
20550.056 1.8924988907282544e-09
20600.056 1.975497603630422e-09
20650.056 2.2536896983398156e-09
20700.056 2.40504101175017e-09
20750.056 2.5306797765697925e-09
20800.056 2.493158647579546e-09
20850.056 2.6979484800200695e-09
20900.056 2.7635119503997626e-09
20950.056 2.7001661403001606e-09
21000.056 2.6618180225600844e-09
21050.056 2.7332441880998754e-09
21100.056 2.659562962400077e-09
21150.056 2.6531267813397853e-09
21200.056 2.5632236986001653e-09
21250.056 2.4688448413396893e-09
21300.056 2.2797130728499156e-09
21350.056 2.2353010680038307e-09
21400.056 2.241060992660354e-09
21450.056 1.9888735493494777e-09
21500.056 1.8659702868239397e-09
21550.056 1.7175576719492827e-09
21600.056 1.572907784069898e-09
21650.056 1.2956849015575318e-09
21700.056 1.283392490990832e-09
21750.056 1.1525616290818312e-09
21800.056 9.253600833516305e-10
21850.056 8.790147119858274e-10
21900.056 6.960667713793933e-10
21950.056 3.7887904104199756e-10
22000.056 1.0466826494011336e-10
22050.056 1.2571005158978206e-10
22100.056 3.680024658489588e-10
22150.056 3.13688774306354e-10
22200.056 3.313818012899016e-10
22250.056 2.821082076833081e-10
22300.056 1.7397407533747635e-10
22350.056 2.0960426863368884e-10
22400.056 9.906981778379931e-11
22450.056 1.2975114259725536e-10
22500.056 1.0625474112739333e-10
22550.056 7.554866087496604e-11
22600.056 6.526064895058585e-11
22650.056 1.0346823319279481e-10
22700.056 8.584711244578038e-11
22750.056 9.957953100941637e-11
22800.056 1.0899900156346054e-10
22850.056 8.29362276136466e-11
22900.056 6.47877091893331e-11
22950.056 6.030216922363296e-11
23000.056 7.522141534174592e-11
23050.056 9.536082795732237e-11
23100.056 3.1510540245822113e-10
23150.056 2.623342717807528e-10
23200.056 2.524535553645e-11
23250.056 7.825014184969122e-11
23300.056 6.974459123905514e-11
23350.056 8.90594186047267e-11
23400.056 7.6456102692488e-11
23450.056 5.700613044287339e-11
23500.056 6.280227164300012e-11
23550.056 1.0346970182101254e-10
23600.056 1.5918601338640914e-10
23650.056 2.1600809264677976e-10
23700.056 6.239004376067041e-11
23750.056 6.13748661470561e-11
23800.056 1.7877600081340645e-10
23850.056 1.391486469860602e-10
23900.056 2.6257999599321925e-10
23950.056 1.7958555264003285e-10
24000.056 3.091630185134644e-10
24050.056 3.4783725868226355e-10
24100.056 3.55789810614368e-10
24150.056 4.862891673502704e-10
24200.056 3.7105355277073563e-10
24250.056 3.233054662721243e-10
24300.056 5.223323399289702e-10
24350.056 4.425681078649001e-10
24400.056 7.640386314001408e-10
24450.056 8.144639291490191e-10
24500.056 7.60981829098579e-10
24550.056 1.0537465228810246e-09
24600.056 1.1160114240181225e-09
24650.056 1.4958732184528004e-09
24700.056 1.0556775573383651e-09
24750.056 1.2851894259495177e-09
24800.056 1.205021151275529e-09
24850.056 1.8575559658697362e-09
24900.056 9.293369644134347e-10
24950.056 1.7681545700455793e-09
25000.056 1.6721229984742926e-09
25050.056 1.1148925627589837e-09
25100.056 1.703180863660923e-09
25150.056 9.429759366068643e-10
25200.056 1.3706118727422317e-09
25250.056 6.365270798096578e-10
25300.056 9.609204703506398e-10
25350.056 4.681501781749892e-10
25400.056 1.1007802951611825e-09
25450.056 4.1732998253453486e-10
25500.056 3.727952721142643e-10
25550.056 6.649844453886357e-10
25600.056 4.1524313009494543e-10
25650.056 2.216496812615607e-10
25700.056 3.5625739834916687e-10
25750.056 1.0292458342776513e-10
25800.056 5.109488688303662e-10
25850.056 1.1431738508008456e-10
25900.056 1.6988630945639629e-10
25950.056 4.9533627906764166e-11
26000.056 4.838329633086754e-10
26050.056 8.324681636234234e-11
26100.056 3.6403982334034416e-10
26150.056 1.8585780821298057e-10
26200.056 2.237506797979188e-10
26250.056 1.1107635851801088e-09
26300.056 3.231023313590393e-10
26350.056 1.523214495327962e-09
26400.056 1.7447554911186977e-09
26450.056 1.446969042559535e-09
26500.056 2.527722301037937e-09
26550.056 4.731109328092142e-10
26600.056 6.330514140039037e-10
26650.056 1.1294843761325135e-10
26700.056 7.28541394410838e-11
26750.056 7.801222124695611e-11
26800.056 2.142977076353083e-10
26850.056 1.142033515316074e-10
26900.056 5.304897497194739e-10
26950.056 1.8835851425340003e-10
27000.056 9.583906731626388e-10
27050.056 9.650536081902139e-10
27100.056 1.9566785519272907e-10
27150.056 1.3342230010492766e-09
27200.056 1.9690297770948622e-10
27250.056 5.35948820600797e-10
27300.056 2.727939941394397e-09
27350.056 1.1495242620442281e-09
27400.056 7.884291707851578e-11
27450.056 1.3762115404362894e-09
27500.056 1.623024959075441e-09
27550.056 2.968690744098521e-10
27600.056 8.035183779526224e-10
27650.056 2.3489131384773505e-10
27700.056 1.8952238045097376e-10
27750.056 1.0945061067383965e-09
27800.056 3.318589879593483e-10
27850.056 5.130082992379267e-10
27900.056 5.207818074605381e-10
27950.056 1.2793387493136792e-09
28000.056 1.062349322877677e-09
28050.056 1.5961257655830074e-10
28100.056 1.0610720375499367e-09
28150.056 7.7764210268061e-10
28200.056 2.4592557496632686e-10
28250.056 1.4314347723550236e-09
28300.056 1.3645249410127812e-09
28350.056 3.2300841741001163e-10
28400.056 1.026251225844521e-09
28450.056 1.6680023140567113e-09
28500.056 1.1103022096645835e-09
28550.056 2.559906252820221e-10
28600.056 1.8091124357350068e-09
28650.056 1.2361476982829188e-09
28700.056 1.5995028443069017e-09
28750.056 2.367793646412777e-09
28800.056 1.2459821684260556e-09
28850.056 2.2259434948956804e-09
28900.056 1.1362316994478332e-09
28950.056 1.946682651506944e-09
29000.056 1.5425037481380575e-09
29050.056 2.134007630360726e-09
29100.056 1.2536921875625852e-09
29150.056 1.9862313125375903e-09
29200.056 2.1381747528889594e-09
29250.056 3.1367940460753443e-09
29300.056 1.5236867826228223e-09
29350.056 4.482586820425373e-09
29400.056 1.9341362314021196e-09
29450.056 1.873776674486493e-09
29500.056 3.546085573428648e-09
29550.056 1.8533749547209333e-09
29600.056 2.567861536848953e-09
29650.056 4.871207002244096e-09
29700.056 1.8335939330889091e-09
29750.056 3.8767835882912545e-09
29800.056 3.5585364616646757e-09
29850.056 4.554795596701527e-09
29900.056 3.222568893140991e-09
29950.056 3.2725504435165186e-09
30000.056 1.4343163868403573e-10
30050.056 4.934878807213146e-10
30100.056 1.2646953032647468e-09
30150.056 3.6173165510323853e-09
30200.056 2.995095993644558e-09
30250.056 5.929040452810467e-09
30300.056 6.6409010690763405e-09
30350.056 2.8814662309196515e-09
30400.056 7.1753537137532136e-09
30450.056 4.426856903544431e-09
30500.056 4.308195255675187e-09
30550.056 3.5526115464473386e-09
30600.056 1.0005112108537047e-08
30650.056 5.17567939953419e-09
30700.056 4.216465425282261e-09
30750.056 6.789355495288338e-09
30800.056 5.007189856191644e-09
30850.056 5.4855009497770434e-09
30900.056 3.3171768059620272e-09
30950.056 3.4275656270368812e-09
31000.056 3.4907561937029065e-09
31050.056 3.4282492673114635e-09
31100.056 2.0030331570037685e-09
31150.056 3.624948517032834e-09
31200.056 6.286198468190816e-09
31250.056 3.5944943954898062e-09
31300.056 2.64806168137923e-09
31350.056 4.021883726315561e-09
31400.056 2.862206924364775e-09
31450.056 3.251895964065252e-09
31500.056 1.4140705698821705e-09
31550.056 2.2192216445777813e-09
31600.056 1.4917276186345714e-09
31650.056 1.3430626263808605e-09
31700.056 1.4362396958562928e-09
31750.056 7.398326318544543e-10
31800.056 1.5527861119502663e-09
31850.056 4.2654988566129507e-10
31900.056 8.996146824031883e-10
31950.056 4.960351980971833e-10
32000.056 5.832508866472569e-10
32050.056 7.167575846518459e-10
32100.056 5.940136609007355e-10
32150.056 7.803846973470489e-10
32200.056 4.1455368327593175e-10
32250.056 1.0330020638810141e-09
32300.056 3.65749754635237e-10
32350.056 1.016714858336642e-09
32400.056 2.8347652308618527e-10
32450.056 8.682410131127756e-10
32500.056 3.986863300002711e-10
32550.056 7.034641171625549e-10
32600.056 5.406799571855533e-10
32650.056 1.4850889654783022e-09
32700.056 7.535183312653659e-10
32750.056 2.323836000255801e-09
32800.056 1.8300496465232437e-09
32850.056 3.2377386666227677e-09
32900.056 3.090863601368195e-09
32950.056 3.326904701023147e-09
33000.056 1.7387608582815602e-09
33050.056 2.174161310813791e-09
33100.056 6.141190281981439e-10
33150.056 2.5382249210883664e-12
33200.056 2.0938303157532767e-11
33250.056 2.296495801588017e-11
33300.056 9.277859962786719e-11
33350.056 2.9769308738116887e-10
33400.056 8.008745162987019e-10
33450.056 7.93731937104038e-10
33500.056 2.32173085477171e-09
33550.056 7.773613411904321e-10
33600.056 1.8596208461333356e-09
33650.056 1.7508063698678652e-09
33700.056 8.773235602579471e-10
33750.056 2.444420222597531e-09
33800.056 4.661714306047776e-10
33850.056 1.3555534185412377e-09
33900.056 1.3411152156298274e-09
33950.056 1.1036958122692149e-09
34000.056 2.1262732915457693e-09
34050.056 4.720120060991809e-10
34100.056 1.8600593782203716e-09
34150.056 8.960700743504676e-10
34200.056 1.8904272893128724e-09
34250.056 1.4143288229129737e-09
34300.056 1.1932098409536176e-09
34350.056 2.0020339315826566e-09
34400.056 8.384860648309894e-10
34450.056 2.1993286043375673e-09
34500.056 1.3802341360164172e-09
34550.056 7.492140194659e-10
34600.056 3.0830557960103567e-09
34650.056 8.064897647941262e-10
34700.056 2.33816954317652e-09
34750.056 1.6664778650589318e-09
34800.056 1.2709890450125621e-09
34850.056 3.353405487127994e-09
34900.056 1.4279989830301398e-09
34950.056 2.9355413925789715e-09
35000.056 5.567331213060936e-09
35050.056 2.3069554333023037e-09
35100.056 5.31382076984368e-09
35150.056 4.726952699610705e-09
35200.056 3.79630516607611e-09
35250.056 6.790291652468698e-09
35300.056 3.06416316213604e-09
35350.056 4.225292128295945e-09
35400.056 4.129430858777876e-09
35450.056 2.9030250169674854e-09
35500.056 9.048260987615304e-09
35550.056 5.867424456040596e-09
35600.056 6.03218962750412e-09
35650.056 6.556405777783518e-09
35700.056 6.017981744442504e-09
35750.056 9.636289487871386e-09
35800.056 9.716070408588671e-09
35850.056 4.371196277151619e-09
35900.056 6.49880649496766e-09
35950.056 7.933987394771649e-09
36000.056 7.940519464061398e-09
36050.056 6.424230523706916e-09
36100.056 5.957867125482831e-09
36150.056 1.0232843288576481e-08
36200.056 1.1715876884991035e-08
36250.056 8.503155325315363e-09
36300.056 1.5977651884392795e-08
36350.056 1.1140849820450941e-08
36400.056 1.490975885518614e-08
36450.056 1.4621711526012993e-08
36500.056 1.6701739885854098e-08
36550.056 2.0924612862128926e-08
36600.056 2.3572270686492282e-08
36650.056 1.8609925956181542e-08
36700.056 1.8867640696277135e-08
36750.056 2.3640576616009727e-08
36800.056 2.629399761361655e-08
36850.056 1.804469118606835e-08
36900.056 2.493996603252685e-08
36950.056 2.6903927188094804e-08
37000.056 2.0670291822733705e-08
37050.056 2.8740856777978328e-08
37100.056 2.244366864802254e-08
37150.056 2.2999478968256087e-08
37200.056 3.272601870999322e-08
37250.056 2.2974184468575156e-08
37300.056 1.9276738005565056e-08
37350.056 2.8534514982609856e-08
37400.056 4.056505243469184e-08
37450.056 2.0844928263216364e-08
37500.056 2.534405914389561e-08
37550.056 4.159367163197938e-08
37600.056 5.3627004244811457e-08
37650.056 2.267536306588192e-08
37700.056 4.0576365882743115e-08
37750.056 2.8139174711315483e-08
37800.056 3.062984938529447e-08
37850.056 1.852283678747656e-08
37900.056 2.2523007800982997e-08
37950.056 3.668654564415715e-08
38000.056 3.57660441332682e-08
38050.056 4.3305169130274945e-08
38100.056 5.161386431335923e-08
38150.056 5.3858463748198897e-08
38200.056 4.8922411306053036e-08
38250.056 4.7662801702714945e-08
38300.056 6.985420896058023e-08
38350.056 6.90031638946203e-08
38400.056 3.690157518034569e-08
38450.056 2.551796018024915e-08
38500.056 1.770111097002339e-08
38550.056 4.089942691101307e-08
38600.056 4.0969049847391785e-08
38650.056 4.603297764319066e-08
38700.056 4.5343578112096046e-08
38750.056 4.3004376138304956e-08
38800.056 4.3499021762994416e-08
38850.056 4.667476910170364e-08
38900.056 5.989153861679179e-08
38950.056 4.082117225154099e-08
39000.056 5.456761404088626e-08
39050.056 4.399161164702335e-08
39100.056 5.233720110254859e-08
39150.056 6.484236604550093e-08
39200.056 5.064226966955044e-08
39250.056 6.917046479890089e-08
39300.056 5.4895421651790246e-08
39350.056 7.960387960380144e-08
39400.056 5.5928355824200466e-08
39450.056 6.976740562835526e-08
39500.056 7.329320831700986e-08
39550.056 4.799062212515639e-08
39600.056 6.970229529040032e-08
39650.056 8.690831592199161e-08
39700.056 7.85245166780098e-08
39750.056 4.94700607193628e-08
39800.056 5.7910366384949976e-08
39850.056 9.550471997200557e-08
39900.056 9.954502278500448e-08
39950.056 6.240564339289108e-08
40000.056 9.096413464000236e-08
40050.056 9.17251436345996e-08
40100.056 4.934389559399098e-08
40150.056 8.871417869200566e-08
40200.056 9.133344181997877e-08
40250.056 9.804765745547733e-08
40300.056 9.732582456800867e-08
40350.056 7.30084233792853e-08
40400.056 9.82018616911297e-08
40450.056 6.302209772301168e-08
40500.056 1.0437231105899221e-07
40550.056 1.1191365833908362e-07
40600.056 9.604794537400565e-08
40650.056 8.28132396787757e-08
40700.056 1.3319484840099056e-07
40750.056 9.590079641098133e-08
40800.056 6.897287040397365e-08
40850.056 1.4060152434502704e-07
40900.056 1.241823524135909e-07
40950.056 1.0826569945937654e-07
41000.056 9.579358718709158e-08
41050.056 1.4484323624297307e-07
41100.056 1.2582052418099487e-07
41150.056 6.969193569137552e-08
41200.056 1.3988967095801053e-07
41250.056 1.2206981690808865e-07
41300.056 1.2025304986999824e-07
41350.056 1.482925266809918e-07
41400.056 1.2964997166601057e-07
41450.056 1.5572955470498486e-07
41500.056 1.1126878606370424e-07
41550.056 1.0607930516733274e-07
41600.056 1.1659952305211176e-07
41650.056 1.386159544510106e-07
41700.056 1.4987346706996996e-07
41750.056 1.2958393902498392e-07
41800.056 1.4240744670403022e-07
41850.056 1.1986754784478402e-07
41900.056 1.231952418306691e-07
41950.056 1.296654845320092e-07
42000.056 1.0098711070484454e-07
42050.056 1.0016898775026325e-07
42100.056 1.2772602571598567e-07
42150.056 1.1022213366920463e-07
42200.056 1.1151775350699253e-07
42250.056 1.0940977300900709e-07
42300.056 1.0441455578299649e-07
42350.056 1.3588773600901005e-07
42400.056 1.466383283740136e-07
42450.056 1.2888931390503054e-07
42500.056 1.3167039013698966e-07
42550.056 1.1595309275798241e-07
42600.056 1.2898631809813983e-07
42650.056 1.7789191056096012e-07
42700.056 1.1391052042476177e-07
42750.056 1.2127356477301766e-07
42800.056 1.5841347631501593e-07
42850.056 1.7006653161495791e-07
42900.056 1.8084299648102523e-07
42950.056 1.3950672588597893e-07
43000.056 1.6021546942400872e-07
43050.056 9.340718237501857e-08
43100.056 1.4193225821298867e-07
43150.056 1.1856007642401227e-07
43200.056 1.5564883055400797e-07
43250.056 2.0125118378001288e-07
43300.056 1.919795777300025e-07
43350.056 1.1119017421697129e-07
43400.056 1.558092349230048e-07
43450.056 1.147719599910131e-07
43500.056 1.2304195140302172e-07
43550.056 1.2764468860211131e-07
43600.056 1.7852414087201952e-07
43650.056 1.1748275553580123e-07
43700.056 2.0036958776802883e-07
43750.056 1.7576650643799735e-07
43800.056 1.6229114428198764e-07
43850.056 1.4733904255401994e-07
43900.056 1.3461020766998413e-07
43950.056 9.399964561298858e-08
44000.056 8.871524485849919e-08
44050.056 1.8339340933400474e-07
44100.056 2.2914758260200236e-07
44150.056 2.1410133174499685e-07
44200.056 1.9199475304900263e-07
44250.056 1.2074517552299667e-07
44300.056 9.837575756551664e-08
44350.056 1.1328998684582433e-07
44400.056 1.0578554556649145e-07
44450.056 1.6751026984400456e-07
44500.056 1.5265185773502768e-07
44550.056 2.054871319199857e-07
44600.056 1.839720815189034e-07
44650.056 1.6649056568200884e-07
44700.056 1.1695666724899034e-07
44750.056 1.6287553153803353e-07
44800.056 1.2814291026361164e-07
44850.056 1.7572128549200906e-07
44900.056 1.4152483223120555e-07
44950.056 1.6223123551201183e-07
45000.056 1.8093413184100744e-07
45050.056 1.6920738334198307e-07
45100.056 1.5892569618700633e-07
45150.056 1.5299227083668202e-07
45200.056 1.1888154804900992e-07
45250.056 1.3894535712996937e-07
45300.056 1.234020772800173e-07
45350.056 1.0957649358181379e-07
45400.056 2.1738147949302174e-07
45450.056 1.9149166482601671e-07
45500.056 2.1079081777101168e-07
45550.056 2.2334057583494955e-07
45600.056 2.115195729100271e-07
45650.056 1.7754673054399883e-07
45700.056 1.2425460837619383e-07
45750.056 1.1712903756860402e-07
45800.056 2.3293341800001034e-07
45850.056 2.0105653642599585e-07
45900.056 2.2831829132399523e-07
45950.056 1.9171720990699768e-07
46000.056 2.1669483555652583e-07
46050.056 1.6902773637299841e-07
46100.056 2.4646207998998725e-07
46150.056 1.6041581867700217e-07
46200.056 1.4518649484498589e-07
46250.056 7.123038109836156e-08
46300.056 1.6477371331600055e-07
46350.056 1.7424442177501974e-07
46400.056 1.6017661322100635e-07
46450.056 1.4607031133630324e-07
46500.056 1.609221484700347e-07
46550.056 1.0108850230800587e-07
46600.056 1.3929158787718063e-07
46650.056 2.0051679619201337e-07
46700.056 1.4126781239396934e-07
46750.056 8.281196724291255e-08
46800.056 5.9197072452960755e-08
46850.056 1.948928387820241e-07
46900.056 1.9280444916499294e-07
46950.056 1.8546974233198535e-07
47000.056 1.8022637300502422e-07
47050.056 1.413517848403546e-07
47100.056 1.0304867769331032e-07
47150.056 1.5081874334402173e-07
47200.056 1.7597598333999127e-07
47250.056 1.0505787885398862e-07
47300.056 7.225297686028062e-08
47350.056 1.9792839780000203e-07
47400.056 1.7386509464798484e-07
47450.056 1.5072280064382025e-07
47500.056 1.9913412522498287e-07
47550.056 1.7131556011400602e-07
47600.056 1.681275556524872e-07
47650.056 1.7449681054326727e-07
47700.056 1.3993956648704499e-07
47750.056 1.0710284651700239e-07
47800.056 9.696856239601217e-08
47850.056 5.4672008506508415e-08
47900.056 8.056321124599337e-08
47950.056 1.5708073203200438e-07
48000.056 2.024150855200093e-07
48050.056 1.7467267257799198e-07
48100.056 8.324226386140614e-08
48150.056 1.37512580012003e-07
48200.056 1.0397442766199737e-07
48250.056 1.260402302290015e-07
48300.056 1.93719715609987e-07
48350.056 1.2531675531499328e-07
48400.056 4.2377128309140315e-08
48450.056 8.499838373893905e-08
48500.056 1.2738804174097205e-07
48550.056 1.3217946010421174e-07
48600.056 1.5057931016800157e-07
48650.056 1.8610927957999225e-07
48700.056 1.3393785683801623e-07
48750.056 8.741671063903151e-08
48800.056 1.679766132540083e-07
48850.056 1.0058379460748245e-07
48900.056 1.4067892079168746e-07
48950.056 8.592339915500097e-08
49000.056 4.646456160360386e-08
49050.056 1.2839466211698231e-07
49100.056 1.5018562439482393e-07
49150.056 1.1515654067463234e-07
49200.056 1.6624851860802385e-07
49250.056 1.6527140721901299e-07
49300.056 1.4274583042499753e-07
49350.056 6.73546501478443e-08
49400.056 9.794249192827714e-08
49450.056 9.69041632982747e-08
49500.056 7.902897089519162e-08
49550.056 2.3123596525340616e-08
49600.056 5.757853319320565e-08
49650.056 1.0295313541699733e-07
49700.056 1.093640885419678e-07
49750.056 1.1896062970589365e-07
49800.056 8.313614044789743e-08
49850.056 1.4584886282602065e-07
49900.056 1.215524916849934e-07
49950.056 1.1630242808199916e-07
50000.056 9.96858485087826e-08
50050.056 1.200771633990011e-07
50100.056 9.624418819199426e-08
50150.056 5.214575375079108e-08
50200.056 1.3282262784345207e-08
50250.056 6.6100257323997e-08
50300.056 4.492694214342625e-08
50350.056 1.1205266892601463e-07
50400.056 1.1219059837798997e-07
50450.056 8.288273090080252e-08
50500.056 1.2529779068300898e-07
50550.056 1.1253487938900511e-07
50600.056 8.281516958697899e-08
50650.056 1.2860421234402043e-07
50700.056 1.3325084663698744e-07
50750.056 9.014642327320864e-08
50800.056 3.8638059498873124e-08
50850.056 2.538619415575095e-08
50900.056 1.0910245918400184e-07
50950.056 9.191070650899656e-08
51000.056 8.008439879587677e-08
51050.056 1.0456876900098647e-07
51100.056 4.336051821183693e-08
51150.056 5.422661323409907e-08
51200.056 1.303011504959943e-07
51250.056 9.128640978258441e-08
51300.056 6.412228860442034e-08
51350.056 6.73964843575516e-08
51400.056 2.9494810827794585e-08
51450.056 2.2988167488545887e-08
51500.056 2.1669211837576458e-08
51550.056 7.02782915784092e-08
51600.056 5.5027702660710355e-08
51650.056 6.659188583799346e-08
51700.056 7.400373822524497e-08
51750.056 4.983534826555771e-08
51800.056 8.527466576098479e-08
51850.056 6.995441744619632e-08
51900.056 9.758097611200005e-08
51950.056 6.225766565299346e-08
52000.056 9.109002654256768e-09
52050.056 3.626175268950501e-08
52100.056 2.337008018419702e-08
52150.056 1.504384316359502e-08
52200.056 3.373290453749953e-08
52250.056 4.977959969191059e-08
52300.056 7.248466302599695e-08
52350.056 2.9289535477544163e-08
52400.056 2.8251069828380628e-08
52450.056 7.762668136400717e-08
52500.056 6.488859239958189e-08
52550.056 6.685959420699462e-08
52600.056 4.934775313220039e-08
52650.056 5.8206472377306694e-08
52700.056 4.302619704569893e-08
52750.056 2.1228345517615614e-08
52800.056 3.398035088430464e-08
52850.056 3.954627315798845e-08
52900.056 2.2983073813870093e-08
52950.056 3.224731640700332e-08
53000.056 5.046953980300652e-08
53050.056 2.2349666085573897e-08
53100.056 5.7418947682996824e-08
53150.056 6.45107687750062e-08
53200.056 2.763086995617797e-08
53250.056 5.7537372674002976e-08
53300.056 6.899632213043578e-08
53350.056 5.43248480800011e-08
53400.056 3.946226401899527e-08
53450.056 1.6545685998844836e-08
53500.056 4.3364872670933306e-09
53550.056 1.0227367600320019e-08
53600.056 3.513072454716452e-08
53650.056 3.0828360045614616e-08
53700.056 2.7076418847694763e-08
53750.056 2.611964862359563e-08
53800.056 2.7052088524601463e-08
53850.056 4.3166090680986153e-08
53900.056 4.4471115052399736e-08
53950.056 4.74859498936019e-08
54000.056 3.4448929360613266e-08
54050.056 4.705465775339467e-08
54100.056 1.1173370292318909e-08
54150.056 1.762337433994458e-08
54200.056 3.423699856091633e-09
54250.056 9.250751205470944e-09
54300.056 1.6590077850818436e-08
54350.056 2.6926949760498374e-08
54400.056 2.5749138612992277e-08
54450.056 2.4372682755046778e-08
54500.056 2.6770198126424112e-08
54550.056 2.1693088666399644e-08
54600.056 2.0493767218697505e-08
54650.056 3.2320278958621868e-09
54700.056 2.324987879719799e-08
54750.056 2.2710918522396954e-08
54800.056 1.2553216459384065e-08
54850.056 1.52822672150327e-08
54900.056 2.1613779512720008e-08
54950.056 3.8745406466794706e-08
55000.056 1.640327980999808e-08
55050.056 1.9608234475880776e-08
55100.056 2.7219928829808547e-08
55150.056 1.4104071217121512e-08
55200.056 1.4071811733209167e-08
55250.056 1.8727053976983154e-08
55300.056 1.3680406883570105e-08
55350.056 2.2952328657891352e-08
55400.056 1.9009977354599658e-08
55450.056 1.610177668927521e-08
55500.056 5.9030974746012245e-09
55550.056 7.1897159410795335e-09
55600.056 1.5319150036580856e-08
55650.056 1.1046083051268793e-08
55700.056 1.324887438180307e-08
55750.056 9.569384499387883e-09
55800.056 4.339381858172296e-09
55850.056 4.945682858649067e-09
55900.056 1.4571541380876032e-08
55950.056 2.474802665370159e-08
56000.056 1.0599527163422792e-08
56050.056 1.0073869504049997e-08
56100.056 1.6317481131775752e-08
56150.056 9.820375507880985e-09
56200.056 8.184298441167292e-09
56250.056 2.2998146229603155e-08
56300.056 1.6250640918450962e-08
56350.056 8.21722343434097e-09
56400.056 3.3004231091131425e-09
56450.056 3.889430988109844e-09
56500.056 1.2073125044383666e-08
56550.056 4.040200067166748e-09
56600.056 1.305592642364941e-08
56650.056 1.5534660693349788e-08
56700.056 1.2816128722498586e-08
56750.056 5.167346903471722e-09
56800.056 6.179721116119877e-09
56850.056 1.0297201475864652e-08
56900.056 5.219363746887745e-09
56950.056 1.4942879153077864e-08
57000.056 1.8394114603064558e-08
57050.056 1.0976445945795561e-08
57100.056 2.5181347640046837e-09
57150.056 6.72749040929315e-09
57200.056 3.9424967101300626e-09
57250.056 6.3868432939354336e-09
57300.056 8.459277966853871e-09
57350.056 4.434489249675274e-09
57400.056 1.515375969816487e-08
57450.056 6.345767733036692e-09
57500.056 5.9132206674058105e-09
57550.056 8.45627704319994e-09
57600.056 5.1452699297156586e-09
57650.056 1.905376322367068e-09
57700.056 4.557134356774784e-09
57750.056 9.52194763320072e-09
57800.056 5.001054267020881e-09
57850.056 1.6413134359606007e-08
57900.056 2.0553559958102454e-08
57950.056 2.1589952286002886e-08
58000.056 6.945646116995891e-09
58050.056 1.3649783315996886e-08
58100.056 1.019726310978317e-08
58150.056 8.320167118823863e-09
58200.056 1.942225503025016e-09
58250.056 3.819544307519149e-09
58300.056 2.8780520917129016e-09
58350.056 4.992881409091475e-09
58400.056 9.196180796921169e-09
58450.056 1.5203406253360767e-08
58500.056 1.584234814460038e-08
58550.056 9.901070607558419e-09
58600.056 4.105919101710756e-09
58650.056 7.395844579045545e-09
58700.056 6.2520567003994466e-09
58750.056 8.940252523099679e-09
58800.056 7.476252374707272e-10
58850.056 4.466463321910669e-09
58900.056 4.1980312615645605e-09
58950.056 2.8087544201047013e-09
59000.056 6.191853110981577e-09
59050.056 7.0283052259365085e-09
59100.056 6.2553094559154306e-09
59150.056 6.8509006504329176e-09
59200.056 1.0152793043229903e-08
59250.056 1.2791606777272314e-08
59300.056 1.0348784818937585e-08
59350.056 1.6025943685048493e-09
59400.056 2.0282689438366542e-09
59450.056 1.0596496740019444e-08
59500.056 5.467956522188944e-09
59550.056 7.774058059122605e-09
59600.056 1.2532212859839418e-08
59650.056 5.848099809440027e-09
59700.056 4.459572943059371e-09
59750.056 1.869727705279468e-08
59800.056 7.51097404718865e-09
59850.056 8.903928516379247e-09
59900.056 3.414665820335916e-09
59950.056 6.817388041615415e-09
60000.056 1.4730960570670247e-08
60050.056 1.947163518560486e-08
60100.056 1.689128717299744e-08
60150.056 5.29827451908901e-09
60200.056 8.51677978274538e-09
60250.056 1.7256271210845833e-08
60300.056 1.4263746425148592e-08
60350.056 8.571042222538683e-09
60400.056 1.0308999517645676e-08
60450.056 2.058213098763479e-09
60500.056 7.583256228756108e-10
60550.056 6.678046845543074e-09
60600.056 9.873143098599804e-09
60650.056 7.502990006311757e-09
60700.056 4.6257093475996306e-09
60750.056 2.3086426283162494e-09
60800.056 9.186121567853403e-09
60850.056 1.494979871561352e-08
60900.056 1.0781787407722732e-08
60950.056 7.32347587561768e-09
61000.056 1.452417069950824e-08
61050.056 5.291233118116522e-09
61100.056 5.380048790948878e-09
61150.056 1.7462260754708296e-09
61200.056 9.759463994502479e-09
61250.056 8.26952201559993e-09
61300.056 5.5944818995233166e-09
61350.056 1.1802455785454151e-08
61400.056 4.037001679921186e-09
61450.056 2.8735826055226498e-09
61500.056 2.4196119385639785e-09
61550.056 5.1776448637985276e-09
61600.056 2.5929617594801928e-09
61650.056 3.3544464026021516e-09
61700.056 6.374677714338262e-09
61750.056 5.960099908725386e-09
61800.056 6.6513105060962376e-09
61850.056 1.765139077627538e-09
61900.056 1.1319435481303032e-08
61950.056 8.6213470044173e-09
62000.056 6.399582844759087e-09
62050.056 1.688063332070391e-08
62100.056 6.182850690102564e-09
62150.056 1.2284230135007493e-08
62200.056 1.0161816755768485e-08
62250.056 9.352545581399304e-09
62300.056 1.7392898336898318e-08
62350.056 1.744251289882338e-08
62400.056 1.2909108070900534e-08
62450.056 1.1572679118626715e-08
62500.056 1.754910097782108e-08
62550.056 2.5457435618693836e-08
62600.056 1.13613550787042e-08
62650.056 1.1605327944460927e-08
62700.056 9.418644909181969e-09
62750.056 1.8529690580789023e-08
62800.056 1.4620090504817576e-08
62850.056 1.2031170188504401e-08
62900.056 1.887783614989397e-08
62950.056 2.6460173285001833e-08
63000.056 9.314643807081503e-09
63050.056 3.4643698848405834e-08
63100.056 4.025103861349638e-08
63150.056 2.565412770344845e-08
63200.056 1.882881018260012e-08
63250.056 2.4053199494900467e-08
63300.056 1.0072211106217632e-08
63350.056 1.592984085110275e-08
63400.056 6.112571393458112e-09
63450.056 2.8089670933390404e-09
63500.056 1.9545412223004e-08
63550.056 2.4201587605311775e-08
63600.056 1.2743268935281396e-08
63650.056 1.4673798196401425e-08
63700.056 4.247764642708397e-09
63750.056 1.008978672585371e-08
63800.056 2.0384861869069693e-08
63850.056 1.5787986202438635e-08
63900.056 6.392523849401905e-09
63950.056 9.070762998205949e-09
64000.056 1.6041683824990295e-08
64050.056 4.713330621487579e-09
64100.056 1.699669109541617e-09
64150.056 2.338680776591508e-09
64200.056 2.3635109297334134e-09
64250.056 1.0503834494581187e-08
64300.056 7.70433295829738e-09
64350.056 4.601007652288806e-09
64400.056 1.2334107220511046e-08
64450.056 1.1342459910160293e-08
64500.056 6.436552804290006e-09
64550.056 1.282689739840065e-08
64600.056 8.004912429162353e-09
64650.056 1.2702035047836755e-08
64700.056 3.408721878279356e-09
64750.056 5.693558594889293e-09
64800.056 3.4179169131406867e-09
64850.056 2.499750165360662e-09
64900.056 2.4788044500966055e-09
64950.056 1.9730528561496854e-09
65000.056 3.07153633698193e-09
65050.056 8.917107821797881e-09
65100.056 6.681266760371344e-09
65150.056 7.420477995698824e-09
65200.056 2.3458777707057215e-09
65250.056 5.379207155807025e-09
65300.056 7.780000577954964e-09
65350.056 1.5981243421702113e-08
65400.056 6.284471319060442e-09
65450.056 6.8960312025661246e-09
65500.056 9.853999312300407e-09
65550.056 4.112351469198364e-09
65600.056 1.0688054310586412e-08
65650.056 6.359268654643125e-09
65700.056 5.104385490501271e-09
65750.056 3.358825112020253e-09
65800.056 7.040371325651483e-09
65850.056 1.420077695769608e-08
65900.056 2.9713840695292927e-09
65950.056 4.002535265609367e-09
66000.056 4.691967749864848e-09
66050.056 1.2061069049207952e-08
66100.056 7.2790538704354085e-09
66150.056 6.705048143260705e-09
66200.056 7.469092895488901e-09
66250.056 4.204630139270095e-09
66300.056 3.110320126521071e-09
66350.056 1.6560837002803802e-09
66400.056 3.091620735179534e-09
66450.056 9.598588539602068e-09
66500.056 1.5347608347107637e-08
66550.056 1.3404124174297654e-08
66600.056 1.0701301430301945e-08
66650.056 6.646574706112251e-09
66700.056 5.707014524262575e-09
66750.056 1.035058324153781e-08
66800.056 6.5787121153191945e-09
66850.056 4.65575340146016e-09
66900.056 1.5892944433784506e-08
66950.056 1.3887224357149855e-08
67000.056 2.3247538758007987e-08
67050.056 8.1360753469175e-09
67100.056 6.299806688300981e-09
67150.056 7.097344502664464e-09
67200.056 1.2968178234599039e-08
67250.056 1.0994644969283379e-08
67300.056 1.7354380931501167e-08
67350.056 8.17125890730284e-09
67400.056 1.725496756739832e-08
67450.056 1.134645141448138e-08
67500.056 7.023900241610511e-09
67550.056 2.008126109071257e-08
67600.056 3.383335718699671e-08
67650.056 2.2891834166216896e-08
67700.056 1.4066308558693839e-08
67750.056 8.742240519852436e-09
67800.056 1.1057680314152383e-08
67850.056 6.04743982438015e-09
67900.056 7.273775596419999e-09
67950.056 6.868671556199918e-09
68000.056 1.7057726514797686e-08
68050.056 9.902537714476952e-09
68100.056 1.529173398889757e-08
68150.056 1.666647014929431e-08
68200.056 1.3677899784762415e-08
68250.056 5.0087276610086775e-09
68300.056 1.8617015798701464e-08
68350.056 1.8722819061495373e-08
68400.056 2.295383308279752e-08
68450.056 2.5424271123007316e-08
68500.056 1.4477595468310884e-08
68550.056 5.301735450330491e-09
68600.056 6.0046777862304146e-09
68650.056 2.980175642335179e-09
68700.056 7.754773105202613e-09
68750.056 1.231682134440224e-08
68800.056 1.1348578047293706e-08
68850.056 8.217891375994863e-09
68900.056 2.960936902769865e-08
68950.056 2.7103134771905745e-08
69000.056 1.3659701914300617e-08
69050.056 7.357612974349827e-09
69100.056 2.770506307100143e-08
69150.056 3.502934744111168e-08
69200.056 2.4037196707601502e-08
69250.056 3.134865530209556e-08
69300.056 3.040961287660941e-08
69350.056 3.0796109538997893e-08
69400.056 1.3589175130478302e-08
69450.056 2.544622179359234e-08
69500.056 1.7922563976897174e-08
69550.056 1.3607991243500572e-08
69600.056 3.1265030857408034e-09
69650.056 1.2799931698705241e-08
69700.056 2.534357516329789e-08
69750.056 1.378220713252067e-08
69800.056 2.5474117481999825e-08
69850.056 2.6593099671608944e-08
69900.056 1.915002701556255e-08
69950.056 1.8273483899881317e-08
70000.056 1.6116438302696085e-08
70050.056 3.538696081731638e-08
70100.056 1.9110933472302633e-08
70150.056 1.9016471422999695e-08
70200.056 1.3180820921125923e-08
70250.056 1.5678491480901653e-08
70300.056 2.5315064611798467e-08
70350.056 2.7491011557498595e-08
70400.056 1.2384454518495971e-08
70450.056 2.8976017565871673e-09
70500.056 1.2470582765001554e-08
70550.056 9.540123642239742e-09
70600.056 1.2066408084061017e-08
70650.056 1.6908883428097322e-08
70700.056 2.16967205782099e-08
70750.056 3.855519397601362e-08
70800.056 1.7888449079291113e-08
70850.056 1.623977247979654e-08
70900.056 2.8191887060417397e-08
70950.056 2.7539450205709965e-08
71000.056 2.4013168026295435e-08
71050.056 2.7980643507800692e-08
71100.056 1.8671464050699794e-08
71150.056 1.3718227060245148e-08
71200.056 1.4710296994602136e-08
71250.056 2.638577980000439e-08
71300.056 3.0458154216901444e-08
71350.056 3.4456120796002137e-08
71400.056 2.6303037333190765e-08
71450.056 9.51217855772879e-09
71500.056 1.3483639727995727e-08
71550.056 1.1706030736790984e-08
71600.056 1.8563595662299674e-08
71650.056 1.0683795613700043e-08
71700.056 7.356009612019828e-09
71750.056 1.7057925577607598e-08
71800.056 2.676008431340209e-08
71850.056 2.410523448029789e-08
71900.056 1.5899950686494506e-08
71950.056 2.2970222149190144e-08
72000.056 2.0119400504604438e-08
72050.056 8.811034214937788e-09
72100.056 1.124201516239179e-08
72150.056 2.046457281039479e-08
72200.056 1.6962220306802656e-08
72250.056 3.453863491200592e-08
72300.056 1.4849315928473447e-08
72350.056 2.159936419269232e-08
72400.056 1.8139702268302408e-08
72450.056 1.6942642139287282e-08
72500.056 2.2378343821002543e-08
72550.056 6.765222285364619e-09
72600.056 1.5269588709202924e-08
72650.056 2.448878066301204e-08
72700.056 1.1450838415721505e-08
72750.056 1.6345913617898847e-08
72800.056 8.007070350893972e-09
72850.056 1.0029788729834173e-08
72900.056 2.6995019015005858e-08
72950.056 1.4999990998295173e-08
73000.056 1.4008080470050327e-08
73050.056 7.704903290502654e-09
73100.056 1.2193064432645175e-08
73150.056 2.906689798299505e-08
73200.056 9.67828627060167e-09
73250.056 1.4140633512999082e-08
73300.056 7.221439281821148e-09
73350.056 5.6697537401882695e-09
73400.056 1.3922236100700188e-08
73450.056 7.675917949701216e-09
73500.056 7.1648515224015074e-09
73550.056 1.2136805433401779e-08
73600.056 1.3002799785693626e-08
73650.056 1.2527270545176855e-08
73700.056 8.434219180391093e-09
73750.056 4.751048455998964e-09
73800.056 9.564111396104007e-09
73850.056 1.3432223297693585e-08
73900.056 7.1212482868706165e-09
73950.056 1.0317217929713521e-08
74000.056 3.998618067839633e-09
74050.056 1.7068937033207442e-08
74100.056 1.4244286127894041e-08
74150.056 1.4323233600898201e-08
74200.056 5.511840824056321e-09
74250.056 2.4505427309828474e-09
74300.056 1.2209142754499838e-08
74350.056 1.7641115418005164e-08
74400.056 1.397345537263976e-08
74450.056 6.461039061913602e-09
74500.056 3.798358523684231e-09
74550.056 8.009605400527556e-09
74600.056 6.602875652490087e-09
74650.056 7.751594257852271e-09
74700.056 8.253264246103137e-09
74750.056 4.004390689545754e-09
74800.056 5.403327555441595e-09
74850.056 1.57301930358059e-08
74900.056 1.886384178518944e-08
74950.056 1.4031247533596704e-08
75000.056 9.63101659059883e-09
75050.056 2.1197475014627976e-09
75100.056 1.5223640660269682e-08
75150.056 2.129860363260564e-08
75200.056 1.6893279271497106e-08
75250.056 1.6127529754389562e-08
75300.056 1.344441839640062e-08
75350.056 3.814516098520591e-09
75400.056 2.332580550500356e-08
75450.056 2.301570223840632e-08
75500.056 1.671791597749704e-08
75550.056 1.2286934849223343e-08
75600.056 1.899399485100054e-08
75650.056 1.287352766014515e-08
75700.056 2.3284848878795863e-08
75750.056 1.600964983101235e-08
75800.056 1.655967427151154e-08
75850.056 2.1522212018512064e-08
75900.056 2.0813123358694136e-08
75950.056 1.1886813891567363e-08
76000.056 2.4047202458689267e-08
76050.056 2.087101453959127e-08
76100.056 2.0596484620996925e-08
76150.056 2.0870104705893433e-08
76200.056 1.914672712310939e-08
76250.056 1.2269598519665003e-08
76300.056 3.314534833399989e-08
76350.056 4.132751714200933e-08
76400.056 2.4957336511807023e-08
76450.056 2.328890109550558e-08
76500.056 1.8200453288999505e-08
76550.056 5.796886691786679e-09
76600.056 1.4796052182747037e-09
76650.056 2.291378489369138e-09
76700.056 2.4236627356195733e-09
76750.056 2.6535513580826574e-09
76800.056 5.092768705941177e-09
76850.056 4.3330291358965755e-09
76900.056 6.874982503276844e-09
76950.056 4.451165279448649e-09
77000.056 9.423079205277389e-09
77050.056 3.525083577979241e-09
77100.056 5.957635362589746e-09
77150.056 1.0019086685701493e-08
77200.056 5.075984694299914e-09
77250.056 5.6999156954510445e-09
77300.056 1.1003043261197141e-08
77350.056 5.9875272165152485e-09
77400.056 9.16186069800394e-09
77450.056 1.4547393305494479e-08
77500.056 1.1827540761700222e-08
77550.056 9.029614689949726e-09
77600.056 5.606016046178026e-09
77650.056 7.237063418010719e-09
77700.056 1.2808704774091288e-08
77750.056 1.2289504760849377e-08
77800.056 1.9221392495502846e-08
77850.056 2.5687833397996103e-08
77900.056 9.899216156182348e-09
77950.056 5.129860162689935e-09
78000.056 1.2576281604197172e-08
78050.056 8.217334740920485e-09
78100.056 1.254984547100496e-08
78150.056 1.695008336512756e-08
78200.056 2.5531692321398047e-08
78250.056 1.8274221384199732e-08
78300.056 6.904459150808639e-09
78350.056 1.3907472381507908e-08
78400.056 9.17850385367361e-09
78450.056 1.3647892568004415e-08
78500.056 2.593387514816129e-08
78550.056 2.5441528994396764e-08
78600.056 2.0445527980598623e-08
78650.056 6.596667080116856e-09
78700.056 8.36599237134098e-09
78750.056 1.4293986147401434e-08
78800.056 9.883161811615454e-09
78850.056 6.538059276195593e-09
78900.056 1.3194674836055973e-08
78950.056 1.8276630987400236e-08
79000.056 1.384848964771084e-08
79050.056 1.199200195030203e-08
79100.056 1.5090833917101887e-08
79150.056 1.043939579726014e-08
79200.056 1.45688050472975e-08
79250.056 7.940657915252863e-09
79300.056 1.1468619078610876e-08
79350.056 1.370987251804056e-08
79400.056 6.6562417313736275e-09
79450.056 1.747248796160734e-08
79500.056 3.096909167399663e-08
79550.056 2.603765198900931e-08
79600.056 1.3306096534458716e-08
79650.056 2.4385788698995916e-08
79700.056 1.3488790018999533e-08
79750.056 1.4504233591140924e-08
79800.056 1.0802720014258432e-08
79850.056 2.2204050137506476e-08
79900.056 3.224565205520064e-08
79950.056 3.9758000674004376e-08
