# %ECSV 1.0
# ---
# datatype:
# - {name: wav, unit: Angstrom, datatype: float64}
# - {name: flux_nu, unit: erg / (cm2 Hz s), datatype: float64}
# meta: {C/O: '1.00', Kzz: '1.0000E+05', Teff: '650.', Y: '0.28', '[Fe/H]': '-0.50', f_hole: '1.00', f_rain: '0.00', grav: '100.'}
# schema: astropy-2.0
wav flux_nu
4000.0559999999996 nan
4050.0559999999996 2.1932240205323997e-15
4100.056 4.087878076210064e-13
4150.056 2.5623568214000427e-12
4200.056 2.3588071416976315e-12
4250.056 9.029543959900061e-12
4300.056 1.5061488217900476e-11
4350.056 1.9362080475000114e-11
4400.056 2.608917777500019e-11
4450.056 3.5050289558000586e-11
4500.056 3.8333436444000675e-11
4550.056 3.987207527002929e-11
4600.056 2.3185269572999968e-11
4650.056 1.6473632304999963e-11
4700.056 9.400314855999913e-12
4750.056 2.569503049179961e-12
4800.056 4.611546467999925e-13
4850.056 7.37560781109987e-14
4900.056 1.7842993115599788e-14
4950.056 6.240674422199938e-15
5000.056 2.555661953099977e-15
5050.056 1.5622240395000052e-15
5100.056 1.565917876600003e-15
5150.056 1.6607891850999984e-15
5200.056 1.7798269889999982e-15
5250.056 1.939832649599999e-15
5300.056 2.1295992529999996e-15
5350.056 2.3593360747000038e-15
5400.056 2.6431050072000003e-15
5450.056 2.9233992355999953e-15
5500.056 3.1918715099000033e-15
5550.056 3.4363866905000037e-15
5600.056 3.652642998399998e-15
5650.056 3.813853362500003e-15
5700.056 3.8863072286000026e-15
5750.056 3.7136468219999956e-15
5800.056 3.206949303799991e-15
5850.056 2.125681696929975e-15
5900.056 6.586025887345073e-16
5950.056 4.491359187700075e-15
6000.056 1.0186332628600074e-14
6050.056 1.8380386570000165e-14
6100.056 3.003716432300016e-14
6150.056 4.6339342064000253e-14
6200.056 6.87068881040003e-14
6250.056 9.91816064270004e-14
6300.056 1.396976846900007e-13
6350.056 1.94809651920001e-13
6400.056 2.7016605197000105e-13
6450.056 3.668112528899984e-13
6500.056 5.044363806300009e-13
6550.056 6.946936904899985e-13
6600.056 9.57889226540017e-13
6650.056 1.3253254859500077e-12
6700.056 1.7281196771700196e-12
6750.056 2.491686462900011e-12
6800.056 3.2568376932000176e-12
6850.056 3.854550394700007e-12
6900.056 3.89797961870004e-12
6950.056 3.703744015499987e-12
7000.056 3.926423422400018e-12
7050.056 4.333855500299957e-12
7100.056 4.8400480400999816e-12
7150.056 4.8863322625399316e-12
7200.056 4.867408634650027e-12
7250.056 4.992683465499777e-12
7300.056 4.888253581480171e-12
7350.056 4.9077104647599335e-12
7400.056 4.8676919315001045e-12
7450.056 4.728096693400073e-12
7500.056 4.426957590299995e-12
7550.056 3.928780094499988e-12
7600.056 3.286219877999981e-12
7650.056 9.249468025709549e-13
7700.056 5.957331223420292e-13
7750.056 3.1829587658000565e-12
7800.056 5.510234229180062e-12
7850.056 9.498266924800042e-12
7900.056 1.3501869880400004e-11
7950.056 1.592121063180016e-11
8000.056 2.4969682455000247e-11
8050.056 3.286654738600046e-11
8100.056 3.978385504599943e-11
8150.056 4.84366191136999e-11
8200.056 6.808380940920304e-11
8250.056 8.484126549428006e-11
8300.056 1.1009817986350652e-10
8350.056 1.3882727123379545e-10
8400.056 1.7767733091199738e-10
8450.056 2.3335579110399854e-10
8500.056 2.6971687174798777e-10
8550.056 3.6797955430001044e-10
8600.056 4.847454210700051e-10
8650.056 6.074086358200075e-10
8700.056 7.432457982900089e-10
8750.056 9.130640897400068e-10
8800.056 1.0930115203000115e-09
8850.056 1.223730994199994e-09
8900.056 1.0051285909499478e-09
8950.056 9.749536266010328e-10
9000.056 1.1900721923787587e-09
9050.056 2.0307937959165958e-09
9100.056 2.4036467756488705e-09
9150.056 2.697792866217175e-09
9200.056 3.384949139266258e-09
9250.056 3.406138982265397e-09
9300.056 1.259460152185168e-09
9350.056 1.669749389725701e-09
9400.056 2.9502402635187637e-09
9450.056 3.265001852742535e-09
9500.056 3.07424108671346e-09
9550.056 3.4606088422901334e-09
9600.056 3.58566208660195e-09
9650.056 4.5035102964418615e-09
9700.056 6.435500110125398e-09
9750.056 6.84149244087614e-09
9800.056 7.922378764144276e-09
9850.056 9.20848747266995e-09
9900.056 1.1519978310629972e-08
9950.056 1.2560948745100288e-08
10000.056 1.1297391324429718e-08
10050.056 1.5756175399600096e-08
10100.056 1.7995337762999925e-08
10150.056 1.9549198933999847e-08
10200.056 2.0758821057700774e-08
10250.056 2.35782837057007e-08
10300.056 2.7463774208398313e-08
10350.056 2.824117279700077e-08
10400.056 3.2871940146000236e-08
10450.056 3.6110815191996914e-08
10500.056 3.9026968501999204e-08
10550.056 4.2084661331000224e-08
10600.056 4.361970341899952e-08
10650.056 4.487322414500075e-08
10700.056 4.4528705603000694e-08
10750.056 4.507529037500076e-08
10800.056 4.44764758254006e-08
10850.056 4.230377828000015e-08
10900.056 3.4827195286999403e-08
10950.056 2.166814695389047e-08
11000.056 1.581045124334441e-08
11050.056 1.058243182911505e-08
11100.056 7.1473869396568024e-09
11150.056 4.174151455051576e-09
11200.056 4.004040669942233e-09
11250.056 5.003551252744879e-09
11300.056 5.695063897266476e-09
11350.056 2.4890298705282298e-09
11400.056 6.328635710222592e-09
11450.056 4.596073235728516e-09
11500.056 4.169754435270765e-09
11550.056 1.7823160570483345e-09
11600.056 1.6730442714047653e-09
11650.056 3.2441463171988095e-09
11700.056 3.697214048651689e-09
11750.056 1.4330411077518083e-09
11800.056 4.806718976264689e-09
11850.056 7.29153088063464e-09
11900.056 8.817121336288372e-09
11950.056 1.2344026675871654e-08
12000.056 1.6507954785070856e-08
12050.056 2.1581817654401597e-08
12100.056 2.7117447562556658e-08
12150.056 3.3947978586697556e-08
12200.056 3.932036980279934e-08
12250.056 4.7567819824695535e-08
12300.056 5.794590999600286e-08
12350.056 6.162716583399915e-08
12400.056 7.394099560099735e-08
12450.056 8.394824892000227e-08
12500.056 9.035217917700548e-08
12550.056 9.890532794999914e-08
12600.056 1.0788473171300345e-07
12650.056 1.0980737631599911e-07
12700.056 1.1016309229400431e-07
12750.056 9.994125117500416e-08
12800.056 9.22732864250004e-08
12850.056 7.347367968840377e-08
12900.056 6.308202641480676e-08
12950.056 5.77501322507019e-08
13000.056 5.8109852868304626e-08
13050.056 4.729847785714872e-08
13100.056 4.573681725387837e-08
13150.056 3.5309360893158184e-08
13200.056 3.254763727735685e-08
13250.056 2.504427318594223e-08
13300.056 1.1825027662764856e-08
13350.056 3.939070570178178e-09
13400.056 1.9065721727199344e-09
13450.056 8.849188155829849e-10
13500.056 4.5796398384232936e-10
13550.056 2.55357950570581e-10
13600.056 1.1127879212323592e-10
13650.056 4.298505718666821e-10
13700.056 2.7878109032174207e-10
13750.056 4.6140557279051337e-10
13800.056 5.221710172256533e-10
13850.056 3.2754365009621316e-10
13900.056 3.7357814514546863e-10
13950.056 3.5115600262741506e-10
14000.056 3.648042522920673e-10
14050.056 5.173713214801162e-10
14100.056 4.427970537863348e-10
14150.056 7.164885671301038e-10
14200.056 5.026449833414801e-10
14250.056 5.801963378886184e-10
14300.056 1.234880702303033e-09
14350.056 1.2034718385200696e-09
14400.056 1.2777426901755312e-09
14450.056 1.726301667115116e-09
14500.056 3.26997586166848e-09
14550.056 3.477200660979024e-09
14600.056 4.696395123625285e-09
14650.056 3.6987348567358e-09
14700.056 2.2611664085162087e-09
14750.056 2.1015564410669168e-09
14800.056 3.1481091810683574e-09
14850.056 3.5219726966909773e-09
14900.056 3.639906049528601e-09
14950.056 3.67979653803923e-09
15000.056 6.121243416888319e-09
15050.056 5.853147342822369e-09
15100.056 5.105074182844291e-09
15150.056 4.609727696460343e-09
15200.056 6.575097702785045e-09
15250.056 1.0637514925387114e-08
15300.056 1.262179368757112e-08
15350.056 1.509862823453156e-08
15400.056 1.8430455051112856e-08
15450.056 2.1665424516432655e-08
15500.056 2.4515662502610416e-08
15550.056 3.0756562348855676e-08
15600.056 3.661169996729848e-08
15650.056 4.3354279661201924e-08
15700.056 5.167336723850192e-08
15750.056 5.6185059717999084e-08
15800.056 5.9208255822000267e-08
15850.056 6.285772384200258e-08
15900.056 5.959320493100077e-08
15950.056 5.6333555390996854e-08
16000.056 4.6876102225002916e-08
16050.056 3.2975600691998146e-08
16100.056 2.3563293381498056e-08
16150.056 1.537022800489919e-08
16200.056 9.611993565514235e-09
16250.056 7.639082682358689e-09
16300.056 5.743374746329609e-09
16350.056 6.7490413271164e-09
16400.056 7.973434485801972e-09
16450.056 8.134972320994551e-09
16500.056 8.24645811783136e-09
16550.056 8.02094601658918e-09
16600.056 9.454868473899358e-09
16650.056 6.687845684065957e-09
16700.056 1.902059983917052e-09
16750.056 4.13157746857836e-09
16800.056 6.471573689373947e-09
16850.056 6.842059026463552e-09
16900.056 4.900693167065678e-09
16950.056 3.6353137070893596e-09
17000.056 2.5014300061081487e-09
17050.056 4.148615086939804e-09
17100.056 5.627284157027686e-09
17150.056 4.009952956228424e-09
17200.056 7.722630692777817e-09
17250.056 5.75224225523563e-09
17300.056 4.347581184796742e-09
17350.056 4.322512598033981e-09
17400.056 5.480629039461034e-09
17450.056 6.402791556385187e-09
17500.056 7.4247156349870076e-09
17550.056 6.624736468138497e-09
17600.056 5.558328417276103e-09
17650.056 5.204105184341869e-09
17700.056 4.230221081123246e-09
17750.056 3.83374638018081e-09
17800.056 5.835534412554426e-09
17850.056 3.6900702192507522e-09
17900.056 3.209148839420803e-09
17950.056 2.5591467249863896e-09
18000.056 3.305505057975662e-09
18050.056 2.6597031768571892e-09
18100.056 3.0423067373211495e-09
18150.056 3.2428285228185614e-09
18200.056 2.1391427130432467e-09
18250.056 4.894336064794394e-09
18300.056 2.3092757860961643e-09
18350.056 1.935496964804282e-09
18400.056 1.6428394887650765e-09
18450.056 3.1656815305871086e-09
18500.056 3.092482147717202e-09
18550.056 2.2556589275682214e-09
18600.056 2.2225216505452307e-09
18650.056 1.7916325587514165e-09
18700.056 1.1332857287521146e-09
18750.056 1.915245274151278e-09
18800.056 4.26770847588069e-09
18850.056 4.264656455084e-09
18900.056 3.887310784101793e-09
18950.056 5.5312412599133e-09
19000.056 2.9923733864160432e-09
19050.056 1.866400304837613e-09
19100.056 3.047362060245778e-09
19150.056 1.8363388476626932e-09
19200.056 2.248192831801993e-09
19250.056 1.6625974653365227e-09
19300.056 1.3868284837441188e-09
19350.056 1.1990745450252008e-09
19400.056 1.0053356148179152e-09
19450.056 1.5686096711268963e-09
19500.056 1.3335149273540586e-09
19550.056 1.437561187112859e-09
19600.056 2.1657476805472068e-09
19650.056 2.015224791176584e-09
19700.056 2.1739180149934055e-09
19750.056 2.8845311739007528e-09
19800.056 2.4732255529200617e-09
19850.056 3.0921438005066787e-09
19900.056 3.23906045526848e-09
19950.056 4.2861063394948446e-09
20000.056 4.667652654364557e-09
20050.056 4.366367923468709e-09
20100.056 6.017987994903714e-09
20150.056 4.276690168777003e-09
20200.056 3.885621584898295e-09
20250.056 5.48289463256404e-09
20300.056 5.940437869897006e-09
20350.056 6.0332648381583506e-09
20400.056 5.842814153811217e-09
20450.056 7.743552313765788e-09
20500.056 8.501166020788135e-09
20550.056 8.90752427397145e-09
20600.056 9.322808213812125e-09
20650.056 1.0389542098299454e-08
20700.056 1.0963893544301177e-08
20750.056 1.1486301917999051e-08
20800.056 1.1474937902997956e-08
20850.056 1.2144471829200286e-08
20900.056 1.2475453636998536e-08
20950.056 1.2211015476500829e-08
21000.056 1.2045651375200654e-08
21050.056 1.224296774939921e-08
21100.056 1.1907790679100422e-08
21150.056 1.1887253632598667e-08
21200.056 1.1421841946400785e-08
21250.056 1.096970493215831e-08
21300.056 1.0088535673099315e-08
21350.056 9.907480648603162e-09
21400.056 9.784023845831834e-09
21450.056 8.817548346805836e-09
21500.056 8.26966641981731e-09
21550.056 7.60776990443033e-09
21600.056 6.9625707373602275e-09
21650.056 5.856434188643527e-09
21700.056 5.856442991556892e-09
21750.056 5.21747800945109e-09
21800.056 4.359966835190773e-09
21850.056 4.095414131201993e-09
21900.056 3.2408742035753193e-09
21950.056 1.9127985927226133e-09
22000.056 6.786456837482635e-10
22050.056 6.651689815516402e-10
22100.056 1.6343771370084696e-09
22150.056 1.6340235630177754e-09
22200.056 1.7608309039981937e-09
22250.056 1.4996600727012074e-09
22300.056 1.03438579047485e-09
22350.056 1.1710057252351256e-09
22400.056 6.490524059099995e-10
22450.056 7.529763169839352e-10
22500.056 6.457023049380863e-10
22550.056 4.979723340854866e-10
22600.056 4.571277663532065e-10
22650.056 6.353683701172591e-10
22700.056 5.160869238811781e-10
22750.056 5.632270392638569e-10
22800.056 5.874287595713016e-10
22850.056 4.774876847117172e-10
22900.056 3.959959733766041e-10
22950.056 3.7461674575266567e-10
23000.056 4.745020935039458e-10
23050.056 5.983942202941436e-10
23100.056 1.5619972100361763e-09
23150.056 1.3655267778367156e-09
23200.056 1.9144741665658912e-10
23250.056 4.390792010787535e-10
23300.056 3.9726227117947716e-10
23350.056 4.743406549559716e-10
23400.056 4.566767652511905e-10
23450.056 3.682576933382349e-10
23500.056 4.096009044241873e-10
23550.056 6.015683007406446e-10
23600.056 7.979837470192791e-10
23650.056 1.1001365027308884e-09
23700.056 4.1221559582187804e-10
23750.056 3.7441008378473656e-10
23800.056 8.09179335951914e-10
23850.056 7.226191731097269e-10
23900.056 1.2654487795314937e-09
23950.056 1.0106647485623406e-09
24000.056 1.4984511456965501e-09
24050.056 1.6979207360096163e-09
24100.056 1.656365829892991e-09
24150.056 2.1566313813377105e-09
24200.056 1.7711523807030228e-09
24250.056 1.5701339873055055e-09
24300.056 2.2805122629285835e-09
24350.056 1.9725336450295775e-09
24400.056 3.062022520396109e-09
24450.056 3.147124348649872e-09
24500.056 3.0432063355323364e-09
24550.056 3.949437211932827e-09
24600.056 4.072096278488829e-09
24650.056 5.365177129504015e-09
24700.056 3.764746308160532e-09
24750.056 4.423905746190095e-09
24800.056 4.271660262169532e-09
24850.056 6.343474285941288e-09
24900.056 3.3556708180009983e-09
24950.056 6.166887716817785e-09
25000.056 5.629003787753044e-09
25050.056 3.8775838420392756e-09
25100.056 5.720220030088321e-09
25150.056 3.4395117196863344e-09
25200.056 4.816064286175275e-09
25250.056 2.545353947576393e-09
25300.056 3.860471521706837e-09
25350.056 2.0186260738271382e-09
25400.056 4.304637401067838e-09
25450.056 1.898257008278021e-09
25500.056 1.7973107779414085e-09
25550.056 2.6684285819947935e-09
25600.056 1.8994374202123673e-09
25650.056 1.1331799721211662e-09
25700.056 2.1008642023828913e-09
25750.056 7.048057260224909e-10
25800.056 2.668601333555701e-09
25850.056 7.873034476182447e-10
25900.056 1.1748319793635305e-09
25950.056 4.4696664528814413e-10
26000.056 2.5772333157602404e-09
26050.056 7.395597382484223e-10
26100.056 2.2688689842931115e-09
26150.056 1.3833155572317352e-09
26200.056 1.611231031418952e-09
26250.056 4.944319599765062e-09
26300.056 2.0668071748359454e-09
26350.056 6.135255220683832e-09
26400.056 6.2718792872835575e-09
26450.056 6.029193840216526e-09
26500.056 8.4545252423791e-09
26550.056 2.562636552964711e-09
26600.056 3.5491228855198985e-09
26650.056 9.411934705283816e-10
26700.056 7.182714013591716e-10
26750.056 5.88696160785193e-10
26800.056 1.323469015990796e-09
26850.056 7.057144311904328e-10
26900.056 2.553395596411973e-09
26950.056 1.042961405726169e-09
27000.056 4.110735970299991e-09
27050.056 3.7077660161416776e-09
27100.056 1.3446933722549714e-09
27150.056 5.33630391573819e-09
27200.056 1.3925036792260937e-09
27250.056 2.7268310892733937e-09
27300.056 9.516129252942789e-09
27350.056 5.186604619224266e-09
27400.056 5.973979177318369e-10
27450.056 5.9729108651566674e-09
27500.056 6.505480771930587e-09
27550.056 1.7174737668832944e-09
27600.056 3.864927910172449e-09
27650.056 1.422399909035722e-09
27700.056 1.0987795605497876e-09
27750.056 4.667260417083199e-09
27800.056 1.612446943970906e-09
27850.056 2.302652097843079e-09
27900.056 2.3409565357685212e-09
27950.056 5.092047570541863e-09
28000.056 4.098903057726004e-09
28050.056 8.52372217544126e-10
28100.056 4.182541269604259e-09
28150.056 3.0478374705324973e-09
28200.056 1.1999516535075174e-09
28250.056 5.238545834336102e-09
28300.056 5.302311621008255e-09
28350.056 1.5787348936296498e-09
28400.056 4.016736988764078e-09
28450.056 5.908439685112959e-09
28500.056 4.207381544334193e-09
28550.056 1.2108249071420204e-09
28600.056 6.657543777479056e-09
28650.056 4.830581031520762e-09
28700.056 5.487322237521844e-09
28750.056 7.924950786930403e-09
28800.056 4.969444776754952e-09
28850.056 7.263600485942553e-09
28900.056 3.867068088572728e-09
28950.056 7.175832324888679e-09
29000.056 5.8813403181349555e-09
29050.056 7.606391471334348e-09
29100.056 4.876064061437692e-09
29150.056 7.836663296054077e-09
29200.056 6.830253172274755e-09
29250.056 1.049893587812747e-08
29300.056 4.996226884986746e-09
29350.056 1.4831448381023955e-08
29400.056 7.0107581057141e-09
29450.056 7.411037274051368e-09
29500.056 1.0712902644922318e-08
29550.056 7.095775920343229e-09
29600.056 9.320405239659266e-09
29650.056 1.3785092231443658e-08
29700.056 6.987452311235692e-09
29750.056 1.2288804158673893e-08
29800.056 1.1979517834034238e-08
29850.056 1.3883455354163294e-08
29900.056 1.1706939069486939e-08
29950.056 1.1020943759295078e-08
30000.056 9.017068999689621e-10
30050.056 2.2347922477403185e-09
30100.056 4.3161246640395525e-09
30150.056 1.0329426170516511e-08
30200.056 9.24039222962716e-09
30250.056 1.7690176045598627e-08
30300.056 1.8419891800871518e-08
30350.056 1.0613713012317845e-08
30400.056 2.03973205510348e-08
30450.056 1.2754473814501322e-08
30500.056 1.2960468178555555e-08
30550.056 1.1606388501701594e-08
30600.056 2.21023585569023e-08
30650.056 1.3324374446070146e-08
30700.056 1.1620765426342617e-08
30750.056 1.681321124358939e-08
30800.056 1.271211083990805e-08
30850.056 1.320376541390112e-08
30900.056 8.599671794853311e-09
30950.056 9.522596777263013e-09
31000.056 8.92817957717213e-09
31050.056 9.257380029081073e-09
31100.056 5.872812718172348e-09
31150.056 9.743005855471887e-09
31200.056 1.3325384500422741e-08
31250.056 8.489614857094666e-09
31300.056 6.522059013863212e-09
31350.056 8.712260682235497e-09
31400.056 6.42828141370787e-09
31450.056 7.322685002577926e-09
31500.056 3.87529674084118e-09
31550.056 5.4176851443932216e-09
31600.056 3.722691969790324e-09
31650.056 3.4654406159262065e-09
31700.056 3.7865723102103845e-09
31750.056 2.190948643475787e-09
31800.056 4.1234468308003845e-09
31850.056 1.586057121160473e-09
31900.056 2.780344136546122e-09
31950.056 1.5898199376269114e-09
32000.056 2.1031590618067535e-09
32050.056 2.3729087715213724e-09
32100.056 2.0700366199232263e-09
32150.056 2.698652728197872e-09
32200.056 1.6239679999311708e-09
32250.056 3.4773949463522332e-09
32300.056 1.5142338143903482e-09
32350.056 3.4625492378239564e-09
32400.056 1.3578019589860816e-09
32450.056 3.0436257552309926e-09
32500.056 1.883892770200384e-09
32550.056 2.543086098212174e-09
32600.056 2.5835396617201842e-09
32650.056 4.917771201059924e-09
32700.056 3.3280197291475983e-09
32750.056 6.600865264445593e-09
32800.056 5.764122740808067e-09
32850.056 8.080531089959137e-09
32900.056 8.10958118930765e-09
32950.056 8.817989952565937e-09
33000.056 5.949452918338876e-09
33050.056 6.663158961927884e-09
33100.056 2.3141417971191324e-09
33150.056 3.867117565898382e-11
33200.056 1.3057029066002493e-10
33250.056 1.1122972224252749e-10
33300.056 2.9556795209475473e-10
33350.056 8.201051536263747e-10
33400.056 1.7782384503334156e-09
33450.056 2.2175841753429758e-09
33500.056 5.3121914601737596e-09
33550.056 2.5942940221866903e-09
33600.056 5.430517930816002e-09
33650.056 5.307975012550022e-09
33700.056 3.32684380096859e-09
33750.056 7.130586475554063e-09
33800.056 2.3247942787583964e-09
33850.056 4.694134709169507e-09
33900.056 4.159305012055342e-09
33950.056 3.845550249883219e-09
34000.056 6.339270165114764e-09
34050.056 1.9638592060335497e-09
34100.056 5.628031587221333e-09
34150.056 3.1724448939639073e-09
34200.056 5.370737163333025e-09
34250.056 4.45832614632606e-09
34300.056 3.633745076513392e-09
34350.056 4.858718652027154e-09
34400.056 2.7199721248639502e-09
34450.056 5.732035894262174e-09
34500.056 4.1790693695985296e-09
34550.056 2.3060268577563845e-09
34600.056 7.4121051389006425e-09
34650.056 2.797767286699323e-09
34700.056 5.873706859104079e-09
34750.056 4.733169901982847e-09
34800.056 3.6021723237667553e-09
34850.056 7.280708900635888e-09
34900.056 4.603673177429442e-09
34950.056 6.836276500017948e-09
35000.056 1.2465745330553773e-08
35050.056 5.579121660600641e-09
35100.056 1.097463641634596e-08
35150.056 1.0172901509552417e-08
35200.056 8.911089642056744e-09
35250.056 1.461079665288406e-08
35300.056 7.851619407885757e-09
35350.056 9.821644019491443e-09
35400.056 1.071820361361634e-08
35450.056 6.985642437557867e-09
35500.056 1.8858286697405448e-08
35550.056 1.3962265602475344e-08
35600.056 1.3226176860929079e-08
35650.056 1.4819377116009491e-08
35700.056 1.288149113031924e-08
35750.056 1.9660082474318967e-08
35800.056 2.2284652768579815e-08
35850.056 1.1183103513201764e-08
35900.056 1.642564032157117e-08
35950.056 1.8156329198633196e-08
36000.056 1.7720513100132857e-08
36050.056 1.5450497423583792e-08
36100.056 1.4879885254955145e-08
36150.056 2.104938152326442e-08
36200.056 2.3947135464933357e-08
36250.056 1.8854702245279933e-08
36300.056 3.014707005537668e-08
36350.056 2.394801818708929e-08
36400.056 2.8327888665339852e-08
36450.056 2.956227856624159e-08
36500.056 3.3186637247565216e-08
36550.056 3.805935892286023e-08
36600.056 4.386679530198863e-08
36650.056 3.710158605418911e-08
36700.056 3.804453842556503e-08
36750.056 4.537124873831787e-08
36800.056 4.7950763276997056e-08
36850.056 3.7604017905645674e-08
36900.056 4.751108249015652e-08
36950.056 5.0838541634389997e-08
37000.056 4.242088279009092e-08
37050.056 5.223223592529888e-08
37100.056 4.658523577515373e-08
37150.056 4.505077655706856e-08
37200.056 5.905192765698997e-08
37250.056 4.7275316327089475e-08
37300.056 4.149299285397857e-08
37350.056 5.376868654459209e-08
37400.056 7.422053047427962e-08
37450.056 4.5609806424434565e-08
37500.056 5.040132467153514e-08
37550.056 7.328295040043709e-08
37600.056 8.877533092301649e-08
37650.056 4.624723154010495e-08
37700.056 7.659431604520688e-08
37750.056 5.498279865110759e-08
37800.056 6.043279112011146e-08
37850.056 3.970679386385404e-08
37900.056 4.729102557811088e-08
37950.056 6.757403884150123e-08
38000.056 7.09944569774764e-08
38050.056 7.776056750022506e-08
38100.056 8.799428259598807e-08
38150.056 9.25261060329999e-08
38200.056 9.009929559360822e-08
38250.056 8.298511762304199e-08
38300.056 1.166934126199715e-07
38350.056 1.1743140471502752e-07
38400.056 7.023675057356943e-08
38450.056 5.962209250478769e-08
38500.056 4.244847828180783e-08
38550.056 7.92153988190266e-08
38600.056 7.842438659228742e-08
38650.056 8.512059648478302e-08
38700.056 8.797401495699809e-08
38750.056 8.517287312400979e-08
38800.056 8.243767325797888e-08
38850.056 8.680450335040775e-08
38900.056 1.1047285568818688e-07
38950.056 8.137579562149776e-08
39000.056 9.980310068577987e-08
39050.056 8.810352121203052e-08
39100.056 9.64855692980855e-08
39150.056 1.1162873396590016e-07
39200.056 9.582729031378455e-08
39250.056 1.2104990340229796e-07
39300.056 1.0046155529597738e-07
39350.056 1.3591692223700728e-07
39400.056 1.0473237614696214e-07
39450.056 1.2087993096259907e-07
39500.056 1.2595458655401802e-07
39550.056 9.847151822286217e-08
39600.056 1.2530633004469007e-07
39650.056 1.4695661187798488e-07
39700.056 1.3461606332101523e-07
39750.056 9.725236017364646e-08
39800.056 1.124177689344984e-07
39850.056 1.611376538740073e-07
39900.056 1.6263726638800556e-07
39950.056 1.2151528615698164e-07
40000.056 1.611962996150116e-07
40050.056 1.5487218579500085e-07
40100.056 1.0314771189881371e-07
40150.056 1.5468509633140714e-07
40200.056 1.582221358799624e-07
40250.056 1.6576179190895773e-07
40300.056 1.6382438059101517e-07
40350.056 1.3819102483527648e-07
40400.056 1.7461592277720275e-07
40450.056 1.269172400954666e-07
40500.056 1.790597852049829e-07
40550.056 1.8805484024215057e-07
40600.056 1.6854107531401429e-07
40650.056 1.4999263143863656e-07
40700.056 2.1817779489398671e-07
40750.056 1.6678846958096863e-07
40800.056 1.3006537568794402e-07
40850.056 2.27263988589042e-07
40900.056 2.0600040886999203e-07
40950.056 1.8379603476282046e-07
41000.056 1.7043925208199027e-07
41050.056 2.3230033660595912e-07
41100.056 2.0351045495099105e-07
41150.056 1.3082432767157074e-07
41200.056 2.259692816100082e-07
41250.056 1.971719792011867e-07
41300.056 1.8899677352198684e-07
41350.056 2.353604949099928e-07
41400.056 2.1109249895202184e-07
41450.056 2.3999073529798226e-07
41500.056 1.8218682817834308e-07
41550.056 1.775932726464491e-07
41600.056 1.9901549568266555e-07
41650.056 2.221142257970148e-07
41700.056 2.2236884322995326e-07
41750.056 2.0578865497697554e-07
41800.056 2.3435834057804498e-07
41850.056 1.8430885689118114e-07
41900.056 2.0247260314755336e-07
41950.056 2.1293773587802487e-07
42000.056 1.8276288605441916e-07
42050.056 1.714014088353518e-07
42100.056 2.2717876090597173e-07
42150.056 1.8058033589101208e-07
42200.056 1.7889891583299423e-07
42250.056 1.8600423342150064e-07
42300.056 1.7898188129799633e-07
42350.056 2.2002478975702142e-07
42400.056 2.2754153116602434e-07
42450.056 1.968862277380491e-07
42500.056 1.9985766522298724e-07
42550.056 1.803308353399757e-07
42600.056 2.0247992594965675e-07
42650.056 2.688409179709342e-07
42700.056 1.9121947380974593e-07
42750.056 1.8903319242702245e-07
42800.056 2.3273697919702477e-07
42850.056 2.5124743400893544e-07
42900.056 2.6684648306504264e-07
42950.056 2.0665125821095917e-07
43000.056 2.3529247688201625e-07
43050.056 1.4819223895203877e-07
43100.056 2.0978669731598136e-07
43150.056 1.8288107596701825e-07
43200.056 2.2672748145600698e-07
43250.056 2.876536383500225e-07
43300.056 2.787714688520045e-07
43350.056 1.7160407525195356e-07
43400.056 2.2771493386300113e-07
43450.056 1.7920598464102479e-07
43500.056 1.9081524252102702e-07
43550.056 1.9763659669031902e-07
43600.056 2.606239899380292e-07
43650.056 1.8134680928350498e-07
43700.056 2.8968863603303743e-07
43750.056 2.525283531830076e-07
43800.056 2.3638454126497894e-07
43850.056 2.136889111080317e-07
43900.056 2.115554107359798e-07
43950.056 1.5080884084498137e-07
44000.056 1.4017198405400016e-07
44050.056 2.6572925697300664e-07
44100.056 3.268779477700051e-07
44150.056 3.10664291077993e-07
44200.056 2.726810607320007e-07
44250.056 1.845985799490005e-07
44300.056 1.548542783640275e-07
44350.056 1.792543575334411e-07
44400.056 1.6759174267398705e-07
44450.056 2.4684898485499774e-07
44500.056 2.3160512989104664e-07
44550.056 2.996060593299745e-07
44600.056 2.7205759016230926e-07
44650.056 2.4810095583902036e-07
44700.056 1.8024109743798924e-07
44750.056 2.4148102800805035e-07
44800.056 2.0235030960601795e-07
44850.056 2.6863984094002023e-07
44900.056 2.1066565938301223e-07
44950.056 2.402387879010145e-07
45000.056 2.6006684547000965e-07
45050.056 2.4797241637497745e-07
45100.056 2.386915369470065e-07
45150.056 2.3756219982987227e-07
45200.056 1.8889029467401329e-07
45250.056 2.158629342279477e-07
45300.056 1.875365833170261e-07
45350.056 1.787316925564131e-07
45400.056 3.0941332197002975e-07
45450.056 2.785942412040175e-07
45500.056 2.9583025410701567e-07
45550.056 3.1782631501992593e-07
45600.056 3.0857219820004064e-07
45650.056 2.584305820119935e-07
45700.056 1.9424530174799644e-07
45750.056 1.869229284352026e-07
45800.056 3.315689100490113e-07
45850.056 3.005963355479915e-07
45900.056 3.2845918992999896e-07
45950.056 2.7107834762199826e-07
46000.056 3.1028503855503545e-07
46050.056 2.479427010979956e-07
46100.056 3.4418105972997917e-07
46150.056 2.369683099230027e-07
46200.056 2.2064067160798947e-07
46250.056 1.2322859394528313e-07
46300.056 2.466210690519978e-07
46350.056 2.552702976480261e-07
46400.056 2.3572563674001047e-07
46450.056 2.1481516035301377e-07
46500.056 2.383369680680541e-07
46550.056 1.6184761653700972e-07
46600.056 2.1596517147057286e-07
46650.056 3.020193461430196e-07
46700.056 2.1625751030995455e-07
46750.056 1.4231572153761664e-07
46800.056 1.0696008647700652e-07
46850.056 2.9557637491903713e-07
46900.056 2.803121003669897e-07
46950.056 2.700259831239788e-07
47000.056 2.6279269456003756e-07
47050.056 2.1655032910852858e-07
47100.056 1.5942877973261755e-07
47150.056 2.1863553994603336e-07
47200.056 2.59424209941991e-07
47250.056 1.708899208739837e-07
47300.056 1.2127489726180285e-07
47350.056 2.94271791319994e-07
47400.056 2.537553056819776e-07
47450.056 2.378930108716329e-07
47500.056 2.851484361089731e-07
47550.056 2.517855331610086e-07
47600.056 2.523742972429837e-07
47650.056 2.5103445520697584e-07
47700.056 2.119628536775581e-07
47750.056 1.659477488090035e-07
47800.056 1.5691984286501478e-07
47850.056 1.0101139771621247e-07
47900.056 1.3846950126358364e-07
47950.056 2.315495007400054e-07
48000.056 2.964892849500257e-07
48050.056 2.6384058403198625e-07
48100.056 1.3671842088060963e-07
48150.056 2.1029917743600367e-07
48200.056 1.684097739721985e-07
48250.056 1.938167640380044e-07
48300.056 2.8086876224997145e-07
48350.056 1.848171702189985e-07
48400.056 8.058731612638335e-08
48450.056 1.520537779462338e-07
48500.056 2.0676900246296039e-07
48550.056 2.0587407104401522e-07
48600.056 2.180806331200039e-07
48650.056 2.6399466968998835e-07
48700.056 1.9893427121401664e-07
48750.056 1.3010614901305455e-07
48800.056 2.496327575070088e-07
48850.056 1.5901565199297165e-07
48900.056 2.2959116922818325e-07
48950.056 1.4765328713600608e-07
49000.056 8.374171332825902e-08
49050.056 2.02126091596972e-07
49100.056 2.2791377109873527e-07
49150.056 1.776127893982048e-07
49200.056 2.4771614585003816e-07
49250.056 2.395239017080253e-07
49300.056 2.108532408249957e-07
49350.056 1.1146684321912156e-07
49400.056 1.5646258524096596e-07
49450.056 1.6013126712504357e-07
49500.056 1.3182046484988865e-07
49550.056 5.1521695690102725e-08
49600.056 1.0752047095917858e-07
49650.056 1.598802754819907e-07
49700.056 1.6327135161895086e-07
49750.056 1.8808682300798511e-07
49800.056 1.4227368582759769e-07
49850.056 2.2238278524403543e-07
49900.056 1.8344041552598962e-07
49950.056 1.7439569101699875e-07
50000.056 1.5768665675057881e-07
50050.056 1.899671199409963e-07
50100.056 1.52272230855993e-07
50150.056 9.296433225698615e-08
50200.056 3.2225283154609956e-08
50250.056 1.2403646718199184e-07
50300.056 8.896150533221007e-08
50350.056 1.7895233820202078e-07
50400.056 1.7023974257898684e-07
50450.056 1.2927935151280323e-07
50500.056 1.8548302557401666e-07
50550.056 1.6805550864800836e-07
50600.056 1.2785868681497045e-07
50650.056 1.9097831028903108e-07
50700.056 1.9946275275396946e-07
50750.056 1.435834782980177e-07
50800.056 7.30806888069875e-08
50850.056 5.663724904912122e-08
50900.056 1.7827458668799836e-07
50950.056 1.4324500519900065e-07
51000.056 1.3636055346320958e-07
51050.056 1.5993572176698357e-07
51100.056 7.418752443625158e-08
51150.056 9.869924642364687e-08
51200.056 2.0428132756998885e-07
51250.056 1.3798258090097937e-07
51300.056 1.0353430266203607e-07
51350.056 1.1226793399458777e-07
51400.056 5.845514232090624e-08
51450.056 4.6681317136627054e-08
51500.056 4.582662001065652e-08
51550.056 1.2421823672741272e-07
51600.056 9.203139268711586e-08
51650.056 1.0461980047498547e-07
51700.056 1.1922073970096319e-07
51750.056 8.290300863175992e-08
51800.056 1.32052817484974e-07
51850.056 1.119214399579928e-07
51900.056 1.6238808363199986e-07
51950.056 1.1244839521598905e-07
52000.056 2.466181501899258e-08
52050.056 7.235468172870977e-08
52100.056 5.133606308999563e-08
52150.056 3.7372493155505575e-08
52200.056 6.163086595170014e-08
52250.056 8.517565050651676e-08
52300.056 1.2760543092399604e-07
52350.056 6.55154286976368e-08
52400.056 5.680064152960386e-08
52450.056 1.2703702598000964e-07
52500.056 1.1373184986656902e-07
52550.056 1.1102940954398782e-07
52600.056 8.470694018520051e-08
52650.056 9.655036512581375e-08
52700.056 7.631159512789817e-08
52750.056 4.42085265046748e-08
52800.056 6.351253283500737e-08
52850.056 7.194097127877855e-08
52900.056 5.191380859657546e-08
52950.056 6.400592245440495e-08
53000.056 9.155738265601116e-08
53050.056 4.547730216428857e-08
53100.056 9.294328746298929e-08
53150.056 1.1214063123501362e-07
53200.056 4.932221280259596e-08
53250.056 9.991424489300642e-08
53300.056 1.1766544838035046e-07
53350.056 9.562061392500071e-08
53400.056 7.531970420699362e-08
53450.056 3.809559161438996e-08
53500.056 1.365917938831512e-08
53550.056 2.8158938749079405e-08
53600.056 7.190445608270708e-08
53650.056 5.561930921618839e-08
53700.056 5.196695263309252e-08
53750.056 5.106208577304416e-08
53800.056 5.3991209079105334e-08
53850.056 7.781693821397267e-08
53900.056 7.242187129609986e-08
53950.056 8.628594338860503e-08
54000.056 6.250166553687827e-08
54050.056 8.252143102899397e-08
54100.056 2.527250255009729e-08
54150.056 4.012355881171062e-08
54200.056 1.1196809597076432e-08
54250.056 2.451297703270225e-08
54300.056 3.4924710632075676e-08
54350.056 5.344140807169622e-08
54400.056 5.4586503078384186e-08
54450.056 5.2680405347842834e-08
54500.056 5.3116494503085686e-08
54550.056 4.37137149231004e-08
54600.056 4.667496273339655e-08
54650.056 1.1814250016811565e-08
54700.056 5.310230816099402e-08
54750.056 5.106947824499251e-08
54800.056 3.022764105815679e-08
54850.056 3.519581757010463e-08
54900.056 4.6693286398695224e-08
54950.056 7.561075552569042e-08
55000.056 3.490268378429598e-08
55050.056 4.19331901566609e-08
55100.056 5.394394585381528e-08
55150.056 3.091739181841413e-08
55200.056 3.3452306689807114e-08
55250.056 4.160365308750788e-08
55300.056 3.0482479481461374e-08
55350.056 5.0472880655004423e-08
55400.056 4.377797610270169e-08
55450.056 3.55637742932003e-08
55500.056 1.5160324103542825e-08
55550.056 2.0875767345278187e-08
55600.056 3.4860810727601284e-08
55650.056 2.5415682746403635e-08
55700.056 3.255760028840701e-08
55750.056 2.612738094769474e-08
55800.056 1.456700427748088e-08
55850.056 1.3715384376097128e-08
55900.056 3.423868614864082e-08
55950.056 5.464626994092392e-08
56000.056 2.5107973589772898e-08
56050.056 2.5724616805944534e-08
56100.056 3.8427500686980716e-08
56150.056 2.669165189270302e-08
56200.056 2.12117603788324e-08
56250.056 4.640580547090847e-08
56300.056 3.833242088794955e-08
56350.056 2.4707982386003558e-08
56400.056 1.224813681102516e-08
56450.056 1.4058926532345654e-08
56500.056 2.9280885949335653e-08
56550.056 1.1918685105174904e-08
56600.056 3.186653938339546e-08
56650.056 3.8931878940302625e-08
56700.056 3.4059236371597374e-08
56750.056 1.5814033567079925e-08
56800.056 1.896824047105078e-08
56850.056 2.6154737238228017e-08
56900.056 1.5434465328095172e-08
56950.056 3.622565292139538e-08
57000.056 4.223704090860807e-08
57050.056 2.7533021653289198e-08
57100.056 8.218682454056669e-09
57150.056 1.968110857629315e-08
57200.056 1.2980787050300068e-08
57250.056 1.8045664930148347e-08
57300.056 2.385161455119299e-08
57350.056 1.3367805020950366e-08
57400.056 3.8382984785102426e-08
57450.056 1.9959625244884502e-08
57500.056 1.846296077391161e-08
57550.056 2.550329607748804e-08
57600.056 1.7686115618117437e-08
57650.056 7.208101244348373e-09
57700.056 1.4389278413838882e-08
57750.056 2.481567967146579e-08
57800.056 1.4193492119795742e-08
57850.056 4.05334775286138e-08
57900.056 4.750199857520573e-08
57950.056 4.782731801700432e-08
58000.056 1.9089652142979736e-08
58050.056 3.371836575909344e-08
58100.056 2.8096141686907606e-08
58150.056 2.4339715196183786e-08
58200.056 7.71035938535117e-09
58250.056 1.2419283497296586e-08
58300.056 9.46304649772231e-09
58350.056 1.5341084868334842e-08
58400.056 2.3936056171701577e-08
58450.056 3.45618196019043e-08
58500.056 3.590052041700259e-08
58550.056 2.7940713703897488e-08
58600.056 1.3819933505272953e-08
58650.056 2.2269043580767392e-08
58700.056 1.943903294489734e-08
58750.056 2.6008634876999898e-08
58800.056 3.7004974244147335e-09
58850.056 1.5267785769451826e-08
58900.056 1.5170017287391888e-08
58950.056 1.0520530859307207e-08
59000.056 2.0667692156881372e-08
59050.056 1.916532824318311e-08
59100.056 2.2621075561142958e-08
59150.056 2.1863145075221673e-08
59200.056 2.6334023617099415e-08
59250.056 3.319083494890682e-08
59300.056 3.073264970429565e-08
59350.056 6.815949681319632e-09
59400.056 7.60495012632012e-09
59450.056 2.8752462628586062e-08
59500.056 1.4692193002844316e-08
59550.056 1.9991265958138648e-08
59600.056 3.380292461389953e-08
59650.056 1.9209438853380907e-08
59700.056 1.4469660669522288e-08
59750.056 4.5378898455584135e-08
59800.056 2.1468283183597023e-08
59850.056 2.7292674214798536e-08
59900.056 1.275283685173614e-08
59950.056 1.9962823693579384e-08
60000.056 3.655283822291676e-08
60050.056 4.326303788411229e-08
60100.056 4.31888197029911e-08
60150.056 1.732322948095606e-08
60200.056 2.4184426812726432e-08
60250.056 3.8295314058414026e-08
60300.056 3.4525116187044545e-08
60350.056 2.1687126846999206e-08
60400.056 2.9861950327287724e-08
60450.056 8.046201452688104e-09
60500.056 3.8192985781526366e-09
60550.056 2.087956187355618e-08
60600.056 2.7549284722400247e-08
60650.056 2.247243157109338e-08
60700.056 1.6162025681498924e-08
60750.056 9.110968230273925e-09
60800.056 2.514720911882282e-08
60850.056 3.7439719980741673e-08
60900.056 3.032101950570956e-08
60950.056 2.069990228034044e-08
61000.056 3.4650014164979195e-08
61050.056 1.58046916337574e-08
61100.056 1.8073578925903366e-08
61150.056 7.090210845015177e-09
61200.056 2.6050462883006754e-08
61250.056 2.1510361048998263e-08
61300.056 1.561230185765505e-08
61350.056 3.0325627181755304e-08
61400.056 1.2875707718505054e-08
61450.056 9.958906867301777e-09
61500.056 8.203455171496696e-09
61550.056 1.600273484559491e-08
61600.056 9.547710683097e-09
61650.056 1.0953938986263383e-08
61700.056 1.6562625632238147e-08
61750.056 1.5895154634864793e-08
61800.056 1.955645825547869e-08
61850.056 7.084247429518293e-09
61900.056 2.9494901117007995e-08
61950.056 2.3539993884303074e-08
62000.056 1.7984851643799062e-08
62050.056 3.5314432879704596e-08
62100.056 1.7596600375355765e-08
62150.056 2.7821247612750514e-08
62200.056 2.5151354050394187e-08
62250.056 2.3930075544155522e-08
62300.056 3.784448931099513e-08
62350.056 3.751652509360449e-08
62400.056 2.7485887391301815e-08
62450.056 2.587260131879537e-08
62500.056 3.7001915856900417e-08
62550.056 4.584908343298632e-08
62600.056 2.6983406309308114e-08
62650.056 2.6025315004801728e-08
62700.056 2.6018717349205693e-08
62750.056 3.827152144297614e-08
62800.056 3.381894171459497e-08
62850.056 2.8700490280130627e-08
62900.056 3.869468347918635e-08
62950.056 5.059083760330344e-08
63000.056 2.2196886748004486e-08
63050.056 6.296506174960766e-08
63100.056 7.086112359099234e-08
63150.056 4.6190256167295434e-08
63200.056 3.8708152566002206e-08
63250.056 4.6909766866001786e-08
63300.056 2.727216282019849e-08
63350.056 4.001853298900546e-08
63400.056 1.8293045387234788e-08
63450.056 1.0714802136923745e-08
63500.056 4.9161123661806954e-08
63550.056 5.06690012456843e-08
63600.056 3.1285984741579795e-08
63650.056 3.414430561100279e-08
63700.056 1.5080600150695082e-08
63750.056 2.8857002068396583e-08
63800.056 4.274249935230891e-08
63850.056 3.556460629839845e-08
63900.056 1.9754175571208697e-08
63950.056 2.4677426224115223e-08
64000.056 3.996754697356287e-08
64050.056 1.590120898429357e-08
64100.056 6.514265061981656e-09
64150.056 8.6722049989387e-09
64200.056 8.431487351131696e-09
64250.056 2.783208364520336e-08
64300.056 2.0678332908093622e-08
64350.056 1.3756088761456472e-08
64400.056 2.8852560317699393e-08
64450.056 2.7581139761742988e-08
64500.056 1.6623698713599774e-08
64550.056 3.033265125880132e-08
64600.056 1.9379017620703255e-08
64650.056 2.962771642299389e-08
64700.056 9.782748049698422e-09
64750.056 1.5079597417898333e-08
64800.056 1.080020206180219e-08
64850.056 8.413068209853383e-09
64900.056 9.009001648855473e-09
64950.056 7.51133838415928e-09
65000.056 1.0809748969105737e-08
65050.056 2.2830986715394822e-08
65100.056 1.806434967700282e-08
65150.056 1.9617025332797436e-08
65200.056 8.635738487149178e-09
65250.056 1.6318744644208837e-08
65300.056 2.0291023761675558e-08
65350.056 3.8474603977302884e-08
65400.056 1.6503762524201302e-08
65450.056 1.795037451043559e-08
65500.056 2.5352442503701214e-08
65550.056 1.2239349769801362e-08
65600.056 2.6523938080603106e-08
65650.056 1.894121951143055e-08
65700.056 1.53975614367045e-08
65750.056 1.0610226725355961e-08
65800.056 1.8909355632902252e-08
65850.056 3.460182451899223e-08
65900.056 9.806737307799407e-09
65950.056 1.0805373399730916e-08
66000.056 1.2653004317001972e-08
66050.056 3.047112289011687e-08
66100.056 1.891677067709727e-08
66150.056 1.6870775624202164e-08
66200.056 1.7980356005636796e-08
66250.056 1.165807944347988e-08
66300.056 8.747718091401905e-09
66350.056 5.940887894901328e-09
66400.056 1.046622516519822e-08
66450.056 2.4914940198604092e-08
66500.056 3.670915141701764e-08
66550.056 3.097321725639567e-08
66600.056 2.5307388016405256e-08
66650.056 1.840610663865586e-08
66700.056 1.6646931453607317e-08
66750.056 2.669787688629264e-08
66800.056 1.972790631059763e-08
66850.056 1.3265999902982123e-08
66900.056 3.4557291745713744e-08
66950.056 3.3507568413922104e-08
67000.056 4.886225867301547e-08
67050.056 1.903814237719286e-08
67100.056 1.758398009020253e-08
67150.056 1.752773903166525e-08
67200.056 3.0379767510801214e-08
67250.056 2.66733781457072e-08
67300.056 3.607650923060265e-08
67350.056 2.008235602612569e-08
67400.056 3.7028321387894826e-08
67450.056 2.5642332741706642e-08
67500.056 1.6708625977799585e-08
67550.056 3.7355226756023617e-08
67600.056 6.210027146699254e-08
67650.056 4.546047595803157e-08
67700.056 2.9559280813585056e-08
67750.056 2.1312400472102794e-08
67800.056 2.605784143248235e-08
67850.056 1.6837103544900808e-08
67900.056 2.0528798376399786e-08
67950.056 1.8418918361498903e-08
68000.056 3.643502859919537e-08
68050.056 2.3116588974392456e-08
68100.056 3.137865051671435e-08
68150.056 3.250192982549006e-08
68200.056 2.990609970900354e-08
68250.056 1.4554286663796407e-08
68300.056 3.769291265260037e-08
68350.056 3.383765142299017e-08
68400.056 4.292518425319148e-08
68450.056 4.797292578001545e-08
68500.056 3.2278295183579374e-08
68550.056 1.5056461456501214e-08
68600.056 1.7262054908881907e-08
68650.056 8.958687663503199e-09
68700.056 2.0136666279605576e-08
68750.056 2.7918446905903602e-08
68800.056 2.5338168671286583e-08
68850.056 1.894687346518977e-08
68900.056 5.776836570139573e-08
68950.056 5.19011829130137e-08
69000.056 2.9931265551683736e-08
69050.056 1.7977335724400166e-08
69100.056 5.582336002399916e-08
69150.056 6.195165340102303e-08
69200.056 4.146928269240435e-08
69250.056 5.709678875499052e-08
69300.056 5.4903099504218974e-08
69350.056 5.3831310158492914e-08
69400.056 2.641602777499467e-08
69450.056 4.649175325099007e-08
69500.056 3.4862385788392835e-08
69550.056 3.129228525680233e-08
69600.056 9.08300430222177e-09
69650.056 2.8619489923711396e-08
69700.056 4.968319400119583e-08
69750.056 2.959094736100308e-08
69800.056 4.6322389272996037e-08
69850.056 4.907271600501876e-08
69900.056 3.96339014477009e-08
69950.056 3.8269743501505827e-08
70000.056 3.1650229911091335e-08
70050.056 6.283912625502827e-08
70100.056 3.4215053413407174e-08
70150.056 3.5350713483002083e-08
70200.056 2.8072559562694314e-08
70250.056 3.2518870904697805e-08
70300.056 4.7280168824093916e-08
70350.056 4.9910219528897744e-08
70400.056 2.824610581199385e-08
70450.056 9.05320451772309e-09
70500.056 2.7498821300403298e-08
70550.056 2.1399512392918497e-08
70600.056 2.4419660697911818e-08
70650.056 3.2535403182596453e-08
70700.056 3.696005152621182e-08
70750.056 6.347957650402838e-08
70800.056 3.4591908368185734e-08
70850.056 2.9754471411393345e-08
70900.056 4.909171885519528e-08
70950.056 4.6815325574716156e-08
71000.056 4.089079212448936e-08
71050.056 4.6481535951800057e-08
71100.056 3.1472841113301806e-08
71150.056 2.7331020170741224e-08
71200.056 3.054788719860806e-08
71250.056 4.600883258100539e-08
71300.056 4.73920945727998e-08
71350.056 5.675392754680483e-08
71400.056 4.671732553997984e-08
71450.056 2.1703198768801953e-08
71500.056 2.7665068238389653e-08
71550.056 2.3237355228101475e-08
71600.056 3.6553702261500136e-08
71650.056 2.5190029728701053e-08
71700.056 1.7882324267858905e-08
71750.056 3.1981198804009686e-08
71800.056 4.6221032602805004e-08
71850.056 4.1770066637991824e-08
71900.056 2.912226810768788e-08
71950.056 4.082152738878202e-08
72000.056 3.692817639301121e-08
72050.056 1.9784587852737045e-08
72100.056 2.379413557010272e-08
72150.056 3.7137148524189983e-08
72200.056 2.987806691080496e-08
72250.056 5.3966499133012706e-08
72300.056 2.7959232012007993e-08
72350.056 3.736321612598729e-08
72400.056 3.218047307200544e-08
72450.056 3.046185293737729e-08
72500.056 3.914236471460788e-08
72550.056 1.448793147906841e-08
72600.056 3.05724565882051e-08
72650.056 4.126365116201783e-08
72700.056 2.3670262711780986e-08
72750.056 3.388358131299643e-08
72800.056 1.818743584420509e-08
72850.056 2.0249350798407265e-08
72900.056 4.533070823300945e-08
72950.056 2.8258824816890458e-08
73000.056 2.6854099201483494e-08
73050.056 1.7359653087106446e-08
73100.056 2.5543672033407014e-08
73150.056 4.9571888904991567e-08
73200.056 2.0115735386144977e-08
73250.056 2.8828156878796754e-08
73300.056 1.634625141063632e-08
73350.056 1.3949178320796558e-08
73400.056 2.8372575110998442e-08
73450.056 1.6949110216901858e-08
73500.056 1.746975562600375e-08
73550.056 2.5686498696701926e-08
73600.056 2.4832526176986048e-08
73650.056 2.6712487586668622e-08
73700.056 1.8864990855382e-08
73750.056 1.2608447846931227e-08
73800.056 2.0765633304010307e-08
73850.056 2.6992637435587043e-08
73900.056 1.814415198458506e-08
73950.056 2.2877844825809512e-08
74000.056 1.141460966115868e-08
74050.056 3.470767766251292e-08
74100.056 2.836874820398433e-08
74150.056 2.9024671555995528e-08
74200.056 1.468234788241402e-08
74250.056 8.223300321637313e-09
74300.056 2.4221966967495567e-08
74350.056 3.316947418301141e-08
74400.056 2.931316308209991e-08
74450.056 1.6524256796688593e-08
74500.056 1.1654972235139407e-08
74550.056 1.9565664278759602e-08
74600.056 1.4506966523421185e-08
74650.056 1.659559494925559e-08
74700.056 1.829970837165671e-08
74750.056 1.1201461163914375e-08
74800.056 1.4497721863780695e-08
74850.056 3.1033113084008864e-08
74900.056 3.6216485946780074e-08
74950.056 2.7943172276994252e-08
75000.056 2.309319197059959e-08
75050.056 8.31821069950243e-09
75100.056 3.483779529322099e-08
75150.056 3.965038053000874e-08
75200.056 3.1711062616993726e-08
75250.056 3.46684959373809e-08
75300.056 3.217713406900327e-08
75350.056 1.257450449810047e-08
75400.056 4.5952013649004335e-08
75450.056 4.1061964834811747e-08
75500.056 3.1045722243799465e-08
75550.056 2.5771564827207483e-08
75600.056 4.0811367204004684e-08
75650.056 3.0025651680307096e-08
75700.056 4.136986064799069e-08
75750.056 3.098699558922644e-08
75800.056 3.187506054378542e-08
75850.056 4.0961431181524475e-08
75900.056 3.818175258289071e-08
75950.056 2.6783702806095303e-08
76000.056 4.000999604247925e-08
76050.056 3.661889163388511e-08
76100.056 3.697473865639193e-08
76150.056 3.897892960498737e-08
76200.056 3.593501167241891e-08
76250.056 3.0913821409546783e-08
76300.056 5.945103565299505e-08
76350.056 7.147705401201966e-08
76400.056 4.6562211249014407e-08
76450.056 4.7765808321508e-08
76500.056 4.0045510584001877e-08
76550.056 1.6619989572935073e-08
76600.056 5.350616539191574e-09
76650.056 7.958194845798631e-09
76700.056 7.970272645298439e-09
76750.056 8.301103262862147e-09
76800.056 1.454803408050244e-08
76850.056 1.1713284088029772e-08
76900.056 1.5937908389293845e-08
76950.056 1.0915334301861346e-08
77000.056 1.8385823205195872e-08
77050.056 9.284791703697595e-09
77100.056 1.4165555130190211e-08
77150.056 2.0304437120301047e-08
77200.056 1.2519391200300083e-08
77250.056 1.5162707194700678e-08
77300.056 2.1682802136794967e-08
77350.056 1.3238188020789386e-08
77400.056 1.7534988761105214e-08
77450.056 2.4255293781893432e-08
77500.056 2.1820276266000693e-08
77550.056 1.986330360314407e-08
77600.056 1.5818324407790434e-08
77650.056 1.7984868944482886e-08
77700.056 2.4550768923282203e-08
77750.056 2.3328452641812042e-08
77800.056 3.268112790380421e-08
77850.056 4.2070512985999426e-08
77900.056 2.191135533028511e-08
77950.056 1.5649432396682717e-08
78000.056 2.730338999699504e-08
78050.056 1.658635367625944e-08
78100.056 2.3502783557210654e-08
78150.056 2.9727512237913277e-08
78200.056 4.221634033399415e-08
78250.056 3.302268514000129e-08
78300.056 1.8253405168696436e-08
78350.056 2.791416967821348e-08
78400.056 2.2910301483787035e-08
78450.056 2.7525098915909512e-08
78500.056 4.5517200122087816e-08
78550.056 4.185216216539133e-08
78600.056 3.771039028659819e-08
78650.056 1.7445857210500734e-08
78700.056 2.1331371456201986e-08
78750.056 2.9316333435004705e-08
78800.056 2.468661735429206e-08
78850.056 1.7705702485890515e-08
78900.056 2.7811960400260544e-08
78950.056 3.3870599613398504e-08
79000.056 2.920901475726148e-08
79050.056 2.388021911160084e-08
79100.056 2.8916422339201194e-08
79150.056 2.343304640950405e-08
79200.056 3.108459414799486e-08
79250.056 2.0017981808505986e-08
79300.056 2.6823950133841658e-08
79350.056 3.1406190123611334e-08
79400.056 1.6990157346327323e-08
79450.056 3.345858530771168e-08
79500.056 5.3648149352993784e-08
79550.056 4.7438146152021593e-08
79600.056 2.8374019819770414e-08
79650.056 4.3265049807991984e-08
79700.056 2.8850186973901026e-08
79750.056 3.169943181031665e-08
79800.056 2.3121371670218722e-08
79850.056 4.3025513588010025e-08
79900.056 5.324084152599918e-08
79950.056 6.527694557900805e-08
