# %ECSV 1.0
# ---
# datatype:
# - {name: wav, unit: Angstrom, datatype: float64}
# - {name: flux_nu, unit: erg / (cm2 Hz s), datatype: float64}
# meta: {C/O: '1.00', Kzz: '1.0000E+05', Teff: '450.', Y: '0.28', '[Fe/H]': '0.00', f_hole: '1.00', f_rain: '0.00', grav: '3160.'}
# schema: astropy-2.0
wav flux_nu
4000.0559999999996 nan
4050.0559999999996 2.0263037654280516e-17
4100.056 1.1402423853300205e-15
4150.056 9.818576018300106e-15
4200.056 1.468432453850011e-14
4250.056 1.0035254614300087e-13
4300.056 2.362715954600011e-13
4350.056 4.3230489496000164e-13
4400.056 7.110030113300025e-13
4450.056 1.0941195712200035e-12
4500.056 1.6069465711000045e-12
4550.056 1.9734453662999966e-12
4600.056 1.2185847134999983e-12
4650.056 9.028828122999969e-13
4700.056 5.032124574399963e-13
4750.056 1.7620282635999826e-13
4800.056 7.155905385899955e-14
4850.056 3.807854399099981e-14
4900.056 2.622818414899992e-14
4950.056 1.9368719013999937e-14
5000.056 1.2635372641899937e-14
5050.056 8.736060454899989e-15
5100.056 8.586940076500005e-15
5150.056 8.807117871600001e-15
5200.056 9.306377548700007e-15
5250.056 9.710211509400004e-15
5300.056 1.0105256502300002e-14
5350.056 1.0581525408000006e-14
5400.056 1.1039833629000006e-14
5450.056 1.165266689100001e-14
5500.056 1.2362061899000005e-14
5550.056 1.3099779128000008e-14
5600.056 1.3712466626000007e-14
5650.056 1.4077070037000002e-14
5700.056 1.389411948e-14
5750.056 1.3437212251999989e-14
5800.056 1.2058700067999974e-14
5850.056 8.514588115699909e-15
5900.056 2.848712199263083e-15
5950.056 1.6318914238100227e-14
6000.056 3.346798440700025e-14
6050.056 5.969105546000043e-14
6100.056 9.816064656600067e-14
6150.056 1.5277503939000091e-13
6200.056 2.2965255110000117e-13
6250.056 3.3122356151000154e-13
6300.056 4.781810688100023e-13
6350.056 6.794590483600032e-13
6400.056 9.508854430700048e-13
6450.056 1.2569087385000028e-12
6500.056 1.7177334450000108e-12
6550.056 2.3628020485000045e-12
6600.056 3.2152401550000217e-12
6650.056 4.364963113600022e-12
6700.056 5.4454175540000215e-12
6750.056 7.312594390100028e-12
6800.056 8.585405644200015e-12
6850.056 8.595714950299987e-12
6900.056 6.97172336059996e-12
6950.056 5.293797709300001e-12
7000.056 5.092948949999973e-12
7050.056 5.1313198965000004e-12
7100.056 5.5610584532999975e-12
7150.056 4.924375827399934e-12
7200.056 4.295935602300036e-12
7250.056 4.437339293099881e-12
7300.056 4.274665261600076e-12
7350.056 4.677379156200002e-12
7400.056 5.078562535400013e-12
7450.056 5.5942680935000296e-12
7500.056 5.931807294e-12
7550.056 6.0348888257e-12
7600.056 5.8739236315999915e-12
7650.056 3.130536763559939e-12
7700.056 3.0201096531800595e-12
7750.056 6.573832614600061e-12
7800.056 8.905997670800064e-12
7850.056 1.2286279274000025e-11
7900.056 1.5869739407000084e-11
7950.056 1.8102130425000096e-11
8000.056 2.568654211500014e-11
8050.056 3.2365200405000167e-11
8100.056 3.302266203499976e-11
8150.056 3.2324409531000675e-11
8200.056 5.187927848400071e-11
8250.056 5.989083103990063e-11
8300.056 7.401678831400067e-11
8350.056 9.079272240100051e-11
8400.056 1.1597468238200135e-10
8450.056 1.5277213374000114e-10
8500.056 1.8375217974000018e-10
8550.056 2.2848177431000315e-10
8600.056 2.8317663178000203e-10
8650.056 3.341599344400021e-10
8700.056 3.806082537900022e-10
8750.056 4.372947577300027e-10
8800.056 4.863417954300015e-10
8850.056 4.925439733799958e-10
8900.056 2.9856223103999134e-10
8950.056 2.452806664990033e-10
9000.056 2.5872497658399793e-10
9050.056 5.769762740500036e-10
9100.056 6.316266232670254e-10
9150.056 7.012769115699962e-10
9200.056 8.979808307400289e-10
9250.056 7.900077192599605e-10
9300.056 4.595534423158113e-11
9350.056 7.958444469336585e-11
9400.056 4.2405633939321997e-10
9450.056 2.287877932047643e-10
9500.056 2.1669201145779213e-10
9550.056 2.345118273271678e-10
9600.056 2.981680558589907e-10
9650.056 5.013385811481528e-10
9700.056 1.1075003274359698e-09
9750.056 1.2270062807400862e-09
9800.056 1.5668412435499826e-09
9850.056 2.0233397104599913e-09
9900.056 2.695597320300063e-09
9950.056 3.0704667811000354e-09
10000.056 2.4158474559808973e-09
10050.056 2.9288075469999743e-09
10100.056 2.857224909500003e-09
10150.056 2.4735991179999733e-09
10200.056 2.018204737700034e-09
10250.056 2.3035295977000236e-09
10300.056 2.7797357223999365e-09
10350.056 2.2145447771000424e-09
10400.056 2.7641382895000123e-09
10450.056 3.1137943218999438e-09
10500.056 3.354045654700006e-09
10550.056 3.6426014651000066e-09
10600.056 3.7092383487000023e-09
10650.056 3.6173173332999924e-09
10700.056 3.3648999173999876e-09
10750.056 3.2285491817999815e-09
10800.056 3.0487328964000092e-09
10850.056 2.8127762757999915e-09
10900.056 2.4207005806999605e-09
10950.056 1.6373397869999778e-09
11000.056 1.0087747851699425e-09
11050.056 4.74315203445992e-10
11100.056 1.7743284240352838e-10
11150.056 6.101587883651484e-11
11200.056 4.964784226694067e-11
11250.056 9.130520431808586e-11
11300.056 1.3686175004234035e-10
11350.056 4.785725045969234e-11
11400.056 2.52419240974525e-10
11450.056 1.2068687257514577e-10
11500.056 1.256179454817501e-10
11550.056 4.6568430943620274e-11
11600.056 3.2178118506335385e-11
11650.056 1.0281347144291092e-10
11700.056 1.435997976409822e-10
11750.056 7.473127990030674e-11
11800.056 2.8918718582599886e-10
11850.056 3.9189471240000284e-10
11900.056 4.745347707799989e-10
11950.056 6.029745317800102e-10
12000.056 7.668651909800186e-10
12050.056 9.978570276300158e-10
12100.056 1.1418283939400065e-09
12150.056 1.428251190649997e-09
12200.056 1.6058371398000049e-09
12250.056 2.0055959867999975e-09
12300.056 2.6460987265000554e-09
12350.056 3.048123692000029e-09
12400.056 3.844371854500022e-09
12450.056 4.800447884400049e-09
12500.056 5.49579297470002e-09
12550.056 6.160083906000069e-09
12600.056 7.4132396358000884e-09
12650.056 8.679715117000056e-09
12700.056 9.243959318299973e-09
12750.056 8.141616332599993e-09
12800.056 6.810241765999917e-09
12850.056 5.144821876199908e-09
12900.056 4.3012052745999445e-09
12950.056 3.783743166800052e-09
13000.056 3.953144145900122e-09
13050.056 2.9900285193199606e-09
13100.056 3.1505874024498273e-09
13150.056 2.106552591620139e-09
13200.056 2.1304593539099e-09
13250.056 1.6735373731869698e-09
13300.056 6.683960023607228e-10
13350.056 2.5114890276466644e-10
13400.056 3.40264766041395e-11
13450.056 6.871549251118751e-12
13500.056 1.860482766791119e-12
13550.056 4.034252477709861e-13
13600.056 1.2951009178780038e-13
13650.056 8.69311729874362e-13
13700.056 4.795368986091089e-13
13750.056 2.720745176598365e-12
13800.056 3.0281010029387318e-12
13850.056 6.884355616952503e-13
13900.056 1.4615627210284674e-12
13950.056 1.339665128242514e-12
14000.056 2.7125807926134655e-12
14050.056 3.1034948782847384e-12
14100.056 2.6124925534387697e-12
14150.056 6.529029851527327e-12
14200.056 4.615379109028818e-12
14250.056 6.69324719499578e-12
14300.056 2.4314443056253342e-11
14350.056 2.1078760126061787e-11
14400.056 2.0506782602841494e-11
14450.056 4.6220178831022656e-11
14500.056 1.045753291082169e-10
14550.056 1.3307919627004267e-10
14600.056 2.646889503235847e-10
14650.056 1.1995150697780897e-10
14700.056 5.295398144986152e-11
14750.056 4.109234611740842e-11
14800.056 3.917959553292796e-11
14850.056 4.3085585352111006e-11
14900.056 4.242379234667658e-11
14950.056 4.113085779295429e-11
15000.056 1.0477396685559284e-10
15050.056 1.3588412517370144e-10
15100.056 6.833679495386621e-11
15150.056 3.564209781231333e-11
15200.056 9.960551578935047e-11
15250.056 1.8754629267912805e-10
15300.056 2.6041631279941294e-10
15350.056 3.2080404693301335e-10
15400.056 4.2711561883503145e-10
15450.056 5.636469159220449e-10
15500.056 8.032102639499652e-10
15550.056 1.2092068887200948e-09
15600.056 1.853146871839955e-09
15650.056 2.82914543080017e-09
15700.056 4.018239538600044e-09
15750.056 4.7633343133000585e-09
15800.056 5.597520561000021e-09
15850.056 6.399270840100113e-09
15900.056 6.705245252399995e-09
15950.056 6.957500364599986e-09
16000.056 6.323415347899944e-09
16050.056 4.977838466299885e-09
16100.056 3.43991388329996e-09
16150.056 2.0678757684998563e-09
16200.056 1.003935493470018e-09
16250.056 6.096490772060074e-10
16300.056 3.8621222834463335e-10
16350.056 3.9557511727235215e-10
16400.056 4.393854715332235e-10
16450.056 4.972169854166078e-10
16500.056 4.865058769944835e-10
16550.056 5.386313371325031e-10
16600.056 9.432851180416897e-10
16650.056 4.892597156776844e-10
16700.056 1.346318477500043e-10
16750.056 4.325111067511898e-10
16800.056 5.676632774868662e-10
16850.056 5.338829035504299e-10
16900.056 3.3421879014840147e-10
16950.056 2.459016110548021e-10
17000.056 1.6273645766111585e-10
17050.056 2.7041831159002886e-10
17100.056 4.0549335706020107e-10
17150.056 3.0948415407263727e-10
17200.056 6.759583203160039e-10
17250.056 3.470586728259173e-10
17300.056 2.908664827069891e-10
17350.056 3.273961365569953e-10
17400.056 4.44668997183017e-10
17450.056 5.09492048553996e-10
17500.056 6.244531233800503e-10
17550.056 4.809241863279732e-10
17600.056 4.506920898620289e-10
17650.056 3.2872275876199643e-10
17700.056 2.746817966339916e-10
17750.056 1.908521813330136e-10
17800.056 2.7394147577251963e-10
17850.056 1.448179576630128e-10
17900.056 1.1358697213782193e-10
17950.056 6.152249322427461e-11
18000.056 1.0523241353767783e-10
18050.056 3.907347026583197e-11
18100.056 4.448881647245692e-11
18150.056 3.36498471375542e-11
18200.056 2.1188681301212835e-11
18250.056 7.765838934491038e-11
18300.056 1.2186554463686892e-11
18350.056 1.1897441203310936e-11
18400.056 6.646647863043014e-12
18450.056 4.520869237044689e-11
18500.056 4.0732269161824964e-11
18550.056 1.6520678119347007e-11
18600.056 2.7177960223538415e-11
18650.056 1.7467838620344063e-11
18700.056 2.4773001079356243e-12
18750.056 7.0879936974222694e-12
18800.056 8.021715637116511e-11
18850.056 7.063129507274496e-11
18900.056 6.783832347579692e-11
18950.056 1.1005700363116794e-10
19000.056 2.1115075888586747e-11
19050.056 9.75008413373219e-12
19100.056 3.390275987701282e-11
19150.056 1.3287226060281813e-11
19200.056 2.966443820841038e-11
19250.056 1.9985454541241862e-11
19300.056 1.1670116656413892e-11
19350.056 1.3418401842398062e-11
19400.056 8.559348313336606e-12
19450.056 1.3047521686240167e-11
19500.056 1.5132867714611497e-11
19550.056 2.1095266148044502e-11
19600.056 3.986859108506377e-11
19650.056 3.7951940931692276e-11
19700.056 5.292269841243238e-11
19750.056 6.95675329450366e-11
19800.056 4.464209489270531e-11
19850.056 6.454601863546972e-11
19900.056 9.195507647571978e-11
19950.056 1.0596017900167254e-10
20000.056 1.1691294335249975e-10
20050.056 1.0414802225439166e-10
20100.056 1.5530688719599109e-10
20150.056 1.1199419641513181e-10
20200.056 8.674367568665604e-11
20250.056 1.4869582684186368e-10
20300.056 1.6130155361820482e-10
20350.056 1.7168799767488092e-10
20400.056 1.7765591300999921e-10
20450.056 2.5477935231303126e-10
20500.056 2.7463137243999614e-10
20550.056 2.902016131499979e-10
20600.056 3.063739088700153e-10
20650.056 3.279483623799915e-10
20700.056 3.400918827999989e-10
20750.056 3.435486484299978e-10
20800.056 3.358567204499889e-10
20850.056 3.497281410300013e-10
20900.056 3.4874905491999823e-10
20950.056 3.4044967823000153e-10
21000.056 3.331977139400002e-10
21050.056 3.372507920699982e-10
21100.056 3.3181048135000005e-10
21150.056 3.3154213141999785e-10
21200.056 3.275577396800025e-10
21250.056 3.232862561999913e-10
21300.056 3.114896718200015e-10
21350.056 3.037365287429928e-10
21400.056 3.134709748400139e-10
21450.056 2.814751080650072e-10
21500.056 2.648411139360021e-10
21550.056 2.5630248715399356e-10
21600.056 2.3937951176559747e-10
21650.056 2.1309869697998803e-10
21700.056 2.1280392759498877e-10
21750.056 1.9253872541726363e-10
21800.056 1.4898694299133104e-10
21850.056 1.3395181730872363e-10
21900.056 1.0437591504930851e-10
21950.056 5.85172604287424e-11
22000.056 9.538900370639879e-12
22050.056 1.6493306944216935e-11
22100.056 4.596638207720732e-11
22150.056 3.235065957387966e-11
22200.056 3.276440786841976e-11
22250.056 2.805808703737607e-11
22300.056 1.3941088933096775e-11
22350.056 1.9658560954493653e-11
22400.056 8.270006579887897e-12
22450.056 1.2767897003241977e-11
22500.056 9.460383163748356e-12
22550.056 5.342570174170503e-12
22600.056 4.287186979772542e-12
22650.056 5.980231097110302e-12
22700.056 6.741854401855004e-12
22750.056 9.916750743559767e-12
22800.056 1.2669301327449194e-11
22850.056 7.792925208456636e-12
22900.056 6.869484611137447e-12
22950.056 5.1004009286335355e-12
23000.056 5.83319964663048e-12
23050.056 6.5201278209729366e-12
23100.056 4.162972459097196e-11
23150.056 3.362895459304232e-11
23200.056 1.9425316497350832e-12
23250.056 1.0396164133694939e-11
23300.056 7.707891919324915e-12
23350.056 9.199183535008322e-12
23400.056 6.03102277873899e-12
23450.056 4.12246848870035e-12
23500.056 4.1413975363011115e-12
23550.056 1.0381762678985879e-11
23600.056 2.2990301623788777e-11
23650.056 2.8330861417539315e-11
23700.056 4.183334062607463e-12
23750.056 6.0548048950235926e-12
23800.056 3.307307022679517e-11
23850.056 1.7323840616202425e-11
23900.056 3.7901794149408685e-11
23950.056 1.7908289420542753e-11
24000.056 4.5537426636355615e-11
24050.056 4.3706581163084035e-11
24100.056 5.627509332063509e-11
24150.056 8.056285215584544e-11
24200.056 6.424447175222832e-11
24250.056 5.4227040703207e-11
24300.056 1.0771840994147553e-10
24350.056 7.791535209667635e-11
24400.056 1.6374172607120133e-10
24450.056 1.596809685913571e-10
24500.056 1.3674385244357213e-10
24550.056 2.3702187708631417e-10
24600.056 2.6359550889298104e-10
24650.056 3.2385149732306366e-10
24700.056 2.421453513776415e-10
24750.056 2.900693522045141e-10
24800.056 2.5453474332019986e-10
24850.056 3.531617890846814e-10
24900.056 1.4568649666076713e-10
24950.056 2.728166405859799e-10
25000.056 2.989217783275926e-10
25050.056 1.3172949594520361e-10
25100.056 2.4434684348788364e-10
25150.056 1.0488392329153872e-10
25200.056 1.5705221479418879e-10
25250.056 4.8618438224583464e-11
25300.056 6.8698802845281e-11
25350.056 2.5623362149498953e-11
25400.056 7.756954898818108e-11
25450.056 2.0061829925323743e-11
25500.056 1.6044816085558924e-11
25550.056 5.646051671411357e-11
25600.056 2.7612769357976922e-11
25650.056 8.266007763275843e-12
25700.056 7.307111656247033e-12
25750.056 1.7561068375301942e-12
25800.056 1.252553950128741e-11
25850.056 1.854311420366806e-12
25900.056 3.3129173889549437e-12
25950.056 4.5179043508893213e-13
26000.056 1.0789896994163377e-11
26050.056 7.460315809183712e-13
26100.056 6.022810586812512e-12
26150.056 1.888728111019895e-12
26200.056 2.8835759299420582e-12
26250.056 2.9092378029656017e-11
26300.056 3.2540501901148685e-12
26350.056 7.962044541945009e-11
26400.056 1.2145428408783425e-10
26450.056 4.77053267839954e-11
26500.056 1.48361514943425e-10
26550.056 1.0663329871815354e-11
26600.056 9.640902440951832e-12
26650.056 1.0269185097365628e-12
26700.056 6.087628403684539e-13
26750.056 1.0274210412722393e-12
26800.056 4.989208247571728e-12
26850.056 2.501165864248637e-12
26900.056 1.564119378911962e-11
26950.056 4.51840343975382e-12
27000.056 3.046089826892082e-11
27050.056 4.68753888792605e-11
27100.056 2.2620916092145075e-12
27150.056 4.833861034432023e-11
27200.056 2.0328763860633024e-12
27250.056 1.0405055327514909e-11
27300.056 1.489041362430196e-10
27350.056 3.031224736433088e-11
27400.056 1.1166991733221564e-12
27450.056 4.4992967616403675e-11
27500.056 6.807375419679939e-11
27550.056 6.0608346431619095e-12
27600.056 2.46576267280578e-11
27650.056 4.537907679728694e-12
27700.056 4.839228227321791e-12
27750.056 4.366175501635131e-11
27800.056 1.2166963291985197e-11
27850.056 2.4697877692536762e-11
27900.056 3.557618021559637e-11
27950.056 8.050270032837133e-11
28000.056 7.161983882274587e-11
28050.056 6.475535316274675e-12
28100.056 1.0787637150730463e-10
28150.056 6.559887181469059e-11
28200.056 1.3507726699697607e-11
28250.056 1.5102590888515931e-10
28300.056 1.537188791545901e-10
28350.056 1.6923396734193693e-11
28400.056 9.611725411946621e-11
28450.056 1.966595479935049e-10
28500.056 8.885565289533882e-11
28550.056 1.7437184602045362e-11
28600.056 1.7184963495195317e-10
28650.056 8.398732033925478e-11
28700.056 1.5457819682284463e-10
28750.056 3.658889848604534e-10
28800.056 1.1524883174755822e-10
28850.056 3.057135523960714e-10
28900.056 1.4608541550211914e-10
28950.056 2.00012705279965e-10
29000.056 1.4723530285066736e-10
29050.056 2.7052405863814184e-10
29100.056 9.778466846746597e-11
29150.056 2.0035181667885986e-10
29200.056 3.911497676222774e-10
29250.056 3.788781580237519e-10
29300.056 2.2985121365943426e-10
29350.056 7.642360865240141e-10
29400.056 2.7383062899636717e-10
29450.056 1.3990788080606683e-10
29500.056 7.33103932937677e-10
29550.056 2.5383617720708537e-10
29600.056 3.4003774078872174e-10
29650.056 1.0529766000373844e-09
29700.056 1.8761770664649464e-10
29750.056 6.297333815354682e-10
29800.056 4.300886184050732e-10
29850.056 1.1193847915481127e-09
29900.056 5.035363838046079e-10
29950.056 4.233672221021955e-10
30000.056 8.457426371421876e-12
30050.056 7.786478545927813e-11
30100.056 3.0603319204724283e-10
30150.056 8.589071020373209e-10
30200.056 5.902170981150067e-10
30250.056 1.2869649000300767e-09
30300.056 1.302944241647889e-09
30350.056 3.5761944975039766e-10
30400.056 1.5406176373966234e-09
30450.056 1.1369096712127141e-09
30500.056 6.995198533874771e-10
30550.056 5.491268615004393e-10
30600.056 4.002040798629985e-09
30650.056 1.8957679865447494e-09
30700.056 9.116584669982134e-10
30750.056 1.879680458554406e-09
30800.056 1.7958780208409247e-09
30850.056 1.9687382338921955e-09
30900.056 9.975457389667972e-10
30950.056 8.416318138990051e-10
31000.056 1.1231665343771594e-09
31050.056 8.336410252938681e-10
31100.056 3.6470670233791646e-10
31150.056 8.053435031251999e-10
31200.056 2.3748903474799144e-09
31250.056 8.251357241798948e-10
31300.056 5.271921134313994e-10
31350.056 1.4328757063380814e-09
31400.056 8.082305197730445e-10
31450.056 9.807367933639399e-10
31500.056 3.245628674236749e-10
31550.056 6.864900841640813e-10
31600.056 4.533931033912828e-10
31650.056 3.352453654184601e-10
31700.056 3.376386700760756e-10
31750.056 1.2518176866337723e-10
31800.056 2.890988773890158e-10
31850.056 5.658010227611012e-11
31900.056 1.5064522928942465e-10
31950.056 6.696846990603289e-11
32000.056 6.185951044864676e-11
32050.056 6.171816734339263e-11
32100.056 4.7975406495416405e-11
32150.056 5.619185798139954e-11
32200.056 2.5676546609662215e-11
32250.056 6.173424820890711e-11
32300.056 1.813407679296759e-11
32350.056 6.795700626990975e-11
32400.056 9.736934484378114e-12
32450.056 4.9670568216400936e-11
32500.056 1.1545865751912469e-11
32550.056 5.694109976620217e-11
32600.056 1.202972028367038e-11
32650.056 9.327722864439509e-11
32700.056 1.8539446513249797e-11
32750.056 2.2080032368606532e-10
32800.056 1.200795694224307e-10
32850.056 4.4459712240810147e-10
32900.056 3.745149705442331e-10
32950.056 4.197684166598369e-10
33000.056 1.178045822785451e-10
33050.056 1.2533579526482504e-10
33100.056 2.3051140493296877e-11
33150.056 1.962210234271113e-14
33200.056 1.0683529705381917e-12
33250.056 2.5948251760300957e-12
33300.056 2.967109577490339e-11
33350.056 7.271725609526314e-11
33400.056 2.50791825156996e-10
33450.056 7.889133341233247e-11
33500.056 3.810587742270652e-10
33550.056 6.879354690140865e-11
33600.056 1.68750772193608e-10
33650.056 1.9159812514918113e-10
33700.056 4.394124982615007e-11
33750.056 2.4618677052015597e-10
33800.056 1.8329536510960848e-11
33850.056 1.1363406107116859e-10
33900.056 1.049942228046866e-10
33950.056 1.0024562061509283e-10
34000.056 2.361121531135959e-10
34050.056 3.782909137725576e-11
34100.056 2.315244851714596e-10
34150.056 6.387732542052727e-11
34200.056 2.4743126725889867e-10
34250.056 1.3712596601655572e-10
34300.056 1.3466882045059395e-10
34350.056 4.689729650621061e-10
34400.056 8.12618567661694e-11
34450.056 4.158762664174037e-10
34500.056 1.8088242921259072e-10
34550.056 2.1578805249727588e-10
34600.056 1.0051435429790241e-09
34650.056 9.091789018785893e-11
34700.056 7.457494795804014e-10
34750.056 3.4978690852229175e-10
34800.056 2.3966504932541067e-10
34850.056 1.0375543626440297e-09
34900.056 1.47366961082064e-10
34950.056 1.1223240228759689e-09
35000.056 1.3599037790566662e-09
35050.056 7.670329505962726e-10
35100.056 2.2044731313358715e-09
35150.056 1.6910919586217155e-09
35200.056 1.503574695358088e-09
35250.056 2.8645984104260137e-09
35300.056 6.096371070139338e-10
35350.056 9.593806889152035e-10
35400.056 6.819284639830879e-10
35450.056 5.63663064185972e-10
35500.056 2.3196321491419346e-09
35550.056 1.3831891063834034e-09
35600.056 2.2170100990234207e-09
35650.056 2.267570114608983e-09
35700.056 2.2797696062223584e-09
35750.056 3.944695234581979e-09
35800.056 1.8480828869973697e-09
35850.056 1.1012403814490538e-09
35900.056 1.9086565993007897e-09
35950.056 3.0640794328997306e-09
36000.056 3.2634105331004455e-09
36050.056 2.3158396658603876e-09
36100.056 2.0973076016793947e-09
36150.056 5.866147031709889e-09
36200.056 5.917269549079614e-09
36250.056 3.2253264508268284e-09
36300.056 7.847498614268233e-09
36350.056 5.6001577286703624e-09
36400.056 7.951653420578716e-09
36450.056 5.107701026384407e-09
36500.056 5.858927136507643e-09
36550.056 1.1811775872200288e-08
36600.056 1.3879926546698677e-08
36650.056 7.032401404018317e-09
36700.056 7.762833126771053e-09
36750.056 1.3625008788501907e-08
36800.056 1.414404051459891e-08
36850.056 7.58328469612865e-09
36900.056 9.264629812988802e-09
36950.056 1.574013849709741e-08
37000.056 1.1001109020000015e-08
37050.056 1.4615533604738954e-08
37100.056 6.2973429680511475e-09
37150.056 1.0989102231590667e-08
37200.056 2.1041034802999344e-08
37250.056 9.807455788667721e-09
37300.056 6.765536005964905e-09
37350.056 1.3586759953541855e-08
37400.056 2.0546111370799207e-08
37450.056 9.327618701579028e-09
37500.056 1.0401168626099586e-08
37550.056 2.4510042226004056e-08
37600.056 3.394970656000022e-08
37650.056 1.0129973311161333e-08
37700.056 1.865454547200195e-08
37750.056 1.3807611842540646e-08
37800.056 1.6858101937601813e-08
37850.056 9.501917455499835e-09
37900.056 1.1421156238199684e-08
37950.056 1.6473176052999882e-08
38000.056 1.5148991471268915e-08
38050.056 2.093777345580234e-08
38100.056 2.9758051460699778e-08
38150.056 3.212618207759761e-08
38200.056 2.2205912398401072e-08
38250.056 2.8130837048202054e-08
38300.056 4.6298146469994795e-08
38350.056 3.816917134500555e-08
38400.056 1.812357514449361e-08
38450.056 9.774374738897832e-09
38500.056 9.028157041081709e-09
38550.056 2.4406693235001806e-08
38600.056 2.6787458241997198e-08
38650.056 2.6625602087199036e-08
38700.056 2.6647962975697357e-08
38750.056 2.5934752607598786e-08
38800.056 2.5487222176999952e-08
38850.056 2.951886240500143e-08
38900.056 3.235946315219604e-08
38950.056 2.345429298310198e-08
39000.056 3.202119866799585e-08
39050.056 2.2719666035706787e-08
39100.056 2.5930360595419157e-08
39150.056 3.9824504388998824e-08
39200.056 3.308481516799994e-08
39250.056 3.544381214570096e-08
39300.056 3.030774943730062e-08
39350.056 4.841255521700058e-08
39400.056 3.248160696909671e-08
39450.056 4.39110485163032e-08
39500.056 4.920191040299861e-08
39550.056 2.72785046223057e-08
39600.056 3.778801031400329e-08
39650.056 5.876753409199907e-08
39700.056 5.16033524590015e-08
39750.056 2.5622625317701535e-08
39800.056 2.5933817543601116e-08
39850.056 5.852225802300277e-08
39900.056 6.295827114300118e-08
39950.056 3.7641383295000445e-08
40000.056 5.341136634699978e-08
40050.056 5.390455832299805e-08
40100.056 2.0803760482284707e-08
40150.056 4.937405303400254e-08
40200.056 5.7772918819997116e-08
40250.056 6.227705729799478e-08
40300.056 6.146625526800415e-08
40350.056 3.456265771419402e-08
40400.056 4.879692156819827e-08
40450.056 3.035550805559853e-08
40500.056 5.814096580699845e-08
40550.056 6.289027224299537e-08
40600.056 6.349966234599938e-08
40650.056 4.7376885663896147e-08
40700.056 7.694089231199956e-08
40750.056 5.846067505499704e-08
40800.056 3.970757893699553e-08
40850.056 8.13933126720047e-08
40900.056 7.966303322299689e-08
40950.056 5.455851486460043e-08
41000.056 5.621499393199927e-08
41050.056 8.612272494500045e-08
41100.056 7.621457040399432e-08
41150.056 3.438600041539881e-08
41200.056 7.883903750000713e-08
41250.056 7.532596722699085e-08
41300.056 8.067144202800436e-08
41350.056 9.682135602200001e-08
41400.056 7.920508243699954e-08
41450.056 9.404008283600079e-08
41500.056 6.290777811399164e-08
41550.056 5.8362909658007307e-08
41600.056 6.19479976770008e-08
41650.056 8.81408295200041e-08
41700.056 1.0228166559999565e-07
41750.056 8.65025212040007e-08
41800.056 9.356882508899997e-08
41850.056 7.152669900899644e-08
41900.056 6.499991388798926e-08
41950.056 7.186215094999929e-08
42000.056 5.309160658598457e-08
42050.056 5.54578647350047e-08
42100.056 7.198389937899601e-08
42150.056 6.817663486299879e-08
42200.056 7.078972660199616e-08
42250.056 6.210724655400347e-08
42300.056 5.882262046499785e-08
42350.056 8.155146283600156e-08
42400.056 9.019558903700201e-08
42450.056 8.642634587100427e-08
42500.056 9.170837946799833e-08
42550.056 8.33591857859987e-08
42600.056 7.960386592400972e-08
42650.056 1.0430167138299389e-07
42700.056 6.621499327299294e-08
42750.056 7.181210895300776e-08
42800.056 9.920948022400103e-08
42850.056 1.0458377021699351e-07
42900.056 1.0204960135600341e-07
42950.056 8.474674674100106e-08
43000.056 9.571884340099784e-08
43050.056 5.826813741900226e-08
43100.056 8.923289880499988e-08
43150.056 8.280612553000057e-08
43200.056 9.302380362000272e-08
43250.056 1.260639744800017e-07
43300.056 1.1129136462099658e-07
43350.056 6.714230768399837e-08
43400.056 9.42365526200026e-08
43450.056 7.657591914900173e-08
43500.056 7.363535250100115e-08
43550.056 7.259552946000309e-08
43600.056 1.0708141079399996e-07
43650.056 6.314855834099566e-08
43700.056 1.037728515120114e-07
43750.056 1.1324342246999685e-07
43800.056 9.657773546399735e-08
43850.056 8.923242984800722e-08
43900.056 7.794313485499918e-08
43950.056 5.963900111699754e-08
44000.056 5.519991123699978e-08
44050.056 1.0351759551300693e-07
44100.056 1.3521547955000184e-07
44150.056 1.274092880699967e-07
44200.056 1.190169766550007e-07
44250.056 7.685493919499684e-08
44300.056 5.2793268761000414e-08
44350.056 5.736775413500244e-08
44400.056 6.542407600699882e-08
44450.056 9.486034872200568e-08
44500.056 8.473878339700312e-08
44550.056 1.1178464298800058e-07
44600.056 9.019582520000148e-08
44650.056 9.665405532599475e-08
44700.056 6.973102517899451e-08
44750.056 8.502354907900636e-08
44800.056 6.502700021500034e-08
44850.056 9.136364570600391e-08
44900.056 8.480900065599804e-08
44950.056 9.553111758100442e-08
45000.056 1.056535305549999e-07
45050.056 9.943051645099453e-08
45100.056 9.250529826300535e-08
45150.056 8.670459352899828e-08
45200.056 5.6753773111999636e-08
45250.056 6.728760752999699e-08
45300.056 6.684373664500223e-08
45350.056 4.793358617840396e-08
45400.056 1.1431079189100357e-07
45450.056 1.0524561751500559e-07
45500.056 1.1589941896000415e-07
45550.056 1.271701131629917e-07
45600.056 1.1735502136000253e-07
45650.056 1.018569599319931e-07
45700.056 5.7642117022194766e-08
45750.056 5.0085028894004124e-08
45800.056 1.131195683130027e-07
45850.056 1.0060930289000378e-07
45900.056 1.2393908418999798e-07
45950.056 1.1369449637399625e-07
46000.056 1.1801646080000412e-07
46050.056 1.0368770861200408e-07
46100.056 1.224645485879945e-07
46150.056 8.002006652000018e-08
46200.056 6.200439186399358e-08
46250.056 2.5633197622199144e-08
46300.056 7.655199972600494e-08
46350.056 9.206346106400382e-08
46400.056 9.151879677800123e-08
46450.056 7.470742409399505e-08
46500.056 8.591201571100424e-08
46550.056 5.695740206099713e-08
46600.056 5.582890783239507e-08
46650.056 8.34906931490039e-08
46700.056 6.47931426859939e-08
46750.056 2.849748377280362e-08
46800.056 1.928165548569783e-08
46850.056 7.238360861300934e-08
46900.056 9.792703357699895e-08
46950.056 9.713485126399734e-08
47000.056 9.752259601100297e-08
47050.056 6.664953162998734e-08
47100.056 5.4681764308001175e-08
47150.056 7.747533503700698e-08
47200.056 8.474859348199758e-08
47250.056 3.767006367579272e-08
47300.056 2.6820562523067143e-08
47350.056 8.425695341200417e-08
47400.056 9.35872336759987e-08
47450.056 6.409765246200376e-08
47500.056 1.0306815674000114e-07
47550.056 9.057563672000178e-08
47600.056 7.68560113049946e-08
47650.056 8.497093608199605e-08
47700.056 6.944112664200748e-08
47750.056 5.3300779930999874e-08
47800.056 3.767236668999976e-08
47850.056 1.4189321997522203e-08
47900.056 2.5105822293599926e-08
47950.056 6.985140904600513e-08
48000.056 8.73014829619961e-08
48050.056 7.022371738499781e-08
48100.056 3.499547428819976e-08
48150.056 6.137249211100289e-08
48200.056 4.491557697359671e-08
48250.056 6.647696768900092e-08
48300.056 8.062761269699966e-08
48350.056 5.112434026599422e-08
48400.056 1.0194961253907285e-08
48450.056 2.1259779401485053e-08
48500.056 4.3862735286994124e-08
48550.056 5.152857682630905e-08
48600.056 8.118124893200175e-08
48650.056 9.351956120499877e-08
48700.056 7.282383961800253e-08
48750.056 5.343464454800115e-08
48800.056 7.492022028600168e-08
48850.056 3.869339877239477e-08
48900.056 4.17579404103958e-08
48950.056 2.3451725166298494e-08
49000.056 1.4113975894571303e-08
49050.056 4.3892888892595735e-08
49100.056 5.8402812089107896e-08
49150.056 4.878234488399884e-08
49200.056 7.711238398700442e-08
49250.056 8.096681651199998e-08
49300.056 6.703585500299619e-08
49350.056 3.121485174000298e-08
49400.056 3.7116852507093386e-08
49450.056 2.983032306220631e-08
49500.056 2.5224946547185645e-08
49550.056 4.330009163269902e-09
49600.056 1.2743223622140358e-08
49650.056 4.0289883485002944e-08
49700.056 5.2672714767998486e-08
49750.056 4.461098701739642e-08
49800.056 2.4810175527419724e-08
49850.056 5.8880150091004535e-08
49900.056 6.467345356899952e-08
49950.056 5.632454779899757e-08
50000.056 3.771812049789621e-08
50050.056 4.269680171300501e-08
50100.056 3.7498578686998124e-08
50150.056 1.4395202675497278e-08
50200.056 2.0224236444609303e-09
50250.056 1.3810444543199905e-08
50300.056 9.820911034152045e-09
50350.056 4.043282631400347e-08
50400.056 5.0493526111999424e-08
50450.056 3.8089557819999765e-08
50500.056 5.826648729900349e-08
50550.056 6.356096222000008e-08
50600.056 4.138159830099141e-08
50650.056 5.80906407960052e-08
50700.056 5.818215434899831e-08
50750.056 3.410788737399839e-08
50800.056 9.903448241381621e-09
50850.056 4.370676403682137e-09
50900.056 3.307651430500318e-08
50950.056 3.8979492440997446e-08
51000.056 2.6553908148064662e-08
51050.056 4.132326838759467e-08
51100.056 1.787995688220004e-08
51150.056 1.422134360605331e-08
51200.056 4.966817751500139e-08
51250.056 4.1449697565995743e-08
51300.056 2.5396102491801653e-08
51350.056 2.2083859550612072e-08
51400.056 6.0616825477752635e-09
51450.056 4.823567742266545e-09
51500.056 4.270108913609639e-09
51550.056 2.04025232628029e-08
51600.056 2.3143804857301775e-08
51650.056 3.209990124899907e-08
51700.056 2.709659772241491e-08
51750.056 2.1730483380004287e-08
51800.056 4.106495572999916e-08
51850.056 3.073312963699829e-08
51900.056 3.1051000077000646e-08
51950.056 1.5637778824396994e-08
52000.056 1.2694788360765203e-09
52050.056 7.88973180260078e-09
52100.056 4.063428485939009e-09
52150.056 2.2174552985957766e-09
52200.056 9.533374685399733e-09
52250.056 1.8386521625102557e-08
52300.056 2.1866880318998535e-08
52350.056 4.6279420473875286e-09
52400.056 5.4578821942501315e-09
52450.056 2.5000491417303106e-08
52500.056 1.994542717172783e-08
52550.056 2.539034399649724e-08
52600.056 2.0972029847302658e-08
52650.056 2.7082163908999416e-08
52700.056 1.4214775646799478e-08
52750.056 4.889990798280255e-09
52800.056 9.6070034139018e-09
52850.056 1.2321359709997545e-08
52900.056 3.6539164602194085e-09
52950.056 7.160332801731408e-09
53000.056 1.7978788332000417e-08
53050.056 6.175560199459729e-09
53100.056 2.6102452758002267e-08
53150.056 2.7919220600999232e-08
53200.056 1.0147664736719108e-08
53250.056 2.2937356203000667e-08
53300.056 2.430488751520363e-08
53350.056 2.161983549899933e-08
53400.056 1.2810859399598642e-08
53450.056 2.9869688120290686e-09
53500.056 5.652111539488518e-10
53550.056 1.3307888333939875e-09
53600.056 7.203487250254584e-09
53650.056 1.0581367908100425e-08
53700.056 8.776646094448878e-09
53750.056 7.572073421939235e-09
53800.056 7.349635525560444e-09
53850.056 1.652834307069849e-08
53900.056 2.158188829000063e-08
53950.056 1.8615656949499134e-08
54000.056 1.37537447950617e-08
54050.056 1.350425809979841e-08
54100.056 2.2636018734159418e-09
54150.056 2.9833271170601776e-09
54200.056 4.609611107728506e-10
54250.056 1.2941048666802294e-09
54300.056 4.200969715660626e-09
54350.056 8.269824572399957e-09
54400.056 6.362297790348908e-09
54450.056 5.1757528804455175e-09
54500.056 7.70691322610093e-09
54550.056 5.093494731059613e-09
54600.056 3.6528618969391703e-09
54650.056 3.5785769527797116e-10
54700.056 3.98039514785046e-09
54750.056 3.8147019506392475e-09
54800.056 1.8825269503946863e-09
54850.056 3.4767769542504245e-09
54900.056 5.907849363970617e-09
54950.056 1.2250342105598205e-08
55000.056 4.486179171049454e-09
55050.056 5.445437493820447e-09
55100.056 8.5019819080015e-09
55150.056 3.932141279435983e-09
55200.056 2.379270398621946e-09
55250.056 3.366299861876881e-09
55300.056 2.838247277491958e-09
55350.056 5.186363171460328e-09
55400.056 4.1701889896796366e-09
55450.056 3.676468453829129e-09
55500.056 1.112683810300174e-09
55550.056 9.977687086579e-10
55600.056 2.7956585403902782e-09
55650.056 2.138399658971495e-09
55700.056 2.0957805438103114e-09
55750.056 1.1913856579997632e-09
55800.056 5.442889453930596e-10
55850.056 8.400857171469208e-10
55900.056 2.8783284143902293e-09
55950.056 5.429572314201508e-09
56000.056 2.0076636687301885e-09
56050.056 1.8120797143883135e-09
56100.056 2.802231565340181e-09
56150.056 1.2769523587768869e-09
56200.056 1.4996638681157928e-09
56250.056 5.125268495100396e-09
56300.056 2.3713735145593066e-09
56350.056 9.457100431941559e-10
56400.056 3.3796917692195583e-10
56450.056 4.092197031741668e-10
56500.056 1.856080515555146e-09
56550.056 6.243517181910032e-10
56600.056 2.146794950160141e-09
56650.056 2.182258339220786e-09
56700.056 1.9658611476100048e-09
56750.056 6.981144039428977e-10
56800.056 8.794571776298652e-10
56850.056 1.686202283810499e-09
56900.056 8.020226645155929e-10
56950.056 2.4721970134797697e-09
57000.056 3.303458155495749e-09
57050.056 1.941898031499374e-09
57100.056 3.445802936679726e-10
57150.056 9.424696146272567e-10
57200.056 4.961844048019881e-10
57250.056 9.682024682528873e-10
57300.056 1.0986708893020826e-09
57350.056 6.44007014215058e-10
57400.056 2.185173753730065e-09
57450.056 7.237164253909141e-10
57500.056 6.355165657383203e-10
57550.056 9.421902333759733e-10
57600.056 5.168058308799157e-10
57650.056 2.463419877450183e-10
57700.056 6.128001243200194e-10
57750.056 1.4084720190511805e-09
57800.056 7.716088123756762e-10
57850.056 2.4678468023858454e-09
57900.056 4.471326768540178e-09
57950.056 4.304170316720295e-09
58000.056 1.1516095334570273e-09
58050.056 2.2691664030696743e-09
58100.056 1.2016035988163763e-09
58150.056 1.0490214870214705e-09
58200.056 2.3701231733700124e-10
58250.056 4.928554943979626e-10
58300.056 3.8633202228730613e-10
58350.056 6.097965251126775e-10
58400.056 1.3721236859191813e-09
58450.056 2.4222642129497718e-09
58500.056 2.8317080088000413e-09
58550.056 1.0984337409378408e-09
58600.056 4.4352842942404314e-10
58650.056 8.785855709218595e-10
58700.056 6.994149281040001e-10
58750.056 1.1459768855299085e-09
58800.056 1.1495574188894039e-10
58850.056 4.698218606340887e-10
58900.056 4.40020661669986e-10
58950.056 3.321117775348567e-10
59000.056 6.859246870400947e-10
59050.056 9.780244104025988e-10
59100.056 5.033036996629407e-10
59150.056 7.045034446750892e-10
59200.056 1.6068148233899697e-09
59250.056 1.766916081650352e-09
59300.056 1.2451732871796859e-09
59350.056 2.2125956114098453e-10
59400.056 2.698640809044585e-10
59450.056 1.3290614629787771e-09
59500.056 1.011488815682654e-09
59550.056 1.5717511977921088e-09
59600.056 1.9143792267116525e-09
59650.056 5.614591436031835e-10
59700.056 5.580805466732159e-10
59750.056 2.7537261813000857e-09
59800.056 1.1143671901596306e-09
59850.056 1.0243736307409647e-09
59900.056 4.0269653241002377e-10
59950.056 9.41068523616868e-10
60000.056 2.8246152823473526e-09
60050.056 4.131311275500113e-09
60100.056 2.2107069173895272e-09
60150.056 6.336281113819782e-10
60200.056 1.0570437296341022e-09
60250.056 3.1129449007734136e-09
60300.056 2.5426862762330948e-09
60350.056 1.6417986073096326e-09
60400.056 1.378150070299584e-09
60450.056 2.781037062129624e-10
60500.056 1.267065232500379e-10
60550.056 7.959091877553888e-10
60600.056 1.246918196400065e-09
60650.056 8.837733908458104e-10
60700.056 5.29579613474956e-10
60750.056 2.435215851041413e-10
60800.056 1.2535062137335194e-09
60850.056 2.2154615566957034e-09
60900.056 1.5397927811280894e-09
60950.056 1.0273490195611531e-09
61000.056 2.4767208971561096e-09
61050.056 7.131085719117496e-10
61100.056 5.936421076611077e-10
61150.056 2.121209775912838e-10
61200.056 1.4899120876603423e-09
61250.056 1.5036784546399177e-09
61300.056 8.449694055003654e-10
61350.056 1.6878958161043378e-09
61400.056 5.781252556199171e-10
61450.056 3.313469591651247e-10
61500.056 2.5110798734048686e-10
61550.056 5.909603091549478e-10
61600.056 3.2290908152459035e-10
61650.056 4.1865903418965026e-10
61700.056 1.1239776178896567e-09
61750.056 8.925271172070059e-10
61800.056 8.629076263633776e-10
61850.056 2.0783251025875219e-10
61900.056 1.6690046037303339e-09
61950.056 1.3390594647768824e-09
62000.056 9.332241816518412e-10
62050.056 3.936984580401052e-09
62100.056 1.049475457350167e-09
62150.056 2.4621181882086256e-09
62200.056 2.0737627989717485e-09
62250.056 2.0265584500574597e-09
62300.056 3.908858029700095e-09
62350.056 4.717353271799845e-09
62400.056 3.4712833961007784e-09
62450.056 2.481389039479078e-09
62500.056 5.2750117512309826e-09
62550.056 1.0217856192199895e-08
62600.056 3.1342244126601433e-09
62650.056 2.307091316540368e-09
62700.056 1.1525899549820725e-09
62750.056 4.893633074699384e-09
62800.056 3.320480477979941e-09
62850.056 2.118598760983509e-09
62900.056 5.2378921462906e-09
62950.056 9.249411446938347e-09
63000.056 2.1141963382063244e-09
63050.056 1.2116997840802571e-08
63100.056 1.3321795669099505e-08
63150.056 9.737670752199989e-09
63200.056 6.248868967999252e-09
63250.056 6.155045640299951e-09
63300.056 1.2185441430376083e-09
63350.056 2.261157649000307e-09
63400.056 9.033004085196932e-10
63450.056 3.310640918792975e-10
63500.056 2.4860801166006523e-09
63550.056 4.2132836847792e-09
63600.056 1.871293421177128e-09
63650.056 2.4747004149000026e-09
63700.056 5.688350760778351e-10
63750.056 1.1951972435726e-09
63800.056 3.779697559163033e-09
63850.056 3.139639662799451e-09
63900.056 8.423633672700156e-10
63950.056 1.2064722122965071e-09
64000.056 2.3896861796698683e-09
64050.056 5.16310624547713e-10
64100.056 2.9955448622803543e-10
64150.056 3.714322509233871e-10
64200.056 3.6680699132101124e-10
64250.056 1.6561002314602535e-09
64300.056 1.3618516016996631e-09
64350.056 7.424782331833997e-10
64400.056 2.426607803315822e-09
64450.056 2.3942397115582337e-09
64500.056 1.3373049816597308e-09
64550.056 2.3182979689000334e-09
64600.056 1.710592570909382e-09
64650.056 2.6000821639422312e-09
64700.056 6.043661740139154e-10
64750.056 1.105605663736923e-09
64800.056 4.826450393260953e-10
64850.056 4.516077192271054e-10
64900.056 3.693519710038672e-10
64950.056 3.107520985849388e-10
65000.056 4.6490464467016047e-10
65050.056 1.6476266634198679e-09
65100.056 1.323878639110139e-09
65150.056 1.4356246211098396e-09
65200.056 3.7467901902696353e-10
65250.056 7.152954372783497e-10
65300.056 1.3426011341779046e-09
65350.056 2.889088664310142e-09
65400.056 1.1652091378298204e-09
65450.056 1.3189008467937573e-09
65500.056 1.6788791384101082e-09
65550.056 7.206635247780498e-10
65600.056 1.8266551375401785e-09
65650.056 9.90145042221045e-10
65700.056 8.062592842401602e-10
65750.056 5.942123462412968e-10
65800.056 1.2863476600604706e-09
65850.056 2.4277147793196525e-09
65900.056 5.112869537398253e-10
65950.056 6.971166980371302e-10
66000.056 9.178854190547653e-10
66050.056 2.3142188414413842e-09
66100.056 1.3654662974956978e-09
66150.056 1.4485989048133274e-09
66200.056 1.7630031704796726e-09
66250.056 8.222289710700781e-10
66300.056 6.834060577102594e-10
66350.056 3.5542302276004157e-10
66400.056 5.324481982000398e-10
66450.056 1.626969102880381e-09
66500.056 3.0061434590606994e-09
66550.056 2.8158107860992334e-09
66600.056 2.182479168710136e-09
66650.056 1.162464241125138e-09
66700.056 9.327971652261925e-10
66750.056 1.8379393236599858e-09
66800.056 1.0951311422799201e-09
66850.056 8.47366776101985e-10
66900.056 3.2514500845203476e-09
66950.056 2.7787286420415236e-09
67000.056 5.449445636900365e-09
67050.056 1.9185380271494248e-09
67100.056 1.1538529628701575e-09
67150.056 1.6540611045802472e-09
67200.056 2.5155431380394497e-09
67250.056 2.2006839536006997e-09
67300.056 4.223917126260375e-09
67350.056 1.6057797905706966e-09
67400.056 4.040627140379393e-09
67450.056 3.269129934018844e-09
67500.056 1.8686946359004346e-09
67550.056 6.479378204301733e-09
67600.056 1.0556899558199195e-08
67650.056 5.878363404232965e-09
67700.056 3.408144921208839e-09
67750.056 1.7228059449205902e-09
67800.056 2.316964932388871e-09
67850.056 1.1490158598599902e-09
67900.056 1.29356791593986e-09
67950.056 1.326832157510333e-09
68000.056 3.9930566830797456e-09
68050.056 2.4520721836798176e-09
68100.056 4.379897274011151e-09
68150.056 5.024559079699337e-09
68200.056 3.2847048876810133e-09
68250.056 9.685804242698242e-10
68300.056 3.805836141200942e-09
68350.056 6.3364715601998725e-09
68400.056 7.298930286200267e-09
68450.056 6.96133977649987e-09
68500.056 3.049453035119007e-09
68550.056 1.1285599581699933e-09
68600.056 1.0717621619200427e-09
68650.056 6.58709886888161e-10
68700.056 1.6115131566804026e-09
68750.056 3.054120284920321e-09
68800.056 3.277539630199141e-09
68850.056 2.3631393619688063e-09
68900.056 8.103736676701222e-09
68950.056 8.949365960100037e-09
69000.056 3.8230210165195485e-09
69050.056 1.8000758497298912e-09
69100.056 6.101737037200559e-09
69150.056 1.0788081162602481e-08
69200.056 1.0050937493701051e-08
69250.056 1.262191965419846e-08
69300.056 1.2430190955801911e-08
69350.056 1.1901224828499228e-08
69400.056 5.492829947339946e-09
69450.056 9.019666929497628e-09
69500.056 5.777012518799553e-09
69550.056 3.0185978044996177e-09
69600.056 7.098252859801319e-10
69650.056 3.0071730372409043e-09
69700.056 7.3260804399003875e-09
69750.056 3.6406939512996374e-09
69800.056 7.68518242359937e-09
69850.056 8.044091748801555e-09
69900.056 4.411354388198629e-09
69950.056 4.190730139751896e-09
70000.056 5.63465177839981e-09
70050.056 1.2635998137001828e-08
70100.056 8.507799256098529e-09
70150.056 7.423489011900366e-09
70200.056 3.5511396399686973e-09
70250.056 3.953404957331332e-09
70300.056 7.799152005400538e-09
70350.056 7.531600135299472e-09
70400.056 3.00906105939918e-09
70450.056 6.656117872202199e-10
70500.056 3.0217767745005844e-09
70550.056 2.4645861099602353e-09
70600.056 3.893492341420315e-09
70650.056 6.949512265499839e-09
70700.056 1.0827911333002492e-08
70750.056 1.6707800061000125e-08
70800.056 6.548742585197322e-09
70850.056 7.10927372670144e-09
70900.056 9.765837441457949e-09
70950.056 1.2689834752302615e-08
71000.056 1.2639278054000054e-08
71050.056 1.3368961306899032e-08
71100.056 9.553752206198802e-09
71150.056 3.805424156888866e-09
71200.056 4.946994317800362e-09
71250.056 1.0329758675200877e-08
71300.056 1.4845724978798841e-08
71350.056 1.397796511860049e-08
71400.056 8.725308898698216e-09
71450.056 2.315969639499476e-09
71500.056 4.049228328799692e-09
71550.056 3.874990215770226e-09
71600.056 5.42683861949922e-09
71650.056 2.4945484991501556e-09
71700.056 1.7354636014400034e-09
71750.056 5.487096996701868e-09
71800.056 9.106592296899447e-09
71850.056 1.0582314256899924e-08
71900.056 6.4537429438998244e-09
71950.056 8.951869009397688e-09
72000.056 7.035102696099396e-09
72050.056 2.237624590179396e-09
72100.056 3.0699268186404466e-09
72150.056 6.938189945799252e-09
72200.056 6.900901473600592e-09
72250.056 1.4882917741000789e-08
72300.056 5.829367358439128e-09
72350.056 8.358383978099713e-09
72400.056 6.919278632100181e-09
72450.056 6.479862142596598e-09
72500.056 7.967083170499698e-09
72550.056 2.2120516672710747e-09
72600.056 4.680193488300597e-09
72650.056 8.582162160902598e-09
72700.056 3.1622574274786908e-09
72750.056 3.964892351499921e-09
72800.056 1.9330810765103855e-09
72850.056 3.0903019968911494e-09
72900.056 1.0327399390000613e-08
72950.056 4.653799834899671e-09
73000.056 4.473915867568168e-09
73050.056 1.870603296999872e-09
73100.056 3.124135436051675e-09
73150.056 8.885847305599363e-09
73200.056 2.5045574972996593e-09
73250.056 3.642036515579603e-09
73300.056 1.9253717569348003e-09
73350.056 1.2744627980494961e-09
73400.056 3.64158722390041e-09
73450.056 2.0276615477998374e-09
73500.056 1.4040016992003161e-09
73550.056 3.197320822620781e-09
73600.056 4.143737627548664e-09
73650.056 2.7763696893588354e-09
73700.056 2.241246948298631e-09
73750.056 7.461712379603924e-10
73800.056 2.2234451082308006e-09
73850.056 3.933104844298867e-09
73900.056 1.1759283694958699e-09
73950.056 2.1938065513997737e-09
74000.056 5.828457892918725e-10
74050.056 3.83731461796148e-09
74100.056 3.956785256589685e-09
74150.056 3.3689445568691795e-09
74200.056 8.513917408220935e-10
74250.056 2.8812928780466297e-10
74300.056 3.0125066042012058e-09
74350.056 4.974384227800684e-09
74400.056 3.334046570559053e-09
74450.056 1.076877947886929e-09
74500.056 4.527147370897918e-10
74550.056 1.3031644347315475e-09
74600.056 1.813615766590124e-09
74650.056 2.428208025179896e-09
74700.056 2.0428683487205033e-09
74750.056 5.42462976258923e-10
74800.056 7.939594303515292e-10
74850.056 4.305166439501185e-09
74900.056 5.509941406098838e-09
74950.056 3.5701440818188802e-09
75000.056 1.852866386379212e-09
75050.056 1.9312988853558432e-10
75100.056 2.5490900733310514e-09
75150.056 6.002162847700765e-09
75200.056 5.419509349499106e-09
75250.056 3.6436024371978825e-09
75300.056 1.9250811569198626e-09
75350.056 3.7715088997309173e-10
75400.056 3.994193620601048e-09
75450.056 7.392246020900755e-09
75500.056 6.0732997176588035e-09
75550.056 3.519316041480117e-09
75600.056 3.6117284741992472e-09
75650.056 1.7329512295030816e-09
75700.056 6.542309461000076e-09
75750.056 5.703686601601053e-09
75800.056 4.799264679277798e-09
75850.056 6.342142152691543e-09
75900.056 5.597009190038449e-09
75950.056 2.350122092801491e-09
76000.056 9.324426908100079e-09
76050.056 7.50997101749822e-09
76100.056 6.926106346518557e-09
76150.056 6.61067643149929e-09
76200.056 5.136054590501036e-09
76250.056 1.569028995986554e-09
76300.056 7.48765055520095e-09
76350.056 9.874480783300235e-09
76400.056 6.696268548199601e-09
76450.056 4.555522847601112e-09
76500.056 3.1135051001994755e-09
76550.056 6.955529223216815e-10
76600.056 1.7480115405231138e-10
76650.056 2.5216235965188254e-10
76700.056 2.9698545159003e-10
76750.056 3.438070222504389e-10
76800.056 6.438429858561742e-10
76850.056 7.048066903274591e-10
76900.056 1.27946253543949e-09
76950.056 8.976928788864606e-10
77000.056 2.962613977819685e-09
77050.056 6.683701348398193e-10
77100.056 1.2749991695880157e-09
77150.056 2.8809896425600227e-09
77200.056 9.54091499339961e-10
77250.056 7.901599612332608e-10
77300.056 3.4191719271996495e-09
77350.056 1.629650328008987e-09
77400.056 3.4931125195818695e-09
77450.056 7.133470859699115e-09
77500.056 4.402490318599992e-09
77550.056 1.989766371197766e-09
77600.056 6.116217824403799e-10
77650.056 1.0047771606565859e-09
77700.056 3.63208970189939e-09
77750.056 3.966424692771837e-09
77800.056 7.721489219400274e-09
77850.056 7.546011871298432e-09
77900.056 1.8813346558789616e-09
77950.056 5.511357862391746e-10
78000.056 2.2254828532696453e-09
78050.056 2.4443805248252154e-09
78100.056 4.487496121951013e-09
78150.056 5.92698808295186e-09
78200.056 9.484722317599875e-09
78250.056 5.241560729498288e-09
78300.056 9.039822526638413e-10
78350.056 3.2831842581410615e-09
78400.056 1.5296153500847898e-09
78450.056 2.9197837793009533e-09
78500.056 7.769737144339012e-09
78550.056 9.610207755699717e-09
78600.056 5.880084788398882e-09
78650.056 1.0671802518446925e-09
78700.056 1.3365305532403172e-09
78750.056 3.6813284024998143e-09
78800.056 1.6031918632989914e-09
78850.056 9.755606438895195e-10
78900.056 2.7385561552323447e-09
78950.056 5.862427124400056e-09
79000.056 3.032234259324291e-09
79050.056 2.8095936303830085e-09
79100.056 4.976476943900516e-09
79150.056 2.2065534668113026e-09
79200.056 3.20100980797971e-09
79250.056 1.334238249460569e-09
79300.056 2.1596053271344576e-09
79350.056 2.6934555102899834e-09
79400.056 1.1264494602907456e-09
79450.056 5.840250260601245e-09
79500.056 1.031870041220045e-08
79550.056 8.343411529198944e-09
79600.056 3.107069486794846e-09
79650.056 7.399575751698866e-09
79700.056 3.0323140196599923e-09
79750.056 3.075781830250195e-09
79800.056 2.5336157838467476e-09
79850.056 7.146057280401595e-09
79900.056 1.3694341914301544e-08
79950.056 1.4663237271199442e-08
