# %ECSV 1.0
# ---
# datatype:
# - {name: wav, unit: Angstrom, datatype: float64}
# - {name: flux_nu, unit: erg / (cm2 Hz s), datatype: float64}
# meta: {C/O: '1.00', Kzz: '1.0000E+05', Teff: '1000.', Y: '0.28', '[Fe/H]': '0.00', f_hole: '1.00', f_rain: '0.00', grav: '3160.'}
# schema: astropy-2.0
wav flux_nu
4000.0559999999996 nan
4050.0559999999996 1.8126663133492197e-13
4100.056 1.6622798397700024e-11
4150.056 7.223843944400143e-11
4200.056 6.625534595536835e-11
4250.056 1.7208808077100156e-10
4300.056 2.499926665000056e-10
4350.056 2.9804521611000127e-10
4400.056 3.721120881500026e-10
4450.056 4.583749579400061e-10
4500.056 4.748794313700046e-10
4550.056 5.160535218799953e-10
4600.056 3.6870804852999915e-10
4650.056 2.7746496279999827e-10
4700.056 1.8854343469999886e-10
4750.056 6.671814046299923e-11
4800.056 1.4397822663099785e-11
4850.056 3.2516427012999588e-12
4900.056 1.1992785317899897e-12
4950.056 5.178034650199953e-13
5000.056 1.9809158918999805e-13
5050.056 9.475935375799971e-14
5100.056 8.304247654500002e-14
5150.056 7.801861699e-14
5200.056 7.360514478299996e-14
5250.056 6.839275369799993e-14
5300.056 6.362374722899995e-14
5350.056 5.999714075799995e-14
5400.056 5.715748559499996e-14
5450.056 5.4835290487000016e-14
5500.056 5.287232483000001e-14
5550.056 5.122280804899998e-14
5600.056 4.9602427851999985e-14
5650.056 4.766920761799996e-14
5700.056 4.5034578551999954e-14
5750.056 4.1339607921999944e-14
5800.056 3.57644915989999e-14
5850.056 2.5608910186999744e-14
5900.056 9.022322018588658e-15
5950.056 4.8760885403000736e-14
6000.056 9.988028559000057e-14
6050.056 1.809311789500017e-13
6100.056 3.101318559100025e-13
6150.056 5.179226359900038e-13
6200.056 8.479046391600056e-13
6250.056 1.3541901807000085e-12
6300.056 2.1279207854000127e-12
6350.056 3.2800423560000204e-12
6400.056 4.962728802000031e-12
6450.056 7.308105084400028e-12
6500.056 1.0665031955900058e-11
6550.056 1.5390608303000055e-11
6600.056 2.199644731500018e-11
6650.056 3.1140242150000176e-11
6700.056 3.901597541910035e-11
6750.056 5.863821673200028e-11
6800.056 7.511351440200029e-11
6850.056 8.482098111300005e-11
6900.056 8.056071384600003e-11
6950.056 7.122800265299987e-11
7000.056 6.998163171400005e-11
7050.056 7.539807505599996e-11
7100.056 8.2330286741e-11
7150.056 8.508521055699957e-11
7200.056 8.362845961200036e-11
7250.056 7.915025198199896e-11
7300.056 7.107035794500065e-11
7350.056 6.31883277989997e-11
7400.056 5.5318214973000236e-11
7450.056 4.7529711723000223e-11
7500.056 3.9473162614999826e-11
7550.056 3.1237284686999835e-11
7600.056 2.377294285499983e-11
7650.056 7.37538451022172e-12
7700.056 5.753892436864196e-12
7750.056 2.078807840500034e-11
7800.056 3.7342601883000466e-11
7850.056 7.290596609700065e-11
7900.056 1.1581836034000069e-10
7950.056 1.4331077889220163e-10
8000.056 2.598728983400021e-10
8050.056 3.6896755823000296e-10
8100.056 4.9410295429e-10
8150.056 6.512020976400044e-10
8200.056 8.839513544400152e-10
8250.056 1.134577146360009e-09
8300.056 1.4543402029900408e-09
8350.056 1.8238474783000034e-09
8400.056 2.2754191246000025e-09
8450.056 2.8457184210000105e-09
8500.056 3.146435279049913e-09
8550.056 4.097040221200125e-09
8600.056 5.168232463300039e-09
8650.056 6.175128634000045e-09
8700.056 7.316669025400042e-09
8750.056 8.63873704180006e-09
8800.056 1.0093572581500071e-08
8850.056 1.1516688486000042e-08
8900.056 1.2113351442999927e-08
8950.056 1.1463848426449898e-08
9000.056 1.5264035734399914e-08
9050.056 1.939353890900025e-08
9100.056 2.2075597343700337e-08
9150.056 2.4554976681000407e-08
9200.056 2.8188508523999437e-08
9250.056 2.957193337949868e-08
9300.056 1.7377223639959404e-08
9350.056 2.308393685320417e-08
9400.056 3.4425074738099404e-08
9450.056 3.5008405959963825e-08
9500.056 3.601014906986789e-08
9550.056 3.990839905707077e-08
9600.056 4.2877259433100473e-08
9650.056 4.964783850554114e-08
9700.056 6.11704381901972e-08
9750.056 6.737279874670266e-08
9800.056 7.624106234249792e-08
9850.056 8.682943985699942e-08
9900.056 9.238956382300008e-08
9950.056 9.772439324600036e-08
10000.056 8.456317207980008e-08
10050.056 1.1103562228000031e-07
10100.056 1.2481858853000065e-07
10150.056 1.353740519399997e-07
10200.056 1.4768415658000083e-07
10250.056 1.6194397922000073e-07
10300.056 1.7820404026999955e-07
10350.056 1.937523279800022e-07
10400.056 2.098003899399996e-07
10450.056 2.2400871727999935e-07
10500.056 2.3564366958000028e-07
10550.056 2.4748788715000065e-07
10600.056 2.6076041860999967e-07
10650.056 2.746109931800025e-07
10700.056 2.873905586100018e-07
10750.056 3.0005028411000164e-07
10800.056 3.0984163646000123e-07
10850.056 3.1620905517000074e-07
10900.056 2.905230779199973e-07
10950.056 2.2232964991599798e-07
11000.056 1.783390551199885e-07
11050.056 1.3377319804099821e-07
11100.056 9.724769179973065e-08
11150.056 7.425921524024443e-08
11200.056 8.512705156172048e-08
11250.056 1.1177658613217977e-07
11300.056 1.1425705715140297e-07
11350.056 5.991017042798684e-08
11400.056 1.1894639911564929e-07
11450.056 9.642786646489365e-08
11500.056 1.0798317430662319e-07
11550.056 7.501886963037333e-08
11600.056 7.474988226898521e-08
11650.056 9.486223000225405e-08
11700.056 8.820761336619781e-08
11750.056 6.893243471333565e-08
11800.056 1.115209444487999e-07
11850.056 1.625660501440002e-07
11900.056 1.967402519449917e-07
11950.056 2.427691421150089e-07
12000.056 2.795148903800009e-07
12050.056 3.2492070766000913e-07
12100.056 3.64195478099996e-07
12150.056 4.133463875899965e-07
12200.056 4.5296980663999533e-07
12250.056 4.962634349399973e-07
12300.056 5.414393895100057e-07
12350.056 5.545245942300008e-07
12400.056 5.673349588399955e-07
12450.056 5.692629052100051e-07
12500.056 5.814733840500003e-07
12550.056 6.252340862900097e-07
12600.056 7.218449642300037e-07
12650.056 7.427838226100021e-07
12700.056 7.614658374300074e-07
12750.056 7.387272357500032e-07
12800.056 7.313843264000007e-07
12850.056 6.594335186099967e-07
12900.056 6.189216084900031e-07
12950.056 5.962030293800001e-07
13000.056 5.870871727400043e-07
13050.056 5.432780617429908e-07
13100.056 5.290245988409768e-07
13150.056 4.5171091274901243e-07
13200.056 4.1598168907999224e-07
13250.056 3.0615815587099134e-07
13300.056 1.7635263548035608e-07
13350.056 5.979453396613659e-08
13400.056 2.4145345555817468e-08
13450.056 1.5586263851005375e-08
13500.056 9.715321524324038e-09
13550.056 6.826992075384043e-09
13600.056 5.125757678864194e-09
13650.056 1.2324346058850998e-08
13700.056 9.476928188958541e-09
13750.056 1.4556568170029141e-08
13800.056 1.8032342266458432e-08
13850.056 1.1838772318157398e-08
13900.056 1.1563305279788487e-08
13950.056 1.1316509498557055e-08
14000.056 1.15008336265308e-08
14050.056 1.4308088923586405e-08
14100.056 1.1088454274928884e-08
14150.056 1.5420845900361265e-08
14200.056 1.2222045404566005e-08
14250.056 1.2636066829532508e-08
14300.056 2.1786946010139234e-08
14350.056 2.1339453076425442e-08
14400.056 2.185240098479564e-08
14450.056 2.7724156725842227e-08
14500.056 4.382786151013076e-08
14550.056 4.436397723191978e-08
14600.056 6.601248558785469e-08
14650.056 6.117487086869167e-08
14700.056 4.7287146720509855e-08
14750.056 6.004233281407298e-08
14800.056 7.169493477486032e-08
14850.056 7.866235482685474e-08
14900.056 7.881203712253255e-08
14950.056 9.37951042847042e-08
15000.056 1.0921310982410093e-07
15050.056 1.2773212204616172e-07
15100.056 1.3399027166799917e-07
15150.056 1.4621298757609677e-07
15200.056 1.604924539573802e-07
15250.056 1.9869460814600487e-07
15300.056 2.175029948619916e-07
15350.056 2.530215152209944e-07
15400.056 2.807662526480151e-07
15450.056 3.0550339283001335e-07
15500.056 3.231656511299961e-07
15550.056 3.5917099740999817e-07
15600.056 3.8339088551000015e-07
15650.056 3.985387222300087e-07
15700.056 4.332729717200054e-07
15750.056 4.4617427821000195e-07
15800.056 4.501001479200015e-07
15850.056 4.6157467557000065e-07
15900.056 4.4565007887000135e-07
15950.056 4.2705118797999236e-07
16000.056 3.8648448472000084e-07
16050.056 3.211499393099947e-07
16100.056 2.673346949399929e-07
16150.056 2.1184946396399212e-07
16200.056 1.6334648434099902e-07
16250.056 1.5009001549359293e-07
16300.056 1.34556151076029e-07
16350.056 1.4563726388589916e-07
16400.056 1.6070600605169432e-07
16450.056 1.712588693415574e-07
16500.056 1.8693182331757628e-07
16550.056 1.8310268627225152e-07
16600.056 1.8964487034900688e-07
16650.056 1.3361200827304538e-07
16700.056 7.946503185591164e-08
16750.056 1.1072666632190226e-07
16800.056 1.4644053294430336e-07
16850.056 1.4813788529048908e-07
16900.056 1.3513639948660705e-07
16950.056 1.200040487777963e-07
17000.056 1.0524245967601405e-07
17050.056 1.3471061523700914e-07
17100.056 1.4984920370200127e-07
17150.056 1.3238700242399816e-07
17200.056 1.6223907931198973e-07
17250.056 1.4272533488197769e-07
17300.056 1.2688407329900074e-07
17350.056 1.1461907558499338e-07
17400.056 1.1569224137099559e-07
17450.056 1.1517117884098564e-07
17500.056 1.1974177991452089e-07
17550.056 1.0343185345389766e-07
17600.056 9.622027558820742e-08
17650.056 9.1098069820446e-08
17700.056 7.209834268889911e-08
17750.056 6.13874289481814e-08
17800.056 7.164800544295021e-08
17850.056 4.954014142668614e-08
17900.056 5.487033666550154e-08
17950.056 4.15794028404948e-08
18000.056 4.732053744779267e-08
18050.056 3.706844268198468e-08
18100.056 4.0695789447681256e-08
18150.056 4.756382227803502e-08
18200.056 3.122556632777101e-08
18250.056 6.322419525904552e-08
18300.056 3.619339438228047e-08
18350.056 3.415996593148836e-08
18400.056 3.042075045288801e-08
18450.056 4.1502209582191824e-08
18500.056 4.1056919770755075e-08
18550.056 3.113705124655448e-08
18600.056 2.794791638367988e-08
18650.056 2.5500719466272372e-08
18700.056 2.2240315435392918e-08
18750.056 3.232200084131588e-08
18800.056 5.940899329890607e-08
18850.056 6.439184853544067e-08
18900.056 5.668473194263067e-08
18950.056 9.074422407682568e-08
19000.056 5.835238691548311e-08
19050.056 4.4090277532818e-08
19100.056 7.139520283767615e-08
19150.056 4.908126643949777e-08
19200.056 6.297417404387056e-08
19250.056 4.622621951364426e-08
19300.056 4.2168558693895965e-08
19350.056 3.920911790172718e-08
19400.056 2.7465061612983686e-08
19450.056 4.593396591495469e-08
19500.056 4.669458235575936e-08
19550.056 3.71039550749012e-08
19600.056 4.6156552007899234e-08
19650.056 5.629696308282159e-08
19700.056 5.5117237679524786e-08
19750.056 6.128901407687564e-08
19800.056 6.328928717467045e-08
19850.056 8.36797835263824e-08
19900.056 6.689997422935715e-08
19950.056 9.738183689239984e-08
20000.056 8.94371327404109e-08
20050.056 1.0484949858831407e-07
20100.056 1.1326109365937716e-07
20150.056 1.1267703230502949e-07
20200.056 1.1982365782543348e-07
20250.056 1.3895742690170003e-07
20300.056 1.3890206966030863e-07
20350.056 1.5506578737598505e-07
20400.056 1.5350452585378417e-07
20450.056 1.751555474219957e-07
20500.056 1.8582329943297413e-07
20550.056 1.874561640100123e-07
20600.056 2.0386736994700935e-07
20650.056 2.0632464082600361e-07
20700.056 2.117282978260057e-07
20750.056 2.1522798654899567e-07
20800.056 2.2103923986398998e-07
20850.056 2.2071398974999875e-07
20900.056 2.2701803542998801e-07
20950.056 2.2310014715000454e-07
21000.056 2.2107949128000347e-07
21050.056 2.19603730029996e-07
21100.056 2.1590047079000167e-07
21150.056 2.1632933925998474e-07
21200.056 2.0901963910000462e-07
21250.056 2.0462505836998565e-07
21300.056 1.9274626275399588e-07
21350.056 1.8978638411599933e-07
21400.056 1.8554918742601597e-07
21450.056 1.759628922280024e-07
21500.056 1.6775431657200687e-07
21550.056 1.606920160280018e-07
21600.056 1.504349070090053e-07
21650.056 1.3980979814500186e-07
21700.056 1.3941023387000062e-07
21750.056 1.2557554894540567e-07
21800.056 1.1288619554409615e-07
21850.056 1.0295665497439914e-07
21900.056 8.71368247910003e-08
21950.056 6.497365057780662e-08
22000.056 3.466821024359896e-08
22050.056 3.0353605275316107e-08
22100.056 4.648006289037534e-08
22150.056 5.019872743649839e-08
22200.056 5.326920781121771e-08
22250.056 5.069391107400179e-08
22300.056 4.0600407481556515e-08
22350.056 4.1819483811467196e-08
22400.056 3.203639585785507e-08
22450.056 3.028699112167767e-08
22500.056 3.0916796327534154e-08
22550.056 2.572947519060837e-08
22600.056 2.5992930896348397e-08
22650.056 2.8652157982459335e-08
22700.056 2.5835526536888328e-08
22750.056 2.6272792543138486e-08
22800.056 2.663476977712055e-08
22850.056 2.290990210833433e-08
22900.056 2.203403867281767e-08
22950.056 2.0512680373195524e-08
23000.056 2.4693523989198523e-08
23050.056 3.0477031915958767e-08
23100.056 4.9272793023733947e-08
23150.056 4.525434648717493e-08
23200.056 1.4752561052387812e-08
23250.056 2.1916639021541955e-08
23300.056 1.9039710759884537e-08
23350.056 1.9375116180301935e-08
23400.056 1.8962005635843268e-08
23450.056 1.819930783605881e-08
23500.056 1.974923133294685e-08
23550.056 2.5071927280363334e-08
23600.056 3.0088347830998117e-08
23650.056 3.612914544901602e-08
23700.056 1.888158711713315e-08
23750.056 1.8608658297877908e-08
23800.056 2.4456152832759376e-08
23850.056 2.4911566280201188e-08
23900.056 3.64013868156594e-08
23950.056 3.4596417819332414e-08
24000.056 4.2710115304261014e-08
24050.056 4.45309242835063e-08
24100.056 4.200176399658832e-08
24150.056 4.8717187696186155e-08
24200.056 4.706438035774544e-08
24250.056 4.376085694780218e-08
24300.056 5.203370857793755e-08
24350.056 4.457181452126365e-08
24400.056 5.8382493381301153e-08
24450.056 5.291584108298937e-08
24500.056 5.325946321446308e-08
24550.056 5.996310973671272e-08
24600.056 5.984065268439779e-08
24650.056 7.296824819628552e-08
24700.056 5.1212426211801885e-08
24750.056 5.328456994928721e-08
24800.056 5.297392015053211e-08
24850.056 7.388916059376908e-08
24900.056 3.9030828087991806e-08
24950.056 6.671509024580853e-08
25000.056 5.7326482551917326e-08
25050.056 3.7863881699364075e-08
25100.056 5.523512906689211e-08
25150.056 3.762126739731282e-08
25200.056 4.676996215655838e-08
25250.056 2.9489956619279917e-08
25300.056 4.141272546371005e-08
25350.056 2.541356599176707e-08
25400.056 4.486761828313517e-08
25450.056 2.5310949891701823e-08
25500.056 2.6701355881440457e-08
25550.056 3.215659136350405e-08
25600.056 3.000110515890321e-08
25650.056 1.8849082084853592e-08
25700.056 3.431748441990069e-08
25750.056 1.615352145360737e-08
25800.056 3.933673253933242e-08
25850.056 1.879638220351925e-08
25900.056 2.777199315184132e-08
25950.056 1.4648925364468024e-08
26000.056 3.993174670624287e-08
26050.056 2.1745889279563816e-08
26100.056 4.101252545579986e-08
26150.056 3.081005659819636e-08
26200.056 3.2398688201304855e-08
26250.056 5.8277296988556e-08
26300.056 3.641178634215938e-08
26350.056 6.910850872945628e-08
26400.056 6.352687875130241e-08
26450.056 6.130153358710117e-08
26500.056 7.236896403704047e-08
26550.056 3.808135075029964e-08
26600.056 5.038885143481819e-08
26650.056 2.390990969495728e-08
26700.056 2.1627302669015708e-08
26750.056 1.5740054071799996e-08
26800.056 2.4708164399257676e-08
26850.056 1.4903807168329614e-08
26900.056 3.304459521698409e-08
26950.056 1.8062676512853816e-08
27000.056 4.234028329446921e-08
27050.056 3.564089145127686e-08
27100.056 2.5189079865166275e-08
27150.056 4.813676065104545e-08
27200.056 2.650036545350664e-08
27250.056 3.467836672160474e-08
27300.056 7.774302258687097e-08
27350.056 5.337850344966777e-08
27400.056 1.7063640487708294e-08
27450.056 6.394364710889422e-08
27500.056 6.71582940167586e-08
27550.056 2.8533637612835288e-08
27600.056 5.1374369190026934e-08
27650.056 2.626853157422332e-08
27700.056 2.1578136048840214e-08
27750.056 5.545115592163323e-08
27800.056 2.7668395573748325e-08
27850.056 3.206615931258008e-08
27900.056 3.642543539071083e-08
27950.056 6.084303947186484e-08
28000.056 4.613700072321633e-08
28050.056 1.9195283741340224e-08
28100.056 6.022211917155822e-08
28150.056 3.8735729183531175e-08
28200.056 2.235460536385506e-08
28250.056 6.176922400733233e-08
28300.056 6.993137757512772e-08
28350.056 2.6944263662063068e-08
28400.056 4.9244965872992946e-08
28450.056 6.798708682720907e-08
28500.056 4.943600623986002e-08
28550.056 2.1597513707229593e-08
28600.056 7.137991252130807e-08
28650.056 5.739367155211721e-08
28700.056 5.233980640073934e-08
28750.056 7.72058025348345e-08
28800.056 6.355875080300505e-08
28850.056 7.238870870871988e-08
28900.056 4.074681931940807e-08
28950.056 8.170637216492869e-08
29000.056 6.890282753690715e-08
29050.056 7.916290906331537e-08
29100.056 5.516372032291012e-08
29150.056 1.0558390968421182e-07
29200.056 6.900119582115072e-08
29250.056 9.407608254089234e-08
29300.056 5.629987843420573e-08
29350.056 1.5473879269340963e-07
29400.056 7.91412173066111e-08
29450.056 8.533793645743335e-08
29500.056 1.0022032870218465e-07
29550.056 8.802498513241088e-08
29600.056 1.0223146256667193e-07
29650.056 1.0515467977929795e-07
29700.056 8.474386306891819e-08
29750.056 1.1276244359709191e-07
29800.056 1.1462447178019995e-07
29850.056 1.218395633220735e-07
29900.056 1.2327624946265054e-07
29950.056 1.2006465639836085e-07
30000.056 4.600247305242282e-08
30050.056 6.483088798700623e-08
30100.056 7.974762937080021e-08
30150.056 1.2982127589499542e-07
30200.056 1.0501126757020053e-07
30250.056 1.591673543810163e-07
30300.056 1.3525928292199803e-07
30350.056 1.212321263430052e-07
30400.056 1.557488448674093e-07
30450.056 1.0779945661981309e-07
30500.056 1.0441200405549908e-07
30550.056 1.0798992517200027e-07
30600.056 1.3954142710700536e-07
30650.056 1.0970027979799706e-07
30700.056 9.8084837196787e-08
30750.056 1.0666587024098585e-07
30800.056 9.809277517401942e-08
30850.056 8.889141445668135e-08
30900.056 7.956569521438234e-08
30950.056 6.974163146431443e-08
31000.056 7.123014385600895e-08
31050.056 8.327580381199948e-08
31100.056 5.6573131478300446e-08
31150.056 7.00393654382951e-08
31200.056 8.46847885510121e-08
31250.056 5.7590938623196546e-08
31300.056 5.6764477033420024e-08
31350.056 5.7805476515805855e-08
31400.056 4.513934823052311e-08
31450.056 5.317244855659029e-08
31500.056 3.7013191635343135e-08
31550.056 4.380809726443411e-08
31600.056 3.624863002965503e-08
31650.056 3.192878139646606e-08
31700.056 3.661193745279794e-08
31750.056 2.615435862740562e-08
31800.056 3.753970677709505e-08
31850.056 2.447578684551418e-08
31900.056 3.393802990640404e-08
31950.056 2.1558851140244132e-08
32000.056 2.93157176954459e-08
32050.056 2.8942395282182716e-08
32100.056 2.621490397061944e-08
32150.056 3.24345081015984e-08
32200.056 2.43645620578411e-08
32250.056 3.7802372706009277e-08
32300.056 2.2206225793473938e-08
32350.056 4.030506336580232e-08
32400.056 2.379021192819845e-08
32450.056 3.7573076389590765e-08
32500.056 3.1832679408068245e-08
32550.056 3.555461335309708e-08
32600.056 3.9003696994100894e-08
32650.056 4.7063961256789137e-08
32700.056 4.503000904800837e-08
32750.056 5.558988796660651e-08
32800.056 5.6571607389167556e-08
32850.056 6.401683474199962e-08
32900.056 6.737979070827915e-08
32950.056 6.881325560269925e-08
33000.056 5.8090181419990534e-08
33050.056 5.7939100934807086e-08
33100.056 3.1919963700792857e-08
33150.056 5.109649681190848e-09
33200.056 6.059184031906427e-09
33250.056 5.080552567198347e-09
33300.056 7.188020181702043e-09
33350.056 1.2291593447800855e-08
33400.056 1.8531565972397066e-08
33450.056 2.384238479965979e-08
33500.056 3.8756632531008736e-08
33550.056 3.2270445779065095e-08
33600.056 4.836160773339439e-08
33650.056 5.2277000138806425e-08
33700.056 3.874711124586301e-08
33750.056 6.24094619552003e-08
33800.056 3.6684987310726936e-08
33850.056 5.110015928909542e-08
33900.056 4.202263115549744e-08
33950.056 4.508100923429419e-08
34000.056 5.63153190377067e-08
34050.056 3.0971890075898763e-08
34100.056 5.38214172716041e-08
34150.056 3.6510697148758164e-08
34200.056 4.6431485998284305e-08
34250.056 4.533092233978773e-08
34300.056 3.558867923099564e-08
34350.056 4.4456104932005074e-08
34400.056 3.198645797719671e-08
34450.056 4.93438219185914e-08
34500.056 4.364929106959817e-08
34550.056 3.01398129224007e-08
34600.056 5.8237772964999876e-08
34650.056 3.413688260309868e-08
34700.056 4.9185978912199137e-08
34750.056 4.7184436436987746e-08
34800.056 3.736461624479709e-08
34850.056 5.702557656400225e-08
34900.056 4.548151712888619e-08
34950.056 5.2925201151990745e-08
35000.056 7.625432689550621e-08
35050.056 4.58900741584085e-08
35100.056 6.908926269400004e-08
35150.056 6.872238522830447e-08
35200.056 6.441152821030067e-08
35250.056 8.948682007837634e-08
35300.056 5.653205712490723e-08
35350.056 6.865361748919102e-08
35400.056 7.678698688300012e-08
35450.056 5.323940743891967e-08
35500.056 9.870461010299304e-08
35550.056 8.178720563300079e-08
35600.056 8.357360328902432e-08
35650.056 9.638641961221557e-08
35700.056 7.767966080239439e-08
35750.056 1.0499623142399755e-07
35800.056 1.2087834844800245e-07
35850.056 8.020452768100153e-08
35900.056 1.1607005672600995e-07
35950.056 1.1496971547798777e-07
36000.056 1.1257781583201453e-07
36050.056 1.1745480029898882e-07
36100.056 1.0538049954275767e-07
36150.056 1.2993257879299236e-07
36200.056 1.447585802949852e-07
36250.056 1.2157455989698152e-07
36300.056 1.5886677351211325e-07
36350.056 1.4910322599900138e-07
36400.056 1.5691377985299303e-07
36450.056 1.6144863159879175e-07
36500.056 1.6453537302299031e-07
36550.056 1.9534641322003785e-07
36600.056 2.1429707239999278e-07
36650.056 1.8635379853357735e-07
36700.056 1.9917659110519004e-07
36750.056 2.285409800500209e-07
36800.056 2.2856293521999474e-07
36850.056 2.1212131579996373e-07
36900.056 2.229489396119949e-07
36950.056 2.54964970769975e-07
37000.056 2.3493059169999115e-07
37050.056 2.54129994464019e-07
37100.056 2.410460451279869e-07
37150.056 2.491058725560214e-07
37200.056 2.8796730706999195e-07
37250.056 2.480408542619592e-07
37300.056 2.2932892094694663e-07
37350.056 2.757313548120168e-07
37400.056 3.3324071257999244e-07
37450.056 2.61048403763999e-07
37500.056 2.696390826479895e-07
37550.056 3.4004251361007503e-07
37600.056 3.7223635405001937e-07
37650.056 2.704194781430348e-07
37700.056 3.465288367840246e-07
37750.056 2.884883390980304e-07
37800.056 3.274066897800631e-07
37850.056 2.641619426500021e-07
37900.056 2.9448298485004277e-07
37950.056 3.279643339249816e-07
38000.056 3.538151401559907e-07
38050.056 3.519602381280391e-07
38100.056 3.813981404700204e-07
38150.056 3.9853272620999016e-07
38200.056 3.9268367946001994e-07
38250.056 3.8179001081001074e-07
38300.056 4.577491345799497e-07
38350.056 4.620023898100357e-07
38400.056 3.633151432329511e-07
38450.056 3.758296110199462e-07
38500.056 3.3314204782004546e-07
38550.056 4.2421873467003767e-07
38600.056 4.0803193658995656e-07
38650.056 4.322106692599846e-07
38700.056 4.601290848500024e-07
38750.056 4.530029871099919e-07
38800.056 4.1936590359996116e-07
38850.056 4.5633453795002464e-07
38900.056 4.930986617899698e-07
38950.056 4.4587289720999845e-07
39000.056 4.779248234799787e-07
39050.056 4.758924165600306e-07
39100.056 4.659323371200173e-07
39150.056 5.14200378279997e-07
39200.056 4.762565699199897e-07
39250.056 5.257692120799941e-07
39300.056 5.024791576399633e-07
39350.056 5.542207717400148e-07
39400.056 5.139335792500232e-07
39450.056 5.391354895300058e-07
39500.056 5.494082023100027e-07
39550.056 5.118024174000719e-07
39600.056 5.587845823099585e-07
39650.056 6.038306577399901e-07
39700.056 5.716924332000323e-07
39750.056 5.046415586600612e-07
39800.056 5.309368293799857e-07
39850.056 6.312067225700062e-07
39900.056 6.248478967400018e-07
39950.056 5.957216994999805e-07
40000.056 6.39470890390009e-07
40050.056 6.143686668300093e-07
40100.056 5.354820567740246e-07
40150.056 6.361030896700176e-07
40200.056 6.556907695199496e-07
40250.056 6.321439873199276e-07
40300.056 6.428680918100378e-07
40350.056 5.998086986599653e-07
40400.056 6.653440203000134e-07
40450.056 6.082152464500138e-07
40500.056 6.562626597200146e-07
40550.056 6.997698678899628e-07
40600.056 6.506214903300168e-07
40650.056 6.402363589799331e-07
40700.056 7.667453508399849e-07
40750.056 6.381139322599195e-07
40800.056 5.860060803898932e-07
40850.056 7.255609479200451e-07
40900.056 7.22081430189992e-07
40950.056 6.492131170699989e-07
41000.056 6.708082175399891e-07
41050.056 7.297863523399596e-07
41100.056 6.75852193269957e-07
41150.056 5.779988244099706e-07
41200.056 7.170388560500124e-07
41250.056 6.71323182189973e-07
41300.056 6.105798688299576e-07
41350.056 7.351559558200153e-07
41400.056 6.688275549600339e-07
41450.056 7.159333695500051e-07
41500.056 6.238338138499489e-07
41550.056 5.885697462200616e-07
41600.056 6.436010809240377e-07
41650.056 6.882248443300242e-07
41700.056 6.275190874199451e-07
41750.056 6.393687132499779e-07
41800.056 7.373466215599999e-07
41850.056 5.144539844900006e-07
41900.056 6.121671453799268e-07
41950.056 6.89414350610031e-07
42000.056 6.723855870699944e-07
42050.056 5.688438818999943e-07
42100.056 7.415871905100053e-07
42150.056 5.445756922400114e-07
42200.056 5.490501308899676e-07
42250.056 6.14107466169988e-07
42300.056 5.70652781099987e-07
42350.056 6.443505042600534e-07
42400.056 6.441721145800282e-07
42450.056 5.307260123000424e-07
42500.056 5.51547118509988e-07
42550.056 5.192798213500013e-07
42600.056 5.892970815200617e-07
42650.056 7.045659361899374e-07
42700.056 5.824552845699247e-07
42750.056 4.957503587900554e-07
42800.056 5.813047308800224e-07
42850.056 6.409258987699088e-07
42900.056 6.661317482800538e-07
42950.056 5.294535969099262e-07
43000.056 6.113680093999949e-07
43050.056 4.17860225444123e-07
43100.056 5.711056854199673e-07
43150.056 5.119402772700287e-07
43200.056 5.481486101300067e-07
43250.056 7.057190474900324e-07
43300.056 6.802671161000107e-07
43350.056 4.353086889099152e-07
43400.056 5.698255445900212e-07
43450.056 4.853714551300673e-07
43500.056 5.286430457999963e-07
43550.056 5.232240893460045e-07
43600.056 6.379295147300414e-07
43650.056 4.4143088121200247e-07
43700.056 6.668444206300481e-07
43750.056 6.089405113500192e-07
43800.056 5.710065359999414e-07
43850.056 5.187869938300765e-07
43900.056 5.574599611999705e-07
43950.056 4.308515378999599e-07
44000.056 3.8141642851001177e-07
44050.056 5.871577024900179e-07
44100.056 6.933246577200324e-07
44150.056 7.05187955639973e-07
44200.056 6.186132840000123e-07
44250.056 4.6126223430999637e-07
44300.056 3.9591194359005645e-07
44350.056 4.535773348430453e-07
44400.056 4.410009852199796e-07
44450.056 5.558453490100117e-07
44500.056 5.227133986400795e-07
44550.056 6.325296331299757e-07
44600.056 5.700577282570254e-07
44650.056 5.648145944199941e-07
44700.056 4.4580695215996816e-07
44750.056 5.132112365900676e-07
44800.056 4.843814561860384e-07
44850.056 5.991748876100474e-07
44900.056 4.829702931500134e-07
44950.056 5.112264634600309e-07
45000.056 5.490304275900109e-07
45050.056 5.462416646599813e-07
45100.056 5.537009247900223e-07
45150.056 5.378931234089903e-07
45200.056 4.3158562189501965e-07
45250.056 4.7648355332993364e-07
45300.056 4.6615263230004125e-07
45350.056 4.317489328179762e-07
45400.056 5.88794068970044e-07
45450.056 5.681610251800013e-07
45500.056 5.677752447100131e-07
45550.056 6.404084751199458e-07
45600.056 6.158230991400274e-07
45650.056 5.443896125699465e-07
45700.056 4.5513266341400657e-07
45750.056 4.256005771600036e-07
45800.056 6.208406484600101e-07
45850.056 6.235133595699959e-07
45900.056 6.432522060100189e-07
45950.056 5.253001610199894e-07
46000.056 6.198198404500507e-07
46050.056 5.52010080830008e-07
46100.056 6.325322839899767e-07
46150.056 4.98536325379986e-07
46200.056 4.754679038300136e-07
46250.056 3.21690748045967e-07
46300.056 5.330167247699928e-07
46350.056 5.363694132200223e-07
46400.056 5.361801643800232e-07
46450.056 4.82297095059994e-07
46500.056 4.998287267700767e-07
46550.056 4.1614163828001097e-07
46600.056 4.790564178399576e-07
46650.056 6.360419567700246e-07
46700.056 5.124153453199571e-07
46750.056 3.615597151860381e-07
46800.056 3.008485998420124e-07
46850.056 6.207543679600612e-07
46900.056 6.02587431029968e-07
46950.056 5.874520666399721e-07
47000.056 5.413930756000446e-07
47050.056 5.020697304578942e-07
47100.056 3.7779312343502055e-07
47150.056 4.879905032700505e-07
47200.056 5.608060943599956e-07
47250.056 4.0273976854996814e-07
47300.056 3.126494309280207e-07
47350.056 5.879796111799984e-07
47400.056 5.746495782299716e-07
47450.056 5.103175003780369e-07
47500.056 5.925085153099749e-07
47550.056 5.17954425890012e-07
47600.056 5.475791705999622e-07
47650.056 5.038242985859424e-07
47700.056 4.848784483920914e-07
47750.056 3.8337395884000367e-07
47800.056 3.8592671523002615e-07
47850.056 2.774078904000107e-07
47900.056 3.47659780998972e-07
47950.056 5.076212502800113e-07
48000.056 6.04320487420012e-07
48050.056 5.452753697399775e-07
48100.056 3.43359396230004e-07
48150.056 4.391874860200184e-07
48200.056 4.089569585619914e-07
48250.056 4.429105544199982e-07
48300.056 5.949281166999784e-07
48350.056 4.017239120199874e-07
48400.056 2.375494091659633e-07
48450.056 3.8245282219706667e-07
48500.056 4.819905821599316e-07
48550.056 4.500764780200216e-07
48600.056 4.858639094200098e-07
48650.056 5.270558282699878e-07
48700.056 4.640087926100061e-07
48750.056 2.966630842560811e-07
48800.056 5.181446274000274e-07
48850.056 3.6086485916893973e-07
48900.056 5.165210668799831e-07
48950.056 3.719722668300049e-07
49000.056 2.5109947039400426e-07
49050.056 4.729955788499549e-07
49100.056 4.865330740630512e-07
49150.056 4.0495107916699364e-07
49200.056 5.141071466600402e-07
49250.056 4.886160001600291e-07
49300.056 4.3531979538598323e-07
49350.056 2.885026344640462e-07
49400.056 3.9100934371093974e-07
49450.056 3.899735170790913e-07
49500.056 3.3785516288097447e-07
49550.056 1.9339512260600063e-07
49600.056 3.0295696816204393e-07
49650.056 3.608099325299719e-07
49700.056 3.682343516669287e-07
49750.056 4.6351829090996617e-07
49800.056 3.608041748939976e-07
49850.056 4.978262158600457e-07
49900.056 4.462989112199948e-07
49950.056 3.8032705347998776e-07
50000.056 3.773466490599937e-07
50050.056 4.443570344199784e-07
50100.056 3.8079270737998495e-07
50150.056 2.5802862164998186e-07
50200.056 1.4342055882902578e-07
50250.056 3.3623593853998724e-07
50300.056 2.751175480650207e-07
50350.056 4.3353752657003917e-07
50400.056 3.932634113399862e-07
50450.056 3.0211539921200244e-07
50500.056 4.267782425600308e-07
50550.056 4.171494322500102e-07
50600.056 3.1062866608993987e-07
50650.056 4.2451509180006574e-07
50700.056 4.7479067797997027e-07
50750.056 3.5364509531802746e-07
50800.056 2.226637452979659e-07
50850.056 2.1126665492604592e-07
50900.056 4.390588195399898e-07
50950.056 3.6652099173002156e-07
51000.056 3.8343582470802853e-07
51050.056 3.857313703799719e-07
51100.056 2.1609506282997684e-07
51150.056 2.7900061833902193e-07
51200.056 4.925971024499757e-07
51250.056 3.415039912279794e-07
51300.056 2.5986027491505206e-07
51350.056 3.1997850663196135e-07
51400.056 2.0185264558901108e-07
51450.056 1.7090472695096836e-07
51500.056 1.7256056484504246e-07
51550.056 3.377150229780233e-07
51600.056 2.4916480532201106e-07
51650.056 2.7267004937996907e-07
51700.056 3.1600444724095e-07
51750.056 2.3732039193401643e-07
51800.056 3.493326669999371e-07
51850.056 2.996465489579891e-07
51900.056 4.265219211600282e-07
51950.056 3.25013959639975e-07
52000.056 1.3147749697297754e-07
52050.056 2.3794159326001675e-07
52100.056 1.9153187842099465e-07
52150.056 1.631530823590135e-07
52200.056 1.981740814109942e-07
52250.056 2.557206439950228e-07
52300.056 3.8985871362999305e-07
52350.056 2.4287509804939655e-07
52400.056 1.9923436904201705e-07
52450.056 3.2188263529002964e-07
52500.056 3.3340185907794003e-07
52550.056 3.106813467699742e-07
52600.056 2.675045433500196e-07
52650.056 2.8289631030103284e-07
52700.056 2.2567463769800398e-07
52750.056 1.662452785679895e-07
52800.056 2.0173592437702243e-07
52850.056 2.2645129204494544e-07
52900.056 2.00318786679166e-07
52950.056 2.2867671588800563e-07
53000.056 3.023905344240036e-07
53050.056 1.7706833047695855e-07
53100.056 2.8328815044999e-07
53150.056 3.5560615968001857e-07
53200.056 1.6408310044698394e-07
53250.056 3.0435397812002317e-07
53300.056 3.2850352835113015e-07
53350.056 3.1525848558999163e-07
53400.056 2.9630678924999657e-07
53450.056 1.6871763659198687e-07
53500.056 1.0288946757757353e-07
53550.056 1.590279897189894e-07
53600.056 2.489533515620366e-07
53650.056 1.8471937097398788e-07
53700.056 1.7911971652800014e-07
53750.056 1.8302475760398775e-07
53800.056 1.9426555687601448e-07
53850.056 2.653206986999346e-07
53900.056 2.2555455153103195e-07
53950.056 3.0016581803000793e-07
54000.056 2.1795723455903296e-07
54050.056 2.3010971163199711e-07
54100.056 1.1593039292198754e-07
54150.056 1.627387198670348e-07
54200.056 8.754574027798717e-08
54250.056 1.3016202900500996e-07
54300.056 1.5167653679459793e-07
54350.056 2.0366595220097893e-07
54400.056 2.1985698724496824e-07
54450.056 2.1009655280603112e-07
54500.056 1.967075885050133e-07
54550.056 1.5891524503799716e-07
54600.056 1.859448047549995e-07
54650.056 1.0351370827278419e-07
54700.056 2.1157686537098193e-07
54750.056 2.0512845384597438e-07
54800.056 1.416159339740126e-07
54850.056 1.7164376533999224e-07
54900.056 2.1186269567099266e-07
54950.056 2.752858036929755e-07
55000.056 1.569631221699869e-07
55050.056 1.8286421722499573e-07
55100.056 2.0910949823003197e-07
55150.056 1.4820615577765624e-07
55200.056 1.597392581838911e-07
55250.056 1.6529116973803132e-07
55300.056 1.3651805122149663e-07
55350.056 2.1210176701801976e-07
55400.056 2.0859130157601017e-07
55450.056 1.6333942852196827e-07
55500.056 9.152952257801326e-08
55550.056 1.3393004282799006e-07
55600.056 1.589479254719914e-07
55650.056 1.2052742437339444e-07
55700.056 1.5109636226102523e-07
55750.056 1.4966077520798395e-07
55800.056 1.1470819660300618e-07
55850.056 9.773662357699146e-08
55900.056 1.6271654621398414e-07
55950.056 2.402971025540338e-07
56000.056 1.3021112228796586e-07
56050.056 1.4796845482001418e-07
56100.056 1.775501645929929e-07
56150.056 1.3914654774900783e-07
56200.056 1.2613469521597237e-07
56250.056 1.7422542811004247e-07
56300.056 1.7386892723247386e-07
56350.056 1.7247964015003043e-07
56400.056 1.082979540236967e-07
56450.056 1.1513507880001264e-07
56500.056 1.4602369572401112e-07
56550.056 8.801970984940064e-08
56600.056 1.710410843449812e-07
56650.056 1.7340486044501844e-07
56700.056 1.9409198434000385e-07
56750.056 1.1035036622400258e-07
56800.056 1.508982774900147e-07
56850.056 1.3669389935302623e-07
56900.056 1.1377607095198705e-07
56950.056 1.824628796309965e-07
57000.056 1.9025929029600244e-07
57050.056 1.4915643704996087e-07
57100.056 7.095939590649977e-08
57150.056 1.2341811034812896e-07
57200.056 9.97483380109956e-08
57250.056 1.1856319258899279e-07
57300.056 1.4271497111601775e-07
57350.056 9.659607654600015e-08
57400.056 1.8457515104900577e-07
57450.056 1.4323787010496332e-07
57500.056 1.3351374057805356e-07
57550.056 1.6495785068621244e-07
57600.056 1.5474260175798036e-07
57650.056 7.281665466580139e-08
57700.056 1.0519512484799805e-07
57750.056 1.3275155731000385e-07
57800.056 9.042920718137178e-08
57850.056 1.9151545271603856e-07
57900.056 2.1979440645801904e-07
57950.056 2.0570041382399954e-07
58000.056 1.3068746854397815e-07
58050.056 1.664908286009955e-07
58100.056 1.6999945955902156e-07
58150.056 1.6040359922196081e-07
58200.056 7.823054320800346e-08
58250.056 1.048127029749823e-07
58300.056 8.013662557301084e-08
58350.056 1.0499050508501684e-07
58400.056 1.4393404455300939e-07
58450.056 1.559767713800135e-07
58500.056 1.6301005353001587e-07
58550.056 1.6910789357500352e-07
58600.056 1.1068916908198879e-07
58650.056 1.3623282919058e-07
58700.056 1.2951422658197487e-07
58750.056 1.5948194015800433e-07
58800.056 5.6208616810290214e-08
58850.056 1.111221197800053e-07
58900.056 1.3065763453100252e-07
58950.056 9.425697179097421e-08
59000.056 1.4213947197202022e-07
59050.056 1.3548807600197066e-07
59100.056 1.8010706636099188e-07
59150.056 1.4895971580696326e-07
59200.056 1.4193206603199779e-07
59250.056 1.6436586624603522e-07
59300.056 1.7416823911999338e-07
59350.056 7.963285240199905e-08
59400.056 7.900992297918356e-08
59450.056 1.5476975217298568e-07
59500.056 9.409473587798179e-08
59550.056 1.405620064260054e-07
59600.056 1.8879794583299198e-07
59650.056 1.4634386220501035e-07
59700.056 1.080370993670074e-07
59750.056 2.1205251622496763e-07
59800.056 1.441491188849925e-07
59850.056 1.6600905592900226e-07
59900.056 1.0605443722628229e-07
59950.056 1.4565104578000958e-07
60000.056 2.2906008650505277e-07
60050.056 2.0139428725002765e-07
60100.056 2.009625977349617e-07
60150.056 1.3115248660199013e-07
60200.056 1.5567004429616517e-07
60250.056 1.8009101825303472e-07
60300.056 1.8166210399396614e-07
60350.056 1.2732183123501528e-07
60400.056 1.7423786815596558e-07
60450.056 8.470368477999251e-08
60500.056 5.916260314801403e-08
60550.056 1.5240144874503014e-07
60600.056 1.5394526306599784e-07
60650.056 1.42231821799372e-07
60700.056 1.2310891396599967e-07
60750.056 9.857965092601545e-08
60800.056 1.6224516858201366e-07
60850.056 2.1587125550600614e-07
60900.056 1.8599510800302914e-07
60950.056 1.5529154587503067e-07
61000.056 1.825603759969921e-07
61050.056 1.1816948954898951e-07
61100.056 1.3964823587001355e-07
61150.056 7.693055651170513e-08
61200.056 1.7006021550002723e-07
61250.056 1.771104799599861e-07
61300.056 1.3362974541102003e-07
61350.056 1.895113412859722e-07
61400.056 1.2516444591301604e-07
61450.056 1.0904210436001435e-07
61500.056 9.285032921704263e-08
61550.056 1.3250931646196965e-07
61600.056 1.0253790122520012e-07
61650.056 1.0694402973902277e-07
61700.056 1.1259594905299546e-07
61750.056 1.281940537440066e-07
61800.056 1.549916649019895e-07
61850.056 8.560374792498912e-08
61900.056 1.8956552000001683e-07
61950.056 1.7021671517597514e-07
62000.056 1.3812362217499823e-07
62050.056 1.7338721293499188e-07
62100.056 1.497147877369443e-07
62150.056 1.5895349022804087e-07
62200.056 1.622303120509737e-07
62250.056 1.699695488349563e-07
62300.056 2.0719515473198618e-07
62350.056 1.9288691320999445e-07
62400.056 1.4269954033101846e-07
62450.056 1.5256590506798863e-07
62500.056 2.0553309492000488e-07
62550.056 2.151344895599795e-07
62600.056 1.8519143007000786e-07
62650.056 1.6358607053401127e-07
62700.056 1.6984598058901038e-07
62750.056 2.1552776505995724e-07
62800.056 1.7407501450298598e-07
62850.056 1.8428029546096903e-07
62900.056 1.8116580071095955e-07
62950.056 2.2907966083999788e-07
63000.056 1.5199013925300575e-07
63050.056 2.621555406700059e-07
63100.056 2.639181349699895e-07
63150.056 1.8623172326799145e-07
63200.056 2.084734865920103e-07
63250.056 2.2528456336000107e-07
63300.056 1.816011823329976e-07
63350.056 2.1710375723999493e-07
63400.056 1.3135513600198827e-07
63450.056 1.0331093485701968e-07
63500.056 2.181326876240114e-07
63550.056 2.0412128590896602e-07
63600.056 1.8221574260101502e-07
63650.056 1.8787578999000428e-07
63700.056 1.2078157487698042e-07
63750.056 1.6193182197397471e-07
63800.056 1.7797293305403318e-07
63850.056 1.7891732972100047e-07
63900.056 1.3627186642303023e-07
63950.056 1.6113818588804372e-07
64000.056 1.9706107309001024e-07
64050.056 1.347795310249711e-07
64100.056 6.782347205820456e-08
64150.056 8.32583696019904e-08
64200.056 8.507619264471239e-08
64250.056 1.5340472711000439e-07
64300.056 1.24822057956978e-07
64350.056 1.0249900623402089e-07
64400.056 1.5467625239798554e-07
64450.056 1.543761299600178e-07
64500.056 9.984126356498584e-08
64550.056 1.5025817411201433e-07
64600.056 1.277718553049796e-07
64650.056 1.6199694171798823e-07
64700.056 7.700552916298729e-08
64750.056 9.74400823250061e-08
64800.056 9.039148539501444e-08
64850.056 8.199962828121659e-08
64900.056 8.883616208998184e-08
64950.056 8.068029383999487e-08
65000.056 9.844544875002219e-08
65050.056 1.3118663167699178e-07
65100.056 1.2288486945099518e-07
65150.056 1.194661580149986e-07
65200.056 8.437696775499214e-08
65250.056 1.1581289430297979e-07
65300.056 1.1823580712091656e-07
65350.056 1.8966904586000354e-07
65400.056 1.070723157559947e-07
65450.056 1.0625372032997857e-07
65500.056 1.3505371936401077e-07
65550.056 9.221796052919311e-08
65600.056 1.3471114662851917e-07
65650.056 1.155198337050093e-07
65700.056 1.0691769208702288e-07
65750.056 8.587324321901421e-08
65800.056 1.1609225961302462e-07
65850.056 1.55237366425983e-07
65900.056 8.036310941600906e-08
65950.056 6.963883394199888e-08
66000.056 8.69630843590229e-08
66050.056 1.6932998088403018e-07
66100.056 1.097719415330021e-07
66150.056 9.943045634600895e-08
66200.056 9.181862839998727e-08
66250.056 8.243645806000645e-08
66300.056 6.460820423300221e-08
66350.056 6.166067683902078e-08
66400.056 8.580902394399065e-08
66450.056 1.3508386059500297e-07
66500.056 1.8204923545003633e-07
66550.056 1.5569875682096533e-07
66600.056 1.2143553301402277e-07
66650.056 1.2519623772700196e-07
66700.056 1.0754932309400696e-07
66750.056 1.4103897737499688e-07
66800.056 1.3354345003098937e-07
66850.056 9.169805954003486e-08
66900.056 1.4516294421705267e-07
66950.056 1.7450334520804404e-07
67000.056 2.0234948483999626e-07
67050.056 1.0758552005796768e-07
67100.056 1.0996434925000851e-07
67150.056 1.01413388953e-07
67200.056 1.402309815600245e-07
67250.056 1.269579229020187e-07
67300.056 1.462980641440082e-07
67350.056 1.23204460930019e-07
67400.056 1.7049411380696448e-07
67450.056 1.3281595898202416e-07
67500.056 1.0075280918701288e-07
67550.056 1.44753740920037e-07
67600.056 2.2646949600998854e-07
67650.056 1.6692520710804718e-07
67700.056 1.2822803676796097e-07
67750.056 1.1437783418000999e-07
67800.056 1.3163431079593374e-07
67850.056 1.0265779829800473e-07
67900.056 1.2558682004598524e-07
67950.056 1.0921590685000317e-07
68000.056 1.4760915404197674e-07
68050.056 1.3083643617898136e-07
68100.056 1.3975461436203178e-07
68150.056 1.266788609029782e-07
68200.056 1.4070931437003497e-07
68250.056 9.789689169298546e-08
68300.056 1.3184229093099458e-07
68350.056 1.206164923309734e-07
68400.056 1.5906592354899693e-07
68450.056 1.655895051550289e-07
68500.056 1.387307691279711e-07
68550.056 1.0137099317199847e-07
68600.056 1.075025608380045e-07
68650.056 7.113782356220321e-08
68700.056 1.1360710108001026e-07
68750.056 1.329713393110147e-07
68800.056 1.323489282849559e-07
68850.056 1.0384283844796521e-07
68900.056 2.0540787812000944e-07
68950.056 2.0225481054203632e-07
69000.056 1.543609243790129e-07
69050.056 1.0659202476998343e-07
69100.056 2.0431951974000252e-07
69150.056 2.1187550433001866e-07
69200.056 1.3588139636301246e-07
69250.056 1.9813339937198101e-07
69300.056 1.9431807294903358e-07
69350.056 1.7819214241997595e-07
69400.056 1.1858963395198046e-07
69450.056 1.834413758679837e-07
69500.056 1.4884867921397673e-07
69550.056 1.4616546988000327e-07
69600.056 6.784446434400566e-08
69650.056 1.278147362020428e-07
69700.056 1.8661821466000603e-07
69750.056 1.3176825711398983e-07
69800.056 1.6928810356998271e-07
69850.056 1.8431975921203765e-07
69900.056 1.5856280731696402e-07
69950.056 1.5617748132404464e-07
70000.056 1.2928896953999598e-07
70050.056 2.0372909670003778e-07
70100.056 1.2709016473101195e-07
70150.056 1.5171079136700462e-07
70200.056 1.2023724104798883e-07
70250.056 1.356731661159974e-07
70300.056 1.7028698261798117e-07
70350.056 1.5911567098501072e-07
70400.056 1.3484771440399081e-07
70450.056 7.203626731701386e-08
70500.056 1.1993215720300797e-07
70550.056 1.0160204667599737e-07
70600.056 1.127723742920025e-07
70650.056 1.4726243329000962e-07
70700.056 1.4654707370603444e-07
70750.056 1.9278922849005255e-07
70800.056 1.3896429594597977e-07
70850.056 1.2119262189600037e-07
70900.056 1.5054305783698763e-07
70950.056 1.55850452525037e-07
71000.056 1.467852272479793e-07
71050.056 1.5425364393100306e-07
71100.056 1.2429250415700522e-07
71150.056 1.1459377007799057e-07
71200.056 1.2911717289402072e-07
71250.056 1.4456530954500607e-07
71300.056 1.4537154801298193e-07
71350.056 1.6486929807901755e-07
71400.056 1.4914127576096706e-07
71450.056 1.0262949309999976e-07
71500.056 1.1779525311697233e-07
71550.056 9.799661618899702e-08
71600.056 1.394815358669955e-07
71650.056 1.2081074116000608e-07
71700.056 9.279712163698903e-08
71750.056 1.1664461182401296e-07
71800.056 1.4668303475600058e-07
71850.056 1.4800039399997655e-07
71900.056 1.1199793799598421e-07
71950.056 1.3809470573094643e-07
72000.056 1.2935478736001783e-07
72050.056 9.341670164801081e-08
72100.056 1.0580200795499462e-07
72150.056 1.3154766425296706e-07
72200.056 1.1010331098502069e-07
72250.056 1.5056670828001244e-07
72300.056 1.1143817674401283e-07
72350.056 1.229269903739641e-07
72400.056 1.1481190095301214e-07
72450.056 1.096795418379376e-07
72500.056 1.3040839694602012e-07
72550.056 7.477701605301729e-08
72600.056 1.1927404066800925e-07
72650.056 1.3300868466402366e-07
72700.056 1.0603053903898034e-07
72750.056 1.2589742384499012e-07
72800.056 8.907064597902162e-08
72850.056 9.013968805701489e-08
72900.056 1.433025313280162e-07
72950.056 1.0541043215101424e-07
73000.056 1.030173838879775e-07
73050.056 8.643668678701683e-08
73100.056 1.0948767752301368e-07
73150.056 1.5157945100699292e-07
73200.056 9.394464003596772e-08
73250.056 1.1964936685499235e-07
73300.056 8.618971967596427e-08
73350.056 7.738816858698742e-08
73400.056 1.1097456674798997e-07
73450.056 8.612551109699754e-08
73500.056 9.32973017940261e-08
73550.056 1.0958293845199591e-07
73600.056 1.02934780275967e-07
73650.056 1.0971149712201488e-07
73700.056 9.854052827097314e-08
73750.056 7.624579280195844e-08
73800.056 9.419220317502547e-08
73850.056 1.0830080627597466e-07
73900.056 9.734493514497038e-08
73950.056 1.0278278961802266e-07
74000.056 7.486219204998468e-08
74050.056 1.3138506656401548e-07
74100.056 1.1122596272295509e-07
74150.056 1.161236418029916e-07
74200.056 8.847967068197459e-08
74250.056 6.981765717599599e-08
74300.056 9.964499889499548e-08
74350.056 1.2111020680500895e-07
74400.056 1.1238446830500595e-07
74450.056 9.171894886497906e-08
74500.056 8.014146729497436e-08
74550.056 1.0018703780603671e-07
74600.056 8.076022816500172e-08
74650.056 7.962733406501736e-08
74700.056 9.061424829700944e-08
74750.056 7.349390908498542e-08
74800.056 8.196088344601573e-08
74850.056 1.2039566810502838e-07
74900.056 1.336068023599686e-07
74950.056 1.12685089418984e-07
75000.056 1.1402855259799917e-07
75050.056 7.603701532200891e-08
75100.056 1.388649514200467e-07
75150.056 1.325756612750204e-07
75200.056 1.1616157076997924e-07
75250.056 1.3182008586197645e-07
75300.056 1.2645977112300162e-07
75350.056 8.659483754799186e-08
75400.056 1.4345314546300563e-07
75450.056 1.305674250670372e-07
75500.056 1.1708107151599117e-07
75550.056 1.0939274336901246e-07
75600.056 1.500875413230194e-07
75650.056 1.236882699760082e-07
75700.056 1.2810851417597944e-07
75750.056 1.1512043308507175e-07
75800.056 1.1712704762597267e-07
75850.056 1.370794006480427e-07
75900.056 1.2317250435198665e-07
75950.056 1.1307741488699826e-07
76000.056 1.25910983498968e-07
76050.056 1.2167032500796544e-07
76100.056 1.270011129379794e-07
76150.056 1.3188951168297034e-07
76200.056 1.2566447117204888e-07
76250.056 1.3847457703998652e-07
76300.056 1.702133514439917e-07
76350.056 1.9946317753002965e-07
76400.056 1.4961826641202453e-07
76450.056 1.574221571000367e-07
76500.056 1.4892426046501292e-07
76550.056 9.635430503200027e-08
76600.056 5.108367163800972e-08
76650.056 6.646738012100178e-08
76700.056 6.440277667799427e-08
76750.056 6.382905889101203e-08
76800.056 9.064641959801224e-08
76850.056 7.526386580103747e-08
76900.056 8.029546936297617e-08
76950.056 6.780724169201123e-08
77000.056 8.281149337600417e-08
77050.056 6.483130587299217e-08
77100.056 7.478191672300018e-08
77150.056 9.096928001200368e-08
77200.056 7.320269230100744e-08
77250.056 8.50657023390065e-08
77300.056 9.209019050098895e-08
77350.056 6.989198748796959e-08
77400.056 7.66777512230014e-08
77450.056 8.690523276899696e-08
77500.056 8.786149463599945e-08
77550.056 8.795076504800713e-08
77600.056 8.479603859500322e-08
77650.056 8.730131578801585e-08
77700.056 9.489523281496565e-08
77750.056 9.485422050801258e-08
77800.056 1.1079240803701181e-07
77850.056 1.2305761041700822e-07
77900.056 9.497830971197028e-08
77950.056 9.341919626401889e-08
78000.056 1.1055474083399856e-07
78050.056 7.991202280599703e-08
78100.056 9.51857904410377e-08
78150.056 1.0231092660002949e-07
78200.056 1.2863188712799557e-07
78250.056 1.1363030189400128e-07
78300.056 9.52623534510005e-08
78350.056 1.0820436744802365e-07
78400.056 1.1063473523396664e-07
78450.056 1.1070172245902058e-07
78500.056 1.4180364711699072e-07
78550.056 1.2277155577698127e-07
78600.056 1.2321020262000484e-07
78650.056 9.37142680590085e-08
78700.056 1.0676012548001791e-07
78750.056 1.1908233162102068e-07
78800.056 1.1240024466897969e-07
78850.056 9.561560182897219e-08
78900.056 1.0729031536502237e-07
78950.056 1.1160602382599269e-07
79000.056 1.1407505234103014e-07
79050.056 1.0628316110299353e-07
79100.056 1.1424474615099575e-07
79150.056 1.0436277543901798e-07
79200.056 1.2533845691897725e-07
79250.056 1.0164150990100386e-07
79300.056 1.1555127610199494e-07
79350.056 1.256203836540153e-07
79400.056 9.199673003702644e-08
79450.056 1.2027219384101953e-07
79500.056 1.5754770085498892e-07
79550.056 1.4204940865005157e-07
79600.056 1.1294938936700571e-07
79650.056 1.3597297897098324e-07
79700.056 1.1671848953400685e-07
79750.056 1.274907461750087e-07
79800.056 9.848747892605711e-08
79850.056 1.468454942040155e-07
79900.056 1.6431124649999557e-07
79950.056 1.729509062560164e-07
