# %ECSV 1.0
# ---
# datatype:
# - {name: wav, unit: Angstrom, datatype: float64}
# - {name: flux_nu, unit: erg / (cm2 Hz s), datatype: float64}
# meta: {C/O: '1.00', Kzz: '1.0000E+05', Teff: '425.', Y: '0.28', '[Fe/H]': '-0.50', f_hole: '1.00', f_rain: '0.00', grav: '10.'}
# schema: astropy-2.0
wav flux_nu
4000.0559999999996 nan
4050.0559999999996 1.1764245806877968e-18
4100.056 2.354898422517058e-16
4150.056 2.6128274355800135e-15
4200.056 2.7597165828863975e-15
4250.056 2.7068011306600137e-14
4300.056 6.491125019900039e-14
4350.056 1.2166435070800054e-13
4400.056 2.0683240776000063e-13
4450.056 3.360489396800008e-13
4500.056 4.929982466000041e-13
4550.056 4.932202930202613e-13
4600.056 1.355155787679992e-13
4650.056 6.985359249999979e-14
4700.056 2.4830547542999763e-14
4750.056 5.221044818299919e-15
4800.056 1.3733539156699853e-15
4850.056 4.562080319299961e-16
4900.056 2.42698176809999e-16
4950.056 1.7234564404999937e-16
5000.056 1.2933456325999919e-16
5050.056 1.0920487556800174e-16
5100.056 1.2302130846400118e-16
5150.056 1.4308062082000054e-16
5200.056 1.6593265478000009e-16
5250.056 1.9352534842000007e-16
5300.056 2.249284241800001e-16
5350.056 2.6100150455000053e-16
5400.056 3.016051094400001e-16
5450.056 3.444284665300012e-16
5500.056 3.892832453800022e-16
5550.056 4.348292272500009e-16
5600.056 4.781464018200004e-16
5650.056 5.138363486199994e-16
5700.056 5.227057718300003e-16
5750.056 5.044310997599999e-16
5800.056 4.3045597589999793e-16
5850.056 2.778150789549949e-16
5900.056 7.939685288688551e-17
5950.056 5.87190848740024e-16
6000.056 1.4709821765699905e-15
6050.056 2.8650737781000454e-15
6100.056 4.867278320200044e-15
6150.056 7.69034898160005e-15
6200.056 1.1634879475300062e-14
6250.056 1.6890946807000012e-14
6300.056 2.39653178580001e-14
6350.056 3.3234373497000213e-14
6400.056 4.5228150656000086e-14
6450.056 5.774610939399816e-14
6500.056 7.731233363359935e-14
6550.056 1.0415558269139862e-13
6600.056 1.4001070709400595e-13
6650.056 1.8763020880000128e-13
6700.056 2.4099715139000276e-13
6750.056 3.225478312500014e-13
6800.056 4.005320464700039e-13
6850.056 4.641046022300017e-13
6900.056 4.630953764200173e-13
6950.056 4.378790817271961e-13
7000.056 4.912435623520029e-13
7050.056 5.363500793979892e-13
7100.056 6.053354296839838e-13
7150.056 5.487591088512597e-13
7200.056 5.228617477794983e-13
7250.056 5.797455845269929e-13
7300.056 5.993186503145656e-13
7350.056 6.615096123767955e-13
7400.056 7.099769487940411e-13
7450.056 7.485529583600404e-13
7500.056 7.415091326799975e-13
7550.056 6.797379743499966e-13
7600.056 5.728840134699962e-13
7650.056 1.682029528155923e-13
7700.056 1.157423216434042e-13
7750.056 5.925496342500101e-13
7800.056 1.0333286877320046e-12
7850.056 1.7604704689999929e-12
7900.056 2.490623829339927e-12
7950.056 2.9611826289900244e-12
8000.056 4.357461450500024e-12
8050.056 5.436014286800199e-12
8100.056 5.385922380213397e-12
8150.056 5.6534012519517674e-12
8200.056 8.356488644604414e-12
8250.056 9.401466871896264e-12
8300.056 1.1455709813140372e-11
8350.056 1.2179941244289313e-11
8400.056 1.4339838487622715e-11
8450.056 1.8774420888539567e-11
8500.056 2.159627920989905e-11
8550.056 2.775067246200034e-11
8600.056 3.408569866000035e-11
8650.056 3.9470098909000665e-11
8700.056 4.193459177400081e-11
8750.056 4.680354768100023e-11
8800.056 4.84910195727999e-11
8850.056 4.0897222651197124e-11
8900.056 9.674246800515934e-12
8950.056 1.2005567656618928e-11
9000.056 9.126351144303603e-12
9050.056 3.090385691696722e-11
9100.056 4.110695192340996e-11
9150.056 5.404943143129205e-11
9200.056 9.40363553916733e-11
9250.056 9.42389950917105e-11
9300.056 1.600203432285569e-11
9350.056 1.9563488793341654e-11
9400.056 4.4252150587225284e-11
9450.056 5.4505060513760456e-11
9500.056 4.651657511105277e-11
9550.056 5.5811739040997993e-11
9600.056 5.411759574384473e-11
9650.056 8.033596356789963e-11
9700.056 1.4461824526333442e-10
9750.056 1.3419705063382823e-10
9800.056 1.4243558050209432e-10
9850.056 1.5751876817290122e-10
9900.056 2.0429488680145712e-10
9950.056 1.8767666699724796e-10
10000.056 1.9056427526558035e-10
10050.056 2.3455261774401436e-10
10100.056 2.8637705745397156e-10
10150.056 2.5857038192100843e-10
10200.056 2.2552826328214984e-10
10250.056 2.976806831372787e-10
10300.056 4.1561627183751994e-10
10350.056 3.6690818304017055e-10
10400.056 6.463922101702528e-10
10450.056 9.187603703319345e-10
10500.056 1.191083624062142e-09
10550.056 1.5322959861700825e-09
10600.056 1.7211116138699548e-09
10650.056 1.8139959741760445e-09
10700.056 1.685566124549093e-09
10750.056 1.7158405513723209e-09
10800.056 1.6180191188354486e-09
10850.056 1.385052031284461e-09
10900.056 9.769576215886213e-10
10950.056 4.973128477875232e-10
11000.056 3.2261142959223263e-10
11050.056 1.8737694123443807e-10
11100.056 9.899332868290869e-11
11150.056 3.452402524153096e-11
11200.056 1.7709715214444758e-11
11250.056 1.9430117674543266e-11
11300.056 3.977708541067675e-11
11350.056 1.040214610838911e-11
11400.056 3.681816838553537e-11
11450.056 2.8094402790895154e-11
11500.056 1.7409438057188802e-11
11550.056 2.787456591771709e-12
11600.056 2.1156580051444773e-12
11650.056 1.0064179154278433e-11
11700.056 1.0621221882481474e-11
11750.056 1.5296239993212922e-12
11800.056 1.2143717325342004e-11
11850.056 1.8231541752927e-11
11900.056 1.713558497786986e-11
11950.056 2.785116283087243e-11
12000.056 5.0095069739541257e-11
12050.056 9.069012526473785e-11
12100.056 1.4829277274408146e-10
12150.056 2.3723425598643035e-10
12200.056 2.9942946990701646e-10
12250.056 5.027585512289319e-10
12300.056 8.47259038411298e-10
12350.056 9.802730124616468e-10
12400.056 1.561416730630694e-09
12450.056 2.2858186475282597e-09
12500.056 2.6704389521332035e-09
12550.056 3.2905217047742144e-09
12600.056 4.250097182786366e-09
12650.056 4.9833692441099174e-09
12700.056 5.190136578662507e-09
12750.056 3.8148890743897065e-09
12800.056 2.637705339985183e-09
12850.056 1.5456408740494782e-09
12900.056 1.2130867197436944e-09
12950.056 1.0039233660236054e-09
13000.056 9.596479124079084e-10
13050.056 5.832139402786311e-10
13100.056 5.099193455515962e-10
13150.056 3.076437377764433e-10
13200.056 2.953084853092961e-10
13250.056 2.426817868851779e-10
13300.056 9.273047766595449e-11
13350.056 2.9305752695601074e-11
13400.056 1.956179096894611e-11
13450.056 6.098987989897186e-12
13500.056 2.3777146612745944e-12
13550.056 9.451507018894801e-13
13600.056 1.4989833089767237e-13
13650.056 1.4708564443284889e-12
13700.056 7.624215158659243e-13
13750.056 1.3479713253553443e-12
13800.056 1.052566081917947e-12
13850.056 6.149392237720679e-13
13900.056 1.0821418362214033e-12
13950.056 7.241721934299923e-13
14000.056 8.729863717726288e-13
14050.056 1.6176474140603738e-12
14100.056 1.9316644371172933e-12
14150.056 4.0700407544177006e-12
14200.056 2.2828756814498548e-12
14250.056 3.735388661177921e-12
14300.056 8.785301356140179e-12
14350.056 9.528463135459359e-12
14400.056 1.0506755583993981e-11
14450.056 1.7609333420247117e-11
14500.056 3.8602717902194726e-11
14550.056 4.097082007709502e-11
14600.056 4.092566520977315e-11
14650.056 2.120533276937305e-11
14700.056 9.108989954749057e-12
14750.056 3.604311698995209e-12
14800.056 7.731970634288734e-12
14850.056 1.1683602143654037e-11
14900.056 1.1678054786210176e-11
14950.056 7.112391428062955e-12
15000.056 2.0380626688147576e-11
15050.056 1.543940881983712e-11
15100.056 9.048526754287094e-12
15150.056 5.8491637092497305e-12
15200.056 1.3875709695741963e-11
15250.056 3.1393916085822534e-11
15300.056 3.7377586267267484e-11
15350.056 5.263703375891581e-11
15400.056 7.934679810286062e-11
15450.056 1.0920956076828368e-10
15500.056 1.2626019370773414e-10
15550.056 2.484426465586146e-10
15600.056 3.361625282743838e-10
15650.056 6.03841929401726e-10
15700.056 9.257693542157319e-10
15750.056 1.3263322901243153e-09
15800.056 1.54487938529004e-09
15850.056 1.9136901355158527e-09
15900.056 1.987868459470779e-09
15950.056 2.04611146501945e-09
16000.056 1.622737080650412e-09
16050.056 9.230743032998376e-10
16100.056 5.744422611985278e-10
16150.056 2.9367046469044677e-10
16200.056 1.5142717550333852e-10
16250.056 9.686164781503682e-11
16300.056 5.618640439108582e-11
16350.056 6.940760129540367e-11
16400.056 8.88009354305513e-11
16450.056 7.074046971551503e-11
16500.056 5.707351297805535e-11
16550.056 5.940780765730674e-11
16600.056 9.452820031829176e-11
16650.056 6.960880066291501e-11
16700.056 9.34636581245791e-12
16750.056 3.453303075063724e-11
16800.056 5.824451538036897e-11
16850.056 6.946726293536864e-11
16900.056 3.161441118380131e-11
16950.056 1.6726932499052397e-11
17000.056 9.021842561177225e-12
17050.056 1.946894415881949e-11
17100.056 3.61180072176839e-11
17150.056 1.785102582354695e-11
17200.056 7.240829793436929e-11
17250.056 4.0246079546409264e-11
17300.056 2.3101384939467502e-11
17350.056 2.6146463275411926e-11
17400.056 4.932216678932463e-11
17450.056 6.763488283169149e-11
17500.056 9.167850514592078e-11
17550.056 8.453534765193105e-11
17600.056 6.350223618445521e-11
17650.056 5.89776108039943e-11
17700.056 4.3675989189604126e-11
17750.056 4.622799262626362e-11
17800.056 1.1960489753027466e-10
17850.056 5.33825638143779e-11
17900.056 3.793550322276224e-11
17950.056 3.23853808161169e-11
18000.056 4.803929900595684e-11
18050.056 4.458546354341936e-11
18100.056 5.661488993787333e-11
18150.056 4.543795601030113e-11
18200.056 3.310604863357452e-11
18250.056 9.839074315967073e-11
18300.056 2.742722105023568e-11
18350.056 1.9600984004316243e-11
18400.056 1.4343941901659192e-11
18450.056 5.729447343394682e-11
18500.056 5.3050518075635956e-11
18550.056 3.2899494546698436e-11
18600.056 4.6440693329876426e-11
18650.056 3.3293345985113594e-11
18700.056 9.639210126042237e-12
18750.056 2.1630520496305427e-11
18800.056 7.633636038219051e-11
18850.056 7.443876769854212e-11
18900.056 6.682170555798566e-11
18950.056 8.699990298708603e-11
19000.056 3.142623319404302e-11
19050.056 1.5651059905537425e-11
19100.056 3.0446779843208843e-11
19150.056 1.561483453952058e-11
19200.056 1.93534120433161e-11
19250.056 1.6211377251097785e-11
19300.056 1.138389046051871e-11
19350.056 9.848610507851847e-12
19400.056 8.974558738898897e-12
19450.056 1.3947422078654261e-11
19500.056 8.885159843514161e-12
19550.056 1.4228620055515153e-11
19600.056 3.225846103934404e-11
19650.056 2.1507694241452927e-11
19700.056 2.4946200877193228e-11
19750.056 3.898179494301804e-11
19800.056 2.7632446431200748e-11
19850.056 3.384581229049503e-11
19900.056 4.3006567429972286e-11
19950.056 5.4053055438466544e-11
20000.056 6.854423104014264e-11
20050.056 5.312846634680653e-11
20100.056 8.674949159487625e-11
20150.056 4.8195919555524045e-11
20200.056 3.6485087775689604e-11
20250.056 6.815799097421971e-11
20300.056 8.018033052078494e-11
20350.056 8.436686382430184e-11
20400.056 7.559410406080474e-11
20450.056 1.1305307148097622e-10
20500.056 1.3393345115706475e-10
20550.056 1.4744968564278622e-10
20600.056 1.5233522291653838e-10
20650.056 1.8465876736749384e-10
20700.056 1.995731043189405e-10
20750.056 2.2065070053726583e-10
20800.056 2.097574792551614e-10
20850.056 2.346907660562159e-10
20900.056 2.490941879949363e-10
20950.056 2.3678695998102103e-10
21000.056 2.3377053856124023e-10
21050.056 2.48178086484958e-10
21100.056 2.3730125453002653e-10
21150.056 2.387233128339795e-10
21200.056 2.275841004719303e-10
21250.056 2.1741473024963342e-10
21300.056 1.9487252516850388e-10
21350.056 1.9542767080633923e-10
21400.056 1.9767269710693093e-10
21450.056 1.6666948820081853e-10
21500.056 1.5367935884117293e-10
21550.056 1.4178787962899153e-10
21600.056 1.2422633329944077e-10
21650.056 9.75938677258033e-11
21700.056 9.025342669750003e-11
21750.056 9.072359102678792e-11
21800.056 6.972385200380475e-11
21850.056 6.930907664197985e-11
21900.056 5.18902659733933e-11
21950.056 2.0660171810073604e-11
22000.056 4.242645008203502e-12
22050.056 5.71353547413686e-12
22100.056 2.0767414090585983e-11
22150.056 1.8333169729993502e-11
22200.056 1.8847697720053993e-11
22250.056 1.5183042139546656e-11
22300.056 8.306328990927483e-12
22350.056 1.1015127741533313e-11
22400.056 4.514162805903028e-12
22450.056 6.013577080631557e-12
22500.056 4.539819466275128e-12
22550.056 2.982257586875895e-12
22600.056 2.3524668030878573e-12
22650.056 4.392875439158058e-12
22700.056 3.683319309187863e-12
22750.056 4.166268162150292e-12
22800.056 4.512467480592794e-12
22850.056 3.314952248744848e-12
22900.056 2.3086589566118963e-12
22950.056 2.030420069219173e-12
23000.056 2.8758662921426726e-12
23050.056 3.5297636683117078e-12
23100.056 1.5241682652871807e-11
23150.056 1.4392618893117975e-11
23200.056 9.152343734127555e-13
23250.056 3.0096189394144934e-12
23300.056 2.992460911159177e-12
23350.056 4.5734276792736905e-12
23400.056 3.795079226422565e-12
23450.056 2.3857296400857003e-12
23500.056 2.4405328670292173e-12
23550.056 4.7234176750202315e-12
23600.056 8.170961489718488e-12
23650.056 1.2296188235839875e-11
23700.056 2.926779757802251e-12
23750.056 2.5569413454834838e-12
23800.056 9.839589720573529e-12
23850.056 7.221080410073681e-12
23900.056 1.448136900587379e-11
23950.056 8.893928566183351e-12
24000.056 1.7507731775457986e-11
24050.056 2.21205200383841e-11
24100.056 2.4913962600234203e-11
24150.056 3.506175472193546e-11
24200.056 2.449526354432785e-11
24250.056 1.9569281122076835e-11
24300.056 3.363071681088894e-11
24350.056 3.028300883963006e-11
24400.056 6.036051228481435e-11
24450.056 7.093093115751535e-11
24500.056 6.666130721100377e-11
24550.056 9.296371986132972e-11
24600.056 1.014752754825462e-10
24650.056 1.4806595337218774e-10
24700.056 1.0005665420592684e-10
24750.056 1.346363397476256e-10
24800.056 1.2714033493160566e-10
24850.056 1.966879008618332e-10
24900.056 1.1239460274067987e-10
24950.056 2.0433585868529405e-10
25000.056 2.153172607979852e-10
25050.056 1.561830438368807e-10
25100.056 2.275315835936263e-10
25150.056 1.1781161724109241e-10
25200.056 1.860802170827907e-10
25250.056 8.851680688265137e-11
25300.056 1.2395237933047078e-10
25350.056 6.100236976689238e-11
25400.056 1.4496597654056772e-10
25450.056 4.7899698164060726e-11
25500.056 4.157487901165068e-11
25550.056 8.330776816371345e-11
25600.056 3.88137465078478e-11
25650.056 2.324273359263633e-11
25700.056 2.9282726073504676e-11
25750.056 7.89865968740101e-12
25800.056 4.433875746291749e-11
25850.056 7.827037928049628e-12
25900.056 1.1082513082863792e-11
25950.056 2.5977271809432794e-12
26000.056 3.924748045089369e-11
26050.056 4.265342531353159e-12
26100.056 2.2851811990876866e-11
26150.056 9.611985244356447e-12
26200.056 1.3585578873062402e-11
26250.056 9.383341336451098e-11
26300.056 1.9260071190200513e-11
26350.056 1.431416330063201e-10
26400.056 2.0686831490318993e-10
26450.056 1.6822297614701168e-10
26500.056 3.4177471442640713e-10
26550.056 3.992170061684745e-11
26600.056 5.0200292851775774e-11
26650.056 6.673381898306355e-12
26700.056 3.7492042419768394e-12
26750.056 6.06339176951703e-12
26800.056 2.1079753113775423e-11
26850.056 1.1491194414302851e-11
26900.056 6.263482475652437e-11
26950.056 1.929063838536073e-11
27000.056 1.1483068208670305e-10
27050.056 1.3210194582678304e-10
27100.056 1.403743402488342e-11
27150.056 1.5947550248545137e-10
27200.056 1.3794257870767176e-11
27250.056 5.255156095175652e-11
27300.056 3.7816522421414215e-10
27350.056 1.2906080480367552e-10
27400.056 5.8621740954615486e-12
27450.056 1.6626955869078626e-10
27500.056 1.932058268818016e-10
27550.056 3.019180136289304e-11
27600.056 9.383139650527094e-11
27650.056 2.2724116982342898e-11
27700.056 2.0159349685046847e-11
27750.056 1.40824052593209e-10
27800.056 3.6836067622651705e-11
27850.056 6.653168909458732e-11
27900.056 6.426486688637134e-11
27950.056 1.7452896578991864e-10
28000.056 1.6651748285659833e-10
28050.056 1.8200775833138572e-11
28100.056 1.4935397472137215e-10
28150.056 1.1889065141509294e-10
28200.056 3.061730561455679e-11
28250.056 2.078226388466833e-10
28300.056 1.9032952197954403e-10
28350.056 4.0827802777680904e-11
28400.056 1.406000633992756e-10
28450.056 2.4368127746222073e-10
28500.056 1.5205446087667282e-10
28550.056 3.4004214007707296e-11
28600.056 2.600442981983614e-10
28650.056 1.646549253763841e-10
28700.056 2.616196263451319e-10
28750.056 3.631709987859509e-10
28800.056 1.5611980647297247e-10
28850.056 3.780041549540397e-10
28900.056 1.9169109800621635e-10
28950.056 2.9640395604712816e-10
29000.056 1.952619547945954e-10
29050.056 3.011122008623214e-10
29100.056 1.707045755275905e-10
29150.056 2.0694039459274513e-10
29200.056 3.4420861080920324e-10
29250.056 4.865502217778183e-10
29300.056 2.1611627881912515e-10
29350.056 5.879766335569953e-10
29400.056 3.105524456254608e-10
29450.056 2.3084017556344625e-10
29500.056 5.431570452433908e-10
29550.056 2.405584434909394e-10
29600.056 3.4117425915508383e-10
29650.056 7.422854648367182e-10
29700.056 2.299631517491036e-10
29750.056 5.663538580805813e-10
29800.056 4.766272751545774e-10
29850.056 6.272044967325015e-10
29900.056 3.933759777265584e-10
29950.056 4.848716142394126e-10
30000.056 1.14662690617466e-11
30050.056 5.576237801808553e-11
30100.056 1.9012954742544494e-10
30150.056 5.163790979354058e-10
30200.056 3.9435089549106254e-10
30250.056 8.040563527433863e-10
30300.056 1.1316190038263493e-09
30350.056 3.853948032193056e-10
30400.056 1.0156308343710404e-09
30450.056 6.690762154163514e-10
30500.056 6.050698886756701e-10
30550.056 5.100685358002542e-10
30600.056 1.6073920185462988e-09
30650.056 8.883784919192673e-10
30700.056 5.967071967754089e-10
30750.056 1.1709938008519324e-09
30800.056 7.716993193505032e-10
30850.056 9.344919021612374e-10
30900.056 4.757276032995277e-10
30950.056 5.671070099279678e-10
31000.056 5.991928176296159e-10
31050.056 4.632335409600784e-10
31100.056 2.861359348449139e-10
31150.056 5.354230627140032e-10
31200.056 1.0427805699981976e-09
31250.056 6.988521566123299e-10
31300.056 4.3485303503818827e-10
31350.056 7.951159498932738e-10
31400.056 5.553548969197738e-10
31450.056 5.689512836878945e-10
31500.056 2.547764935076582e-10
31550.056 3.877036748685853e-10
31600.056 2.4811596980801924e-10
31650.056 2.576520748446339e-10
31700.056 2.527305068642756e-10
31750.056 1.2540671808945404e-10
31800.056 2.4979339693369877e-10
31850.056 5.493386107618401e-11
31900.056 1.2338857622571945e-10
31950.056 7.858284073149315e-11
32000.056 6.53061395048775e-11
32050.056 1.0450162948591225e-10
32100.056 9.28905649442692e-11
32150.056 1.0670915940998302e-10
32200.056 5.140876272268432e-11
32250.056 1.3936586048698482e-10
32300.056 4.638728369123719e-11
32350.056 1.2479420214461552e-10
32400.056 2.840007855577364e-11
32450.056 9.838738838407924e-11
32500.056 3.4360457035584984e-11
32550.056 7.34599787598295e-11
32600.056 4.3371203647280944e-11
32650.056 2.144660662831033e-10
32700.056 6.393934068849823e-11
32750.056 3.584321408036526e-10
32800.056 2.014598574130161e-10
32850.056 5.489683758000815e-10
32900.056 4.685952259842765e-10
32950.056 5.385288748145704e-10
33000.056 2.1838362167583033e-10
33050.056 3.1430802689584147e-10
33100.056 6.931560200317775e-11
33150.056 5.3123759299340254e-14
33200.056 1.7038130833667582e-12
33250.056 1.7029647901422596e-12
33300.056 1.1394750022067272e-11
33350.056 3.857692933206008e-11
33400.056 1.416399754015374e-10
33450.056 1.208174959664814e-10
33500.056 3.961186241542893e-10
33550.056 9.122615070489481e-11
33600.056 2.673071524735941e-10
33650.056 2.358480935462145e-10
33700.056 1.0775454215488909e-10
33750.056 3.58418708999586e-10
33800.056 5.03481458855892e-11
33850.056 1.89487905293134e-10
33900.056 1.9580984839442563e-10
33950.056 1.5106094033974447e-10
34000.056 3.4600336540167786e-10
34050.056 6.004164290190782e-11
34100.056 3.071589384370305e-10
34150.056 1.488519135431045e-10
34200.056 3.461258306983956e-10
34250.056 2.1671645961050787e-10
34300.056 2.1850801884966585e-10
34350.056 3.480376108379691e-10
34400.056 1.322275095385959e-10
34450.056 3.620716760596332e-10
34500.056 2.0875616883808055e-10
34550.056 1.2423058922901293e-10
34600.056 5.405520205572828e-10
34650.056 1.2527305418642494e-10
34700.056 4.317793417037062e-10
34750.056 2.731371965774226e-10
34800.056 2.650020674575844e-10
34850.056 5.952370374740251e-10
34900.056 2.2665693641468716e-10
34950.056 5.710461320981822e-10
35000.056 1.1284888901518192e-09
35050.056 4.856056066036334e-10
35100.056 1.0678094332203405e-09
35150.056 8.01432560402062e-10
35200.056 8.152420821088296e-10
35250.056 1.3468641980240638e-09
35300.056 6.624229673089571e-10
35350.056 7.786462866716122e-10
35400.056 6.829228945604353e-10
35450.056 5.622889624140601e-10
35500.056 1.92267922400149e-09
35550.056 1.2094725013586627e-09
35600.056 1.1942604044567642e-09
35650.056 1.2199089710657533e-09
35700.056 1.3400861466488364e-09
35750.056 1.9296595297138297e-09
35800.056 2.009235534585686e-09
35850.056 7.481433892630019e-10
35900.056 1.0156153722490184e-09
35950.056 1.1869240117314265e-09
36000.056 1.4788727757685516e-09
36050.056 1.0260470000143692e-09
36100.056 9.748083855058104e-10
36150.056 1.8687496127703142e-09
36200.056 2.016068617074136e-09
36250.056 1.4949323444578079e-09
36300.056 3.012819676835365e-09
36350.056 1.836187907987853e-09
36400.056 2.748104228718369e-09
36450.056 3.0873630978953292e-09
36500.056 3.4547701975488237e-09
36550.056 4.0067824069104695e-09
36600.056 4.488283318953383e-09
36650.056 3.485263753237754e-09
36700.056 3.8850048856502805e-09
36750.056 4.637903604190357e-09
36800.056 5.108757042293207e-09
36850.056 3.042207837990909e-09
36900.056 5.244323725469636e-09
36950.056 5.252871741124043e-09
37000.056 3.861998608487371e-09
37050.056 5.523097749809656e-09
37100.056 4.76788990570101e-09
37150.056 3.884476879028654e-09
37200.056 6.497341980069341e-09
37250.056 4.558230453231576e-09
37300.056 3.5901150020480947e-09
37350.056 5.7933968396247175e-09
37400.056 8.500643232344871e-09
37450.056 3.936529287849407e-09
37500.056 5.1297959966135265e-09
37550.056 8.067685042503968e-09
37600.056 1.122024426179647e-08
37650.056 4.24820905255251e-09
37700.056 8.5599090862868e-09
37750.056 5.476168482339061e-09
37800.056 5.65503875389331e-09
37850.056 2.9541981480192935e-09
37900.056 4.201186401671655e-09
37950.056 7.735889413701388e-09
38000.056 7.744568338771518e-09
38050.056 9.859907579490269e-09
38100.056 1.1086414330077786e-08
38150.056 1.2192416602393673e-08
38200.056 1.1108339290864798e-08
38250.056 1.1372486283694249e-08
38300.056 1.6560082312594178e-08
38350.056 1.6393048810007538e-08
38400.056 7.2854054411134545e-09
38450.056 4.447209978970496e-09
38500.056 2.7290122569350034e-09
38550.056 7.881663448222298e-09
38600.056 7.84878771134044e-09
38650.056 8.800592148472287e-09
38700.056 6.624157240881545e-09
38750.056 7.984290270395109e-09
38800.056 8.309345346784557e-09
38850.056 9.009044520731539e-09
38900.056 1.1963853758593337e-08
38950.056 7.811341938692584e-09
39000.056 1.2582157621275683e-08
39050.056 7.856319315824839e-09
39100.056 1.1322336560465718e-08
39150.056 1.3601738014177436e-08
39200.056 1.06715790568104e-08
39250.056 1.619317146605771e-08
39300.056 1.0455390308795028e-08
39350.056 1.9397047571529975e-08
39400.056 1.094083896698552e-08
39450.056 1.5563568738509883e-08
39500.056 1.6137750970393908e-08
39550.056 9.776176518645502e-09
39600.056 1.5861894623226344e-08
39650.056 1.8167064887794324e-08
39700.056 1.7653304258207297e-08
39750.056 1.0855972498344004e-08
39800.056 1.2249085545045543e-08
39850.056 2.19606775004033e-08
39900.056 2.466164660000174e-08
39950.056 1.2513164260957997e-08
40000.056 2.1483308954820348e-08
40050.056 2.159837125289821e-08
40100.056 1.0358671647957993e-08
40150.056 2.1323442221887418e-08
40200.056 2.204667997847543e-08
40250.056 2.4626681449131948e-08
40300.056 2.3382744623997416e-08
40350.056 1.7415899224175756e-08
40400.056 2.360142433375568e-08
40450.056 1.4238394320062112e-08
40500.056 2.775284448239895e-08
40550.056 2.971069822482294e-08
40600.056 2.2719717476602057e-08
40650.056 1.7849543147127023e-08
40700.056 3.4078640918906156e-08
40750.056 2.3047629362094045e-08
40800.056 1.657001259445035e-08
40850.056 3.948730494551292e-08
40900.056 3.224103336637954e-08
40950.056 3.0235943075635574e-08
41000.056 2.4805411369924777e-08
41050.056 4.1059743324184416e-08
41100.056 3.415714472766154e-08
41150.056 1.6713969550059977e-08
41200.056 4.230820850304518e-08
41250.056 3.053886316318574e-08
41300.056 3.1810882194316096e-08
41350.056 4.2027037360692905e-08
41400.056 3.683603613340239e-08
41450.056 4.873769279518644e-08
41500.056 3.392268273946224e-08
41550.056 3.174054950809368e-08
41600.056 3.216394972914775e-08
41650.056 4.162067024360178e-08
41700.056 4.7722519494480304e-08
41750.056 4.059109111609043e-08
41800.056 4.241170356931227e-08
41850.056 4.0098172573293956e-08
41900.056 3.8194779778420285e-08
41950.056 3.6466318378604424e-08
42000.056 2.5822845048738685e-08
42050.056 2.997867595028906e-08
42100.056 3.1763259131383066e-08
42150.056 3.3979117583530146e-08
42200.056 3.719220249001022e-08
42250.056 3.071373227197301e-08
42300.056 3.186665492164037e-08
42350.056 4.508405333190227e-08
42400.056 4.9722082041709795e-08
42450.056 4.639816662021849e-08
42500.056 4.413642472728994e-08
42550.056 3.934584263208546e-08
42600.056 4.179157612324211e-08
42650.056 6.379769521947054e-08
42700.056 3.7287506342449006e-08
42750.056 4.796386267120567e-08
42800.056 6.642310734381322e-08
42850.056 6.58865459219792e-08
42900.056 6.845485339671895e-08
42950.056 5.7468864502988856e-08
43000.056 6.326626265941768e-08
43050.056 3.7674642309726216e-08
43100.056 5.327862891649016e-08
43150.056 4.441623212070839e-08
43200.056 6.873321215000502e-08
43250.056 8.090810529300037e-08
43300.056 7.974854540899268e-08
43350.056 4.8975629428184246e-08
43400.056 6.579819237850052e-08
43450.056 4.553718413240317e-08
43500.056 4.457970260481131e-08
43550.056 4.916182370355248e-08
43600.056 7.555843403941042e-08
43650.056 5.375100582950338e-08
43700.056 8.418920204902284e-08
43750.056 7.449320900699216e-08
43800.056 7.01519931068916e-08
43850.056 6.079403419500214e-08
43900.056 5.510211599020225e-08
43950.056 3.5527274319396734e-08
44000.056 3.6744456996896125e-08
44050.056 8.319147704900066e-08
44100.056 1.0099169771999457e-07
44150.056 9.03354515958037e-08
44200.056 8.209926996049864e-08
44250.056 4.964708734379972e-08
44300.056 4.237979491110764e-08
44350.056 4.7259896773770984e-08
44400.056 4.3438800907493264e-08
44450.056 7.120219202499503e-08
44500.056 6.86232273914139e-08
44550.056 9.390520466499259e-08
44600.056 8.193663062760742e-08
44650.056 6.996322188411286e-08
44700.056 4.863337060720015e-08
44750.056 7.837806396671954e-08
44800.056 5.417194066964515e-08
44850.056 6.935430158060619e-08
44900.056 6.218349249240568e-08
44950.056 7.570354975820716e-08
45000.056 8.44579006510043e-08
45050.056 7.675486747898874e-08
45100.056 6.835685112399695e-08
45150.056 6.515750971504409e-08
45200.056 5.3007529600501764e-08
45250.056 6.135954171147876e-08
45300.056 5.3946748835109786e-08
45350.056 4.554761743921413e-08
45400.056 1.0702950101001344e-07
45450.056 8.604912190090901e-08
45500.056 1.0352952398860747e-07
45550.056 1.0490504339896056e-07
45600.056 9.614925169402172e-08
45650.056 7.856945654450088e-08
45700.056 5.4515281855196435e-08
45750.056 5.407900333770196e-08
45800.056 1.1273831905300034e-07
45850.056 8.997923088249523e-08
45900.056 1.1127220565998869e-07
45950.056 9.846507144300081e-08
46000.056 1.0375948511551032e-07
46050.056 7.965484953780212e-08
46100.056 1.2272292984898677e-07
46150.056 7.854487363720764e-08
46200.056 6.914882066889074e-08
46250.056 3.229547045635488e-08
46300.056 7.8096229137999e-08
46350.056 8.391831629241333e-08
46400.056 7.211278871100077e-08
46450.056 6.938739557784965e-08
46500.056 7.981041605801948e-08
46550.056 4.582300772040391e-08
46600.056 6.72638479505314e-08
46650.056 9.636640298830876e-08
46700.056 6.655849986118146e-08
46750.056 3.83012618966262e-08
46800.056 2.5677963517694594e-08
46850.056 9.590857915701579e-08
46900.056 9.07470831269979e-08
46950.056 9.104313533399343e-08
47000.056 8.913455412601608e-08
47050.056 6.697440374768348e-08
47100.056 4.8814179459318284e-08
47150.056 7.171792357360926e-08
47200.056 8.207838293039447e-08
47250.056 5.1514113375096246e-08
47300.056 3.412947949860476e-08
47350.056 9.786491875299816e-08
47400.056 8.191234657799197e-08
47450.056 7.273904697836315e-08
47500.056 9.74616588129488e-08
47550.056 8.52815652400077e-08
47600.056 8.15938230739966e-08
47650.056 8.5710398888791e-08
47700.056 6.790478379842378e-08
47750.056 5.193990883760275e-08
47800.056 4.572750947120556e-08
47850.056 2.4223313263805313e-08
47900.056 3.743891616309469e-08
47950.056 7.423687633860534e-08
48000.056 9.98213258930125e-08
48050.056 8.617789501820367e-08
48100.056 3.966383096576547e-08
48150.056 7.070771568200111e-08
48200.056 4.8392991561159753e-08
48250.056 5.775729992799871e-08
48300.056 9.46423860609861e-08
48350.056 5.907611463649765e-08
48400.056 1.854655503079304e-08
48450.056 3.7779286499680024e-08
48500.056 5.8961310471985724e-08
48550.056 5.996168360804564e-08
48600.056 7.34159932349977e-08
48650.056 9.053395548798798e-08
48700.056 6.348534443350837e-08
48750.056 4.5586965093321294e-08
48800.056 8.444738479500038e-08
48850.056 4.8385317026291365e-08
48900.056 6.545736086967632e-08
48950.056 3.780640881700188e-08
49000.056 1.9255332507496713e-08
49050.056 5.8325239571291835e-08
49100.056 7.290319374519308e-08
49150.056 5.510968990260936e-08
49200.056 8.47612182880166e-08
49250.056 8.361051929000841e-08
49300.056 7.27862599844007e-08
49350.056 3.063636218786689e-08
49400.056 4.499850421218704e-08
49450.056 4.501835804791302e-08
49500.056 3.472919387994636e-08
49550.056 8.781346634160512e-09
49600.056 2.3805496262460696e-08
49650.056 5.078982997090107e-08
49700.056 5.308603185717899e-08
49750.056 5.348447669069876e-08
49800.056 3.6167775716118276e-08
49850.056 7.129095508281519e-08
49900.056 5.681290042819299e-08
49950.056 5.8397055049202494e-08
50000.056 4.581696145896526e-08
50050.056 5.5775893746601235e-08
50100.056 4.4134584666696983e-08
50150.056 2.2862607341894987e-08
50200.056 4.515223338287881e-09
50250.056 2.703125764199816e-08
50300.056 1.7266949658942676e-08
50350.056 5.1832224674006975e-08
50400.056 5.103602966679239e-08
50450.056 4.103810717404391e-08
50500.056 6.007753749140515e-08
50550.056 5.1082277143005386e-08
50600.056 3.860904815659105e-08
50650.056 6.319441083200941e-08
50700.056 6.168959655598408e-08
50750.056 4.181163796760492e-08
50800.056 1.592222182868261e-08
50850.056 9.10132876065446e-09
50900.056 4.667550141200102e-08
50950.056 3.9416800224998246e-08
51000.056 3.312749758518366e-08
51050.056 4.803556007599356e-08
51100.056 1.9285383038315466e-08
51150.056 2.2753088135789748e-08
51200.056 5.875169437199934e-08
51250.056 4.073459160892366e-08
51300.056 3.028660890936472e-08
51350.056 2.8051411549470206e-08
51400.056 1.0405231017157331e-08
51450.056 8.154208875297596e-09
51500.056 8.1995143802766e-09
51550.056 3.032811818644471e-08
51600.056 2.3967835211507535e-08
51650.056 3.046760735719565e-08
51700.056 3.219742590960469e-08
51750.056 2.153174781833003e-08
51800.056 3.729980365099511e-08
51850.056 3.091870915619685e-08
51900.056 3.987536231119529e-08
51950.056 2.3844871395297126e-08
52000.056 2.8002755064759263e-09
52050.056 1.3688527032171973e-08
52100.056 8.260429188098967e-09
52150.056 4.758062971833602e-09
52200.056 1.3192125731879907e-08
52250.056 1.938746081160657e-08
52300.056 2.636056942999852e-08
52350.056 1.0069588629202263e-08
52400.056 1.0065482282758473e-08
52450.056 3.324011177690251e-08
52500.056 2.4871766742942915e-08
52550.056 2.8205523443797557e-08
52600.056 2.1343549168698544e-08
52650.056 2.578980060890242e-08
52700.056 1.9427435117799187e-08
52750.056 7.782797479478153e-09
52800.056 1.4286472529501843e-08
52850.056 1.6098850919585636e-08
52900.056 7.526560361056086e-09
52950.056 1.2057252862781418e-08
53000.056 1.9697919352204988e-08
53050.056 7.908393652571658e-09
53100.056 2.2665223794995865e-08
53150.056 2.3999351212901405e-08
53200.056 1.1807136750013327e-08
53250.056 2.286767021794211e-08
53300.056 2.8185303458484202e-08
53350.056 2.10800603792218e-08
53400.056 1.3951342861795718e-08
53450.056 5.357807687528119e-09
53500.056 9.430790082371724e-10
53550.056 2.745583835930069e-09
53600.056 1.2510923198503995e-08
53650.056 1.2787228710715566e-08
53700.056 1.0996336231286609e-08
53750.056 1.0696239762572995e-08
53800.056 1.0444288345820934e-08
53850.056 1.7757665981594224e-08
53900.056 1.884290328228998e-08
53950.056 1.8399781129560474e-08
54000.056 1.3692867786782132e-08
54050.056 1.981023771249727e-08
54100.056 4.283851957161505e-09
54150.056 6.1160360145537175e-09
54200.056 7.662694082484925e-10
54250.056 2.7123873394502803e-09
54300.056 5.710206273809638e-09
54350.056 9.675340272134121e-09
54400.056 9.448450540256522e-09
54450.056 8.572876991318416e-09
54500.056 1.0720020980695942e-08
54550.056 8.674220703439986e-09
54600.056 6.650158830744804e-09
54650.056 5.84952904691299e-10
54700.056 7.663575945969607e-09
54750.056 7.632797712058973e-09
54800.056 3.975550807114393e-09
54850.056 5.2752995135696874e-09
54900.056 7.394246562774113e-09
54950.056 1.3786312017473916e-08
55000.056 6.007871657239094e-09
55050.056 7.310615662176461e-09
55100.056 9.800437634503552e-09
55150.056 4.980692726702809e-09
55200.056 4.4291542678728715e-09
55250.056 6.158202199345528e-09
55300.056 4.9931869236598144e-09
55350.056 8.111820540748357e-09
55400.056 6.283533532196898e-09
55450.056 5.66103037991527e-09
55500.056 1.9196907329464994e-09
55550.056 1.8082092209076549e-09
55600.056 5.077818112108453e-09
55650.056 3.5662718063186632e-09
55700.056 3.960283942630941e-09
55750.056 2.5183721486694003e-09
55800.056 8.963376909676838e-10
55850.056 1.3490164470826666e-09
55900.056 4.893599037408963e-09
55950.056 8.150425009617727e-09
56000.056 3.416223254638215e-09
56050.056 3.0012602806582948e-09
56100.056 5.515729992577349e-09
56150.056 2.625255295933228e-09
56200.056 2.482411545300818e-09
56250.056 7.735910536398022e-09
56300.056 4.948651313035213e-09
56350.056 1.8929282172160748e-09
56400.056 5.492568478576441e-10
56450.056 6.674306052593603e-10
56500.056 3.4805050139855803e-09
56550.056 1.0032478745994835e-09
56600.056 3.88125869017478e-09
56650.056 4.712277507860674e-09
56700.056 3.322905521489478e-09
56750.056 1.1889804884258377e-09
56800.056 1.4087197120089665e-09
56850.056 3.2515490964619845e-09
56900.056 1.2309124501633876e-09
56950.056 4.383692597719386e-09
57000.056 5.790116835502914e-09
57050.056 3.204312170819111e-09
57100.056 5.57516094009655e-10
57150.056 1.7392319776000131e-09
57200.056 8.070289661740265e-10
57250.056 1.506156729343332e-09
57300.056 2.1574098690163387e-09
57350.056 1.0864825509215054e-09
57400.056 4.053367064046782e-09
57450.056 1.2587925946825575e-09
57500.056 1.2852927721154352e-09
57550.056 1.925185901449913e-09
57600.056 9.302779307315384e-10
57650.056 3.0646471136191104e-10
57700.056 9.884304946470068e-10
57750.056 2.7724766201490627e-09
57800.056 1.2931629540166154e-09
57850.056 4.899089413644838e-09
57900.056 6.547320795861046e-09
57950.056 6.658554232491402e-09
58000.056 1.6464643000567955e-09
58050.056 3.942750153028803e-09
58100.056 2.4939743047560176e-09
58150.056 1.8549862376201495e-09
58200.056 2.9428983546790434e-10
58250.056 7.100123770421787e-10
58300.056 5.36168745079823e-10
58350.056 1.115285354326623e-09
58400.056 2.3240769394131924e-09
58450.056 4.489279117320362e-09
58500.056 4.608213290035641e-09
58550.056 2.3109068807454717e-09
58600.056 6.887751191842794e-10
58650.056 1.6134442057484295e-09
58700.056 1.2894422457360847e-09
58750.056 1.965457317329798e-09
58800.056 8.42141170519903e-11
58850.056 8.113394523691219e-10
58900.056 7.239468954515275e-10
58950.056 4.629653237199658e-10
59000.056 1.2219993959040913e-09
59050.056 1.6097630848272578e-09
59100.056 1.0031399182015133e-09
59150.056 1.3650533888778765e-09
59200.056 2.7122616120480093e-09
59250.056 3.4517029161254163e-09
59300.056 2.205787595653552e-09
59350.056 2.1060024893916062e-10
59400.056 3.1080237012378826e-10
59450.056 2.689453138771375e-09
59500.056 1.4753495976335864e-09
59550.056 1.6739078634449864e-09
59600.056 3.0945793520018727e-09
59650.056 1.0651784763713093e-09
59700.056 8.760053999475474e-10
59750.056 5.0252044474860155e-09
59800.056 1.7266169896617324e-09
59850.056 1.8931230122297234e-09
59900.056 5.483391329001252e-10
59950.056 1.4163738053572076e-09
60000.056 3.6437841405772482e-09
60050.056 5.587314563674678e-09
60100.056 4.144724289669444e-09
60150.056 9.897324257168163e-10
60200.056 1.978047095067523e-09
60250.056 5.036323035875866e-09
60300.056 3.6814318081429578e-09
60350.056 2.3492939655372696e-09
60400.056 2.4004785473558993e-09
60450.056 2.99021354043871e-10
60500.056 7.83532953295231e-11
60550.056 1.237820114948792e-09
60600.056 2.3128854653819604e-09
60650.056 1.6374059374568176e-09
60700.056 8.309695245999084e-10
60750.056 3.392976541518521e-10
60800.056 2.0223317363323104e-09
60850.056 3.834984107106902e-09
60900.056 2.5415716001263812e-09
60950.056 1.5887943452214992e-09
61000.056 3.977238201166003e-09
61050.056 1.15000505250051e-09
61100.056 9.61006641455988e-10
61150.056 2.3873781807682033e-10
61200.056 2.315190823660488e-09
61250.056 1.9099019390963554e-09
61300.056 1.3249083799695347e-09
61350.056 3.367274561518464e-09
61400.056 7.919961992782904e-10
61450.056 4.811740675933331e-10
61500.056 3.684223551661723e-10
61550.056 1.0058759673107426e-09
61600.056 3.630252624101453e-10
61650.056 6.029844006714598e-10
61700.056 1.6504332119073287e-09
61750.056 1.2754927379449433e-09
61800.056 1.3224117863582384e-09
61850.056 2.1915140984632518e-10
61900.056 2.6352267105010583e-09
61950.056 2.1073547637236258e-09
62000.056 1.4918539090216782e-09
62050.056 5.227578043331063e-09
62100.056 1.3528798069873796e-09
62150.056 3.3788394302851846e-09
62200.056 2.9088365481954408e-09
62250.056 2.5831889085902187e-09
62300.056 5.600985103634012e-09
62350.056 6.017943286747721e-09
62400.056 3.842677082057181e-09
62450.056 3.318511886389992e-09
62500.056 5.658113891164476e-09
62550.056 9.074487317777186e-09
62600.056 3.2221873212365536e-09
62650.056 3.3905478515173695e-09
62700.056 2.170177446853385e-09
62750.056 5.899039810375438e-09
62800.056 4.499300271328253e-09
62850.056 3.2818550282000335e-09
62900.056 6.358874903226367e-09
62950.056 9.012211889932426e-09
63000.056 2.6169629673687408e-09
63050.056 1.2299910967084017e-08
63100.056 1.5612721478747534e-08
63150.056 9.487158129330023e-09
63200.056 6.652442100803126e-09
63250.056 7.503428860654845e-09
63300.056 2.2038154076167818e-09
63350.056 3.8905127023016765e-09
63400.056 1.2742463874354567e-09
63450.056 4.199821027646884e-10
63500.056 4.93989580090549e-09
63550.056 7.11023189150112e-09
63600.056 3.184971291580293e-09
63650.056 3.791059396700534e-09
63700.056 7.181607623046737e-10
63750.056 2.3060468453677354e-09
63800.056 6.1767748494969955e-09
63850.056 4.2919517994168286e-09
63900.056 1.2467185230564233e-09
63950.056 2.055065719736748e-09
64000.056 4.313545082326798e-09
64050.056 8.478028721634066e-10
64100.056 2.6932111174662375e-10
64150.056 3.8409216876221253e-10
64200.056 3.676643406272665e-10
64250.056 2.7115674066984395e-09
64300.056 1.978800362195093e-09
64350.056 1.0237483716328585e-09
64400.056 3.5491235212608807e-09
64450.056 3.1073075818413293e-09
64500.056 1.8398038090504138e-09
64550.056 3.682340161250327e-09
64600.056 2.125502638900293e-09
64650.056 3.526141557490815e-09
64700.056 7.524154690669027e-10
64750.056 1.44512072596362e-09
64800.056 6.336746795797053e-10
64850.056 3.929960769566368e-10
64900.056 3.9422388804370226e-10
64950.056 2.7891566508194064e-10
65000.056 5.041311437710539e-10
65050.056 2.3623860032192845e-09
65100.056 1.5668800288404814e-09
65150.056 1.7192394499287326e-09
65200.056 3.8544314527215376e-10
65250.056 1.2139315271542774e-09
65300.056 2.1435928279188264e-09
65350.056 4.5525678827329876e-09
65400.056 1.6257898971181145e-09
65450.056 1.9912182760381087e-09
65500.056 2.755187483989979e-09
65550.056 9.300031104591956e-10
65600.056 3.021568118465549e-09
65650.056 1.45613221664997e-09
65700.056 1.0998768386203048e-09
65750.056 7.188338869236025e-10
65800.056 1.7986114668069809e-09
65850.056 4.225279783698685e-09
65900.056 5.772702933347909e-10
65950.056 1.0244163214291729e-09
66000.056 1.2085846473251628e-09
66050.056 3.4190451413129668e-09
66100.056 2.1549559072978317e-09
66150.056 1.9254146295251065e-09
66200.056 2.4058462987467473e-09
66250.056 1.0723171112279221e-09
66300.056 7.580696102713574e-10
66350.056 2.858053252100439e-10
66400.056 5.520728044488806e-10
66450.056 2.4340218931808835e-09
66500.056 4.4684423855730795e-09
66550.056 4.089275929109395e-09
66600.056 3.570907497900677e-09
66650.056 1.644380909688368e-09
66700.056 1.3168931692589343e-09
66750.056 2.8601243278763907e-09
66800.056 1.5215861038597425e-09
66850.056 1.1387987897330817e-09
66900.056 5.292852855728656e-09
66950.056 4.454961585251636e-09
67000.056 7.4303597117050365e-09
67050.056 2.3796908166373396e-09
67100.056 1.6282222558902999e-09
67150.056 2.1281390972432673e-09
67200.056 3.846802475593637e-09
67250.056 3.3491635568483387e-09
67300.056 6.7214443192703706e-09
67350.056 2.524345524225609e-09
67400.056 5.971576156603064e-09
67450.056 3.953318540420149e-09
67500.056 2.0336406270297724e-09
67550.056 7.88558471465703e-09
67600.056 1.3216058113398006e-08
67650.056 9.11900410063838e-09
67700.056 4.968451886425183e-09
67750.056 2.7132695860468022e-09
67800.056 3.2697799037930014e-09
67850.056 1.6127699737920388e-09
67900.056 1.7221248887592697e-09
67950.056 1.9044022442708537e-09
68000.056 6.257188356779262e-09
68050.056 3.2373187734063197e-09
68100.056 6.05908996277592e-09
68150.056 6.2383098348170425e-09
68200.056 4.3653046340212934e-09
68250.056 1.1029185946623281e-09
68300.056 6.213803162400121e-09
68350.056 6.961887846718143e-09
68400.056 8.865751133278832e-09
68450.056 1.0099483943905007e-08
68500.056 4.800205125276067e-09
68550.056 1.214393906117253e-09
68600.056 1.4312233466901402e-09
68650.056 6.803735220395347e-10
68700.056 2.2055943762911166e-09
68750.056 4.285155653150563e-09
68800.056 3.988416953467376e-09
68850.056 2.810991613268188e-09
68900.056 1.1702525170489178e-08
68950.056 1.1001730602463066e-08
69000.056 4.6596381861630225e-09
69050.056 2.1802584462418037e-09
69100.056 1.0715685823200302e-08
69150.056 1.478450143592814e-08
69200.056 1.1271955070921409e-08
69250.056 1.248695084113816e-08
69300.056 1.1824122606126315e-08
69350.056 1.3340572896648823e-08
69400.056 5.27972278095471e-09
69450.056 1.0516488693396134e-08
69500.056 7.4047493999391e-09
69550.056 4.57768017110035e-09
69600.056 7.984492189202364e-10
69650.056 4.51246981472219e-09
69700.056 9.263197535898995e-09
69750.056 4.975508258207869e-09
69800.056 1.0272703999300862e-08
69850.056 1.0433816839505164e-08
69900.056 7.008800058820301e-09
69950.056 6.4460451467814045e-09
70000.056 6.493919290787767e-09
70050.056 1.5445442962409256e-08
70100.056 8.756321764661889e-09
70150.056 7.258389946779447e-09
70200.056 4.988184180718262e-09
70250.056 5.641354544120819e-09
70300.056 1.0652055283319393e-08
70350.056 1.1427995124098069e-08
70400.056 4.0923824456981875e-09
70450.056 6.519333651722989e-10
70500.056 4.397389845000772e-09
70550.056 3.4368664712077785e-09
70600.056 4.335860267728576e-09
70650.056 6.57172167009914e-09
70700.056 8.83393999136403e-09
70750.056 1.7148469864211556e-08
70800.056 7.001918827246002e-09
70850.056 6.580744634578527e-09
70900.056 1.33241977930387e-08
70950.056 1.3099751758304631e-08
71000.056 9.921790561348804e-09
71050.056 1.2671645679719994e-08
71100.056 7.741940650000373e-09
71150.056 5.163359977632068e-09
71200.056 5.619597401080312e-09
71250.056 1.234954926800541e-08
71300.056 1.4164423115902825e-08
71350.056 1.551132660724971e-08
71400.056 1.1691649358394768e-08
71450.056 3.179372173176628e-09
71500.056 4.9191045671785556e-09
71550.056 4.837436315850894e-09
71600.056 7.044696735899955e-09
71650.056 3.5468083621510334e-09
71700.056 2.2697488872301077e-09
71750.056 7.164166151304004e-09
71800.056 1.226922065396192e-08
71850.056 1.0244689049759098e-08
71900.056 7.232661670886186e-09
71950.056 1.0058032172895619e-08
72000.056 8.148330676683889e-09
72050.056 3.229838678786797e-09
72100.056 4.214899494333902e-09
72150.056 9.039455192727625e-09
72200.056 7.543193455000947e-09
72250.056 1.7194032232505275e-08
72300.056 6.209794353908137e-09
72350.056 1.0475863595516635e-08
72400.056 8.350150980601874e-09
72450.056 7.617505230704167e-09
72500.056 1.0384792836002184e-08
72550.056 2.5184356379991124e-09
72600.056 6.247077460581134e-09
72650.056 1.0606059893906786e-08
72700.056 4.259818729212272e-09
72750.056 6.3454151725995826e-09
72800.056 2.823055768839628e-09
72850.056 4.0409334817589105e-09
72900.056 1.2028452954902385e-08
72950.056 6.319176254529619e-09
73000.056 6.0749086110427185e-09
73050.056 2.5276476468616194e-09
73100.056 4.273693589860386e-09
73150.056 1.2706320523696302e-08
73200.056 3.313536782679364e-09
73250.056 4.978549987529482e-09
73300.056 2.1736215578312905e-09
73350.056 1.8057895218192863e-09
73400.056 5.409508746900124e-09
73450.056 2.563679490810649e-09
73500.056 2.121195740050198e-09
73550.056 4.340785105981056e-09
73600.056 4.667895663546836e-09
73650.056 4.320267995487305e-09
73700.056 2.5201958149865373e-09
73750.056 1.1440917608144124e-09
73800.056 3.271211589866856e-09
73850.056 4.823421093057094e-09
73900.056 1.9242845826130462e-09
73950.056 3.1977564617075844e-09
74000.056 8.46900574242016e-10
74050.056 5.991506534953206e-09
74100.056 5.348016187440526e-09
74150.056 4.945559104798744e-09
74200.056 1.2122729818001874e-09
74250.056 3.7189930607274927e-10
74300.056 4.058193264769619e-09
74350.056 6.3417144494226815e-09
74400.056 4.719371091996171e-09
74450.056 1.5543531965358767e-09
74500.056 6.923746565259435e-10
74550.056 2.129371099125897e-09
74600.056 2.0776675200668093e-09
74650.056 2.645380330141215e-09
74700.056 2.5505353433412762e-09
74750.056 8.010393244366285e-10
74800.056 1.2862975815949845e-09
74850.056 5.558901682502686e-09
74900.056 7.0988065439504485e-09
74950.056 4.60391442197822e-09
75000.056 2.4974862044797313e-09
75050.056 2.371562459262604e-10
75100.056 4.197783276540599e-09
75150.056 8.132112554502905e-09
75200.056 6.792752553299421e-09
75250.056 5.120126411056994e-09
75300.056 3.4329650403201084e-09
75350.056 6.055968460046967e-10
75400.056 7.635725879301739e-09
75450.056 9.540799247202403e-09
75500.056 6.291922055479206e-09
75550.056 4.146962513867339e-09
75600.056 6.079080395879696e-09
75650.056 3.4699144703610105e-09
75700.056 1.0208675311098201e-08
75750.056 6.407262719436705e-09
75800.056 6.95169254871817e-09
75850.056 8.645500436716282e-09
75900.056 8.938789666187024e-09
75950.056 3.5173153894843715e-09
76000.056 1.059296704337096e-08
76050.056 9.894182271995136e-09
76100.056 9.009705393359844e-09
76150.056 9.15315363859699e-09
76200.056 7.305300339803414e-09
76250.056 2.967265405409004e-09
76300.056 1.2171751134699527e-08
76350.056 1.6601823377004894e-08
76400.056 9.970120193003825e-09
76450.056 8.421880522701878e-09
76500.056 5.610821242099474e-09
76550.056 1.2112872489915624e-09
76600.056 1.9653576050504888e-10
76650.056 3.053527021367572e-10
76700.056 3.630328195839035e-10
76750.056 4.5990668239048664e-10
76800.056 1.0379833234852391e-09
76850.056 1.0571090381893998e-09
76900.056 1.9268291246410853e-09
76950.056 1.0834316547701804e-09
77000.056 3.281548412178394e-09
77050.056 7.887864897124566e-10
77100.056 1.642739023204776e-09
77150.056 3.440227719867861e-09
77200.056 1.277478740769908e-09
77250.056 1.176979010716675e-09
77300.056 3.8886687388586485e-09
77350.056 1.9065710166833697e-09
77400.056 3.2507402705316427e-09
77450.056 6.06257744929566e-09
77500.056 4.737376397772199e-09
77550.056 2.69773502268893e-09
77600.056 1.0134660663232081e-09
77650.056 1.6969772017421243e-09
77700.056 4.6407759003960356e-09
77750.056 4.573180541002896e-09
77800.056 7.50774881004864e-09
77850.056 1.0485776278197169e-08
77900.056 2.902303675297127e-09
77950.056 8.894481607226697e-10
78000.056 3.481399677819232e-09
78050.056 2.502175862912336e-09
78100.056 4.6291202013558325e-09
78150.056 7.318738595492024e-09
78200.056 1.1395839083997592e-08
78250.056 6.43459035130186e-09
78300.056 1.5275231124135206e-09
78350.056 4.5048301298137235e-09
78400.056 2.336428513518918e-09
78450.056 4.411155819002536e-09
78500.056 1.0650547126111554e-08
78550.056 1.1467506940198273e-08
78600.056 8.496509397999079e-09
78650.056 1.6191624437319084e-09
78700.056 2.138617741918399e-09
78750.056 4.6448155207401786e-09
78800.056 2.538271493830539e-09
78850.056 1.4415444584284036e-09
78900.056 4.353017299791738e-09
78950.056 7.60942562583102e-09
79000.056 4.8211815803238545e-09
79050.056 3.968667842593894e-09
79100.056 5.629366407721022e-09
79150.056 3.2279861168858302e-09
79200.056 4.541291281989963e-09
79250.056 2.0432773748130336e-09
79300.056 3.4239487982537944e-09
79350.056 4.433281239180166e-09
79400.056 1.7798669787372486e-09
79450.056 6.796643278073086e-09
79500.056 1.2608817366898365e-08
79550.056 9.815752589203765e-09
79600.056 4.5719811295031255e-09
79650.056 1.027423999309793e-08
79700.056 4.620444237989564e-09
79750.056 4.718939389118903e-09
79800.056 3.6699683742032098e-09
79850.056 8.175493425662217e-09
79900.056 1.376770736459987e-08
79950.056 1.91799044149019e-08
