# %ECSV 1.0
# ---
# datatype:
# - {name: wav, unit: Angstrom, datatype: float64}
# - {name: flux_nu, unit: erg / (cm2 Hz s), datatype: float64}
# meta: {C/O: '1.00', Kzz: '1.0000E+05', Teff: '1100.', Y: '0.28', '[Fe/H]': '0.50', f_hole: '1.00', f_rain: '0.00', grav: '178.'}
# schema: astropy-2.0
wav flux_nu
4000.0559999999996 nan
4050.0559999999996 2.1632968525349633e-12
4100.056 7.286374487709575e-11
4150.056 1.5208820075101096e-10
4200.056 1.2212457258989637e-10
4250.056 1.9896508611603566e-10
4300.056 2.2722903595302388e-10
4350.056 2.394831835070164e-10
4400.056 2.7321264653001734e-10
4450.056 2.9715969416999883e-10
4500.056 2.9083497191001414e-10
4550.056 3.377431417316158e-10
4600.056 3.7425236673039403e-10
4650.056 3.353235465599727e-10
4700.056 3.3427954567999307e-10
4750.056 2.2142086714000263e-10
4800.056 7.773006151099866e-11
4850.056 1.874292873799966e-11
4900.056 6.696009711999943e-12
4950.056 2.804765681999974e-12
5000.056 9.896051472599894e-13
5050.056 4.159790919999986e-13
5100.056 3.4506689491999945e-13
5150.056 3.081305628499982e-13
5200.056 2.7495908222999985e-13
5250.056 2.3998032015999957e-13
5300.056 2.089960021599997e-13
5350.056 1.847844368299998e-13
5400.056 1.6583850733999973e-13
5450.056 1.4950919954999961e-13
5500.056 1.3514303429999985e-13
5550.056 1.227858674299999e-13
5600.056 1.1165471815999979e-13
5650.056 1.0076992602799991e-13
5700.056 8.996522855599993e-14
5750.056 7.79954076419998e-14
5800.056 6.454197773399984e-14
5850.056 4.5517416707999535e-14
5900.056 1.6475203955690726e-14
5950.056 8.61131320270016e-14
6000.056 1.8219280259000047e-13
6050.056 3.51543222320004e-13
6100.056 6.443032116200054e-13
6150.056 1.1464546086000089e-12
6200.056 1.9890694140000143e-12
6250.056 3.366480907600025e-12
6300.056 5.5522661681000406e-12
6350.056 8.949775123100062e-12
6400.056 1.4095374691000077e-11
6450.056 2.1684428263000095e-11
6500.056 3.248978617400023e-11
6550.056 4.773383050100024e-11
6600.056 6.914728938900044e-11
6650.056 9.860439000800057e-11
6700.056 1.1590452648436089e-10
6750.056 1.8626977691000085e-10
6800.056 2.405146225000006e-10
6850.056 2.747771912900003e-10
6900.056 2.707868009100014e-10
6950.056 2.5206699039999975e-10
7000.056 2.5668360421000164e-10
7050.056 2.8193790563999857e-10
7100.056 3.1170829371000026e-10
7150.056 3.258534613179963e-10
7200.056 3.271730248820062e-10
7250.056 3.164224135099879e-10
7300.056 2.8843240749399925e-10
7350.056 2.573769028079965e-10
7400.056 2.2591663868000232e-10
7450.056 1.898568633400007e-10
7500.056 1.5175647716999937e-10
7550.056 1.1248339036099926e-10
7600.056 7.686686801799922e-11
7650.056 1.6641869864021124e-11
7700.056 1.0110107317048519e-11
7750.056 6.393882268900148e-11
7800.056 1.2882261652560239e-10
7850.056 2.7719816736000257e-10
7900.056 4.464195495800041e-10
7950.056 5.412230029990068e-10
8000.056 9.786727781600098e-10
8050.056 1.344721930400022e-09
8100.056 1.7383086599399976e-09
8150.056 2.2195631264299962e-09
8200.056 2.86044150204011e-09
8250.056 3.572260799590082e-09
8300.056 4.43455867949034e-09
8350.056 5.418383815529724e-09
8400.056 6.571705930859739e-09
8450.056 8.05672283039974e-09
8500.056 8.678188645419317e-09
8550.056 1.1188413723600216e-08
8600.056 1.3817410204000104e-08
8650.056 1.566822272099996e-08
8700.056 1.8365125239998914e-08
8750.056 2.130283851300052e-08
8800.056 2.471727124000078e-08
8850.056 2.8111604515999273e-08
8900.056 2.8722471613099052e-08
8950.056 2.571327265929554e-08
9000.056 3.482294389829406e-08
9050.056 4.4090247882792073e-08
9100.056 4.926518922049177e-08
9150.056 5.1508236669922616e-08
9200.056 5.8506922145570133e-08
9250.056 5.851272059674517e-08
9300.056 3.4132095394163544e-08
9350.056 4.025008941393916e-08
9400.056 5.1748528705617935e-08
9450.056 6.171667947834898e-08
9500.056 6.20199890799423e-08
9550.056 6.96464295456966e-08
9600.056 6.83801134672088e-08
9650.056 7.584507420423071e-08
9700.056 8.564914839747795e-08
9750.056 8.993552086924323e-08
9800.056 9.919190687070288e-08
9850.056 1.1168004826189984e-07
9900.056 1.1680430580178246e-07
9950.056 1.2060141214179058e-07
10000.056 1.135921783779807e-07
10050.056 1.3615314951800064e-07
10100.056 1.612102200989803e-07
10150.056 1.8204437212496842e-07
10200.056 2.0760471148798926e-07
10250.056 2.2776562738999517e-07
10300.056 2.481620182700085e-07
10350.056 2.83562446949998e-07
10400.056 3.133105640399893e-07
10450.056 3.2580436289000453e-07
10500.056 3.2327357098000393e-07
10550.056 3.2867307421001263e-07
10600.056 3.4614402878998687e-07
10650.056 3.759041498400144e-07
10700.056 3.9814547101102655e-07
10750.056 4.292194722000161e-07
10800.056 4.5724740776600277e-07
10850.056 4.7577507291596476e-07
10900.056 3.937878515649803e-07
10950.056 2.545263025582288e-07
11000.056 2.3268857483104977e-07
11050.056 2.0154274172485277e-07
11100.056 1.7186997764978037e-07
11150.056 1.3978933280786122e-07
11200.056 1.4283956529107404e-07
11250.056 1.6823960865866016e-07
11300.056 1.6321312154253525e-07
11350.056 9.49841653102585e-08
11400.056 1.243345224960759e-07
11450.056 1.3072081048460885e-07
11500.056 1.5069353325880897e-07
11550.056 1.0991856845764425e-07
11600.056 1.2101835355018762e-07
11650.056 1.3306039145150844e-07
11700.056 1.1374694517716486e-07
11750.056 8.984934409452012e-08
11800.056 1.3180672767157063e-07
11850.056 1.8757868407498407e-07
11900.056 2.0583087767909526e-07
11950.056 2.673411342263907e-07
12000.056 3.01792140687997e-07
12050.056 3.507965908914718e-07
12100.056 3.896608006129941e-07
12150.056 4.457822423869633e-07
12200.056 5.008026845369068e-07
12250.056 5.512272905228649e-07
12300.056 6.132840404160717e-07
12350.056 6.442709908450326e-07
12400.056 6.604718872399795e-07
12450.056 5.926786164800411e-07
12500.056 6.407330695099908e-07
12550.056 6.80937275290066e-07
12600.056 8.659988913000361e-07
12650.056 8.62635600747994e-07
12700.056 9.017347292401543e-07
12750.056 8.880130613140561e-07
12800.056 9.154893441820513e-07
12850.056 8.182896215492259e-07
12900.056 7.48517213605627e-07
12950.056 7.739656951714518e-07
13000.056 7.418353606132326e-07
13050.056 7.160400993820447e-07
13100.056 6.706924738317831e-07
13150.056 5.891978873281048e-07
13200.056 5.297925815607233e-07
13250.056 4.275408234476362e-07
13300.056 2.49803666767851e-07
13350.056 9.00831106476857e-08
13400.056 6.608733526122455e-08
13450.056 4.536067497450794e-08
13500.056 3.778221149270352e-08
13550.056 3.119661356044007e-08
13600.056 2.302460956395316e-08
13650.056 3.734066557270565e-08
13700.056 3.163361890208321e-08
13750.056 3.176544248407261e-08
13800.056 3.7399380308443784e-08
13850.056 3.394921755319375e-08
13900.056 3.5323692137516296e-08
13950.056 3.308218960021769e-08
14000.056 3.155436492054794e-08
14050.056 3.4265992614501507e-08
14100.056 3.050344736111173e-08
14150.056 3.700717938143556e-08
14200.056 3.156812639779197e-08
14250.056 3.2657961870646106e-08
14300.056 4.1348962785788425e-08
14350.056 4.090785242571154e-08
14400.056 4.655533483769863e-08
14450.056 4.8866178557048524e-08
14500.056 6.812878909275626e-08
14550.056 7.418831833047688e-08
14600.056 8.566894311916178e-08
14650.056 8.866512176423546e-08
14700.056 7.87078374590107e-08
14750.056 9.125533340364963e-08
14800.056 1.0760583735434381e-07
14850.056 1.1734555690923338e-07
14900.056 1.2059742393810127e-07
14950.056 1.2786220116797793e-07
15000.056 1.3690933766140182e-07
15050.056 1.590167757975576e-07
15100.056 1.7373962673172163e-07
15150.056 1.9368960219070578e-07
15200.056 1.9324608866212866e-07
15250.056 2.1663660516727964e-07
15300.056 2.401556503766749e-07
15350.056 2.6115979683176856e-07
15400.056 2.903624141658142e-07
15450.056 3.1699571505483206e-07
15500.056 3.319444964269571e-07
15550.056 3.699343663629799e-07
15600.056 3.568045440220213e-07
15650.056 3.9225229953204343e-07
15700.056 4.5431044740217143e-07
15750.056 4.968395406839775e-07
15800.056 4.7677035956213403e-07
15850.056 5.435664699639438e-07
15900.056 5.458541102630672e-07
15950.056 5.864521404998924e-07
16000.056 5.615121478960015e-07
16050.056 5.104827773470067e-07
16100.056 4.836715620109937e-07
16150.056 4.241363512058083e-07
16200.056 3.741097834272493e-07
16250.056 3.6791349120812126e-07
16300.056 3.35828129374386e-07
16350.056 3.647785913186601e-07
16400.056 4.1743387214610145e-07
16450.056 4.392781831608217e-07
16500.056 4.773051905413853e-07
16550.056 4.620491916795172e-07
16600.056 4.460840429412941e-07
16650.056 4.16461693367074e-07
16700.056 2.5553553505830543e-07
16750.056 2.938020243265819e-07
16800.056 4.14422711230689e-07
16850.056 4.1245605856848497e-07
16900.056 3.781587918603496e-07
16950.056 3.2938170765940996e-07
17000.056 2.708490057350477e-07
17050.056 3.326683198654951e-07
17100.056 3.402910780678646e-07
17150.056 2.755273950323503e-07
17200.056 3.0512334609020354e-07
17250.056 2.663397188163325e-07
17300.056 2.307752727607043e-07
17350.056 2.0345279805838582e-07
17400.056 2.2062610884765692e-07
17450.056 2.0855843788095834e-07
17500.056 2.182542700662667e-07
17550.056 2.1010518475331428e-07
17600.056 1.939412977724609e-07
17650.056 1.9059689256457067e-07
17700.056 1.4373159587391634e-07
17750.056 1.3512447220863777e-07
17800.056 1.6836872553753714e-07
17850.056 1.2772881016172677e-07
17900.056 1.236963147871605e-07
17950.056 1.1263760119280046e-07
18000.056 1.1839115909239898e-07
18050.056 1.159522945976198e-07
18100.056 1.171669185309734e-07
18150.056 1.4677464850385782e-07
18200.056 1.0185024207235017e-07
18250.056 1.5723045937670645e-07
18300.056 1.321977969898093e-07
18350.056 1.1501551879364392e-07
18400.056 1.1647257494264068e-07
18450.056 1.1531426166474446e-07
18500.056 1.2490828709475882e-07
18550.056 1.1124537482450373e-07
18600.056 9.473531251426191e-08
18650.056 1.0309592625762893e-07
18700.056 1.0912485204482932e-07
18750.056 1.1728094816381847e-07
18800.056 1.4715859092727788e-07
18850.056 1.6935045554897995e-07
18900.056 1.6454207972434844e-07
18950.056 1.963350937140613e-07
19000.056 1.855557952814977e-07
19050.056 1.6446375050346416e-07
19100.056 2.0739885070083377e-07
19150.056 1.9235660686342958e-07
19200.056 2.0558913730001663e-07
19250.056 1.8361155670567974e-07
19300.056 1.8790630794603793e-07
19350.056 1.6686318101142883e-07
19400.056 1.3565916483258778e-07
19450.056 1.8759143647162987e-07
19500.056 1.8606525357022436e-07
19550.056 1.4353090310408884e-07
19600.056 1.832851467113334e-07
19650.056 1.93398958273009e-07
19700.056 1.982216399204823e-07
19750.056 1.9242083000360698e-07
19800.056 2.0563512631298607e-07
19850.056 2.3305317485722835e-07
19900.056 1.926269653349605e-07
19950.056 2.593279453953176e-07
20000.056 2.2969985866681402e-07
20050.056 2.556578315793271e-07
20100.056 2.773596080049375e-07
20150.056 2.851376135841933e-07
20200.056 3.064987812638541e-07
20250.056 3.3632016372166163e-07
20300.056 3.3386195742600236e-07
20350.056 3.7243375172630424e-07
20400.056 3.652494537874766e-07
20450.056 4.0894698424291257e-07
20500.056 4.242347390944909e-07
20550.056 4.2349745514799813e-07
20600.056 4.805935807941298e-07
20650.056 4.718884209111612e-07
20700.056 4.918193783211057e-07
20750.056 5.17331226630921e-07
20800.056 5.384446043450207e-07
20850.056 5.243096562029546e-07
20900.056 5.556680013278653e-07
20950.056 5.55971237337958e-07
21000.056 5.712902099500588e-07
21050.056 5.715027309439918e-07
21100.056 5.585986049330248e-07
21150.056 5.884569600319301e-07
21200.056 5.56261314867001e-07
21250.056 5.696545532238993e-07
21300.056 5.132593997598754e-07
21350.056 5.461871672217764e-07
21400.056 5.049179760147888e-07
21450.056 5.203495217886761e-07
21500.056 4.752011950536986e-07
21550.056 4.5493048954745183e-07
21600.056 4.2910758302745353e-07
21650.056 3.9091970643022455e-07
21700.056 4.0257315773498473e-07
21750.056 3.512493914269258e-07
21800.056 3.1266085015739874e-07
21850.056 2.8453783562900514e-07
21900.056 2.3234286906432011e-07
21950.056 1.6175757233376962e-07
22000.056 8.60569946532141e-08
22050.056 5.502340694091363e-08
22100.056 7.184898260687743e-08
22150.056 1.0334406693837672e-07
22200.056 1.1823315702300326e-07
22250.056 1.0956073060940451e-07
22300.056 9.533454942359472e-08
22350.056 8.865411866387086e-08
22400.056 7.095910866632593e-08
22450.056 6.021393048066328e-08
22500.056 5.8217688635535066e-08
22550.056 4.875541088345331e-08
22600.056 5.077414067415298e-08
22650.056 5.067176152540919e-08
22700.056 4.551223215288376e-08
22750.056 4.675132635862503e-08
22800.056 4.0434946868076336e-08
22850.056 3.587623449432335e-08
22900.056 3.208072868728226e-08
22950.056 2.9575605324291017e-08
23000.056 3.6021516327299646e-08
23050.056 4.7583523354693863e-08
23100.056 6.906641584811576e-08
23150.056 7.911589048350387e-08
23200.056 3.038644996780365e-08
23250.056 3.0869310391107964e-08
23300.056 2.672958842301322e-08
23350.056 2.6019053166996063e-08
23400.056 2.8495382438309964e-08
23450.056 2.934712817909766e-08
23500.056 3.2566304003016985e-08
23550.056 3.9514571187410955e-08
23600.056 4.4227208794194896e-08
23650.056 5.5329903323190045e-08
23700.056 4.076755511719404e-08
23750.056 3.273841635510479e-08
23800.056 2.996639221660228e-08
23850.056 3.529711091779824e-08
23900.056 5.039496177960339e-08
23950.056 5.8997377067319465e-08
24000.056 6.190381376668468e-08
24050.056 7.662450789167252e-08
24100.056 7.122029592096795e-08
24150.056 7.888753745972917e-08
24200.056 8.08474558709613e-08
24250.056 7.071458583259003e-08
24300.056 8.069367638852976e-08
24350.056 6.934498562997746e-08
24400.056 8.712752650945391e-08
24450.056 8.458423488412621e-08
24500.056 8.692146237145636e-08
24550.056 9.90580577998458e-08
24600.056 1.0243082833980316e-07
24650.056 1.2012791116100645e-07
24700.056 9.844585328634868e-08
24750.056 1.0813879794843982e-07
24800.056 1.1046380471421336e-07
24850.056 1.3512831549482854e-07
24900.056 1.0190855940998337e-07
24950.056 1.4269064178211516e-07
25000.056 1.3268407547374162e-07
25050.056 1.0657518787520909e-07
25100.056 1.3413105512498576e-07
25150.056 1.0666925841377338e-07
25200.056 1.2753270282062308e-07
25250.056 1.093324990902122e-07
25300.056 1.365101758024065e-07
25350.056 1.0013058083710437e-07
25400.056 1.3825542005363556e-07
25450.056 1.040590071538741e-07
25500.056 1.0576587977561888e-07
25550.056 1.0594527730796957e-07
25600.056 9.946842608169457e-08
25650.056 8.666439467088971e-08
25700.056 1.247482361520498e-07
25750.056 7.745297940493267e-08
25800.056 1.2053495876681802e-07
25850.056 8.628607648638188e-08
25900.056 1.0318858220155026e-07
25950.056 8.061464092503028e-08
26000.056 1.3133076344674867e-07
26050.056 1.1344251547394587e-07
26100.056 1.2927289491737976e-07
26150.056 1.1493023047620883e-07
26200.056 1.229111072131037e-07
26250.056 1.457963218044503e-07
26300.056 1.2831036282372753e-07
26350.056 1.6579751086975427e-07
26400.056 1.6905609812246719e-07
26450.056 1.7766244074594438e-07
26500.056 1.8589277348843004e-07
26550.056 1.4518866360641128e-07
26600.056 1.8613764152577613e-07
26650.056 1.1892703385149615e-07
26700.056 1.1965907242272383e-07
26750.056 9.297783346646143e-08
26800.056 1.2877936655317305e-07
26850.056 8.8397342346397e-08
26900.056 1.4353000808652425e-07
26950.056 9.140522927716723e-08
27000.056 1.51459878682336e-07
27050.056 1.2505411757202256e-07
27100.056 1.1828325919687136e-07
27150.056 1.5727035758642622e-07
27200.056 1.301775696664438e-07
27250.056 1.3626612159676613e-07
27300.056 1.9698900387171305e-07
27350.056 1.739301514738598e-07
27400.056 1.071224031117791e-07
27450.056 2.1362697608722012e-07
27500.056 1.9654739639801906e-07
27550.056 1.4133339642367894e-07
27600.056 2.0865854935706827e-07
27650.056 1.322292317976833e-07
27700.056 1.1908593656712573e-07
27750.056 2.04220035925542e-07
27800.056 1.2514512859776353e-07
27850.056 1.436369596345915e-07
27900.056 1.548051421550299e-07
27950.056 2.0944399966799642e-07
28000.056 1.851729111902583e-07
28050.056 1.0813862629032599e-07
28100.056 2.2132096837524223e-07
28150.056 1.5895867397083551e-07
28200.056 1.1486719294582053e-07
28250.056 2.0296651984040938e-07
28300.056 2.459712700064007e-07
28350.056 1.3991587463795548e-07
28400.056 1.738020560657725e-07
28450.056 2.0685101416401745e-07
28500.056 1.9111654281114645e-07
28550.056 1.0887431111395154e-07
28600.056 2.3294208207484738e-07
28650.056 2.1205692816157437e-07
28700.056 1.9231901822576263e-07
28750.056 2.323819289778285e-07
28800.056 2.0954483061156108e-07
28850.056 2.3542208015143634e-07
28900.056 1.5593778348879162e-07
28950.056 2.6218489584031376e-07
29000.056 2.1346977166415002e-07
29050.056 2.2496740178645368e-07
29100.056 1.7616921814773688e-07
29150.056 2.596113036488902e-07
29200.056 2.0906664697173723e-07
29250.056 2.672627625087102e-07
29300.056 1.920609349176032e-07
29350.056 3.3175852151860263e-07
29400.056 2.3070252130745256e-07
29450.056 2.5054394342047523e-07
29500.056 2.587493614186668e-07
29550.056 2.4660903293429406e-07
29600.056 2.759972713306035e-07
29650.056 2.6301841053135974e-07
29700.056 2.1826078224369366e-07
29750.056 2.791689446282144e-07
29800.056 2.917626511091623e-07
29850.056 2.871335208549545e-07
29900.056 2.6614398604073475e-07
29950.056 2.921794292540313e-07
30000.056 2.813371362651873e-07
30050.056 2.5698057308298226e-07
30100.056 2.3708856337390783e-07
30150.056 3.164489259429813e-07
30200.056 2.5568616682899284e-07
30250.056 3.0640634237907125e-07
30300.056 2.632404407480024e-07
30350.056 2.4204216076601574e-07
30400.056 2.7673639460700263e-07
30450.056 2.227713559267365e-07
30500.056 1.8066577652902384e-07
30550.056 1.9293408300601228e-07
30600.056 2.0485014230099003e-07
30650.056 1.7954188957095492e-07
30700.056 1.78811257914178e-07
30750.056 1.6398869823997922e-07
30800.056 1.4565764099602833e-07
30850.056 1.3086772984995196e-07
30900.056 1.3429576635997357e-07
30950.056 1.1604684361533117e-07
31000.056 1.0423355626800239e-07
31050.056 1.1272589728201091e-07
31100.056 8.847370869368996e-08
31150.056 9.569049190799441e-08
31200.056 1.0464935955401601e-07
31250.056 7.932169383798481e-08
31300.056 7.983539584009014e-08
31350.056 7.601018489960076e-08
31400.056 6.558917295200327e-08
31450.056 6.621023880598893e-08
31500.056 5.873268367188312e-08
31550.056 6.258409118639802e-08
31600.056 5.359787471849628e-08
31650.056 5.0743581807800144e-08
31700.056 5.024120676399028e-08
31750.056 4.5459665135617665e-08
31800.056 5.2603399550991024e-08
31850.056 4.8474756921006344e-08
31900.056 5.317385732999666e-08
31950.056 3.8897616858604594e-08
32000.056 4.6993942590493275e-08
32050.056 4.925265131410161e-08
32100.056 4.9942910905310406e-08
32150.056 5.03239068609917e-08
32200.056 4.6244262715700255e-08
32250.056 5.519516463700588e-08
32300.056 4.660634615500086e-08
32350.056 5.8344457498990696e-08
32400.056 4.522372410199272e-08
32450.056 5.610092535717999e-08
32500.056 5.594131000960696e-08
32550.056 5.2371782092195074e-08
32600.056 5.8890466685401164e-08
32650.056 7.56170348759886e-08
32700.056 6.85512459990112e-08
32750.056 7.337087168000567e-08
32800.056 7.028357881540666e-08
32850.056 7.527106633598594e-08
32900.056 8.392077465779087e-08
32950.056 8.536762706799042e-08
33000.056 7.402721804797644e-08
33050.056 6.68964612010297e-08
33100.056 4.546017931699641e-08
33150.056 3.272287269220138e-08
33200.056 2.4647154649298302e-08
33250.056 1.6681202045996272e-08
33300.056 1.6611738593002263e-08
33350.056 2.101802763000006e-08
33400.056 2.5937926841993978e-08
33450.056 3.251531844199902e-08
33500.056 4.316072325001311e-08
33550.056 4.559356104001337e-08
33600.056 5.943245938399326e-08
33650.056 6.309811865599525e-08
33700.056 5.860288008799006e-08
33750.056 7.361689095600687e-08
33800.056 7.24462794679989e-08
33850.056 7.790938103699041e-08
33900.056 6.723526571699879e-08
33950.056 6.692626556899659e-08
34000.056 7.77399154050187e-08
34050.056 5.980792592997809e-08
34100.056 7.80323110319879e-08
34150.056 7.116122042599557e-08
34200.056 6.449981148297883e-08
34250.056 7.034568808796755e-08
34300.056 6.546718322396588e-08
34350.056 5.644095829299961e-08
34400.056 5.717329948599482e-08
34450.056 6.77492975009908e-08
34500.056 6.469715607300045e-08
34550.056 6.217054488100213e-08
34600.056 7.63404545609974e-08
34650.056 6.857941367199503e-08
34700.056 6.867160006499595e-08
34750.056 7.169229321698497e-08
34800.056 6.937523708198706e-08
34850.056 6.727796807801714e-08
34900.056 7.808003657498217e-08
34950.056 7.622902160398559e-08
35000.056 9.56508439100232e-08
35050.056 7.230416377798782e-08
35100.056 8.148949844200366e-08
35150.056 8.105239717100338e-08
35200.056 8.775561792699649e-08
35250.056 1.0054814814897968e-07
35300.056 9.137557224201745e-08
35350.056 8.551631388097629e-08
35400.056 9.259481761801631e-08
35450.056 7.185878321502793e-08
35500.056 1.0888506884900662e-07
35550.056 1.0899384279298413e-07
35600.056 9.625678531503327e-08
35650.056 1.0703928115599633e-07
35700.056 1.0022032522699334e-07
35750.056 1.156419421919832e-07
35800.056 1.4807459789900205e-07
35850.056 1.06077778797987e-07
35900.056 1.311572960399958e-07
35950.056 1.2356544941698693e-07
36000.056 1.2717091801102327e-07
36050.056 1.235016737989763e-07
36100.056 1.3227112405792465e-07
36150.056 1.3208223644197966e-07
36200.056 1.421407861949759e-07
36250.056 1.3941771449196084e-07
36300.056 1.4999012908701098e-07
36350.056 1.487466850100009e-07
36400.056 1.4750421119999482e-07
36450.056 1.7076838869501045e-07
36500.056 1.7668572902098198e-07
36550.056 1.7911249483404763e-07
36600.056 1.9977200708001044e-07
36650.056 2.0192419670795805e-07
36700.056 2.147717381769807e-07
36750.056 2.262614874390867e-07
36800.056 2.2802875195599498e-07
36850.056 2.3069613574094692e-07
36900.056 2.289058720869756e-07
36950.056 2.6619852023397387e-07
37000.056 2.629794550739916e-07
37050.056 2.5653326759597643e-07
37100.056 2.896912029749915e-07
37150.056 2.5230410932801746e-07
37200.056 2.858119555469952e-07
37250.056 3.005946387679533e-07
37300.056 2.713665529329038e-07
37350.056 2.702847228430583e-07
37400.056 3.6457405094999204e-07
37450.056 3.1659282828803487e-07
37500.056 3.140796777549521e-07
37550.056 3.547712697301431e-07
37600.056 3.761023004600129e-07
37650.056 3.2571615062799117e-07
37700.056 4.139898494760479e-07
37750.056 3.474350838700017e-07
37800.056 3.6582520595622016e-07
37850.056 3.2539372906201547e-07
37900.056 3.3756571972412773e-07
37950.056 3.638503474619336e-07
38000.056 4.355826499540162e-07
38050.056 4.342105612120801e-07
38100.056 3.9264591333608045e-07
38150.056 4.7071906228997306e-07
38200.056 4.874589813680983e-07
38250.056 4.587476772210336e-07
38300.056 5.338353769399467e-07
38350.056 5.602614420800246e-07
38400.056 4.479217396788825e-07
38450.056 4.973390294519667e-07
38500.056 4.0079073365110463e-07
38550.056 5.190875442300551e-07
38600.056 5.468891076220035e-07
38650.056 5.191401263199558e-07
38700.056 5.579909281499859e-07
38750.056 5.873286518300155e-07
38800.056 5.208637881997436e-07
38850.056 5.144931281800286e-07
38900.056 5.968149640800634e-07
38950.056 5.850444080759651e-07
39000.056 6.030433257899906e-07
39050.056 5.908116473599191e-07
39100.056 5.870745727800995e-07
39150.056 5.978331326099956e-07
39200.056 6.371049406559792e-07
39250.056 6.703929954198347e-07
39300.056 6.026486123397591e-07
39350.056 6.931156261600488e-07
39400.056 6.714411779800962e-07
39450.056 6.663227559499663e-07
39500.056 6.243407501400814e-07
39550.056 6.76635162492055e-07
39600.056 7.073101769397735e-07
39650.056 7.097173210699982e-07
39700.056 7.061710480399928e-07
39750.056 6.468654358660648e-07
39800.056 7.009034794398204e-07
39850.056 7.595055716599719e-07
39900.056 7.39902177080073e-07
39950.056 7.447947416898191e-07
40000.056 7.873467111401145e-07
40050.056 7.500908837400397e-07
40100.056 7.544490634920076e-07
40150.056 7.799645775698996e-07
40200.056 7.883499397897961e-07
40250.056 7.278205728398062e-07
40300.056 7.340969032800786e-07
40350.056 7.978287351500769e-07
40400.056 8.335001020019856e-07
40450.056 8.174161258601497e-07
40500.056 7.776398361500873e-07
40550.056 8.405569128719049e-07
40600.056 7.634337879401124e-07
40650.056 7.662426366908622e-07
40700.056 8.982023583999849e-07
40750.056 7.879956651297868e-07
40800.056 7.132036063297965e-07
40850.056 8.189293716801679e-07
40900.056 7.920461732280368e-07
40950.056 7.812399928100111e-07
41000.056 8.050394012700461e-07
41050.056 8.613695289499118e-07
41100.056 7.648216410099925e-07
41150.056 7.151334288179294e-07
41200.056 8.208141223399472e-07
41250.056 7.77065754459988e-07
41300.056 6.928230317498238e-07
41350.056 8.673648119000827e-07
41400.056 8.075031759201427e-07
41450.056 8.130152050702084e-07
41500.056 7.566747064729636e-07
41550.056 7.63045855132048e-07
41600.056 8.425291582190591e-07
41650.056 7.964703123900987e-07
41700.056 7.24623042079811e-07
41750.056 7.168257670999476e-07
41800.056 7.166469671599513e-07
41850.056 5.765285206100399e-07
41900.056 6.453746602339603e-07
41950.056 5.521820208901497e-07
42000.056 5.48654069960089e-07
42050.056 4.968717433899178e-07
42100.056 5.875670047300509e-07
42150.056 4.5191722288786086e-07
42200.056 4.589710048970037e-07
42250.056 4.563724105949571e-07
42300.056 4.025338107820314e-07
42350.056 4.836643343301062e-07
42400.056 4.1241275715009585e-07
42450.056 3.968663464500266e-07
42500.056 4.083889201100147e-07
42550.056 4.0828730078997793e-07
42600.056 3.8887062872910417e-07
42650.056 3.6838462757990265e-07
42700.056 3.975009984041073e-07
42750.056 3.759764167599609e-07
42800.056 3.638785276121285e-07
42850.056 4.0954234054987157e-07
42900.056 4.0270391069603706e-07
42950.056 3.9176817420983183e-07
43000.056 3.94276160765999e-07
43050.056 3.5633568143416355e-07
43100.056 4.0206379908003874e-07
43150.056 3.833039082900681e-07
43200.056 4.20998988010053e-07
43250.056 4.025291130199057e-07
43300.056 4.178554880900115e-07
43350.056 3.928609922399781e-07
43400.056 3.9843383812999727e-07
43450.056 3.9202156733406736e-07
43500.056 3.758104991699696e-07
43550.056 4.0713415864203786e-07
43600.056 4.2219386596201946e-07
43650.056 3.924978751240525e-07
43700.056 4.092626048598808e-07
43750.056 4.0639190081011606e-07
43800.056 3.798724485800041e-07
43850.056 4.012728073100783e-07
43900.056 4.129461071699573e-07
43950.056 3.724711451000562e-07
44000.056 3.732256547600559e-07
44050.056 4.178159795000534e-07
44100.056 4.3143858032003805e-07
44150.056 4.1512683650988487e-07
44200.056 4.109739820299756e-07
44250.056 4.105672562400079e-07
44300.056 3.9739093183305513e-07
44350.056 3.917490405920438e-07
44400.056 4.1936553366299246e-07
44450.056 4.269205367399852e-07
44500.056 4.4997445517003717e-07
44550.056 4.405516971599349e-07
44600.056 4.2066036965804626e-07
44650.056 4.475062135500734e-07
44700.056 4.070284245900115e-07
44750.056 4.4822122571997416e-07
44800.056 4.518252487500027e-07
44850.056 4.3948778945007974e-07
44900.056 4.1194988774403553e-07
44950.056 4.198284658040222e-07
45000.056 4.452274409199686e-07
45050.056 4.465565369499894e-07
45100.056 4.575474923099892e-07
45150.056 4.366497808369783e-07
45200.056 4.073506840000288e-07
45250.056 4.226592413299248e-07
45300.056 4.2988429421003357e-07
45350.056 4.415201997099566e-07
45400.056 4.5058827647203675e-07
45450.056 4.1652439506792985e-07
45500.056 4.33789258269978e-07
45550.056 4.6812475451994437e-07
45600.056 4.4688136927000396e-07
45650.056 3.9456990883291963e-07
45700.056 4.5349343702306047e-07
45750.056 4.087060575589935e-07
45800.056 4.312756050099912e-07
45850.056 4.906074603999761e-07
45900.056 4.884781495800255e-07
45950.056 4.2354479912001185e-07
46000.056 4.801173920920157e-07
46050.056 4.6410652516505277e-07
46100.056 4.31280625970024e-07
46150.056 4.5227317664998237e-07
46200.056 4.613993155000878e-07
46250.056 3.966181711209733e-07
46300.056 4.911494053119804e-07
46350.056 4.3716173877997884e-07
46400.056 4.467060155899853e-07
46450.056 4.6159010947004713e-07
46500.056 4.254612032900057e-07
46550.056 4.991516383799764e-07
46600.056 4.774019075740108e-07
46650.056 5.960611209899051e-07
46700.056 5.405372273101442e-07
46750.056 4.3016955777798867e-07
46800.056 4.496598865600484e-07
46850.056 5.324871017400793e-07
46900.056 5.032083669099248e-07
46950.056 5.418216547800169e-07
47000.056 4.611365724699987e-07
47050.056 5.288712492298706e-07
47100.056 4.1266448495805557e-07
47150.056 4.53427824940034e-07
47200.056 5.00410634396056e-07
47250.056 4.425332041799843e-07
47300.056 4.2981037367693103e-07
47350.056 4.4261172176994243e-07
47400.056 5.104513685499293e-07
47450.056 4.4504845854500455e-07
47500.056 5.17606503819926e-07
47550.056 4.520202792519701e-07
47600.056 4.965065569099559e-07
47650.056 3.9027053588191233e-07
47700.056 5.104504083490889e-07
47750.056 3.6420254773904463e-07
47800.056 4.928550997499634e-07
47850.056 3.8147767848994677e-07
47900.056 4.737472497599862e-07
47950.056 3.929930629200346e-07
48000.056 5.469365149400366e-07
48050.056 4.5663271080003746e-07
48100.056 4.591532525600016e-07
48150.056 4.4646562435005326e-07
48200.056 4.928685535100438e-07
48250.056 4.2921246731000386e-07
48300.056 5.294304045798534e-07
48350.056 3.932149661800114e-07
48400.056 4.3757967370997355e-07
48450.056 4.2753486462007077e-07
48500.056 5.504381627199917e-07
48550.056 4.0268816944401027e-07
48600.056 4.974146459099861e-07
48650.056 4.313231982699694e-07
48700.056 4.877933650600236e-07
48750.056 3.6984840464207276e-07
48800.056 5.693814400900056e-07
48850.056 4.02736491674921e-07
48900.056 5.315400538500301e-07
48950.056 4.803779651100403e-07
49000.056 4.0512784585390836e-07
49050.056 5.033405394400011e-07
49100.056 4.6478970020004625e-07
49150.056 4.841160494839929e-07
49200.056 4.775473114400076e-07
49250.056 5.068022865100388e-07
49300.056 4.382030647599804e-07
49350.056 4.235846406970277e-07
49400.056 5.025126708700024e-07
49450.056 4.542034534151241e-07
49500.056 4.5074549302997284e-07
49550.056 3.754708769700182e-07
49600.056 4.4843061403809134e-07
49650.056 4.6777388210998025e-07
49700.056 4.178189381639111e-07
49750.056 5.550872083999013e-07
49800.056 4.4775481914802063e-07
49850.056 5.764181140300897e-07
49900.056 4.5953385784001623e-07
49950.056 4.899767973099395e-07
50000.056 4.7678778197992905e-07
50050.056 5.008230485200189e-07
50100.056 4.968855234799808e-07
50150.056 3.989066156899889e-07
50200.056 3.280100714120027e-07
50250.056 4.93107536179966e-07
50300.056 4.4167867488999544e-07
50350.056 5.550959247400112e-07
50400.056 4.7076028645997314e-07
50450.056 4.425935970780808e-07
50500.056 5.3430424482007e-07
50550.056 4.6668441504001105e-07
50600.056 4.866776958999501e-07
50650.056 5.064200627200956e-07
50700.056 5.465060916898503e-07
50750.056 5.426799035420807e-07
50800.056 3.866014048989512e-07
50850.056 4.303989803600923e-07
50900.056 5.44740346419995e-07
50950.056 4.896770927501165e-07
51000.056 5.707547319140647e-07
51050.056 4.5042251486002907e-07
51100.056 3.8848128881495397e-07
51150.056 4.796441098959407e-07
51200.056 5.455884230499841e-07
51250.056 4.920344015629153e-07
51300.056 4.2595399354119106e-07
51350.056 4.457751748499573e-07
51400.056 3.6448820961095403e-07
51450.056 3.088884048829186e-07
51500.056 3.86311908227072e-07
51550.056 5.734011071600625e-07
51600.056 4.172947548620534e-07
51650.056 4.5273736428994016e-07
51700.056 4.4928621938287797e-07
51750.056 3.8730060184504024e-07
51800.056 4.995326943598663e-07
51850.056 4.920756747999759e-07
51900.056 5.644155093401285e-07
51950.056 5.004031100499501e-07
52000.056 3.4167831917398175e-07
52050.056 4.5955255481801154e-07
52100.056 3.8904893488993835e-07
52150.056 3.8672415909601924e-07
52200.056 3.623047747039745e-07
52250.056 4.1407037229002564e-07
52300.056 5.253709900099696e-07
52350.056 4.904302293240336e-07
52400.056 3.5224947855903323e-07
52450.056 4.601371665700242e-07
52500.056 4.883719039799029e-07
52550.056 5.047968047498636e-07
52600.056 4.45479481380077e-07
52650.056 4.825981451951142e-07
52700.056 4.389751897100037e-07
52750.056 3.493545901619733e-07
52800.056 4.07178354980041e-07
52850.056 3.9867378624991525e-07
52900.056 4.146401955660424e-07
52950.056 4.2340749491196715e-07
53000.056 4.90568723720975e-07
53050.056 3.644102670708725e-07
53100.056 3.8008777693991264e-07
53150.056 5.34880491500041e-07
53200.056 3.343324068229994e-07
53250.056 5.19719237090027e-07
53300.056 4.952556069652355e-07
53350.056 4.911237423099542e-07
53400.056 4.9369429157005e-07
53450.056 3.6613680631003087e-07
53500.056 2.8988892092091816e-07
53550.056 3.9009421350191605e-07
53600.056 4.5628068085508107e-07
53650.056 3.791914084939857e-07
53700.056 3.792177466180882e-07
53750.056 3.8609562359004156e-07
53800.056 3.8889673632009e-07
53850.056 4.7305952406984173e-07
53900.056 3.431078578480928e-07
53950.056 4.873699194399576e-07
54000.056 4.007585353750287e-07
54050.056 4.0459020148205904e-07
54100.056 2.8477380482593437e-07
54150.056 3.459401224330733e-07
54200.056 2.5035029959398957e-07
54250.056 3.1055043744002725e-07
54300.056 3.0135475264200456e-07
54350.056 3.7929580093089485e-07
54400.056 4.2507101248992756e-07
54450.056 3.9751464670595943e-07
54500.056 3.693054833800132e-07
54550.056 3.34913424160002e-07
54600.056 3.746350940899752e-07
54650.056 3.0178146610895566e-07
54700.056 4.100174784599715e-07
54750.056 4.227323746170514e-07
54800.056 3.0560365802999483e-07
54850.056 3.4633466761399877e-07
54900.056 4.1612585385004955e-07
54950.056 4.4030938078994566e-07
55000.056 3.470506755699539e-07
55050.056 3.9249614039996e-07
55100.056 3.871037108400379e-07
55150.056 3.154236082029217e-07
55200.056 3.365829168209895e-07
55250.056 3.077393406399574e-07
55300.056 3.0152241469496945e-07
55350.056 3.990017286701171e-07
55400.056 4.20677896222069e-07
55450.056 3.4087950355996624e-07
55500.056 2.420808040800568e-07
55550.056 3.207995035899449e-07
55600.056 3.402158418499662e-07
55650.056 2.7896786516595424e-07
55700.056 3.3079464978003136e-07
55750.056 3.370414609159514e-07
55800.056 2.9420216009004376e-07
55850.056 2.683293262399823e-07
55900.056 3.4765954771795807e-07
55950.056 4.458690640900003e-07
56000.056 2.972667685979301e-07
56050.056 3.343111382940122e-07
56100.056 3.768206360379951e-07
56150.056 2.9567423691003797e-07
56200.056 3.342582099059243e-07
56250.056 3.0835448947605386e-07
56300.056 3.495365663149647e-07
56350.056 3.958200363400043e-07
56400.056 2.903978995359973e-07
56450.056 2.944898827900022e-07
56500.056 2.8179340840602144e-07
56550.056 2.433396536269985e-07
56600.056 3.554780535898899e-07
56650.056 3.482732787240437e-07
56700.056 3.8782160248001e-07
56750.056 2.745831662699573e-07
56800.056 3.7053360268607515e-07
56850.056 3.1865406803698394e-07
56900.056 2.8262709759803336e-07
56950.056 3.6548304617597025e-07
57000.056 3.793483449800144e-07
57050.056 3.499996374799434e-07
57100.056 2.2099132843199437e-07
57150.056 3.1906784107108344e-07
57200.056 2.7040295989398983e-07
57250.056 2.795802643719935e-07
57300.056 3.4128904227004826e-07
57350.056 2.6093436376697705e-07
57400.056 3.569032407009599e-07
57450.056 3.396107179629485e-07
57500.056 3.580156670000978e-07
57550.056 3.656885562580671e-07
57600.056 4.083151772199315e-07
57650.056 2.1926955301401318e-07
57700.056 2.652916193820014e-07
57750.056 3.2666905511602055e-07
57800.056 2.3132260046992971e-07
57850.056 3.741910680100262e-07
57900.056 3.9020998040001033e-07
57950.056 3.8850608484998053e-07
58000.056 3.040459813939583e-07
58050.056 3.303428145199708e-07
58100.056 3.523843926800231e-07
58150.056 3.519025654899938e-07
58200.056 2.2274665402899756e-07
58250.056 2.538864803099476e-07
58300.056 2.0194424537400056e-07
58350.056 2.491219583150328e-07
58400.056 2.669167075060349e-07
58450.056 2.741576804300681e-07
58500.056 2.9811391495003403e-07
58550.056 3.4077761835003377e-07
58600.056 2.602540450489383e-07
58650.056 2.993435587159688e-07
58700.056 2.858053444959526e-07
58750.056 3.4521581192999915e-07
58800.056 1.9183020196297874e-07
58850.056 2.8995378830400674e-07
58900.056 3.2891367424997275e-07
58950.056 2.5768735041791393e-07
59000.056 3.2519089572303096e-07
59050.056 2.9928843773895384e-07
59100.056 3.904593000299734e-07
59150.056 3.5478786568396084e-07
59200.056 3.146142751599875e-07
59250.056 3.6557271864008583e-07
59300.056 3.7456393765005726e-07
59350.056 2.5349884614898837e-07
59400.056 2.4220949238097335e-07
59450.056 3.108588108610513e-07
59500.056 2.412632419089523e-07
59550.056 2.6817057439597834e-07
59600.056 3.486587682100372e-07
59650.056 3.696233245199929e-07
59700.056 2.455750290049628e-07
59750.056 3.737758806779325e-07
59800.056 3.047977559120495e-07
59850.056 3.1979969025398964e-07
59900.056 2.7342262828194865e-07
59950.056 3.0664813965007204e-07
60000.056 4.1408693936001244e-07
60050.056 3.4813571091406274e-07
60100.056 3.481124904998744e-07
60150.056 2.8770626119995517e-07
60200.056 3.50752687797951e-07
60250.056 3.23139238022065e-07
60300.056 3.1289586467994467e-07
60350.056 2.7653859569204196e-07
60400.056 3.3901343994994983e-07
60450.056 2.3882098250194943e-07
60500.056 1.976107257650151e-07
60550.056 2.974991969300192e-07
60600.056 3.3551650025001605e-07
60650.056 3.2084628873193694e-07
60700.056 2.8997640090001636e-07
60750.056 2.7742254748400186e-07
60800.056 3.274231725899665e-07
60850.056 3.669320539400626e-07
60900.056 3.5296423546013457e-07
60950.056 3.037130463810179e-07
61000.056 3.2839627042304936e-07
61050.056 3.0128648855799914e-07
61100.056 3.4146309891998245e-07
61150.056 2.3513454191097273e-07
61200.056 3.468019635200289e-07
61250.056 3.756479090399637e-07
61300.056 3.478788148000182e-07
61350.056 3.983170733699635e-07
61400.056 3.798458496699709e-07
61450.056 3.1388729833801914e-07
61500.056 3.2625999125608366e-07
61550.056 3.241318581129787e-07
61600.056 2.8846529989003923e-07
61650.056 2.9969728704995067e-07
61700.056 2.6955530799797587e-07
61750.056 3.375282878599251e-07
61800.056 3.8866201406000767e-07
61850.056 2.7601935380998467e-07
61900.056 3.73431559930102e-07
61950.056 3.4337828738007763e-07
62000.056 3.4014957837004814e-07
62050.056 3.1690684831492515e-07
62100.056 3.5347283274004486e-07
62150.056 3.3170908696606243e-07
62200.056 3.397425199399587e-07
62250.056 3.7457740757995015e-07
62300.056 3.80189067439971e-07
62350.056 3.4553126977991405e-07
62400.056 2.798495817780452e-07
62450.056 3.3274641403203873e-07
62500.056 3.548637024399661e-07
62550.056 3.6200319454000916e-07
62600.056 3.8463273736003215e-07
62650.056 3.1800697166004105e-07
62700.056 3.414402492099716e-07
62750.056 4.003054141200202e-07
62800.056 3.376027929899436e-07
62850.056 3.789671543700634e-07
62900.056 3.3364245112485616e-07
62950.056 3.586897500400507e-07
63000.056 3.378387752200402e-07
63050.056 4.049201604400365e-07
63100.056 3.875549120899479e-07
63150.056 3.1337036060696755e-07
63200.056 3.892625380599783e-07
63250.056 3.4880189538001693e-07
63300.056 3.3193326367999213e-07
63350.056 3.9231233947000197e-07
63400.056 2.9896807299399335e-07
63450.056 2.606230045100122e-07
63500.056 3.6108956854001144e-07
63550.056 3.031399400509543e-07
63600.056 3.4010011925998786e-07
63650.056 3.3500286524005135e-07
63700.056 2.801120571300024e-07
63750.056 2.8741397669998107e-07
63800.056 2.932715521699636e-07
63850.056 3.2178828718008445e-07
63900.056 2.907115327800671e-07
63950.056 3.007881517300476e-07
64000.056 3.2426963160001576e-07
64050.056 3.025139063599435e-07
64100.056 1.9187110351201224e-07
64150.056 2.2909606096996655e-07
64200.056 2.170240731330012e-07
64250.056 2.8969377913795154e-07
64300.056 2.4480031570399285e-07
64350.056 2.2016216488000254e-07
64400.056 2.779849200140148e-07
64450.056 2.547484413599936e-07
64500.056 2.1979867066497554e-07
64550.056 2.369878400139976e-07
64600.056 2.3452120028996103e-07
64650.056 2.8384132555008185e-07
64700.056 1.8523996463596545e-07
64750.056 2.142539843899819e-07
64800.056 1.904330857880365e-07
64850.056 1.9887885047600753e-07
64900.056 2.016761860769308e-07
64950.056 1.9836092842299554e-07
65000.056 2.3218205321803694e-07
65050.056 2.4034242123000236e-07
65100.056 2.3836076036799902e-07
65150.056 2.3559567640400364e-07
65200.056 2.2474865991398765e-07
65250.056 2.666986568969792e-07
65300.056 2.655921523400173e-07
65350.056 3.219282117499623e-07
65400.056 2.439521954919857e-07
65450.056 2.567087233549914e-07
65500.056 2.8264968014997376e-07
65550.056 2.336117825509742e-07
65600.056 2.695024162560963e-07
65650.056 2.5960332831399434e-07
65700.056 2.7160823806799064e-07
65750.056 2.3762462016002944e-07
65800.056 2.838909944760171e-07
65850.056 3.1488765579996814e-07
65900.056 2.2475810894603162e-07
65950.056 1.7336056606499668e-07
66000.056 2.3131836952796386e-07
66050.056 3.388232056600539e-07
66100.056 2.66317525076003e-07
66150.056 2.426084996319695e-07
66200.056 2.0623163367802707e-07
66250.056 2.3046963242598903e-07
66300.056 1.7765873188799087e-07
66350.056 1.8740339878108324e-07
66400.056 2.2569835881994572e-07
66450.056 2.922001976419737e-07
66500.056 3.4955650147003047e-07
66550.056 3.1604370919391736e-07
66600.056 2.542474746921405e-07
66650.056 2.9865428944014075e-07
66700.056 2.605069730119259e-07
66750.056 3.055951390700426e-07
66800.056 3.3218481439000827e-07
66850.056 2.3176386545714913e-07
66900.056 2.756821340921494e-07
66950.056 3.559402232400327e-07
67000.056 3.4987191360998067e-07
67050.056 2.6353069847193756e-07
67100.056 2.7784288369005327e-07
67150.056 2.407499142370017e-07
67200.056 2.871039465800796e-07
67250.056 2.6777558958398974e-07
67300.056 2.785278646620092e-07
67350.056 3.0051538667197436e-07
67400.056 3.1833237166993937e-07
67450.056 2.759841129100142e-07
67500.056 2.3453750662401596e-07
67550.056 2.729808957099961e-07
67600.056 3.531574479799844e-07
67650.056 2.901584058300905e-07
67700.056 2.6176350605589003e-07
67750.056 2.405246932729601e-07
67800.056 2.550118792498424e-07
67850.056 2.47418108585997e-07
67900.056 2.457931241199472e-07
67950.056 2.4507293330996044e-07
68000.056 2.747576047399332e-07
68050.056 3.0966422480000245e-07
68100.056 2.8924066875001327e-07
68150.056 2.4221052897294816e-07
68200.056 2.3962090187913847e-07
68250.056 2.2753274453996262e-07
68300.056 2.3506735601596706e-07
68350.056 2.1770784123895094e-07
68400.056 2.750057039829659e-07
68450.056 2.9951283282809045e-07
68500.056 2.7418204540002146e-07
68550.056 2.2593485512799292e-07
68600.056 2.63773006692013e-07
68650.056 1.992199501879954e-07
68700.056 2.3636731023003798e-07
68750.056 2.730870637400599e-07
68800.056 3.055820373199585e-07
68850.056 2.4997213630596034e-07
68900.056 3.387474099800176e-07
68950.056 3.271229226501561e-07
69000.056 2.895545557979576e-07
69050.056 2.5413963523989167e-07
69100.056 3.2853332696992487e-07
69150.056 3.5612955529999517e-07
69200.056 2.478668933660459e-07
69250.056 3.143351619799756e-07
69300.056 3.1186614013009243e-07
69350.056 2.8349632840994096e-07
69400.056 2.3692300965593524e-07
69450.056 3.267025008801014e-07
69500.056 2.9477883606396984e-07
69550.056 2.7496307287000045e-07
69600.056 1.8385907695400473e-07
69650.056 2.6252733540510174e-07
69700.056 2.903945165799669e-07
69750.056 2.420931320719912e-07
69800.056 2.666427539400122e-07
69850.056 2.98086617720111e-07
69900.056 2.8319769270000056e-07
69950.056 2.8132972610000955e-07
70000.056 2.4353062961302767e-07
70050.056 3.101415028100196e-07
70100.056 2.2392599028207333e-07
70150.056 2.5160605391992875e-07
70200.056 2.2741761657801577e-07
70250.056 2.4496208191197303e-07
70300.056 2.722531827099643e-07
70350.056 2.4967103258698925e-07
70400.056 2.666234883000338e-07
70450.056 1.9572940411000444e-07
70500.056 2.0988587560004846e-07
70550.056 2.0359722965202487e-07
70600.056 2.0539641449399413e-07
70650.056 2.5878036471003446e-07
70700.056 2.2947353001001354e-07
70750.056 2.507538260700978e-07
70800.056 2.3447080243000107e-07
70850.056 2.112791172600669e-07
70900.056 2.462639348179619e-07
70950.056 2.519364867640626e-07
71000.056 2.326289415959468e-07
71050.056 2.4823867700405255e-07
71100.056 2.0564216597006048e-07
71150.056 1.9335111903496944e-07
71200.056 2.315887904790326e-07
71250.056 2.4051463064001983e-07
71300.056 1.9369281839393e-07
71350.056 2.384546257340609e-07
71400.056 2.3633786537689548e-07
71450.056 2.0898314391302515e-07
71500.056 2.000763375299864e-07
71550.056 1.8810184715602908e-07
71600.056 2.2083577846096356e-07
71650.056 2.3282106221001311e-07
71700.056 1.941912374719782e-07
71750.056 1.7932663496996689e-07
71800.056 2.0957383368200906e-07
71850.056 2.096881551799233e-07
71900.056 2.0082823608998376e-07
71950.056 1.9812263785988766e-07
72000.056 1.8675928559802846e-07
72050.056 1.8684979478406479e-07
72100.056 1.769756952779988e-07
72150.056 2.0810684839296588e-07
72200.056 1.6632858941204627e-07
72250.056 2.1034963334002096e-07
72300.056 1.8197551861503837e-07
72350.056 1.9533007190998662e-07
72400.056 1.9246500453000732e-07
72450.056 1.7215403653394317e-07
72500.056 1.9372370023005933e-07
72550.056 1.4578888309900043e-07
72600.056 1.9180943509000383e-07
72650.056 1.7768704707001554e-07
72700.056 1.7554122254799268e-07
72750.056 1.8792431034494196e-07
72800.056 1.6222699890505267e-07
72850.056 1.61678092031009e-07
72900.056 1.9649873838999419e-07
72950.056 1.6398818808600287e-07
73000.056 1.751134711099584e-07
73050.056 1.6145188013103697e-07
73100.056 1.7792763051002637e-07
73150.056 1.8363581512995397e-07
73200.056 1.4667309409991257e-07
73250.056 1.6590865483996898e-07
73300.056 1.443978414229818e-07
73350.056 1.5674200472596555e-07
73400.056 1.72807057759971e-07
73450.056 1.5756918478697734e-07
73500.056 1.7080070172800327e-07
73550.056 1.6708979769697815e-07
73600.056 1.5680883112996956e-07
73650.056 1.5774314413600726e-07
73700.056 1.5307862867298424e-07
73750.056 1.4661059190795234e-07
73800.056 1.6343634921302617e-07
73850.056 1.5605141957593654e-07
73900.056 1.6954709021995504e-07
73950.056 1.6285487177705052e-07
74000.056 1.4316846998497982e-07
74050.056 1.792266459700194e-07
74100.056 1.7435572789795905e-07
74150.056 1.7255197674994795e-07
74200.056 1.5363186366594338e-07
74250.056 1.4318168747302536e-07
74300.056 1.5238070644798467e-07
74350.056 1.611649612000203e-07
74400.056 1.6770297967699294e-07
74450.056 1.47880047698971e-07
74500.056 1.6017906037196507e-07
74550.056 1.7409374207703316e-07
74600.056 1.4561145388604212e-07
74650.056 1.4409044464103534e-07
74700.056 1.6672417396202876e-07
74750.056 1.4652329993998623e-07
74800.056 1.6483473444804744e-07
74850.056 1.8226641978406728e-07
74900.056 1.894074199819588e-07
74950.056 1.550685793079559e-07
75000.056 1.7684106637602145e-07
75050.056 1.6164063968299596e-07
75100.056 1.8822605085704872e-07
75150.056 1.8903091719600108e-07
75200.056 1.8193000512000774e-07
75250.056 1.9447830105498333e-07
75300.056 1.841519565200117e-07
75350.056 1.7183426470499077e-07
75400.056 2.0616325893000507e-07
75450.056 1.9507887654405934e-07
75500.056 1.7559149670003345e-07
75550.056 1.7346568643000903e-07
75600.056 2.082826467900557e-07
75650.056 1.8556613604998185e-07
75700.056 2.0146565793395805e-07
75750.056 1.877309487541539e-07
75800.056 1.882820090849293e-07
75850.056 1.9788874815008012e-07
75900.056 1.9780864985002368e-07
75950.056 1.9568818279997126e-07
76000.056 1.9324147967194914e-07
76050.056 2.1123395737694472e-07
76100.056 2.036001796379714e-07
76150.056 2.1428607192994682e-07
76200.056 1.9532982924005682e-07
76250.056 2.208362978669522e-07
76300.056 2.1407296991994094e-07
76350.056 2.403737813800395e-07
76400.056 2.2460075498006693e-07
76450.056 2.3221161664006516e-07
76500.056 2.1500833966002398e-07
76550.056 1.9466555768201485e-07
76600.056 1.317464580609887e-07
76650.056 1.504825582139869e-07
76700.056 1.4105626652599367e-07
76750.056 1.481733918530289e-07
76800.056 1.7694386214204393e-07
76850.056 1.5903829992305878e-07
76900.056 1.3990645207196472e-07
76950.056 1.3225406998702444e-07
77000.056 1.3142262135301657e-07
77050.056 1.266868413979813e-07
77100.056 1.3226358858299913e-07
77150.056 1.442580855099903e-07
77200.056 1.2660649282800242e-07
77250.056 1.438418154700263e-07
77300.056 1.3962257146598587e-07
77350.056 1.2852535040299334e-07
77400.056 1.1873066798299732e-07
77450.056 1.2710125259799828e-07
77500.056 1.3664667128596946e-07
77550.056 1.4051082403800677e-07
77600.056 1.350251459269968e-07
77650.056 1.4491686385999928e-07
77700.056 1.3719998660095927e-07
77750.056 1.380677009429938e-07
77800.056 1.401196208640164e-07
77850.056 1.475034157400192e-07
77900.056 1.378850028589762e-07
77950.056 1.4920120378898907e-07
78000.056 1.4616058004000136e-07
78050.056 1.3511165816500454e-07
78100.056 1.468561222700373e-07
78150.056 1.4179759014404137e-07
78200.056 1.6646575333999443e-07
78250.056 1.5324913031999774e-07
78300.056 1.5159490793996324e-07
78350.056 1.53192893414033e-07
78400.056 1.710392019699867e-07
78450.056 1.5296969849004476e-07
78500.056 1.8360652720001578e-07
78550.056 1.6177989596796477e-07
78600.056 1.744440166400137e-07
78650.056 1.6312547212799223e-07
78700.056 1.7286727311206314e-07
78750.056 1.6999953163001882e-07
78800.056 1.7239757700996291e-07
78850.056 1.6151081527794792e-07
78900.056 1.641161856550279e-07
78950.056 1.7364989532899867e-07
79000.056 1.721578537400158e-07
79050.056 1.7417188259997985e-07
79100.056 1.8009294609998516e-07
79150.056 1.6901343786505651e-07
79200.056 1.7692465664998121e-07
79250.056 1.6789982278299353e-07
79300.056 1.801098069200214e-07
79350.056 1.8272767667704017e-07
79400.056 1.7278360803206422e-07
79450.056 1.6534822142097576e-07
79500.056 1.8564979023997415e-07
79550.056 1.9337868491907857e-07
79600.056 1.859799670440018e-07
79650.056 1.795553607199761e-07
79700.056 1.8725467305002026e-07
79750.056 1.8769729282502133e-07
79800.056 1.6205640262609002e-07
79850.056 1.984393836659994e-07
79900.056 1.9922960150998276e-07
79950.056 2.119945262899897e-07
