# %ECSV 1.0
# ---
# datatype:
# - {name: wav, unit: Angstrom, datatype: float64}
# - {name: flux_nu, unit: erg / (cm2 Hz s), datatype: float64}
# meta: {C/O: '1.00', Kzz: '1.0000E+05', Teff: '1000.', Y: '0.28', '[Fe/H]': '0.50', f_hole: '1.00', f_rain: '0.00', grav: '178.'}
# schema: astropy-2.0
wav flux_nu
4000.0559999999996 nan
4050.0559999999996 4.734640438049517e-13
4100.056 3.35646835913983e-11
4150.056 9.644350461200608e-11
4200.056 7.658323424267092e-11
4250.056 1.5122356897601958e-10
4300.056 1.8395751805501527e-10
4350.056 1.9766844957501156e-10
4400.056 2.2673925606200954e-10
4450.056 2.5682611306999846e-10
4500.056 2.5064859565001027e-10
4550.056 2.847082008934068e-10
4600.056 3.0193940111379576e-10
4650.056 2.5795287560998083e-10
4700.056 2.2974868780999646e-10
4750.056 1.167112142940014e-10
4800.056 2.944677165799937e-11
4850.056 5.97144906889992e-12
4900.056 2.231938067999984e-12
4950.056 1.0150764730099912e-12
5000.056 3.9990939843999615e-13
5050.056 1.8447660453999964e-13
5100.056 1.5740631034999984e-13
5150.056 1.4395594480999952e-13
5200.056 1.3194797332999984e-13
5250.056 1.1904789292999984e-13
5300.056 1.0758435306999991e-13
5350.056 9.882738408599991e-14
5400.056 9.214972619399984e-14
5450.056 8.646947136399986e-14
5500.056 8.14595958320001e-14
5550.056 7.709866319000002e-14
5600.056 7.296788487099987e-14
5650.056 6.845853760299995e-14
5700.056 6.334287098799998e-14
5750.056 5.667550117999989e-14
5800.056 4.78731150139999e-14
5850.056 3.378547499299963e-14
5900.056 1.1980354527268226e-14
5950.056 6.428503572000136e-14
6000.056 1.3433143726599984e-13
6050.056 2.5062778097000335e-13
6100.056 4.4066596506000376e-13
6150.056 7.499893925300057e-13
6200.056 1.2484224843000087e-12
6250.056 2.0346594442000137e-12
6300.056 3.255472780000023e-12
6350.056 5.115185505700035e-12
6400.056 7.891063695600042e-12
6450.056 1.1927428655800017e-11
6500.056 1.7644569032000103e-11
6550.056 2.5622927914000124e-11
6600.056 3.671222114600029e-11
6650.056 5.17991805960003e-11
6700.056 6.298763650209055e-11
6750.056 9.62471178960004e-11
6800.056 1.2315691774000034e-10
6850.056 1.4090115030000021e-10
6900.056 1.39742126190001e-10
6950.056 1.3084765671199986e-10
7000.056 1.338053871050011e-10
7050.056 1.4679743374799891e-10
7100.056 1.6209207566e-10
7150.056 1.6847991421299783e-10
7200.056 1.6890796829100344e-10
7250.056 1.6426854478999215e-10
7300.056 1.5093690825899937e-10
7350.056 1.3621809872199777e-10
7400.056 1.2115896615800161e-10
7450.056 1.0335843080900061e-10
7500.056 8.437677768899963e-11
7550.056 6.44893937879996e-11
7600.056 4.6538402389999597e-11
7650.056 1.1400559345173445e-11
7700.056 7.306172054514363e-12
7750.056 4.123533488700086e-11
7800.056 7.758654942648124e-11
7850.056 1.5876563893000114e-10
7900.056 2.51219979140002e-10
7950.056 3.0457859258146393e-10
8000.056 5.419428703200058e-10
8050.056 7.419723359700132e-10
8100.056 9.529988162199993e-10
8150.056 1.2097972235679953e-09
8200.056 1.5755091467600727e-09
8250.056 1.9454983297090443e-09
8300.056 2.413265522657206e-09
8350.056 2.933326139499819e-09
8400.056 3.548577377339856e-09
8450.056 4.343060644499845e-09
8500.056 4.708915664024638e-09
8550.056 6.042502120700108e-09
8600.056 7.496688798700073e-09
8650.056 8.790468226700144e-09
8700.056 1.02557441912999e-08
8750.056 1.1910119020900153e-08
8800.056 1.3688593593000241e-08
8850.056 1.5283230955999847e-08
8900.056 1.4637847092699269e-08
8950.056 1.3474237292375244e-08
9000.056 1.7302011756956617e-08
9050.056 2.3176821165449773e-08
9100.056 2.5960425472394786e-08
9150.056 2.7160139825852287e-08
9200.056 3.128498497441895e-08
9250.056 3.128067394084404e-08
9300.056 1.769902405477244e-08
9350.056 2.0944667238557356e-08
9400.056 2.739983051580746e-08
9450.056 3.2965483978262375e-08
9500.056 3.285373092676708e-08
9550.056 3.7218052080302184e-08
9600.056 3.73204782092975e-08
9650.056 4.207581192780798e-08
9700.056 4.8875165773689267e-08
9750.056 5.15684845477552e-08
9800.056 5.7313769441069844e-08
9850.056 6.487446554858991e-08
9900.056 7.265275731210803e-08
9950.056 7.70983580644955e-08
10000.056 7.53477182199876e-08
10050.056 9.13219141100007e-08
10100.056 1.077968225979878e-07
10150.056 1.2328531172698238e-07
10200.056 1.412371513479961e-07
10250.056 1.5711585556900004e-07
10300.056 1.754980815400047e-07
10350.056 2.0018548057999738e-07
10400.056 2.21587681449994e-07
10450.056 2.347987799799995e-07
10500.056 2.4168950505000607e-07
10550.056 2.51206368350008e-07
10600.056 2.647576747999878e-07
10650.056 2.858816629250115e-07
10700.056 3.0040682674801776e-07
10750.056 3.213835058260103e-07
10800.056 3.381065306260044e-07
10850.056 3.430116826069783e-07
10900.056 2.7194395713848946e-07
10950.056 1.6341804728867952e-07
11000.056 1.448719015487014e-07
11050.056 1.212134132133686e-07
11100.056 9.925780105360254e-08
11150.056 7.598624567083914e-08
11200.056 7.683686430682302e-08
11250.056 9.049235718318362e-08
11300.056 9.000197234801203e-08
11350.056 4.9658665547433116e-08
11400.056 7.240188944336763e-08
11450.056 7.108412568702917e-08
11500.056 7.680668982435018e-08
11550.056 4.913732839982061e-08
11600.056 5.462634945108369e-08
11650.056 6.663879814705167e-08
11700.056 5.974836336418902e-08
11750.056 3.842224199183456e-08
11800.056 7.159017982735039e-08
11850.056 1.043797174817694e-07
11900.056 1.1652713315680952e-07
11950.056 1.5966290902249336e-07
12000.056 1.9019726636509188e-07
12050.056 2.2783114909135106e-07
12100.056 2.6257033416499444e-07
12150.056 3.0626598861498145e-07
12200.056 3.519672208811431e-07
12250.056 3.9337854486990014e-07
12300.056 4.4515903277604897e-07
12350.056 4.71298561437023e-07
12400.056 4.944568654339859e-07
12450.056 4.4893409015403246e-07
12500.056 4.845861787649952e-07
12550.056 5.221335903900532e-07
12600.056 6.686412124520268e-07
12650.056 6.640449784399992e-07
12700.056 6.86751159854113e-07
12750.056 6.725992893650504e-07
12800.056 6.867226667150309e-07
12850.056 5.994834578620944e-07
12900.056 5.381579826123945e-07
12950.056 5.514805939391603e-07
13000.056 5.210853806003991e-07
13050.056 4.894477320831147e-07
13100.056 4.498333671421336e-07
13150.056 3.830146650139388e-07
13200.056 3.3693351117770457e-07
13250.056 2.6379899265178165e-07
13300.056 1.4377612538627448e-07
13350.056 5.078164498651992e-08
13400.056 3.7785618278201085e-08
13450.056 2.465196913420223e-08
13500.056 1.946891691259427e-08
13550.056 1.544555281475249e-08
13600.056 9.94747515963016e-09
13650.056 1.825844755259834e-08
13700.056 1.5464621874456673e-08
13750.056 1.509438029143656e-08
13800.056 1.714341579938233e-08
13850.056 1.5116792653776414e-08
13900.056 1.5889563841597975e-08
13950.056 1.4521527867437634e-08
14000.056 1.408137869808942e-08
14050.056 1.6102467078082367e-08
14100.056 1.495936561635518e-08
14150.056 1.908019058360276e-08
14200.056 1.6081341682636832e-08
14250.056 1.716218840823519e-08
14300.056 2.3061963779548677e-08
14350.056 2.335360256382985e-08
14400.056 2.691498830062836e-08
14450.056 2.8613701781766396e-08
14500.056 4.200984257815588e-08
14550.056 4.6626947022040086e-08
14600.056 5.540481290148503e-08
14650.056 5.763856536936618e-08
14700.056 5.109131785341372e-08
14750.056 6.015440208696125e-08
14800.056 7.219655057171376e-08
14850.056 7.856841004127575e-08
14900.056 8.198995202425588e-08
14950.056 8.85825751389756e-08
15000.056 9.58146392826144e-08
15050.056 1.1127451191159806e-07
15100.056 1.2313329066571587e-07
15150.056 1.3757009112211962e-07
15200.056 1.3757570041425233e-07
15250.056 1.57641045999225e-07
15300.056 1.7543027289998064e-07
15350.056 1.924678374609748e-07
15400.056 2.1529940882731328e-07
15450.056 2.3583004751622336e-07
15500.056 2.468568120069687e-07
15550.056 2.757199504979862e-07
15600.056 2.6769610286801426e-07
15650.056 2.923005034370305e-07
15700.056 3.3871578138711904e-07
15750.056 3.695009619499861e-07
15800.056 3.539004085610916e-07
15850.056 3.9973925733596774e-07
15900.056 3.9282630225803994e-07
15950.056 4.1014153440991963e-07
16000.056 3.7369941278700674e-07
16050.056 3.116731434580013e-07
16100.056 2.714292417931853e-07
16150.056 2.1741076570627278e-07
16200.056 1.7306101985307135e-07
16250.056 1.6168221608194945e-07
16300.056 1.3780300105639321e-07
16350.056 1.5177548511953184e-07
16400.056 1.8100294072448358e-07
16450.056 1.925676435340977e-07
16500.056 2.1031186900392244e-07
16550.056 2.031891529306966e-07
16600.056 1.9318905744633522e-07
16650.056 1.724096041170642e-07
16700.056 7.743686547915158e-08
16750.056 9.26287102784823e-08
16800.056 1.515375047359967e-07
16850.056 1.598646107581937e-07
16900.056 1.3636623890936727e-07
16950.056 1.1159283370632174e-07
17000.056 8.448862680906719e-08
17050.056 1.1967940199395618e-07
17100.056 1.3773077591076274e-07
17150.056 1.0398392084937838e-07
17200.056 1.35716911268521e-07
17250.056 1.1842676107716608e-07
17300.056 9.475725634859636e-08
17350.056 8.37149374646252e-08
17400.056 9.489453964277934e-08
17450.056 9.833222692061177e-08
17500.056 1.0901026707337069e-07
17550.056 1.047662574114571e-07
17600.056 9.375732210952487e-08
17650.056 9.326138507794761e-08
17700.056 6.919039600711776e-08
17750.056 6.692592522858183e-08
17800.056 9.051462909015131e-08
17850.056 6.677040547980248e-08
17900.056 6.113619932964522e-08
17950.056 5.468706831381616e-08
18000.056 6.123549211313131e-08
18050.056 6.19519935889622e-08
18100.056 6.508998543721552e-08
18150.056 8.23227246150549e-08
18200.056 5.5643887460901516e-08
18250.056 9.321914599175134e-08
18300.056 7.397618841752767e-08
18350.056 6.306085814522414e-08
18400.056 6.403297259866577e-08
18450.056 6.763208677939166e-08
18500.056 7.39140599112925e-08
18550.056 6.396669801345727e-08
18600.056 5.5264801636036866e-08
18650.056 5.9153754553520595e-08
18700.056 6.051732320034584e-08
18750.056 6.92777280293271e-08
18800.056 9.477272134863073e-08
18850.056 1.0938464171220573e-07
18900.056 1.064057671957404e-07
18950.056 1.3370168678220884e-07
19000.056 1.199632834545416e-07
19050.056 1.0251504754253662e-07
19100.056 1.384535992244237e-07
19150.056 1.2271303712368557e-07
19200.056 1.35929504462252e-07
19250.056 1.1821259950926545e-07
19300.056 1.1887941286066537e-07
19350.056 1.0470495194128517e-07
19400.056 8.240327372985998e-08
19450.056 1.2210959900859053e-07
19500.056 1.211621755403323e-07
19550.056 9.07977118536483e-08
19600.056 1.2091305290191853e-07
19650.056 1.302698886253116e-07
19700.056 1.3398940465091298e-07
19750.056 1.3332795476690051e-07
19800.056 1.4200616842588547e-07
19850.056 1.662306200653906e-07
19900.056 1.350259987013294e-07
19950.056 1.8949638728606623e-07
20000.056 1.6783160228687135e-07
20050.056 1.873718712419228e-07
20100.056 2.0703108839441403e-07
20150.056 2.1120594842672068e-07
20200.056 2.2927950577159127e-07
20250.056 2.55654593930074e-07
20300.056 2.5242487532360606e-07
20350.056 2.853698733256548e-07
20400.056 2.78275625997069e-07
20450.056 3.142825581250322e-07
20500.056 3.284748316405735e-07
20550.056 3.2631349482249624e-07
20600.056 3.7019820010950384e-07
20650.056 3.631078797001253e-07
20700.056 3.7616253132818755e-07
20750.056 3.9500357978593894e-07
20800.056 4.07305116175009e-07
20850.056 3.9399152592697096e-07
20900.056 4.1413049732688867e-07
20950.056 4.0723901873896226e-07
21000.056 4.088318428030661e-07
21050.056 4.061001214129883e-07
21100.056 3.8909553182403235e-07
21150.056 4.0389975310213546e-07
21200.056 3.747535216415995e-07
21250.056 3.703224176950151e-07
21300.056 3.2340631134832114e-07
21350.056 3.373573749534767e-07
21400.056 3.0940339988771626e-07
21450.056 3.035601369804341e-07
21500.056 2.7448420949094345e-07
21550.056 2.552054418745886e-07
21600.056 2.2841412692849343e-07
21650.056 2.015776263604028e-07
21700.056 2.0293868266739732e-07
21750.056 1.7454766006603984e-07
21800.056 1.4847247665614157e-07
21850.056 1.3235588576066817e-07
21900.056 9.869668003414564e-08
21950.056 6.224858160973331e-08
22000.056 2.7994475782469838e-08
22050.056 1.7456656051127072e-08
22100.056 2.5084770631879814e-08
22150.056 3.8132504233871556e-08
22200.056 4.531696872734134e-08
22250.056 3.9946295974851434e-08
22300.056 3.332675005994508e-08
22350.056 3.1312609300912996e-08
22400.056 2.380510759487355e-08
22450.056 2.007636291039717e-08
22500.056 1.9004296213660442e-08
22550.056 1.5673439419703917e-08
22600.056 1.6356306846547335e-08
22650.056 1.7104541722812296e-08
22700.056 1.5144736982060993e-08
22750.056 1.5819563221118945e-08
22800.056 1.3867707453540206e-08
22850.056 1.2193364602461326e-08
22900.056 1.0665687113101759e-08
22950.056 1.0095196640847021e-08
23000.056 1.2815394752439098e-08
23050.056 1.7019936252220712e-08
23100.056 2.745511758696483e-08
23150.056 3.235869513958169e-08
23200.056 9.920318744739793e-09
23250.056 1.096468060642259e-08
23300.056 9.851589872445197e-09
23350.056 9.766435403827568e-09
23400.056 1.0748147261364394e-08
23450.056 1.0646353780187643e-08
23500.056 1.1722264736988963e-08
23550.056 1.4660110144744572e-08
23600.056 1.6673169940798397e-08
23650.056 2.168188190483832e-08
23700.056 1.4808262936606582e-08
23750.056 1.1622142728839727e-08
23800.056 1.1620447528960632e-08
23850.056 1.3777743682229537e-08
23900.056 2.0351048712443078e-08
23950.056 2.3554775887659595e-08
24000.056 2.4959490203447437e-08
24050.056 3.208048728138833e-08
24100.056 3.000120734867535e-08
24150.056 3.392088410163517e-08
24200.056 3.4197596049091684e-08
24250.056 2.8930104472572554e-08
24300.056 3.450578365488266e-08
24350.056 2.937431566343821e-08
24400.056 3.859540894609634e-08
24450.056 3.852579215940825e-08
24500.056 3.9580001725260094e-08
24550.056 4.744607046642029e-08
24600.056 4.8404440822015024e-08
24650.056 5.89389441612134e-08
24700.056 4.762538116720311e-08
24750.056 5.404459206408948e-08
24800.056 5.620574797986155e-08
24850.056 7.012767728745535e-08
24900.056 5.102318511554694e-08
24950.056 7.646335747310866e-08
25000.056 7.086185648026637e-08
25050.056 5.5747370292906794e-08
25100.056 7.300273064863844e-08
25150.056 5.4613364955799605e-08
25200.056 6.86149569473016e-08
25250.056 5.460770621202098e-08
25300.056 7.31694088586951e-08
25350.056 4.911602592004252e-08
25400.056 7.564604670667596e-08
25450.056 5.076457811176363e-08
25500.056 5.110228362808841e-08
25550.056 5.399314093538942e-08
25600.056 4.73042027248949e-08
25650.056 3.896264891690103e-08
25700.056 6.267877546686208e-08
25750.056 3.3297239784265216e-08
25800.056 6.001562747569837e-08
25850.056 3.709056706893443e-08
25900.056 4.700672293772739e-08
25950.056 3.292624462454807e-08
26000.056 6.779952223780564e-08
26050.056 4.9221877319362e-08
26100.056 6.410069457752509e-08
26150.056 5.3248632519525585e-08
26200.056 6.02324897940431e-08
26250.056 7.927959903092678e-08
26300.056 6.351792156198148e-08
26350.056 9.464835050327331e-08
26400.056 9.563916624917766e-08
26450.056 1.0317912452376503e-07
26500.056 1.0959806866772148e-07
26550.056 7.535982107601855e-08
26600.056 1.0308332536228922e-07
26650.056 5.708277241763011e-08
26700.056 5.691455882617609e-08
26750.056 4.028707300124083e-08
26800.056 6.257817655219363e-08
26850.056 3.8184510062034036e-08
26900.056 7.460459004576815e-08
26950.056 4.23307858083198e-08
27000.056 8.638324690748498e-08
27050.056 6.827841269839102e-08
27100.056 5.9188942340538125e-08
27150.056 9.313098620887931e-08
27200.056 6.579966131813423e-08
27250.056 7.268301217125588e-08
27300.056 1.2831659757541216e-07
27350.056 1.043574780716919e-07
27400.056 4.79703892170736e-08
27450.056 1.3335741118830755e-07
27500.056 1.2357967087054364e-07
27550.056 7.342936817838499e-08
27600.056 1.2322639829284458e-07
27650.056 6.619094110701572e-08
27700.056 5.668612690007936e-08
27750.056 1.2277246292204403e-07
27800.056 6.409722351367422e-08
27850.056 7.732230668444879e-08
27900.056 8.491657252441446e-08
27950.056 1.2867741472281334e-07
28000.056 1.087937013791995e-07
28050.056 5.1266528308123806e-08
28100.056 1.371911173973035e-07
28150.056 9.061742362856386e-08
28200.056 5.535931658919604e-08
28250.056 1.2728719745246392e-07
28300.056 1.6047456713089015e-07
28350.056 7.207153252110159e-08
28400.056 1.0336505082848783e-07
28450.056 1.3020639533768313e-07
28500.056 1.1189747098426913e-07
28550.056 5.277505837976665e-08
28600.056 1.4652076589676134e-07
28650.056 1.3051033939782986e-07
28700.056 1.1514821127258814e-07
28750.056 1.5164997620617632e-07
28800.056 1.3038791724308975e-07
28850.056 1.506553167532494e-07
28900.056 8.810501611875696e-08
28950.056 1.709058122668986e-07
29000.056 1.3590502000186158e-07
29050.056 1.447378975109508e-07
29100.056 1.0835239713342127e-07
29150.056 1.7591928030158424e-07
29200.056 1.3219654376504586e-07
29250.056 1.7869870400900752e-07
29300.056 1.1724987904775861e-07
29350.056 2.3817450753234182e-07
29400.056 1.486130471517809e-07
29450.056 1.6482883038241387e-07
29500.056 1.745604163820935e-07
29550.056 1.6151181765978194e-07
29600.056 1.847263929902276e-07
29650.056 1.782266729782733e-07
29700.056 1.3953554516502418e-07
29750.056 1.852373757872748e-07
29800.056 1.9550005846447758e-07
29850.056 1.9756902235686196e-07
29900.056 1.8233237841910999e-07
29950.056 1.9516706879983788e-07
30000.056 1.6427499285921162e-07
30050.056 1.5738219487598934e-07
30100.056 1.4979437828784066e-07
30150.056 2.0868031820398314e-07
30200.056 1.5907605994459242e-07
30250.056 2.0995980342405022e-07
30300.056 1.744741589130113e-07
30350.056 1.553428746528093e-07
30400.056 1.822387461696987e-07
30450.056 1.4030253979402259e-07
30500.056 1.1159262467811046e-07
30550.056 1.1873635729960292e-07
30600.056 1.3072713032199047e-07
30650.056 1.1008443335947098e-07
30700.056 1.100896948401809e-07
30750.056 1.0141933105798394e-07
30800.056 8.806669767921754e-08
30850.056 7.990076866016507e-08
30900.056 7.966179255678427e-08
30950.056 6.954331146972031e-08
31000.056 6.196832970590225e-08
31050.056 6.575180427100606e-08
31100.056 5.0787005005794104e-08
31150.056 5.701415012449621e-08
31200.056 6.223985187901065e-08
31250.056 4.558435964069035e-08
31300.056 4.5770756080193005e-08
31350.056 4.424089602940033e-08
31400.056 3.591413235640097e-08
31450.056 3.81209730605935e-08
31500.056 3.189846504609057e-08
31550.056 3.502569432059781e-08
31600.056 2.8634228235998695e-08
31650.056 2.7026713156501433e-08
31700.056 2.6834170922794372e-08
31750.056 2.3365794502110007e-08
31800.056 2.804119116119559e-08
31850.056 2.4901348130503882e-08
31900.056 2.793939085239811e-08
31950.056 1.8519688123301547e-08
32000.056 2.4091315986797015e-08
32050.056 2.5333162799100836e-08
32100.056 2.507930728660539e-08
32150.056 2.5746919624196022e-08
32200.056 2.3163476337200792e-08
32250.056 2.8539753717703834e-08
32300.056 2.2896281535499473e-08
32350.056 3.024209642699506e-08
32400.056 2.2206535037594577e-08
32450.056 2.8160260424590196e-08
32500.056 2.7578448553104204e-08
32550.056 2.5632897688996934e-08
32600.056 3.030203253490101e-08
32650.056 4.037857154299365e-08
32700.056 3.5618014406006674e-08
32750.056 3.927669891900507e-08
32800.056 3.7349587318904726e-08
32850.056 4.0772332886493535e-08
32900.056 4.606265089199379e-08
32950.056 4.728332273909552e-08
33000.056 3.990150941288658e-08
33050.056 3.68623943664198e-08
33100.056 2.163820468949672e-08
33150.056 1.1786183649000697e-08
33200.056 9.172119346698696e-09
33250.056 5.656084408198486e-09
33300.056 6.0912545199012035e-09
33350.056 8.924403938200264e-09
33400.056 1.1868657549796103e-08
33450.056 1.6145208904299164e-08
33500.056 2.315684584361038e-08
33550.056 2.32623461512088e-08
33600.056 3.306572977819567e-08
33650.056 3.4110779064895e-08
33700.056 3.0707687004994195e-08
33750.056 4.058096931550684e-08
33800.056 3.7857954286903115e-08
33850.056 4.121086547479494e-08
33900.056 3.43389482344995e-08
33950.056 3.4602742233296755e-08
34000.056 4.204006979091353e-08
34050.056 2.8472967987487523e-08
34100.056 4.2182328566795695e-08
34150.056 3.660254445419749e-08
34200.056 3.443919207368667e-08
34250.056 3.683600257817977e-08
34300.056 3.403344171608229e-08
34350.056 2.900593165029974e-08
34400.056 2.84792544423956e-08
34450.056 3.558085079139181e-08
34500.056 3.3782809856102236e-08
34550.056 3.0308610266502484e-08
34600.056 4.1502293725996724e-08
34650.056 3.394124711469954e-08
34700.056 3.647315688109731e-08
34750.056 3.750539361718921e-08
34800.056 3.541459395659046e-08
34850.056 3.620195086361172e-08
34900.056 4.120663428848706e-08
34950.056 4.149666359199147e-08
35000.056 5.48357239520154e-08
35050.056 3.8711313601594595e-08
35100.056 4.5428793079003424e-08
35150.056 4.4097803256505454e-08
35200.056 4.842320781089545e-08
35250.056 5.811700338338465e-08
35300.056 5.084074746181062e-08
35350.056 4.834534286938431e-08
35400.056 5.331631421400579e-08
35450.056 3.92071963435184e-08
35500.056 6.578035930820108e-08
35550.056 6.396891786018906e-08
35600.056 5.522578457362345e-08
35650.056 6.229356048049639e-08
35700.056 5.783718234439255e-08
35750.056 6.951184784698871e-08
35800.056 9.021289991420016e-08
35850.056 6.006055098659158e-08
35900.056 7.677319289850067e-08
35950.056 7.166482677698687e-08
36000.056 7.316653789001383e-08
36050.056 6.970594521997966e-08
36100.056 7.505607815595659e-08
36150.056 7.601556170598357e-08
36200.056 8.12618346469805e-08
36250.056 7.895088667947282e-08
36300.056 8.827592738570617e-08
36350.056 8.677878659100643e-08
36400.056 8.46412367149924e-08
36450.056 1.0140470591300763e-07
36500.056 1.0526947063019182e-07
36550.056 1.0547544411802817e-07
36600.056 1.2185390151200374e-07
36650.056 1.2178603629787428e-07
36700.056 1.2940080029838189e-07
36750.056 1.372390893040672e-07
36800.056 1.3659375695699858e-07
36850.056 1.3496196454956627e-07
36900.056 1.3897758622598002e-07
36950.056 1.5897623051197958e-07
37000.056 1.544577443549909e-07
37050.056 1.5068996745098313e-07
37100.056 1.7094102735199154e-07
37150.056 1.465789365460014e-07
37200.056 1.6819763420798707e-07
37250.056 1.761423111799693e-07
37300.056 1.5718616050743466e-07
37350.056 1.5866248228203457e-07
37400.056 2.2269076799599523e-07
37450.056 1.8483099852861046e-07
37500.056 1.8329614790467437e-07
37550.056 2.100805328561159e-07
37600.056 2.2405035187401325e-07
37650.056 1.8649271392899344e-07
37700.056 2.4762692509902616e-07
37750.056 1.984000048829952e-07
37800.056 2.0979312975213905e-07
37850.056 1.7780730326801323e-07
37900.056 1.8829019764607483e-07
37950.056 2.1253026283095031e-07
38000.056 2.5674836756400877e-07
38050.056 2.548265466860501e-07
38100.056 2.335921612620537e-07
38150.056 2.7854979586398055e-07
38200.056 2.906244245590729e-07
38250.056 2.795770167690158e-07
38300.056 3.355863882169638e-07
38350.056 3.489918670000295e-07
38400.056 2.578886974159243e-07
38450.056 2.7975303927995727e-07
38500.056 2.1767227168204024e-07
38550.056 2.9848916454005074e-07
38600.056 3.1100566318601936e-07
38650.056 3.0058085126696496e-07
38700.056 3.2160357531997804e-07
38750.056 3.4897263714201097e-07
38800.056 2.9798537973679294e-07
38850.056 3.001401154480278e-07
38900.056 3.740178135200487e-07
38950.056 3.384119039039695e-07
39000.056 3.63537904848987e-07
39050.056 3.393493800099656e-07
39100.056 3.584382425590532e-07
39150.056 3.6007729671099995e-07
39200.056 3.7927623078697723e-07
39250.056 4.1192838102090315e-07
39300.056 3.6129884754783374e-07
39350.056 4.369087829820168e-07
39400.056 4.1068318068108804e-07
39450.056 4.127619753569872e-07
39500.056 3.89470011897071e-07
39550.056 4.2218777455505807e-07
39600.056 4.402863982838537e-07
39650.056 4.628213232399962e-07
39700.056 4.5045388739002313e-07
39750.056 4.020635720610802e-07
39800.056 4.5311219798985497e-07
39850.056 5.036063108899889e-07
39900.056 4.905975458900431e-07
39950.056 4.779363314398663e-07
40000.056 5.571028529501107e-07
40050.056 5.04122362072022e-07
40100.056 4.778038808660096e-07
40150.056 5.35329587299926e-07
40200.056 5.449558846198236e-07
40250.056 5.048960321798552e-07
40300.056 5.091364557100777e-07
40350.056 5.496617372850215e-07
40400.056 5.973312551419649e-07
40450.056 5.713868620131264e-07
40500.056 5.637960334200351e-07
40550.056 5.919219674079151e-07
40600.056 5.588862494600792e-07
40650.056 5.441316610818775e-07
40700.056 6.672549887599929e-07
40750.056 5.795913416898767e-07
40800.056 5.109985360028076e-07
40850.056 6.338514144201428e-07
40900.056 6.045474398900494e-07
40950.056 5.769666054740312e-07
41000.056 6.069161227300434e-07
41050.056 6.719462607899408e-07
41100.056 5.804611897000076e-07
41150.056 5.191658157789313e-07
41200.056 6.453403197399452e-07
41250.056 5.849915358139669e-07
41300.056 5.306861413398619e-07
41350.056 6.838016783100903e-07
41400.056 6.330327780781096e-07
41450.056 6.416429964801562e-07
41500.056 5.789098346349869e-07
41550.056 5.827703925650712e-07
41600.056 6.717450982550659e-07
41650.056 6.392806505500596e-07
41700.056 5.768925472898139e-07
41750.056 5.810503566999739e-07
41800.056 5.942595230399663e-07
41850.056 4.6401013580602935e-07
41900.056 5.191603640079517e-07
41950.056 4.5811821013010955e-07
42000.056 4.5710273028006375e-07
42050.056 4.1645026190195906e-07
42100.056 5.069807555500398e-07
42150.056 3.9371793564991227e-07
42200.056 3.9080838422899504e-07
42250.056 3.8737262314492527e-07
42300.056 3.5720352419401763e-07
42350.056 4.2625055651008287e-07
42400.056 3.732340679800921e-07
42450.056 3.5851551844001165e-07
42500.056 3.630241829149965e-07
42550.056 3.6195888391795996e-07
42600.056 3.4764005332207834e-07
42650.056 3.544884899439178e-07
42700.056 3.6251779744007104e-07
42750.056 3.4139951927996676e-07
42800.056 3.424578182440902e-07
42850.056 3.8932482844987904e-07
42900.056 3.8672804280006207e-07
42950.056 3.624776341998516e-07
43000.056 3.78745767595988e-07
43050.056 3.180280747381518e-07
43100.056 3.6824831134000325e-07
43150.056 3.567325072850621e-07
43200.056 3.9573046320003837e-07
43250.056 3.9342499999994687e-07
43300.056 4.054782204700014e-07
43350.056 3.5687583454895425e-07
43400.056 3.73972725580982e-07
43450.056 3.6240365493205614e-07
43500.056 3.4721439393497275e-07
43550.056 3.671738127000478e-07
43600.056 4.1177650688401957e-07
43650.056 3.702165482570263e-07
43700.056 3.9129317457994777e-07
43750.056 3.8895066451410297e-07
43800.056 3.6617122905497145e-07
43850.056 3.7386297689007105e-07
43900.056 3.899836503599483e-07
43950.056 3.38022793354022e-07
44000.056 3.307990731660308e-07
44050.056 3.9767885221004275e-07
44100.056 4.228856750300264e-07
44150.056 4.0087854990390116e-07
44200.056 3.978096106949896e-07
44250.056 3.7571264653500796e-07
44300.056 3.5620451347406527e-07
44350.056 3.605905281010598e-07
44400.056 3.847943974369963e-07
44450.056 3.9904700544198254e-07
44500.056 4.1904372655007123e-07
44550.056 4.305523683999388e-07
44600.056 3.8870380583804944e-07
44650.056 4.225555246610753e-07
44700.056 3.6122818809000827e-07
44750.056 4.167864051299936e-07
44800.056 4.0557397892001646e-07
44850.056 4.0925079203007804e-07
44900.056 3.7310473100803345e-07
44950.056 3.912711959080251e-07
45000.056 4.1186880131996584e-07
45050.056 4.1191557579899854e-07
45100.056 4.166810635579923e-07
45150.056 4.0439918424997515e-07
45200.056 3.674192686200273e-07
45250.056 3.8739931373991106e-07
45300.056 3.79624640212041e-07
45350.056 3.877379405699529e-07
45400.056 4.250464550660332e-07
45450.056 3.9034792608994144e-07
45500.056 4.0264334161098557e-07
45550.056 4.3912493520992577e-07
45600.056 4.2506583453001293e-07
45650.056 3.626299015439276e-07
45700.056 4.0162607173205756e-07
45750.056 3.673746195569853e-07
45800.056 4.110390189399963e-07
45850.056 4.555621478899849e-07
45900.056 4.588844180500193e-07
45950.056 3.9534043509800773e-07
46000.056 4.4638175027001536e-07
46050.056 4.2099543254303486e-07
46100.056 4.14779819840008e-07
46150.056 4.0899247782498e-07
46200.056 4.129243820400773e-07
46250.056 3.492302567199627e-07
46300.056 4.418816217979799e-07
46350.056 4.017125342899981e-07
46400.056 4.0679078802999905e-07
46450.056 4.0952367434704614e-07
46500.056 3.8892753990003254e-07
46550.056 4.262923390359797e-07
46600.056 4.2739042570400293e-07
46650.056 5.365492528899292e-07
46700.056 4.73743441780098e-07
46750.056 3.6861392640799673e-07
46800.056 3.6686279768903846e-07
46850.056 4.949015025200841e-07
46900.056 4.611302595099351e-07
46950.056 4.883503996900182e-07
47000.056 4.2083636304000536e-07
47050.056 4.6317289804986326e-07
47100.056 3.591286401610555e-07
47150.056 3.9991922693703014e-07
47200.056 4.5241488898004365e-07
47250.056 3.905023813799888e-07
47300.056 3.556574120659565e-07
47350.056 4.1809404787995164e-07
47400.056 4.6110599639993816e-07
47450.056 4.140399853550157e-07
47500.056 4.733278655329287e-07
47550.056 4.175420998699814e-07
47600.056 4.4179937912995584e-07
47650.056 3.615694751239177e-07
47700.056 4.5125743937509605e-07
47750.056 3.2033757021402706e-07
47800.056 4.1864296670798625e-07
47850.056 3.2232288526397287e-07
47900.056 4.0180313478996463e-07
47950.056 3.5991375565403227e-07
48000.056 4.965518843400512e-07
48050.056 4.315506991300298e-07
48100.056 3.8738062253600753e-07
48150.056 4.024155584700435e-07
48200.056 4.2502071555002776e-07
48250.056 3.8452647105000303e-07
48300.056 4.728398827198549e-07
48350.056 3.4441037207002323e-07
48400.056 3.391703391579706e-07
48450.056 3.8059769418608684e-07
48500.056 4.843090651999698e-07
48550.056 3.6230242092600093e-07
48600.056 4.344388739399983e-07
48650.056 3.9475552972997083e-07
48700.056 4.232178336490074e-07
48750.056 3.155085040450984e-07
48800.056 5.110075975749999e-07
48850.056 3.488450833049271e-07
48900.056 4.737413016700145e-07
48950.056 4.157040474300454e-07
49000.056 3.1686829511992294e-07
49050.056 4.393800478199905e-07
49100.056 4.220247603200609e-07
49150.056 4.190658146260114e-07
49200.056 4.3841266177002345e-07
49250.056 4.5331701640004753e-07
49300.056 3.92995607737992e-07
49350.056 3.412367268520398e-07
49400.056 4.2162182278998494e-07
49450.056 3.948128440711203e-07
49500.056 3.7001549047996664e-07
49550.056 2.84462003198022e-07
49600.056 3.6808144620007914e-07
49650.056 3.958216683759819e-07
49700.056 3.587735737859102e-07
49750.056 4.6067934426990146e-07
49800.056 3.7904589984202253e-07
49850.056 5.005926031600977e-07
49900.056 4.0056999340200207e-07
49950.056 4.12912532499963e-07
50000.056 3.987384367799566e-07
50050.056 4.3737455738000896e-07
50100.056 4.115681616890023e-07
50150.056 3.144227211199789e-07
50200.056 2.212140303640069e-07
50250.056 4.11062472389958e-07
50300.056 3.509371780740084e-07
50350.056 4.7628295825402233e-07
50400.056 4.0141379390997256e-07
50450.056 3.597003934720662e-07
50500.056 4.3781416051005807e-07
50550.056 3.9022405518001785e-07
50600.056 3.909234573369358e-07
50650.056 4.3390136741009383e-07
50700.056 4.6684326137984773e-07
50750.056 4.3888205725007856e-07
50800.056 2.95108973945967e-07
50850.056 3.158667405060853e-07
50900.056 4.6420297623000146e-07
50950.056 3.9485520659008604e-07
51000.056 4.574845596180467e-07
51050.056 3.7698274009001506e-07
51100.056 2.8463525202096446e-07
51150.056 3.72146912168947e-07
51200.056 4.745986043699808e-07
51250.056 3.9058395056291e-07
51300.056 3.320535402571684e-07
51350.056 3.506158233469785e-07
51400.056 2.5641528160197763e-07
51450.056 2.2098631303393988e-07
51500.056 2.6601246360307335e-07
51550.056 4.573470591040447e-07
51600.056 3.319908460600481e-07
51650.056 3.469627175499406e-07
51700.056 3.5793980239591004e-07
51750.056 2.845167211890342e-07
51800.056 3.9507681133989266e-07
51850.056 3.8161812774999075e-07
51900.056 4.722188503361199e-07
51950.056 4.002623741899572e-07
52000.056 2.2226597864197817e-07
52050.056 3.4836911899902747e-07
52100.056 2.7470746756995865e-07
52150.056 2.641000148430148e-07
52200.056 2.6170817199098505e-07
52250.056 3.121860631720323e-07
52300.056 4.2607344158996304e-07
52350.056 3.6019309604402407e-07
52400.056 2.5185288410501504e-07
52450.056 3.658833287700229e-07
52500.056 3.7651324646991064e-07
52550.056 3.996732463698906e-07
52600.056 3.395591322640689e-07
52650.056 3.624286873850861e-07
52700.056 3.2998068708200184e-07
52750.056 2.4466197753898093e-07
52800.056 2.9590680111003625e-07
52850.056 2.972527675889171e-07
52900.056 2.970292393870325e-07
52950.056 3.0896021410798174e-07
53000.056 3.815681120729883e-07
53050.056 2.477600111738997e-07
53100.056 2.87341866574928e-07
53150.056 4.2232173329003395e-07
53200.056 2.3664283641599117e-07
53250.056 4.0179479203003215e-07
53300.056 3.8531891049320185e-07
53350.056 3.829479360999684e-07
53400.056 3.8694032458003705e-07
53450.056 2.4925691559001417e-07
53500.056 1.7891370515694565e-07
53550.056 2.629410993199435e-07
53600.056 3.4019261037505854e-07
53650.056 2.724714833839727e-07
53700.056 2.675241886600612e-07
53750.056 2.699091452270392e-07
53800.056 2.7509651893606436e-07
53850.056 3.554323102928721e-07
53900.056 2.550648563270638e-07
53950.056 3.6907151609096896e-07
54000.056 2.821900406440278e-07
54050.056 3.058195601710417e-07
54100.056 1.811834217979575e-07
54150.056 2.3885653761505534e-07
54200.056 1.4708103329499172e-07
54250.056 2.0151351696802134e-07
54300.056 2.0441117359700564e-07
54350.056 2.7363183868391774e-07
54400.056 3.1044361070993536e-07
54450.056 2.7913458118598946e-07
54500.056 2.649769196080064e-07
54550.056 2.2891793600400172e-07
54600.056 2.6062155577598503e-07
54650.056 1.857396504299731e-07
54700.056 3.003263097219678e-07
54750.056 2.9824576230702694e-07
54800.056 2.0166946287100203e-07
54850.056 2.4026128752101046e-07
54900.056 3.0311921140101803e-07
54950.056 3.2931899001393695e-07
55000.056 2.3550394152395106e-07
55050.056 2.7400622534796634e-07
55100.056 2.795164894060345e-07
55150.056 2.1600837982793978e-07
55200.056 2.2639299967599556e-07
55250.056 2.1394123019899224e-07
55300.056 1.996270756509842e-07
55350.056 2.901312721500813e-07
55400.056 3.071391058560603e-07
55450.056 2.2664249219697887e-07
55500.056 1.4674754061303468e-07
55550.056 2.0698066372696488e-07
55600.056 2.364158655649698e-07
55650.056 1.7889884405095992e-07
55700.056 2.2092138845403004e-07
55750.056 2.234250899069673e-07
55800.056 1.8537916553503003e-07
55850.056 1.6406343450099338e-07
55900.056 2.3699866810796348e-07
55950.056 3.2205593685400926e-07
56000.056 1.954705216939527e-07
56050.056 2.2283465978001475e-07
56100.056 2.613156959269967e-07
56150.056 1.9702718142103065e-07
56200.056 2.1866955900694096e-07
56250.056 2.1380736686704702e-07
56300.056 2.3349038124397936e-07
56350.056 2.655573441480083e-07
56400.056 1.7423813375898907e-07
56450.056 1.8131547675700712e-07
56500.056 1.8656908301802273e-07
56550.056 1.4623399038099492e-07
56600.056 2.433993288899209e-07
56650.056 2.511854497270395e-07
56700.056 2.685222540380051e-07
56750.056 1.676073775069775e-07
56800.056 2.6111727410305676e-07
56850.056 2.1696066131598545e-07
56900.056 1.774843599380245e-07
56950.056 2.5616077579598284e-07
57000.056 2.682033294000021e-07
57050.056 2.2188504832994386e-07
57100.056 1.257806660229982e-07
57150.056 2.0216424070106662e-07
57200.056 1.6580200407098997e-07
57250.056 1.7091480221199214e-07
57300.056 2.2760816728002955e-07
57350.056 1.575570630969911e-07
57400.056 2.493740181309717e-07
57450.056 2.2298484607595263e-07
57500.056 2.3076355844608598e-07
57550.056 2.48951979892049e-07
57600.056 2.749679604989488e-07
57650.056 1.2585052772700633e-07
57700.056 1.6241902343300014e-07
57750.056 2.17760813444009e-07
57800.056 1.4143286534495346e-07
57850.056 2.6852548870802253e-07
57900.056 2.795642385870081e-07
57950.056 2.834434936209837e-07
58000.056 1.9525336027695274e-07
58050.056 2.2450838141898407e-07
58100.056 2.3693805922702524e-07
58150.056 2.382910144959851e-07
58200.056 1.3102059965099931e-07
58250.056 1.5668161092596653e-07
58300.056 1.2192201177000503e-07
58350.056 1.5536065943201856e-07
58400.056 1.7763698099902605e-07
58450.056 1.8538901115704733e-07
58500.056 2.0265342539302775e-07
58550.056 2.3147298790002058e-07
58600.056 1.6366354016596044e-07
58650.056 1.925046546819718e-07
58700.056 1.882292373019723e-07
58750.056 2.3042412140999856e-07
58800.056 1.024328389759822e-07
58850.056 1.8125051754600684e-07
58900.056 2.1253056610998413e-07
58950.056 1.5672565748594335e-07
59000.056 2.1945284172503824e-07
59050.056 1.9161314927496968e-07
59100.056 2.76925957395973e-07
59150.056 2.3490190724994172e-07
59200.056 2.0502880364898876e-07
59250.056 2.4373188130906535e-07
59300.056 2.554101960210314e-07
59350.056 1.419132108379937e-07
59400.056 1.3963150671197815e-07
59450.056 2.1024202444703492e-07
59500.056 1.4726541334396447e-07
59550.056 1.6960281753197993e-07
59600.056 2.4311883369002917e-07
59650.056 2.448441956330012e-07
59700.056 1.516566089589713e-07
59750.056 2.676356843379524e-07
59800.056 2.0050086804503055e-07
59850.056 2.2002547097799123e-07
59900.056 1.6773000792796902e-07
59950.056 2.0332160631302838e-07
60000.056 2.944808501280448e-07
60050.056 2.411449976910668e-07
60100.056 2.4322059331990397e-07
60150.056 1.8435191131597304e-07
60200.056 2.318219664679761e-07
60250.056 2.2581345223005146e-07
60300.056 2.2145652284994948e-07
60350.056 1.7900439754202707e-07
60400.056 2.3183067346195402e-07
60450.056 1.406905764579695e-07
60500.056 1.0813130724901605e-07
60550.056 2.0026806187002075e-07
60600.056 2.2509984853801722e-07
60650.056 2.122940789599558e-07
60700.056 1.8487008278000884e-07
60750.056 1.6920383718600891e-07
60800.056 2.2004465910797795e-07
60850.056 2.5933088060404947e-07
60900.056 2.458047351721068e-07
60950.056 2.029796938170356e-07
61000.056 2.3057723189802915e-07
61050.056 1.9206872410999086e-07
61100.056 2.180266616200021e-07
61150.056 1.3848652626399194e-07
61200.056 2.411843584880172e-07
61250.056 2.6110623438097984e-07
61300.056 2.2059781524203653e-07
61350.056 2.843259021299573e-07
61400.056 2.482057478200063e-07
61450.056 2.012735052840097e-07
61500.056 2.0352922172808427e-07
61550.056 2.2234831634197598e-07
61600.056 1.8029364756201894e-07
61650.056 1.905986840809736e-07
61700.056 1.7711675729398502e-07
61750.056 2.2476955403495903e-07
61800.056 2.630169731500071e-07
61850.056 1.619647133829862e-07
61900.056 2.655030855180721e-07
61950.056 2.3607207461204266e-07
62000.056 2.3365052528703694e-07
62050.056 2.1906584460394887e-07
62100.056 2.3242371454798777e-07
62150.056 2.2119774776404937e-07
62200.056 2.3937128560496264e-07
62250.056 2.548739598399439e-07
62300.056 2.7352400264796897e-07
62350.056 2.4627465182993255e-07
62400.056 1.8826962708003355e-07
62450.056 2.2431738993601322e-07
62500.056 2.509836670539551e-07
62550.056 2.592149352680024e-07
62600.056 2.6969659265501837e-07
62650.056 2.23807291650034e-07
62700.056 2.3672055088597974e-07
62750.056 2.904392737100062e-07
62800.056 2.3824653286296238e-07
62850.056 2.6174154737101765e-07
62900.056 2.3227448203589337e-07
62950.056 2.5651121664403396e-07
63000.056 2.2016773249002595e-07
63050.056 2.9676642489002334e-07
63100.056 2.85189686339961e-07
63150.056 2.2057844440297775e-07
63200.056 2.8102328213998956e-07
63250.056 2.485657882780062e-07
63300.056 2.3177847889598604e-07
63350.056 2.867531843400063e-07
63400.056 1.956426192489944e-07
63450.056 1.6195195661800487e-07
63500.056 2.597238570510128e-07
63550.056 2.176543924879559e-07
63600.056 2.237976563269972e-07
63650.056 2.3208993767003442e-07
63700.056 1.7949690010599285e-07
63750.056 1.961403880619598e-07
63800.056 2.0356476252199876e-07
63850.056 2.2616932907406678e-07
63900.056 1.9032718492405631e-07
63950.056 2.0230316133504704e-07
64000.056 2.2907101621901692e-07
64050.056 2.0184752443996028e-07
64100.056 1.1221802557901033e-07
64150.056 1.3499382121897968e-07
64200.056 1.281530997220117e-07
64250.056 1.956985030079706e-07
64300.056 1.6124453469399044e-07
64350.056 1.374125326200088e-07
64400.056 1.9019689415600405e-07
64450.056 1.7011772217599972e-07
64500.056 1.3658191320698936e-07
64550.056 1.6101793515599517e-07
64600.056 1.5814264043396998e-07
64650.056 1.926037593560519e-07
64700.056 1.1139339028497532e-07
64750.056 1.3515366200198874e-07
64800.056 1.183910677510255e-07
64850.056 1.1702949322201174e-07
64900.056 1.2276118668594775e-07
64950.056 1.1905276359899767e-07
65000.056 1.4413150745103474e-07
65050.056 1.5675545717599335e-07
65100.056 1.5565646947300118e-07
65150.056 1.5150108406800056e-07
65200.056 1.3458475104199196e-07
65250.056 1.7812188842797735e-07
65300.056 1.7490637094001714e-07
65350.056 2.2808742367998322e-07
65400.056 1.5538170182098915e-07
65450.056 1.6360747785798884e-07
65500.056 1.9346859882498587e-07
65550.056 1.4387811935398216e-07
65600.056 1.8488693075007369e-07
65650.056 1.7070329594199204e-07
65700.056 1.7513937236000315e-07
65750.056 1.4310966290801694e-07
65800.056 1.856436667780234e-07
65850.056 2.17632409229981e-07
65900.056 1.3491563864101963e-07
65950.056 1.0757295287899759e-07
66000.056 1.4091059891900974e-07
66050.056 2.446901316700346e-07
66100.056 1.720970364880139e-07
66150.056 1.5513154515898918e-07
66200.056 1.3303442774400937e-07
66250.056 1.395643378849876e-07
66300.056 1.0425747375599517e-07
66350.056 1.0638793582905019e-07
66400.056 1.37076700028964e-07
66450.056 1.9508056534399412e-07
66500.056 2.5026087306603544e-07
66550.056 2.2376323411194686e-07
66600.056 1.7309488328410952e-07
66650.056 2.0247876802009686e-07
66700.056 1.659727737399587e-07
66750.056 2.1224211326003227e-07
66800.056 2.2533411719798998e-07
66850.056 1.4556127866310135e-07
66900.056 1.9960703773111082e-07
66950.056 2.525515822900327e-07
67000.056 2.603689564350004e-07
67050.056 1.7017410115694694e-07
67100.056 1.7697638501703267e-07
67150.056 1.534265423620102e-07
67200.056 1.980493898340509e-07
67250.056 1.7854327502399875e-07
67300.056 1.9425243309201326e-07
67350.056 2.105389518729915e-07
67400.056 2.2267048350596192e-07
67450.056 1.8517267873103648e-07
67500.056 1.5138689438900408e-07
67550.056 1.8896180231800824e-07
67600.056 2.6391526739999345e-07
67650.056 2.0560188390808673e-07
67700.056 1.7568442876391206e-07
67750.056 1.6043799740996976e-07
67800.056 1.7104251959287664e-07
67850.056 1.579920734630056e-07
67900.056 1.6046136250898058e-07
67950.056 1.6026766871397268e-07
68000.056 1.9402989339196239e-07
68050.056 2.1092251361999394e-07
68100.056 2.0476169726804506e-07
68150.056 1.7100972977195752e-07
68200.056 1.66752486249092e-07
68250.056 1.4601949767896846e-07
68300.056 1.6276939446898133e-07
68350.056 1.439220576409573e-07
68400.056 1.982349359149737e-07
68450.056 2.129783968220648e-07
68500.056 1.8910228160400406e-07
68550.056 1.4914934995099425e-07
68600.056 1.6773391144601121e-07
68650.056 1.1990846466001284e-07
68700.056 1.566954174380233e-07
68750.056 1.876551456040446e-07
68800.056 2.1035071634393273e-07
68850.056 1.6517794152695174e-07
68900.056 2.4971268567802285e-07
68950.056 2.409234272701111e-07
69000.056 2.0149068489795446e-07
69050.056 1.6506784132392457e-07
69100.056 2.4556721815994064e-07
69150.056 2.640334273400049e-07
69200.056 1.75157944543032e-07
69250.056 2.3137440167997705e-07
69300.056 2.2195467582404438e-07
69350.056 2.1060929107695424e-07
69400.056 1.5669616796096e-07
69450.056 2.385177430900708e-07
69500.056 2.129019721679648e-07
69550.056 1.9378861779999808e-07
69600.056 1.0886452704400472e-07
69650.056 1.758864345200823e-07
69700.056 2.095533233949809e-07
69750.056 1.625321256039909e-07
69800.056 1.8825572980999951e-07
69850.056 2.1171285206009265e-07
69900.056 2.0244219382699968e-07
69950.056 1.9666785545301874e-07
70000.056 1.6726937301301886e-07
70050.056 2.3074514725504294e-07
70100.056 1.5818503146904745e-07
70150.056 1.7337707852696595e-07
70200.056 1.5538592823800892e-07
70250.056 1.706548273219765e-07
70300.056 1.9924808565097029e-07
70350.056 1.8049530298098762e-07
70400.056 1.8172902187001803e-07
70450.056 1.17521717572008e-07
70500.056 1.444427819020386e-07
70550.056 1.3424258434000974e-07
70600.056 1.3406566775599595e-07
70650.056 1.8222421863002827e-07
70700.056 1.6296008165002227e-07
70750.056 1.8544788655808798e-07
70800.056 1.6136875156798466e-07
70850.056 1.4383445464804757e-07
70900.056 1.7745933124597398e-07
70950.056 1.843657161490482e-07
71000.056 1.653268066719525e-07
71050.056 1.7663985238503907e-07
71100.056 1.410016201500488e-07
71150.056 1.325002167679738e-07
71200.056 1.5938007807103677e-07
71250.056 1.6958452297001618e-07
71300.056 1.3994241061994516e-07
71350.056 1.7907851257804299e-07
71400.056 1.7222869830992283e-07
71450.056 1.4081775774001404e-07
71500.056 1.3720515907598218e-07
71550.056 1.254676819030101e-07
71600.056 1.5799119368697079e-07
71650.056 1.575514510020061e-07
71700.056 1.2760179128698767e-07
71750.056 1.2405735999897834e-07
71800.056 1.5432133540999348e-07
71850.056 1.4860050143195516e-07
71900.056 1.3926237856098004e-07
71950.056 1.4227807798291984e-07
72000.056 1.32675842092032e-07
72050.056 1.25580556515042e-07
72100.056 1.20332343646e-07
72150.056 1.4741442754096748e-07
72200.056 1.1549902473303101e-07
72250.056 1.5406129477002344e-07
72300.056 1.2341989427202623e-07
72350.056 1.374781383169822e-07
72400.056 1.3253402180102057e-07
72450.056 1.2058007478894074e-07
72500.056 1.3614950521705385e-07
72550.056 9.218625665100445e-08
72600.056 1.3492238029900228e-07
72650.056 1.2789577734701564e-07
72700.056 1.2105935758999548e-07
72750.056 1.3451221318696628e-07
72800.056 1.083964345030379e-07
72850.056 1.0787454074600953e-07
72900.056 1.440935597429965e-07
72950.056 1.1365272035699941e-07
73000.056 1.202649816639581e-07
73050.056 1.0642376720103617e-07
73100.056 1.2086512409102377e-07
73150.056 1.3429675223796231e-07
73200.056 9.715946366993562e-08
73250.056 1.1778525917696966e-07
73300.056 9.536409747598498e-08
73350.056 1.0393497264497608e-07
73400.056 1.1957950559597648e-07
73450.056 1.0543505174598737e-07
73500.056 1.1541408226200474e-07
73550.056 1.1710374084198487e-07
73600.056 1.0759842829396771e-07
73650.056 1.1015885207699625e-07
73700.056 1.025948820529819e-07
73750.056 9.583366568595862e-08
73800.056 1.1025132626803196e-07
73850.056 1.0850107628494724e-07
73900.056 1.1699049497996852e-07
73950.056 1.1323705089304443e-07
74000.056 9.313197347298649e-08
74050.056 1.2935652842902676e-07
74100.056 1.2201276303095814e-07
74150.056 1.2164652347196268e-07
74200.056 1.0458399179595396e-07
74250.056 9.054087505201232e-08
74300.056 1.0474364553299118e-07
74350.056 1.1404857343402035e-07
74400.056 1.1903544184299728e-07
74450.056 9.886297891698101e-08
74500.056 1.0464007457497218e-07
74550.056 1.1748251791802953e-07
74600.056 9.424998040303176e-08
74650.056 9.288020625702764e-08
74700.056 1.1037185127602319e-07
74750.056 9.60813484819836e-08
74800.056 1.0732787598602975e-07
74850.056 1.2888752524304894e-07
74900.056 1.3572714073996008e-07
74950.056 1.0725808208496323e-07
75000.056 1.2315222808501984e-07
75050.056 1.072611656510064e-07
75100.056 1.3802637272203933e-07
75150.056 1.3658600757900978e-07
75200.056 1.2982064772598908e-07
75250.056 1.3933508543098377e-07
75300.056 1.3329759038900692e-07
75350.056 1.13654550689993e-07
75400.056 1.5042696333500267e-07
75450.056 1.4014272258604707e-07
75500.056 1.245353836940215e-07
75550.056 1.2015551306400717e-07
75600.056 1.551568674960403e-07
75650.056 1.2872626390698746e-07
75700.056 1.4339060005595896e-07
75750.056 1.3233467396512607e-07
75800.056 1.3120091209394938e-07
75850.056 1.4477667810906721e-07
75900.056 1.415443397560063e-07
75950.056 1.3366115658997582e-07
76000.056 1.3849191711795234e-07
76050.056 1.4880796281095285e-07
76100.056 1.4338640529198139e-07
76150.056 1.5183345381094835e-07
76200.056 1.3596008151205353e-07
76250.056 1.548481132589659e-07
76300.056 1.5693836633195685e-07
76350.056 1.8411466860003535e-07
76400.056 1.624879513730591e-07
76450.056 1.6913741809505943e-07
76500.056 1.5511625230502327e-07
76550.056 1.3016003170300458e-07
76600.056 7.850583762599804e-08
76650.056 9.473397780098567e-08
76700.056 8.64780353449973e-08
76750.056 9.292504772002219e-08
76800.056 1.1720309750103234e-07
76850.056 1.0285123424104962e-07
76900.056 9.3068586689968e-08
76950.056 8.291415768701593e-08
77000.056 8.875302210800402e-08
77050.056 8.017281495798893e-08
77100.056 8.796151698100572e-08
77150.056 9.721689274898966e-08
77200.056 8.262288820700449e-08
77250.056 9.763698240601858e-08
77300.056 9.616894830298861e-08
77350.056 8.398761379998799e-08
77400.056 7.862040186500021e-08
77450.056 8.626111237599871e-08
77500.056 9.326805011398837e-08
77550.056 9.519690705800835e-08
77600.056 8.919261847699701e-08
77650.056 9.776549667501154e-08
77700.056 9.639926201496053e-08
77750.056 9.5299528606008e-08
77800.056 1.0052452014301373e-07
77850.056 1.0887761960501254e-07
77900.056 9.544142128098139e-08
77950.056 1.0404385186300057e-07
78000.056 1.0336794188000851e-07
78050.056 9.027079122700533e-08
78100.056 1.0008935032002948e-07
78150.056 9.817346670304035e-08
78200.056 1.2295473838298857e-07
78250.056 1.0776912116400845e-07
78300.056 1.0535968218797706e-07
78350.056 1.1004581662103315e-07
78400.056 1.2214492107698226e-07
78450.056 1.0826216185003844e-07
78500.056 1.3738340317600682e-07
78550.056 1.1699288945997052e-07
78600.056 1.2860480673300968e-07
78650.056 1.1459362763500002e-07
78700.056 1.2408623257704393e-07
78750.056 1.2023075326402072e-07
78800.056 1.2350318389996032e-07
78850.056 1.1080672529696713e-07
78900.056 1.1728174736202797e-07
78950.056 1.2390242137500116e-07
79000.056 1.2310457141301887e-07
79050.056 1.2312003162199036e-07
79100.056 1.3249506199998627e-07
79150.056 1.1988435144704916e-07
79200.056 1.2831362270599063e-07
79250.056 1.1789109419099692e-07
79300.056 1.299853428030094e-07
79350.056 1.3288313545602274e-07
79400.056 1.1893164644004746e-07
79450.056 1.1630295502798185e-07
79500.056 1.3753382602298267e-07
79550.056 1.430920568920664e-07
79600.056 1.3222478018400153e-07
79650.056 1.33134989511976e-07
79700.056 1.336339663200146e-07
79750.056 1.3604066109901504e-07
79800.056 1.1190658833207913e-07
79850.056 1.4654848672600397e-07
79900.056 1.4810250542498713e-07
79950.056 1.6450461200199603e-07
