# %ECSV 1.0
# ---
# datatype:
# - {name: wav, unit: Angstrom, datatype: float64}
# - {name: flux_nu, unit: erg / (cm2 Hz s), datatype: float64}
# meta: {C/O: '1.00', Kzz: '1.0000E+05', Teff: '1300.', Y: '0.28', '[Fe/H]': '0.50', f_hole: '1.00', f_rain: '0.00', grav: '178.'}
# schema: astropy-2.0
wav flux_nu
4000.0559999999996 nan
4050.0559999999996 2.7382606488146588e-11
4100.056 2.332952253749872e-10
4150.056 3.0645210472702614e-10
4200.056 2.5026789004689464e-10
4250.056 3.1730102156007977e-10
4300.056 3.2389140829804847e-10
4350.056 3.3900725000302356e-10
4400.056 3.88027131785045e-10
4450.056 3.8594046320000367e-10
4500.056 3.871649691000233e-10
4550.056 4.6278394327861225e-10
4600.056 5.117148747879969e-10
4650.056 4.820508333999553e-10
4700.056 5.429442091300023e-10
4750.056 4.9864574758999e-10
4800.056 2.867765686570028e-10
4850.056 1.5395538776299621e-10
4900.056 8.447294884199965e-11
4950.056 3.7864038335999663e-11
5000.056 1.1164857547999857e-11
5050.056 3.746407569599963e-12
5100.056 2.9397583297999807e-12
5150.056 2.52075310429996e-12
5200.056 2.138131165900013e-12
5250.056 1.7462731608999918e-12
5300.056 1.4119026484999964e-12
5350.056 1.1559212961999968e-12
5400.056 9.587086051199978e-13
5450.056 7.931827516999972e-13
5500.056 6.514268356099973e-13
5550.056 5.324248924899984e-13
5600.056 4.3171074027999875e-13
5650.056 3.4412445751999926e-13
5700.056 2.694894706299992e-13
5750.056 2.0339436192999915e-13
5800.056 1.4699461825999932e-13
5850.056 9.262239983199903e-14
5900.056 3.1686008491474784e-14
5950.056 1.8133089938300292e-13
6000.056 4.4606721334000504e-13
6050.056 1.0107518522600099e-12
6100.056 2.1367907610000193e-12
6150.056 4.2949451506000376e-12
6200.056 8.176129097700064e-12
6250.056 1.4824802975000127e-11
6300.056 2.5735360197000207e-11
6350.056 4.312625488900031e-11
6400.056 6.987421518900043e-11
6450.056 1.0979022023400068e-10
6500.056 1.682793866200013e-10
6550.056 2.5312476482000165e-10
6600.056 3.7524685893000237e-10
6650.056 5.458134402100014e-10
6700.056 5.456457070042621e-10
6750.056 1.0464170624300057e-09
6800.056 1.3942908880000022e-09
6850.056 1.565928752100001e-09
6900.056 1.4793676573000047e-09
6950.056 1.3158964905999955e-09
7000.056 1.3102479031000077e-09
7050.056 1.4377980069999946e-09
7100.056 1.6005872460000036e-09
7150.056 1.682457252249982e-09
7200.056 1.6724564954700264e-09
7250.056 1.5760928075799549e-09
7300.056 1.3916177995899973e-09
7350.056 1.2005813128799842e-09
7400.056 1.0219172528300087e-09
7450.056 8.312286581500034e-10
7500.056 6.385418093199965e-10
7550.056 4.529473513399966e-10
7600.056 2.8063689712999623e-10
7650.056 4.462892814816505e-11
7700.056 2.147741989953735e-11
7750.056 2.0247123757300567e-10
7800.056 4.670779427514102e-10
7850.056 1.0835817176100119e-09
7900.056 1.7985139638000136e-09
7950.056 2.187705639716828e-09
8000.056 4.115411801200043e-09
8050.056 5.721743971200075e-09
8100.056 7.500217949899992e-09
8150.056 9.727080274499991e-09
8200.056 1.2093664210400416e-08
8250.056 1.599288475320047e-08
8300.056 2.003801800970123e-08
8350.056 2.4681001491599038e-08
8400.056 2.995746786379873e-08
8450.056 3.62356163689988e-08
8500.056 3.805508309245876e-08
8550.056 4.702593275900107e-08
8600.056 5.3291378603999606e-08
8650.056 5.2277818567995375e-08
8700.056 5.803679740599201e-08
8750.056 6.616534807500388e-08
8800.056 7.869096801700676e-08
8850.056 9.111657734999374e-08
8900.056 9.875953881699852e-08
8950.056 8.953699525542633e-08
9000.056 1.2234801718098832e-07
9050.056 1.3826433608000637e-07
9100.056 1.5505714091620472e-07
9150.056 1.629247299463028e-07
9200.056 1.7943209408257453e-07
9250.056 1.742979994016562e-07
9300.056 1.1218170042416791e-07
9350.056 1.2758282437043925e-07
9400.056 1.5399123809180546e-07
9450.056 1.7769358205484728e-07
9500.056 1.8078263158375634e-07
9550.056 1.971609578867156e-07
9600.056 1.8546605963081768e-07
9650.056 1.9978963880762625e-07
9700.056 2.166248343973905e-07
9750.056 2.2040134836417158e-07
9800.056 2.391887023988732e-07
9850.056 2.624382083212004e-07
9900.056 2.454523411065717e-07
9950.056 2.357117490379763e-07
10000.056 2.193537618979611e-07
10050.056 2.532771424270013e-07
10100.056 3.0113901917896525e-07
10150.056 3.2956203550993185e-07
10200.056 3.7001104690996845e-07
10250.056 3.929968842899681e-07
10300.056 4.0788329418001426e-07
10350.056 4.638586047899983e-07
10400.056 5.141235845699827e-07
10450.056 5.233105221800275e-07
10500.056 4.939315043499946e-07
10550.056 4.892662491500342e-07
10600.056 5.163602368099997e-07
10650.056 5.618240883800195e-07
10700.056 5.983972370600475e-07
10750.056 6.5425811014003e-07
10800.056 7.096999513999986e-07
10850.056 7.658142277999308e-07
10900.056 6.83285176000955e-07
10950.056 5.1108758945883e-07
11000.056 4.870629434357459e-07
11050.056 4.373149007751471e-07
11100.056 4.0291246104679675e-07
11150.056 3.621178027312362e-07
11200.056 3.672909069615618e-07
11250.056 4.2943798968624113e-07
11300.056 4.1110000035932823e-07
11350.056 2.762187464502786e-07
11400.056 3.0105427941895586e-07
11450.056 3.4717364606787163e-07
11500.056 4.1748651255744664e-07
11550.056 3.544131577745414e-07
11600.056 3.867891334243652e-07
11650.056 3.915347362214255e-07
11700.056 3.1340788167433716e-07
11750.056 3.009371698956939e-07
11800.056 3.388305187238582e-07
11850.056 4.6252435350852105e-07
11900.056 4.952985541977066e-07
11950.056 5.785489454855758e-07
12000.056 5.96532805615022e-07
12050.056 6.817490143061172e-07
12100.056 7.18858173652977e-07
12150.056 8.10292015912916e-07
12200.056 8.725155198957974e-07
12250.056 9.503403666297946e-07
12300.056 1.0305572038301404e-06
12350.056 1.0635607067900522e-06
12400.056 1.0453254039799624e-06
12450.056 9.427771321000526e-07
12500.056 1.017158850089964e-06
12550.056 1.055512883970083e-06
12600.056 1.2948043481600532e-06
12650.056 1.2987344508199645e-06
12700.056 1.3863904256002208e-06
12750.056 1.3709490094730491e-06
12800.056 1.433712458356084e-06
12850.056 1.3239097771801698e-06
12900.056 1.2339093093739788e-06
12950.056 1.2828932290004038e-06
13000.056 1.2636755262386613e-06
13050.056 1.2621903229138639e-06
13100.056 1.2189225916689597e-06
13150.056 1.129534965107505e-06
13200.056 1.0486513202918111e-06
13250.056 8.933175304576594e-07
13300.056 6.00738746991464e-07
13350.056 2.437936489029293e-07
13400.056 1.810385918783444e-07
13450.056 1.3024874600492867e-07
13500.056 1.1339738888521176e-07
13550.056 9.672281553134568e-08
13600.056 8.008003758797327e-08
13650.056 1.165913566787167e-07
13700.056 9.670141798242366e-08
13750.056 9.953618479690113e-08
13800.056 1.2310831792606976e-07
13850.056 1.1437737979900499e-07
13900.056 1.172306667752539e-07
13950.056 1.1104034523581229e-07
14000.056 1.0387967419733007e-07
14050.056 1.0678082713661134e-07
14100.056 8.941798110627549e-08
14150.056 1.0330072845958052e-07
14200.056 8.831927811282308e-08
14250.056 8.851035859410997e-08
14300.056 1.0529499526382231e-07
14350.056 1.0182750742810991e-07
14400.056 1.1486632684194795e-07
14450.056 1.1886700546841846e-07
14500.056 1.5807483816546938e-07
14550.056 1.684626485754783e-07
14600.056 1.8810686165078391e-07
14650.056 1.925424817189625e-07
14700.056 1.693674091324912e-07
14750.056 1.9277885183125936e-07
14800.056 2.2229261635332743e-07
14850.056 2.4437622259379363e-07
14900.056 2.4596326972251864e-07
14950.056 2.5506117786713917e-07
15000.056 2.7122971364958665e-07
15050.056 3.144449189548847e-07
15100.056 3.3514195202764325e-07
15150.056 3.719709637288346e-07
15200.056 3.733848246021499e-07
15250.056 4.043018967996602e-07
15300.056 4.45590921543549e-07
15350.056 4.775755341339572e-07
15400.056 5.243691549250217e-07
15450.056 5.695432328560587e-07
15500.056 5.948712368899097e-07
15550.056 6.583609752289655e-07
15600.056 6.352487115590519e-07
15650.056 6.994170330420771e-07
15700.056 8.016281323903315e-07
15750.056 8.705387998699461e-07
15800.056 8.464395346002625e-07
15850.056 9.479050552098988e-07
15900.056 9.703685122731406e-07
15950.056 1.0561685702798377e-06
16000.056 1.0647694250099729e-06
16050.056 1.0657097520700145e-06
16100.056 1.1018508364400613e-06
16150.056 1.0693658786300845e-06
16200.056 1.063464995959732e-06
16250.056 1.087769138789907e-06
16300.056 1.0636553252389348e-06
16350.056 1.1286687305372086e-06
16400.056 1.202470814612726e-06
16450.056 1.2396379098169918e-06
16500.056 1.319141883847185e-06
16550.056 1.3172536395961252e-06
16600.056 1.2812396655173268e-06
16650.056 1.2769231712978683e-06
16700.056 1.1520817694620266e-06
16750.056 1.2355527400339283e-06
16800.056 1.4106983537959562e-06
16850.056 1.363958816558032e-06
16900.056 1.3345437992810066e-06
16950.056 1.2581236268439582e-06
17000.056 1.1777824764801808e-06
17050.056 1.224800295640059e-06
17100.056 1.1249559205082795e-06
17150.056 1.0090068340178665e-06
17200.056 9.37278822382889e-07
17250.056 8.408835302418108e-07
17300.056 7.985708113389815e-07
17350.056 7.172321987771574e-07
17400.056 7.403436479459731e-07
17450.056 6.394370316011738e-07
17500.056 6.255254205037783e-07
17550.056 6.054988752956546e-07
17600.056 5.72136771952038e-07
17650.056 5.562204225512861e-07
17700.056 4.2606015335609373e-07
17750.056 3.8547705719072164e-07
17800.056 4.384271350485118e-07
17850.056 3.3789164547594713e-07
17900.056 3.5048579946258573e-07
17950.056 3.231927457639605e-07
18000.056 3.09158556968807e-07
18050.056 2.913755536267561e-07
18100.056 2.813564010255852e-07
18150.056 3.5208898592933045e-07
18200.056 2.421764298008857e-07
18250.056 3.5501193056856294e-07
18300.056 3.1130360464740373e-07
18350.056 2.707069241561841e-07
18400.056 2.7355881503570896e-07
18450.056 2.5220957851295443e-07
18500.056 2.717514882369939e-07
18550.056 2.4452408158186436e-07
18600.056 2.0213337848768107e-07
18650.056 2.2519269649576085e-07
18700.056 2.445326289367709e-07
18750.056 2.501847733399268e-07
18800.056 2.9005032090715823e-07
18850.056 3.3805031431549236e-07
18900.056 3.2508989622040126e-07
18950.056 3.6886351210579824e-07
19000.056 3.650176733769772e-07
19050.056 3.3097716543797745e-07
19100.056 3.9348418432263843e-07
19150.056 3.799690612456308e-07
19200.056 3.9231277615016794e-07
19250.056 3.578857840180745e-07
19300.056 3.7408584446742433e-07
19350.056 3.321918886151166e-07
19400.056 2.7326113103883384e-07
19450.056 3.6316181069102613e-07
19500.056 3.6032243930300554e-07
19550.056 2.792033315817484e-07
19600.056 3.4803460563348975e-07
19650.056 3.58337609191902e-07
19700.056 3.646234816398328e-07
19750.056 3.474591006979881e-07
19800.056 3.6932873771501927e-07
19850.056 4.06315587613991e-07
19900.056 3.3815860661344654e-07
19950.056 4.4433978010502167e-07
20000.056 3.896840363750409e-07
20050.056 4.324201702702145e-07
20100.056 4.6470634991671615e-07
20150.056 4.769505964279724e-07
20200.056 5.071615824808811e-07
20250.056 5.498257021199541e-07
20300.056 5.521656468070063e-07
20350.056 6.046793109458617e-07
20400.056 5.959165468107635e-07
20450.056 6.668792469648803e-07
20500.056 6.84255626833036e-07
20550.056 6.888081657410347e-07
20600.056 7.82579920349196e-07
20650.056 7.704605939812424e-07
20700.056 8.108304518851593e-07
20750.056 8.549825496578504e-07
20800.056 9.013084501940417e-07
20850.056 8.848501188539126e-07
20900.056 9.506303438658093e-07
20950.056 9.70234677219969e-07
21000.056 1.0287890006000224e-06
21050.056 1.0380426043699948e-06
21100.056 1.0439889706999756e-06
21150.056 1.1219780723899622e-06
21200.056 1.0869081549600353e-06
21250.056 1.1645735590198813e-06
21300.056 1.0909538623598754e-06
21350.056 1.2001854512699996e-06
21400.056 1.1186011338602616e-06
21450.056 1.238227613100006e-06
21500.056 1.1419297560402243e-06
21550.056 1.1518232891900018e-06
21600.056 1.1599702365902354e-06
21650.056 1.1063885709701015e-06
21700.056 1.187053415399997e-06
21750.056 1.0782287896979884e-06
21800.056 1.0372433313997171e-06
21850.056 9.916081616200802e-07
21900.056 9.587493225500014e-07
21950.056 8.086958487771298e-07
22000.056 6.317128531151612e-07
22050.056 5.119465728107054e-07
22100.056 6.007806841602546e-07
22150.056 6.718378850580723e-07
22200.056 6.72036337221062e-07
22250.056 6.864896168633258e-07
22300.056 6.443273685188962e-07
22350.056 5.996379400400927e-07
22400.056 5.620795004389574e-07
22450.056 5.11837765000841e-07
22500.056 5.227369287551554e-07
22550.056 4.613811434357406e-07
22600.056 4.852235362042095e-07
22650.056 4.5658666347707797e-07
22700.056 4.266581754970422e-07
22750.056 4.462774302281008e-07
22800.056 3.9196398403692934e-07
22850.056 3.706578141271196e-07
22900.056 3.600439719758929e-07
22950.056 2.4591984265495883e-07
23000.056 2.853521940840143e-07
23050.056 3.4702140135390825e-07
23100.056 3.928222325540179e-07
23150.056 4.132541153860304e-07
23200.056 2.568318497300379e-07
23250.056 2.3496487717901683e-07
23300.056 2.112145307430917e-07
23350.056 2.1046406361198963e-07
23400.056 2.1723848336408981e-07
23450.056 2.32068819295032e-07
23500.056 2.4980251371505376e-07
23550.056 2.681285320510834e-07
23600.056 2.764660413659871e-07
23650.056 3.226520473309551e-07
23700.056 2.5905667310901414e-07
23750.056 2.373456878290705e-07
23800.056 2.1375493293201583e-07
23850.056 2.207949071780237e-07
23900.056 2.9217048640801695e-07
23950.056 3.2599885607210777e-07
24000.056 3.311698827818289e-07
24050.056 3.632399905519485e-07
24100.056 3.2025025354789997e-07
24150.056 3.4000449896621746e-07
24200.056 3.5235693402185764e-07
24250.056 3.228877711720429e-07
24300.056 3.4350514176905895e-07
24350.056 2.937136930819924e-07
24400.056 3.526024746860693e-07
24450.056 3.111625499088277e-07
24500.056 3.0721575992495706e-07
24550.056 3.1815816804612323e-07
24600.056 3.370490728140561e-07
24650.056 3.750100470390199e-07
24700.056 2.96615732393905e-07
24750.056 3.0311608841511536e-07
24800.056 2.964821811510691e-07
24850.056 3.626651117880113e-07
24900.056 2.61512926293183e-07
24950.056 3.515460263819918e-07
25000.056 3.1799867201605627e-07
25050.056 2.477255341670282e-07
25100.056 3.0401442356299314e-07
25150.056 2.5081833885896777e-07
25200.056 2.805547585279937e-07
25250.056 2.505795561869811e-07
25300.056 2.961068732140183e-07
25350.056 2.3064705077800623e-07
25400.056 2.864925244840766e-07
25450.056 2.329473629419722e-07
25500.056 2.447515772590699e-07
25550.056 2.3725694971598956e-07
25600.056 2.3914057138199075e-07
25650.056 2.089785005819898e-07
25700.056 2.847665579638716e-07
25750.056 1.9296659197706763e-07
25800.056 2.798676098050497e-07
25850.056 2.1707143872894133e-07
25900.056 2.581621730579875e-07
25950.056 2.0905267905501449e-07
26000.056 2.875258848601122e-07
26050.056 2.739478462249772e-07
26100.056 2.9580767077596674e-07
26150.056 2.784118619269641e-07
26200.056 2.767150654849818e-07
26250.056 3.070051884869915e-07
26300.056 2.866399855920327e-07
26350.056 3.304937997459531e-07
26400.056 3.407201611159149e-07
26450.056 3.437504578100443e-07
26500.056 3.574369743538584e-07
26550.056 2.9988523883385857e-07
26600.056 3.671403404719085e-07
26650.056 2.5513409827196626e-07
26700.056 2.5403522568702573e-07
26750.056 2.1161805884887986e-07
26800.056 2.657782925199419e-07
26850.056 2.023271233239717e-07
26900.056 2.861195024220315e-07
26950.056 1.9817932453597053e-07
27000.056 2.8289408098503033e-07
27050.056 2.408889182010361e-07
27100.056 2.383690863349415e-07
27150.056 2.8185277369302997e-07
27200.056 2.58995374034084e-07
27250.056 2.6039934775612375e-07
27300.056 3.31189492182004e-07
27350.056 3.0733708659193004e-07
27400.056 2.296265341059619e-07
27450.056 3.633587343518522e-07
27500.056 3.3505782562086894e-07
27550.056 2.7573175307101355e-07
27600.056 3.650387985029333e-07
27650.056 2.616172981909547e-07
27700.056 2.452261832480628e-07
27750.056 3.541473175038567e-07
27800.056 2.436704757489371e-07
27850.056 2.7394552899882243e-07
27900.056 2.9075757626404223e-07
27950.056 3.5810284424997494e-07
28000.056 3.2700790543712314e-07
28050.056 2.2670133957104807e-07
28100.056 3.760850799181197e-07
28150.056 2.886864781140545e-07
28200.056 2.3578123560303507e-07
28250.056 3.430092393420153e-07
28300.056 4.049218274950067e-07
28350.056 2.728933325769351e-07
28400.056 3.096196996859743e-07
28450.056 3.473078789679001e-07
28500.056 3.3621549102692604e-07
28550.056 2.2444080405591613e-07
28600.056 3.948528575139367e-07
28650.056 3.633341437729377e-07
28700.056 3.3385193882095373e-07
28750.056 3.8640187371802764e-07
28800.056 3.569307540850956e-07
28850.056 3.929233664820587e-07
28900.056 2.855387972429984e-07
28950.056 4.3196192455101113e-07
29000.056 3.593190555829177e-07
29050.056 3.7726357288294123e-07
29100.056 3.0645548851205915e-07
29150.056 4.160487256371066e-07
29200.056 3.5386360579806684e-07
29250.056 4.2944153186900123e-07
29300.056 3.297019901888313e-07
29350.056 5.123599741778694e-07
29400.056 3.8454610021991233e-07
29450.056 4.0982731934198275e-07
29500.056 4.1984900722593634e-07
29550.056 4.0628841859300935e-07
29600.056 4.4675206916687993e-07
29650.056 4.243100446289482e-07
29700.056 3.71135465194881e-07
29750.056 4.6226283343420245e-07
29800.056 4.780555726519471e-07
29850.056 4.6349197541093136e-07
29900.056 4.2936325112916333e-07
29950.056 4.855394009229124e-07
30000.056 4.827671351609369e-07
30050.056 4.4834090026995235e-07
30100.056 3.958599100448698e-07
30150.056 5.459869870299607e-07
30200.056 4.6290938386801426e-07
30250.056 5.100496887051313e-07
30300.056 4.707416944299633e-07
30350.056 4.3799562502003205e-07
30400.056 5.170115022260488e-07
30450.056 4.1792497680005573e-07
30500.056 3.612230062990518e-07
30550.056 4.2168280298406705e-07
30600.056 4.3574813075602684e-07
30650.056 4.1128929152593784e-07
30700.056 3.8912289624399e-07
30750.056 3.693301678549852e-07
30800.056 3.6405548607606724e-07
30850.056 3.172307202509258e-07
30900.056 3.3220282979695066e-07
30950.056 2.9062474369705866e-07
31000.056 2.8229131418599427e-07
31050.056 2.923798456800036e-07
31100.056 2.489468296039794e-07
31150.056 2.7093749338697354e-07
31200.056 2.8643423314001715e-07
31250.056 2.4190681902097383e-07
31300.056 2.3895111551097323e-07
31350.056 2.237181366529987e-07
31400.056 2.039223057330307e-07
31450.056 2.0316255397397552e-07
31500.056 1.9482839502096288e-07
31550.056 1.9856301005299982e-07
31600.056 1.786996453119859e-07
31650.056 1.7202294799999735e-07
31700.056 1.720937086409806e-07
31750.056 1.591959881980494e-07
31800.056 1.8258369706897434e-07
31850.056 1.648142769100202e-07
31900.056 1.843594928969974e-07
31950.056 1.443824760450184e-07
32000.056 1.6673388091397825e-07
32050.056 1.7637292484301028e-07
32100.056 1.7673493314902155e-07
32150.056 1.8264316565697945e-07
32200.056 1.6754395912699546e-07
32250.056 1.9994200759901916e-07
32300.056 1.6936319292999394e-07
32350.056 2.0974530569798318e-07
32400.056 1.6768615285699316e-07
32450.056 2.0732805187092729e-07
32500.056 2.0953261970703436e-07
32550.056 2.076758202629917e-07
32600.056 2.1507045039599568e-07
32650.056 2.602730034419853e-07
32700.056 2.426847646100325e-07
32750.056 2.5775496027100966e-07
32800.056 2.502026315130117e-07
32850.056 2.627389626899483e-07
32900.056 2.920005386239772e-07
32950.056 2.778407673629692e-07
33000.056 2.570164337209449e-07
33050.056 2.325150217340571e-07
33100.056 1.858037591859862e-07
33150.056 1.3505679878600295e-07
33200.056 1.0358694780997968e-07
33250.056 8.070480267097959e-08
33300.056 7.733783324901137e-08
33350.056 9.059061436300084e-08
33400.056 1.0253050752998443e-07
33450.056 1.1772737112899772e-07
33500.056 1.431924735180236e-07
33550.056 1.545745832570296e-07
33600.056 1.8495925277999322e-07
33650.056 2.0548475626400562e-07
33700.056 2.001255559459779e-07
33750.056 2.4591965660200626e-07
33800.056 2.4359350090598455e-07
33850.056 2.638577295219722e-07
33900.056 2.431315292159832e-07
33950.056 2.326322884269818e-07
34000.056 2.614464527960098e-07
34050.056 2.2434546240795237e-07
34100.056 2.6768845583996625e-07
34150.056 2.482163367829692e-07
34200.056 2.155723117779346e-07
34250.056 2.4763347481891776e-07
34300.056 2.2134864164887814e-07
34350.056 1.9699499496599023e-07
34400.056 2.0078992046000127e-07
34450.056 2.3356246483397612e-07
34500.056 2.2768683526999808e-07
34550.056 2.1715858697599077e-07
34600.056 2.558200896400099e-07
34650.056 2.394110640039683e-07
34700.056 2.3399518131696626e-07
34750.056 2.522593642899862e-07
34800.056 2.414911832039447e-07
34850.056 2.2802401379001672e-07
34900.056 2.679966624779736e-07
34950.056 2.47104579409956e-07
35000.056 3.015168837900291e-07
35050.056 2.483522907639569e-07
35100.056 2.671109371399903e-07
35150.056 2.819317624089978e-07
35200.056 2.8649021679101904e-07
35250.056 3.083736646899573e-07
35300.056 2.88311027563044e-07
35350.056 2.757397817799403e-07
35400.056 2.911917146000611e-07
35450.056 2.3353596863010267e-07
35500.056 3.258523556100355e-07
35550.056 3.2700992006995697e-07
35600.056 2.962512084460652e-07
35650.056 3.384645829900048e-07
35700.056 3.0326906330999937e-07
35750.056 3.3683609554991106e-07
35800.056 4.2427823733001864e-07
35850.056 3.336888381099657e-07
35900.056 4.120002274599604e-07
35950.056 3.9015313466000275e-07
36000.056 3.9001117450002595e-07
36050.056 4.118236515199814e-07
36100.056 4.263358652497324e-07
36150.056 4.207300668700132e-07
36200.056 4.745642906699448e-07
36250.056 4.488905778699117e-07
36300.056 4.972638672700597e-07
36350.056 4.815344848699426e-07
36400.056 4.791400658400043e-07
36450.056 5.462419569400044e-07
36500.056 5.401511263999658e-07
36550.056 5.67538756900194e-07
36600.056 6.059714291000332e-07
36650.056 6.122714500598736e-07
36700.056 6.701749623099671e-07
36750.056 6.725735287201422e-07
36800.056 6.941353175199639e-07
36850.056 7.039004139699586e-07
36900.056 7.03167754300045e-07
36950.056 7.858517706299073e-07
37000.056 8.064752754599584e-07
37050.056 7.812724402299408e-07
37100.056 8.484612742100873e-07
37150.056 8.082225594800199e-07
37200.056 8.725588742600617e-07
37250.056 9.050218785199263e-07
37300.056 8.398814443098682e-07
37350.056 8.171808678701774e-07
37400.056 9.766282534599181e-07
37450.056 9.131175787501278e-07
37500.056 9.247573237298518e-07
37550.056 9.96380591220049e-07
37600.056 1.0632930968599595e-06
37650.056 9.64359905259985e-07
37700.056 1.1074257817000835e-06
37750.056 1.0409281642200407e-06
37800.056 1.0903188568802978e-06
37850.056 9.879486367199697e-07
37900.056 1.033305603470216e-06
37950.056 1.0433735145599054e-06
38000.056 1.1700271288100872e-06
38050.056 1.1601342388100864e-06
38100.056 1.0757691593101866e-06
38150.056 1.2718968992099641e-06
38200.056 1.2993138865300467e-06
38250.056 1.149776622860157e-06
38300.056 1.2303116564599148e-06
38350.056 1.3010556244899513e-06
38400.056 1.2112423595497728e-06
38450.056 1.3664259800500295e-06
38500.056 1.2041632847301406e-06
38550.056 1.3386179705400527e-06
38600.056 1.4527794955298646e-06
38650.056 1.3061460257599726e-06
38700.056 1.3747830400201823e-06
38750.056 1.3966005681100284e-06
38800.056 1.3639950422698484e-06
38850.056 1.306964726910066e-06
38900.056 1.3335083489799754e-06
38950.056 1.460805176289936e-06
39000.056 1.392123013980028e-06
39050.056 1.4651723569098399e-06
39100.056 1.3376458442401952e-06
39150.056 1.4152510429900037e-06
39200.056 1.4965125385200496e-06
39250.056 1.5032637460596458e-06
39300.056 1.4262011044996304e-06
39350.056 1.5079276731801445e-06
39400.056 1.4806688171400623e-06
39450.056 1.4833931639499129e-06
39500.056 1.4009873689099227e-06
39550.056 1.4441968588199945e-06
39600.056 1.5750506575997366e-06
39650.056 1.42255499466998e-06
39700.056 1.4645855728799058e-06
39750.056 1.4073178844099243e-06
39800.056 1.383869331909895e-06
39850.056 1.468316594339901e-06
39900.056 1.4573161019301526e-06
39950.056 1.517360097789792e-06
40000.056 1.3766189273400573e-06
40050.056 1.4005744210100245e-06
40100.056 1.519284268519997e-06
40150.056 1.4044818963498282e-06
40200.056 1.4283254705097845e-06
40250.056 1.338137095489632e-06
40300.056 1.3116305007700965e-06
40350.056 1.4568984616001944e-06
40400.056 1.4328080301900562e-06
40450.056 1.4373564340601469e-06
40500.056 1.2962631716702253e-06
40550.056 1.5000611770698795e-06
40600.056 1.2508423784902056e-06
40650.056 1.3174520178098742e-06
40700.056 1.4693403392800384e-06
40750.056 1.2664129635995142e-06
40800.056 1.1992509302699612e-06
40850.056 1.2436105086402644e-06
40900.056 1.2340814439900635e-06
40950.056 1.2732464316899402e-06
41000.056 1.2799683244000068e-06
41050.056 1.2986958889298184e-06
41100.056 1.2094565421099607e-06
41150.056 1.2122809289299652e-06
41200.056 1.22690365796999e-06
41250.056 1.2357255808000755e-06
41300.056 1.060510076849719e-06
41350.056 1.2866414767200614e-06
41400.056 1.1913872030202153e-06
41450.056 1.2043823546202903e-06
41500.056 1.194020522799981e-06
41550.056 1.1618293093000243e-06
41600.056 1.211513105330052e-06
41650.056 1.137795025390199e-06
41700.056 1.0518516280998134e-06
41750.056 1.0185565664198783e-06
41800.056 1.0115339286599128e-06
41850.056 8.495057618001051e-07
41900.056 9.6137611032999e-07
41950.056 7.797043950502322e-07
42000.056 7.859224551131093e-07
42050.056 7.066608814498351e-07
42100.056 8.078052355301035e-07
42150.056 6.013662420677713e-07
42200.056 6.326185349910063e-07
42250.056 6.434664993660703e-07
42300.056 5.263690787860509e-07
42350.056 6.392903375841753e-07
42400.056 5.276763302601166e-07
42450.056 4.959094360900827e-07
42500.056 5.23463359996063e-07
42550.056 5.201269044900306e-07
42600.056 5.111441685241359e-07
42650.056 4.3062057580682175e-07
42700.056 4.943938264321676e-07
42750.056 4.6635310420995313e-07
42800.056 4.3330795736019944e-07
42850.056 4.761563574498528e-07
42900.056 4.6381484598100685e-07
42950.056 4.5730843650978165e-07
43000.056 4.452336828200346e-07
43050.056 4.3350182500017985e-07
43100.056 4.830669651601136e-07
43150.056 4.496345171651021e-07
43200.056 4.837485095240913e-07
43250.056 4.456907182598511e-07
43300.056 4.608282693800376e-07
43350.056 4.569971495399965e-07
43400.056 4.608839886700205e-07
43450.056 4.6142451857012193e-07
43500.056 4.390513403799659e-07
43550.056 4.898126148800244e-07
43600.056 4.587577736400235e-07
43650.056 4.35517623580065e-07
43700.056 4.6202321925978716e-07
43750.056 4.5076124193012386e-07
43800.056 4.1434407273008146e-07
43850.056 4.5092862289009727e-07
43900.056 4.6153278986998604e-07
43950.056 4.36562526540155e-07
44000.056 4.45064921640097e-07
44050.056 4.6508544970007077e-07
44100.056 4.6877536936007125e-07
44150.056 4.660466335298697e-07
44200.056 4.438586011299317e-07
44250.056 4.715861417200179e-07
44300.056 4.6264012182003396e-07
44350.056 4.4237764791002436e-07
44400.056 4.7441913755997986e-07
44450.056 4.816394751099867e-07
44500.056 5.042144755999843e-07
44550.056 4.6812498819992437e-07
44600.056 4.895513639000387e-07
44650.056 4.940093461000761e-07
44700.056 4.815587421600184e-07
44750.056 5.05815680579959e-07
44800.056 5.354402772199889e-07
44850.056 5.06408011150087e-07
44900.056 4.907876903500518e-07
44950.056 4.776425491700028e-07
45000.056 5.168806322099709e-07
45050.056 5.14990903789967e-07
45100.056 5.353421587499815e-07
45150.056 5.071539370499709e-07
45200.056 4.79410419340032e-07
45250.056 4.91215634149947e-07
45300.056 5.209298155800248e-07
45350.056 5.387662690199713e-07
45400.056 5.196022023300484e-07
45450.056 4.829985973499281e-07
45500.056 5.029560133499797e-07
45550.056 5.40236661979971e-07
45600.056 5.03313216479993e-07
45650.056 4.688983375699173e-07
45700.056 5.492942503500414e-07
45750.056 4.916622077800079e-07
45800.056 4.916284317699813e-07
45850.056 5.721258112599679e-07
45900.056 5.655731061300353e-07
45950.056 4.942037065400081e-07
46000.056 5.676571010400236e-07
46050.056 5.597002736100782e-07
46100.056 4.860131887500506e-07
46150.056 5.401209248099832e-07
46200.056 5.56485535470094e-07
46250.056 4.784506748799889e-07
46300.056 5.946016291699925e-07
46350.056 5.180007830799518e-07
46400.056 5.305018937999589e-07
46450.056 5.639885730800534e-07
46500.056 5.05420341729969e-07
46550.056 6.187051021899755e-07
46600.056 5.750389802200282e-07
46650.056 7.242793916698683e-07
46700.056 6.678771244702232e-07
46750.056 5.357718973199632e-07
46800.056 5.791144151600643e-07
46850.056 6.273522471400734e-07
46900.056 5.974296848499064e-07
46950.056 6.547281820600139e-07
47000.056 5.481766714199951e-07
47050.056 6.618345600898869e-07
47100.056 5.125990034400536e-07
47150.056 5.586134635600471e-07
47200.056 6.08173794650087e-07
47250.056 5.389766491599683e-07
47300.056 5.501146042598904e-07
47350.056 5.08303826609923e-07
47400.056 6.128202724299122e-07
47450.056 5.204233015599812e-07
47500.056 6.17084156779924e-07
47550.056 5.348339938399645e-07
47600.056 6.078444631999651e-07
47650.056 4.589420731699052e-07
47700.056 6.239882009000637e-07
47750.056 4.458980259400803e-07
47800.056 6.185118257699411e-07
47850.056 4.786676450399286e-07
47900.056 5.966883556300221e-07
47950.056 4.686820028700538e-07
48000.056 6.672931144700121e-07
48050.056 5.217294638100545e-07
48100.056 5.786342540399966e-07
48150.056 5.291045505400703e-07
48200.056 6.12921811210062e-07
48250.056 5.150375431800149e-07
48300.056 6.583966535198547e-07
48350.056 4.819433736199851e-07
48400.056 5.890502447699899e-07
48450.056 5.104323167000242e-07
48500.056 6.787484037000155e-07
48550.056 4.8673047809001e-07
48600.056 6.211378048199609e-07
48650.056 5.1312912893997e-07
48700.056 6.16892470810042e-07
48750.056 4.6331182403003985e-07
48800.056 6.909608400100189e-07
48850.056 4.970221099299068e-07
48900.056 6.4780488371005e-07
48950.056 5.900375363600201e-07
49000.056 5.457989377399074e-07
49050.056 6.224122629400017e-07
49100.056 5.578565975200422e-07
49150.056 6.050413775299811e-07
49200.056 5.641952877899865e-07
49250.056 6.097174412100172e-07
49300.056 5.24792641999968e-07
49350.056 5.608040286300092e-07
49400.056 6.436437385400296e-07
49450.056 5.633619145601294e-07
49500.056 5.856995423199908e-07
49550.056 5.072175862700057e-07
49600.056 5.737337874801173e-07
49650.056 5.948889008699879e-07
49700.056 5.236610449499308e-07
49750.056 7.36251817669901e-07
49800.056 5.636338923900263e-07
49850.056 7.285094428600688e-07
49900.056 5.739588987900295e-07
49950.056 6.284873537798932e-07
50000.056 6.106201975498903e-07
50050.056 6.181412433800362e-07
50100.056 6.521466392699598e-07
50150.056 5.390388797900171e-07
50200.056 4.999779752600405e-07
50250.056 6.301620776199959e-07
50300.056 5.815012207599779e-07
50350.056 6.968603605899958e-07
50400.056 5.948563678499731e-07
50450.056 5.866472860600985e-07
50500.056 7.195544927201006e-07
50550.056 6.10983818129997e-07
50600.056 6.552101503099751e-07
50650.056 6.36226971480112e-07
50700.056 6.939600344898465e-07
50750.056 7.159150328800921e-07
50800.056 5.249401823099306e-07
50850.056 6.088421798601164e-07
50900.056 6.964799215999728e-07
50950.056 6.68655911060143e-07
51000.056 7.745746920500765e-07
51050.056 5.877412393900497e-07
51100.056 5.594713860999449e-07
51150.056 6.574119908699395e-07
51200.056 6.779728678099791e-07
51250.056 6.833086073099426e-07
51300.056 5.764679182302135e-07
51350.056 6.280049162999062e-07
51400.056 5.581474962499073e-07
51450.056 4.5422908546990717e-07
51500.056 5.7708955615005e-07
51550.056 7.791536469400753e-07
51600.056 5.517797604700659e-07
51650.056 6.311041657899243e-07
51700.056 6.085981269598418e-07
51750.056 5.601575276800479e-07
51800.056 6.877089019698221e-07
51850.056 6.787967666799401e-07
51900.056 7.37698049900143e-07
51950.056 6.73755757769947e-07
52000.056 5.297174714899715e-07
52050.056 6.347113001499739e-07
52100.056 5.729994513499116e-07
52150.056 5.819800746500214e-07
52200.056 5.481742972299918e-07
52250.056 6.027464090900117e-07
52300.056 7.014955312399835e-07
52350.056 7.067889098800627e-07
52400.056 5.206348905900793e-07
52450.056 6.329199964000064e-07
52500.056 6.959105950598909e-07
52550.056 6.744367759798156e-07
52600.056 6.386295495100968e-07
52650.056 7.067362713501294e-07
52700.056 6.193830987200058e-07
52750.056 5.183812511699589e-07
52800.056 5.848652717900507e-07
52850.056 5.644573087799111e-07
52900.056 6.087296549400352e-07
52950.056 6.138905471599437e-07
53000.056 6.951893400699547e-07
53050.056 5.661064367098675e-07
53100.056 5.576638473198698e-07
53150.056 7.413895267600746e-07
53200.056 5.008562858300341e-07
53250.056 7.242551782900033e-07
53300.056 7.010551680402911e-07
53350.056 6.90048966819925e-07
53400.056 6.733729878400637e-07
53450.056 5.589019348700335e-07
53500.056 4.705673349799051e-07
53550.056 5.941670263099155e-07
53600.056 6.601798434001135e-07
53650.056 5.483387260500352e-07
53700.056 5.62106155830111e-07
53750.056 5.927195583800266e-07
53800.056 5.902434800700944e-07
53850.056 6.761926982897989e-07
53900.056 4.994699103701551e-07
53950.056 6.91574135529949e-07
54000.056 6.280435430300407e-07
54050.056 5.627070175800752e-07
54100.056 4.6837800535991857e-07
54150.056 5.368371321700844e-07
54200.056 4.3512951808999847e-07
54250.056 5.029274420000308e-07
54300.056 4.773619210699809e-07
54350.056 5.637119201798934e-07
54400.056 6.228661560599148e-07
54450.056 6.015501895999112e-07
54500.056 5.470300390100106e-07
54550.056 5.1885971994e-07
54600.056 5.646737096999594e-07
54650.056 4.953524703199339e-07
54700.056 5.933528714299979e-07
54750.056 6.280745416700622e-07
54800.056 4.9086995871001e-07
54850.056 5.44831642629967e-07
54900.056 6.010621834900976e-07
54950.056 6.529460662099784e-07
55000.056 5.4359737712998e-07
55050.056 5.983235381199497e-07
55100.056 5.727234878000469e-07
55150.056 4.937523285398954e-07
55200.056 5.278626833199577e-07
55250.056 4.726489295299006e-07
55300.056 4.853579375399349e-07
55350.056 5.871101579501513e-07
55400.056 6.137513969800709e-07
55450.056 5.574345542199188e-07
55500.056 4.1428775658007654e-07
55550.056 5.157043348199123e-07
55600.056 5.310570696399844e-07
55650.056 4.5247052954996763e-07
55700.056 5.213560962400309e-07
55750.056 5.535892437299497e-07
55800.056 4.801159757600512e-07
55850.056 4.512539395699592e-07
55900.056 5.354037192799452e-07
55950.056 6.742818285699927e-07
56000.056 4.804929235299033e-07
56050.056 5.436857069400039e-07
56100.056 5.774391001099755e-07
56150.056 4.72452398780029e-07
56200.056 5.269851134099165e-07
56250.056 4.770414169800516e-07
56300.056 5.711873211899458e-07
56350.056 6.366644035000441e-07
56400.056 5.111541150200127e-07
56450.056 4.99334373840001e-07
56500.056 4.5717038211999955e-07
56550.056 4.2012411523001696e-07
56600.056 5.605031406698974e-07
56650.056 5.130120229300335e-07
56700.056 6.165857370800592e-07
56750.056 4.687906459299596e-07
56800.056 5.538340960900955e-07
56850.056 4.910572385900124e-07
56900.056 4.774245282200131e-07
56950.056 5.611360849399898e-07
57000.056 5.711423278300407e-07
57050.056 5.848852083099491e-07
57100.056 3.9675374656999424e-07
57150.056 5.107398471700592e-07
57200.056 4.4370510971000344e-07
57250.056 4.846221304800062e-07
57300.056 5.245039255900623e-07
57350.056 4.3084516911996636e-07
57400.056 5.574745555699807e-07
57450.056 5.345283538499273e-07
57500.056 5.650500143600848e-07
57550.056 5.866574650300719e-07
57600.056 6.359962585998717e-07
57650.056 3.950202716100073e-07
57700.056 4.575353453500139e-07
57750.056 5.119107260500193e-07
57800.056 3.924557891599059e-07
57850.056 5.590191351400545e-07
57900.056 5.993281922500345e-07
57950.056 5.630338250599633e-07
58000.056 4.935010844099723e-07
58050.056 5.307817750899786e-07
58100.056 5.824284215599866e-07
58150.056 5.437467550500155e-07
58200.056 4.0084265328000355e-07
58250.056 4.592960714699491e-07
58300.056 3.688723453399849e-07
58350.056 4.360213135400489e-07
58400.056 4.577592610600349e-07
58450.056 4.7080225517008113e-07
58500.056 4.938191354800435e-07
58550.056 5.579374220300641e-07
58600.056 4.4716540601991746e-07
58650.056 5.081791786199629e-07
58700.056 4.768677770599159e-07
58750.056 5.413626077100029e-07
58800.056 3.6830864259998556e-07
58850.056 4.783890745200056e-07
58900.056 5.229467636299701e-07
58950.056 4.398492594198917e-07
59000.056 4.970090894700128e-07
59050.056 4.988269076399289e-07
59100.056 5.88572044869976e-07
59150.056 5.555937385399774e-07
59200.056 5.156294520900119e-07
59250.056 5.858892472300846e-07
59300.056 5.717577781500894e-07
59350.056 4.4602037156999715e-07
59400.056 4.1885608195995446e-07
59450.056 5.002985049500427e-07
59500.056 4.116835378799471e-07
59550.056 4.897853922499968e-07
59600.056 5.539416868400073e-07
59650.056 5.777511863599983e-07
59700.056 4.281150745699928e-07
59750.056 5.764000863998767e-07
59800.056 5.096444883300595e-07
59850.056 5.17876568249995e-07
59900.056 4.684224234699174e-07
59950.056 5.099647123701213e-07
60000.056 6.477266351300115e-07
60050.056 5.636529650700321e-07
60100.056 5.721081263098733e-07
60150.056 4.909288569299235e-07
60200.056 5.627527756999256e-07
60250.056 5.240431276700815e-07
60300.056 4.959779795499363e-07
60350.056 4.686922795200518e-07
60400.056 5.49460329299941e-07
60450.056 4.18585701859919e-07
60500.056 3.6946543968001775e-07
60550.056 4.862556204200299e-07
60600.056 5.357391617599877e-07
60650.056 5.268418091399178e-07
60700.056 4.989548172000212e-07
60750.056 4.824827197999896e-07
60800.056 5.545836141499606e-07
60850.056 6.133472861000527e-07
60900.056 5.640024190101369e-07
60950.056 5.315833034199681e-07
61000.056 5.27724700900071e-07
61050.056 4.976302908699987e-07
61100.056 5.69241651299968e-07
61150.056 3.9985204140994967e-07
61200.056 5.541233589400449e-07
61250.056 6.374878986499205e-07
61300.056 6.484964293000266e-07
61350.056 6.288500167199821e-07
61400.056 6.500083886099493e-07
61450.056 5.224544725600454e-07
61500.056 5.39049571010086e-07
61550.056 5.242309994599739e-07
61600.056 4.724618564700714e-07
61650.056 5.294224144299515e-07
61700.056 4.5667309087995914e-07
61750.056 5.408432267698623e-07
61800.056 6.285398479900607e-07
61850.056 4.7437783982996003e-07
61900.056 6.002778703201277e-07
61950.056 5.945083368301004e-07
62000.056 5.414779884000287e-07
62050.056 5.207616162198947e-07
62100.056 6.021382433401348e-07
62150.056 5.494474843800927e-07
62200.056 5.298077322599231e-07
62250.056 6.247804402699893e-07
62300.056 6.177200119199897e-07
62350.056 5.738569019099321e-07
62400.056 4.6892444901008317e-07
62450.056 5.288875651800532e-07
62500.056 6.082658370299666e-07
62550.056 5.827936603700074e-07
62600.056 6.171968222300565e-07
62650.056 5.206331652100474e-07
62700.056 5.70999451099994e-07
62750.056 6.433108456399781e-07
62800.056 5.350741119998966e-07
62850.056 6.294881556600745e-07
62900.056 5.388743266898239e-07
62950.056 6.025547218000737e-07
63000.056 5.885946785500547e-07
63050.056 6.609222044800497e-07
63100.056 6.362564576899366e-07
63150.056 5.08285681539961e-07
63200.056 6.089948412400065e-07
63250.056 5.87893911050021e-07
63300.056 5.798971697800639e-07
63350.056 6.208929440600054e-07
63400.056 5.015387527999686e-07
63450.056 4.7053571834003297e-07
63500.056 5.87404469349984e-07
63550.056 4.961908289799501e-07
63600.056 6.056229916300693e-07
63650.056 5.680171032900573e-07
63700.056 4.918781951099791e-07
63750.056 4.93357542890014e-07
63800.056 4.884417793699716e-07
63850.056 5.130828750200881e-07
63900.056 4.845613671900735e-07
63950.056 5.307221461700376e-07
64000.056 5.523461239900011e-07
64050.056 5.068642005699213e-07
64100.056 3.487261913100161e-07
64150.056 4.158337175299564e-07
64200.056 3.9867731246997227e-07
64250.056 5.058279154199262e-07
64300.056 4.3253697505999483e-07
64350.056 4.087681758400199e-07
64400.056 4.881748787600271e-07
64450.056 4.587523324400116e-07
64500.056 3.992985891799388e-07
64550.056 4.4022260952004233e-07
64600.056 4.1091452963996286e-07
64650.056 5.051964808400728e-07
64700.056 3.416941010499433e-07
64750.056 3.872777571800003e-07
64800.056 3.4671152755004365e-07
64850.056 3.749526835600134e-07
64900.056 3.8442631469996085e-07
64950.056 3.659038508899747e-07
65000.056 4.1133281580003184e-07
65050.056 4.211796916400213e-07
65100.056 4.1621396874999853e-07
65150.056 4.1544315426000674e-07
65200.056 3.968222552099886e-07
65250.056 4.3320749834996164e-07
65300.056 4.2713537032001586e-07
65350.056 5.118870821299648e-07
65400.056 4.079633746699675e-07
65450.056 4.232952194299838e-07
65500.056 4.3976601573995705e-07
65550.056 3.953265825599782e-07
65600.056 4.2776926521006635e-07
65650.056 4.0780650353998463e-07
65700.056 4.2895606215998965e-07
65750.056 3.9883343851005154e-07
65800.056 4.4466127850999503e-07
65850.056 4.7552852920993763e-07
65900.056 3.769687392600557e-07
65950.056 2.9788110011999004e-07
66000.056 3.78260253019912e-07
66050.056 4.978908477801052e-07
66100.056 4.1958340307000226e-07
66150.056 3.863358005599402e-07
66200.056 3.37338777180032e-07
66250.056 3.771259422700107e-07
66300.056 3.1620940169996404e-07
66350.056 3.331673526501304e-07
66400.056 3.781392157399259e-07
66450.056 4.398779740199369e-07
66500.056 5.110314869200247e-07
66550.056 4.6143551807988593e-07
66600.056 3.9549523383012154e-07
66650.056 4.5955385731008137e-07
66700.056 4.179044209099497e-07
66750.056 4.4513166331006124e-07
66800.056 4.839810297700428e-07
66850.056 3.754503168602005e-07
66900.056 4.025662474701862e-07
66950.056 5.170042934400557e-07
67000.056 4.97735060669924e-07
67050.056 4.1447598625991814e-07
67100.056 4.428348319100623e-07
67150.056 3.8774779610997787e-07
67200.056 4.2805320477010065e-07
67250.056 4.321825076599973e-07
67300.056 4.3147815039001066e-07
67350.056 4.531121451499409e-07
67400.056 5.036752743599228e-07
67450.056 4.4643291833000214e-07
67500.056 3.863578727700279e-07
67550.056 4.289187907900031e-07
67600.056 5.311029707899786e-07
67650.056 4.5673393033001627e-07
67700.056 4.1494766399987796e-07
67750.056 3.9200064748996677e-07
67800.056 4.2396829015988043e-07
67850.056 3.971101305899634e-07
67900.056 4.2188381195991636e-07
67950.056 4.052216754699958e-07
68000.056 4.2192272640987315e-07
68050.056 4.805866064399928e-07
68100.056 4.3805937441999197e-07
68150.056 3.7411655156993184e-07
68200.056 3.911954641601181e-07
68250.056 3.756527867899619e-07
68300.056 3.694697873699442e-07
68350.056 3.507477547399528e-07
68400.056 4.152924605899585e-07
68450.056 4.523255051901125e-07
68500.056 4.286655628600218e-07
68550.056 3.632469616599894e-07
68600.056 4.245473668700183e-07
68650.056 3.4496685105994697e-07
68700.056 3.863608227600108e-07
68750.056 4.2808015997006507e-07
68800.056 4.5763131869998397e-07
68850.056 3.920520843999636e-07
68900.056 4.963289051400302e-07
68950.056 4.884568566801361e-07
69000.056 4.6294218579997304e-07
69050.056 3.97369859439867e-07
69100.056 4.881659977399514e-07
69150.056 5.226538917100047e-07
69200.056 3.7728288832005547e-07
69250.056 4.79741316839946e-07
69300.056 4.832903193301648e-07
69350.056 4.2902190521993103e-07
69400.056 3.897921461999055e-07
69450.056 5.036666233901158e-07
69500.056 4.377123297099828e-07
69550.056 4.2664748484003016e-07
69600.056 3.2782491570001055e-07
69650.056 4.154737890401213e-07
69700.056 4.45429901509978e-07
69750.056 4.0864398097997336e-07
69800.056 4.346159316000391e-07
69850.056 4.692057989200833e-07
69900.056 4.3867408748999675e-07
69950.056 4.6211372542003635e-07
70000.056 3.84528827540015e-07
70050.056 4.6941677267003373e-07
70100.056 3.62075632880055e-07
70150.056 4.2289966919990266e-07
70200.056 3.714338039100379e-07
70250.056 3.888908510999579e-07
70300.056 4.333329161599583e-07
70350.056 3.944303741599845e-07
70400.056 4.2868986349003597e-07
70450.056 3.358052955200209e-07
70500.056 3.643425933400514e-07
70550.056 3.4272217427006315e-07
70600.056 3.675356402299709e-07
70650.056 4.1140945949005366e-07
70700.056 3.7795776522005103e-07
70750.056 3.9934238990011e-07
70800.056 3.9192278800007664e-07
70850.056 3.528922136000687e-07
70900.056 3.9427581111993257e-07
70950.056 3.897966532700749e-07
71000.056 3.821813876799688e-07
71050.056 4.093203142500477e-07
71100.056 3.5334747375008517e-07
71150.056 3.378307746399461e-07
71200.056 3.7836300327000366e-07
71250.056 3.9083281987006957e-07
71300.056 3.317394871699163e-07
71350.056 3.772720138400738e-07
71400.056 3.7928726989991697e-07
71450.056 3.519170841600448e-07
71500.056 3.561366264399624e-07
71550.056 3.367682852600339e-07
71600.056 3.7084245469996893e-07
71650.056 3.8599189074000796e-07
71700.056 3.383249143999561e-07
71750.056 3.2176230497000105e-07
71800.056 3.617407478800299e-07
71850.056 3.727242133099172e-07
71900.056 3.3199018839997223e-07
71950.056 3.4909795016986367e-07
72000.056 3.250863245500202e-07
72050.056 3.217303971800757e-07
72100.056 3.1997017779998723e-07
72150.056 3.505139984299631e-07
72200.056 2.9888989223007467e-07
72250.056 3.4950367502002263e-07
72300.056 3.1733820354004444e-07
72350.056 3.25842196519967e-07
72400.056 3.4754134138999694e-07
72450.056 3.0386217367992485e-07
72500.056 3.3607768132005477e-07
72550.056 2.668146863400334e-07
72600.056 3.3232282149000545e-07
72650.056 3.2015365709000757e-07
72700.056 3.142285844199671e-07
72750.056 3.282286806399048e-07
72800.056 2.9985284826009675e-07
72850.056 3.043532704800268e-07
72900.056 3.355051322299978e-07
72950.056 2.91706401039999e-07
73000.056 3.0885703368995197e-07
73050.056 3.0703594860004634e-07
73100.056 3.2925009333003467e-07
73150.056 3.260842122899401e-07
73200.056 2.8382117314988113e-07
73250.056 3.1085954025997097e-07
73300.056 2.7022537704993436e-07
73350.056 2.805650615499591e-07
73400.056 3.035982139299965e-07
73450.056 2.8790209071995835e-07
73500.056 3.192064006700226e-07
73550.056 3.0505802017997526e-07
73600.056 2.878181904599565e-07
73650.056 2.9345395799999305e-07
73700.056 2.881952286999999e-07
73750.056 2.767232001299039e-07
73800.056 2.9001385434001606e-07
73850.056 2.979982505999384e-07
73900.056 3.070843297599096e-07
73950.056 2.9870248333004734e-07
74000.056 2.7757950646995636e-07
74050.056 3.245127003299814e-07
74100.056 3.171959665999524e-07
74150.056 3.142287205599454e-07
74200.056 2.8320084012992927e-07
74250.056 2.80792486650041e-07
74300.056 2.811087255799916e-07
74350.056 2.9308257851001623e-07
74400.056 3.0228440050999923e-07
74450.056 2.8654089649992895e-07
74500.056 2.9136396161992563e-07
74550.056 3.1763354537005426e-07
74600.056 2.693742012300201e-07
74650.056 2.6956739996007213e-07
74700.056 2.9689626613002027e-07
74750.056 2.66661087679992e-07
74800.056 2.984892758300753e-07
74850.056 3.2423202781008953e-07
74900.056 3.260562286899545e-07
74950.056 2.883386837699276e-07
75000.056 3.1288546398997425e-07
75050.056 2.9544207932995044e-07
75100.056 3.276718239200972e-07
75150.056 3.3615415577002223e-07
75200.056 3.242506532500361e-07
75250.056 3.360358560999927e-07
75300.056 3.13301849980012e-07
75350.056 3.0691720131996877e-07
75400.056 3.357042346000189e-07
75450.056 3.362560315000913e-07
75500.056 3.077653714000077e-07
75550.056 3.03951778490016e-07
75600.056 3.584726519600636e-07
75650.056 3.336779352499893e-07
75700.056 3.3364330676993277e-07
75750.056 3.1916607035015866e-07
75800.056 3.32076211739957e-07
75850.056 3.361171504000691e-07
75900.056 3.3386357405005064e-07
75950.056 3.3094640668998475e-07
76000.056 3.1983819933995404e-07
76050.056 3.4333773999992817e-07
76100.056 3.45550995089977e-07
76150.056 3.5077163723992136e-07
76200.056 3.287120247000952e-07
76250.056 3.828541399899567e-07
76300.056 3.511270506299427e-07
76350.056 3.8397784158005e-07
76400.056 3.689241863300577e-07
76450.056 3.8072059131009305e-07
76500.056 3.655909453700462e-07
76550.056 3.3911067166004367e-07
76600.056 2.544301676999736e-07
76650.056 2.8603142556000637e-07
76700.056 2.696808598199778e-07
76750.056 2.8512402286003584e-07
76800.056 3.1861445955008145e-07
76850.056 3.007877511800703e-07
76900.056 2.6840768079996095e-07
76950.056 2.579563413400451e-07
77000.056 2.533076259800245e-07
77050.056 2.4912658786997093e-07
77100.056 2.4559219498000297e-07
77150.056 2.708149779000224e-07
77200.056 2.497637982199812e-07
77250.056 2.658543293500231e-07
77300.056 2.6443754086998153e-07
77350.056 2.428781208599819e-07
77400.056 2.3127891147998092e-07
77450.056 2.3695730958998797e-07
77500.056 2.567597272499453e-07
77550.056 2.586359926199988e-07
77600.056 2.5829866346001205e-07
77650.056 2.6298871280999594e-07
77700.056 2.5871872116995223e-07
77750.056 2.560888421199727e-07
77800.056 2.552406916100144e-07
77850.056 2.649466915900335e-07
77900.056 2.593281838399688e-07
77950.056 2.7637250127000334e-07
78000.056 2.667855919599956e-07
78050.056 2.518653040100015e-07
78100.056 2.65691403970057e-07
78150.056 2.6077699081005876e-07
78200.056 2.8709639631002065e-07
78250.056 2.7914776515997504e-07
78300.056 2.6977479891997095e-07
78350.056 2.790195939800215e-07
78400.056 3.0299288968002223e-07
78450.056 2.8046691068003996e-07
78500.056 3.160888581500272e-07
78550.056 2.817246574299584e-07
78600.056 2.976444091000245e-07
78650.056 2.847143507799971e-07
78700.056 2.9860660613009094e-07
78750.056 3.0535446141003796e-07
78800.056 3.009942147799769e-07
78850.056 2.8783267000993104e-07
78900.056 2.848805887000377e-07
78950.056 2.8617964586997914e-07
79000.056 2.9420578434002893e-07
79050.056 3.016583456399701e-07
79100.056 2.992762911199797e-07
79150.056 2.931960082400802e-07
79200.056 3.1576193314993996e-07
79250.056 2.954173079499952e-07
79300.056 3.08328871400013e-07
79350.056 3.229889127000663e-07
79400.056 3.141985841000965e-07
79450.056 2.8925711637997644e-07
79500.056 3.287588724599495e-07
79550.056 3.179020609801008e-07
79600.056 3.092846648899853e-07
79650.056 3.0565384025996415e-07
79700.056 3.171092432700192e-07
79750.056 3.2236319399006804e-07
79800.056 2.843290203801228e-07
79850.056 3.356339655100251e-07
79900.056 3.349256682100189e-07
79950.056 3.503851714799849e-07
