# %ECSV 1.0
# ---
# datatype:
# - {name: wav, unit: Angstrom, datatype: float64}
# - {name: flux_nu, unit: erg / (cm2 Hz s), datatype: float64}
# meta: {C/O: '1.00', Kzz: '1.0000E+05', Teff: '1000.', Y: '0.28', '[Fe/H]': '0.50', f_hole: '1.00', f_rain: '0.00', grav: '56.'}
# schema: astropy-2.0
wav flux_nu
4000.0559999999996 nan
4050.0559999999996 8.877025783415433e-13
4100.056 3.5380107547397765e-11
4150.056 7.612962248300732e-11
4200.056 6.015695768569776e-11
4250.056 1.0325667842002537e-10
4300.056 1.198001934800138e-10
4350.056 1.2867949509101017e-10
4400.056 1.4967465828501113e-10
4450.056 1.669104151359987e-10
4500.056 1.6801745273100854e-10
4550.056 1.9687981954505262e-10
4600.056 2.229680868347568e-10
4650.056 2.036422329249826e-10
4700.056 2.060948035169962e-10
4750.056 1.330563302720022e-10
4800.056 4.408542368799913e-11
4850.056 9.38873511119981e-12
4900.056 3.0510404767999722e-12
4950.056 1.2174847511699883e-12
5000.056 4.114448451199953e-13
5050.056 1.6448625033999947e-13
5100.056 1.3384911788999982e-13
5150.056 1.1855186499999942e-13
5200.056 1.0578690654599989e-13
5250.056 9.339815401999984e-14
5300.056 8.32447602349999e-14
5350.056 7.604831494899994e-14
5400.056 7.098302304499988e-14
5450.056 6.710729096499989e-14
5500.056 6.403380081800012e-14
5550.056 6.165828529600002e-14
5600.056 5.957535880899992e-14
5650.056 5.722983135399998e-14
5700.056 5.4304435004000013e-14
5750.056 4.999176067799991e-14
5800.056 4.341908610199993e-14
5850.056 3.134238567999966e-14
5900.056 1.110508871220515e-14
5950.056 5.916614788000126e-14
6000.056 1.1971210765699972e-13
6050.056 2.1568957310000276e-13
6100.056 3.6826401340000313e-13
6150.056 6.131024028300047e-13
6200.056 1.0074807074200069e-12
6250.056 1.6357003644000108e-12
6300.056 2.6345188818000185e-12
6350.056 4.2013450382000295e-12
6400.056 6.624695622400037e-12
6450.056 1.0270586146000005e-11
6500.056 1.5648810974000105e-11
6550.056 2.3430650276000105e-11
6600.056 3.463583708400031e-11
6650.056 5.038221769700033e-11
6700.056 6.123533135721052e-11
6750.056 9.871776828600045e-11
6800.056 1.2896691887000038e-10
6850.056 1.485306588600002e-10
6900.056 1.4594072018000163e-10
6950.056 1.3477659731999957e-10
7000.056 1.3776788120200148e-10
7050.056 1.5129120194799847e-10
7100.056 1.674404790499999e-10
7150.056 1.7208625199699726e-10
7200.056 1.709237373924034e-10
7250.056 1.653600381579904e-10
7300.056 1.5026547078799895e-10
7350.056 1.3406097172099706e-10
7400.056 1.182385202990023e-10
7450.056 9.992003814400105e-11
7500.056 8.092074773199958e-11
7550.056 6.151335973599957e-11
7600.056 4.4332334089999616e-11
7650.056 1.1016167805508474e-11
7700.056 7.1588215873983534e-12
7750.056 3.978962410500083e-11
7800.056 7.441173432040112e-11
7850.056 1.5346931312000105e-10
7900.056 2.464566088500019e-10
7950.056 3.0216957389778403e-10
8000.056 5.510138167700068e-10
8050.056 7.647682285600187e-10
8100.056 9.824310213390022e-10
8150.056 1.26538252241299e-09
8200.056 1.6661821918601118e-09
8250.056 2.086349768431193e-09
8300.056 2.616989656669228e-09
8350.056 3.2232020199296893e-09
8400.056 3.943995217153878e-09
8450.056 4.898671652959743e-09
8500.056 5.339742714582468e-09
8550.056 6.986795264800089e-09
8600.056 8.789732184900086e-09
8650.056 1.0211395338600112e-08
8700.056 1.2031100266499361e-08
8750.056 1.4078367322000422e-08
8800.056 1.638432041400078e-08
8850.056 1.854937656299932e-08
8900.056 1.765639711045886e-08
8950.056 1.5901820061265312e-08
9000.056 2.0868138664627767e-08
9050.056 2.811468369847622e-08
9100.056 3.1591285148485745e-08
9150.056 3.200505590091619e-08
9200.056 3.699145468146957e-08
9250.056 3.670048354793193e-08
9300.056 1.947841490979573e-08
9350.056 2.2302671313997766e-08
9400.056 2.7793858155869254e-08
9450.056 3.492674994794605e-08
9500.056 3.501501153646477e-08
9550.056 4.027864525213769e-08
9600.056 3.9017923947703426e-08
9650.056 4.395990050918517e-08
9700.056 4.904572295060272e-08
9750.056 5.0514129090201726e-08
9800.056 5.5308472208223416e-08
9850.056 6.292627352120287e-08
9900.056 7.027365206556127e-08
9950.056 7.372471135748256e-08
10000.056 7.175089074317771e-08
10050.056 8.614147468900222e-08
10100.056 1.0319868149617381e-07
10150.056 1.2053544635597083e-07
10200.056 1.4034139728898722e-07
10250.056 1.5615112764599242e-07
10300.056 1.7470246582901064e-07
10350.056 2.0229387487099203e-07
10400.056 2.2652402062198653e-07
10450.056 2.3753562127199662e-07
10500.056 2.3840070023000819e-07
10550.056 2.4578094037001786e-07
10600.056 2.5844075739498525e-07
10650.056 2.807301677690067e-07
10700.056 2.936498584307237e-07
10750.056 3.160702339452102e-07
10800.056 3.337608778066026e-07
10850.056 3.367557088887603e-07
10900.056 2.584039585624868e-07
10950.056 1.4880326233739256e-07
11000.056 1.3859608923824134e-07
11050.056 1.2143855422096803e-07
11100.056 1.0119021877679496e-07
11150.056 7.805326013099854e-08
11200.056 7.507381628615405e-08
11250.056 8.696020898243366e-08
11300.056 8.742992751926785e-08
11350.056 4.8810370072204044e-08
11400.056 6.825744058191135e-08
11450.056 6.712470520330936e-08
11500.056 7.296272491213502e-08
11550.056 4.685525285515776e-08
11600.056 5.356024121211142e-08
11650.056 6.442902355030545e-08
11700.056 5.8077995798044096e-08
11750.056 3.7438643792272887e-08
11800.056 6.774849156990685e-08
11850.056 9.533606669470133e-08
11900.056 1.0326581584831227e-07
11950.056 1.418397412086735e-07
12000.056 1.666635786383945e-07
12050.056 1.9883854917416774e-07
12100.056 2.2487707790778792e-07
12150.056 2.6297580179617037e-07
12200.056 3.0236461715591937e-07
12250.056 3.35871572599166e-07
12300.056 3.7746119695906644e-07
12350.056 4.01719284451838e-07
12400.056 4.3223489868799614e-07
12450.056 4.140043873560515e-07
12500.056 4.5131675399899105e-07
12550.056 4.82558112387059e-07
12600.056 5.783479927320237e-07
12650.056 5.716449708799873e-07
12700.056 5.988888086051182e-07
12750.056 5.943906454140478e-07
12800.056 6.122005380816693e-07
12850.056 5.51223696142548e-07
12900.056 4.966299196891688e-07
12950.056 5.147082158519023e-07
13000.056 4.709365793504088e-07
13050.056 4.468724817672701e-07
13100.056 4.1163905460752084e-07
13150.056 3.5710310409152437e-07
13200.056 3.165823502522041e-07
13250.056 2.538837112097093e-07
13300.056 1.3986389553836808e-07
13350.056 5.0271548493126624e-08
13400.056 3.8082081493163896e-08
13450.056 2.5199741467411866e-08
13500.056 2.0922574058306954e-08
13550.056 1.7039512128980098e-08
13600.056 1.0895502776908682e-08
13650.056 1.8612424917453312e-08
13700.056 1.6107226384413514e-08
13750.056 1.482406367837295e-08
13800.056 1.677116532795811e-08
13850.056 1.529011264822918e-08
13900.056 1.597627416997305e-08
13950.056 1.4704119188681849e-08
14000.056 1.4367471287366416e-08
14050.056 1.5996088133357057e-08
14100.056 1.5101998774686154e-08
14150.056 1.8423228977636907e-08
14200.056 1.599635567614052e-08
14250.056 1.7180598910925388e-08
14300.056 2.196556326313197e-08
14350.056 2.1915355426252197e-08
14400.056 2.5936314412506854e-08
14450.056 2.726861563291412e-08
14500.056 3.8926688263714895e-08
14550.056 4.329434681633645e-08
14600.056 4.9809335148356415e-08
14650.056 5.236438995773781e-08
14700.056 4.681407319990309e-08
14750.056 5.4872071103239495e-08
14800.056 6.554906484099066e-08
14850.056 7.117287685328879e-08
14900.056 7.535399451795045e-08
14950.056 7.950486182904658e-08
15000.056 8.629088412896634e-08
15050.056 9.91322833412692e-08
15100.056 1.0964105612488831e-07
15150.056 1.229996892089923e-07
15200.056 1.2349338843386064e-07
15250.056 1.3745351792119203e-07
15300.056 1.529313897267031e-07
15350.056 1.649489832808665e-07
15400.056 1.8424863097530993e-07
15450.056 2.0152074519732463e-07
15500.056 2.0916039480145561e-07
15550.056 2.3228803238849214e-07
15600.056 2.2262774393641151e-07
15650.056 2.4478801390202683e-07
15700.056 2.8580369061614846e-07
15750.056 3.134837800579931e-07
15800.056 2.996241821341291e-07
15850.056 3.4410652910792924e-07
15900.056 3.4000202746605825e-07
15950.056 3.676352032809082e-07
16000.056 3.4143481985900805e-07
16050.056 2.941468622970087e-07
16100.056 2.6930649752510804e-07
16150.056 2.2476891681527708e-07
16200.056 1.89687197343425e-07
16250.056 1.8062969374027945e-07
16300.056 1.5727956779285652e-07
16350.056 1.7195272985140626e-07
16400.056 2.0471613626611838e-07
16450.056 2.1488786843770847e-07
16500.056 2.3609240603402305e-07
16550.056 2.2923727920878715e-07
16600.056 2.163492570995607e-07
16650.056 2.0665241995953692e-07
16700.056 1.0173795613599058e-07
16750.056 1.1836135014404957e-07
16800.056 1.9023870449206195e-07
16850.056 1.9718749950123205e-07
16900.056 1.7248382738398545e-07
16950.056 1.4111322357040463e-07
17000.056 1.0676347265652851e-07
17050.056 1.4387901404615505e-07
17100.056 1.5948621114621213e-07
17150.056 1.1866113548285274e-07
17200.056 1.4771473943855925e-07
17250.056 1.2910907441345184e-07
17300.056 1.0412637858330192e-07
17350.056 8.99722082653597e-08
17400.056 1.041228459543057e-07
17450.056 1.0499705539955584e-07
17500.056 1.1434204905038368e-07
17550.056 1.1162334684112797e-07
17600.056 1.0009322331375961e-07
17650.056 9.891762552146672e-08
17700.056 7.176220808866085e-08
17750.056 6.961235659032939e-08
17800.056 9.518430620630915e-08
17850.056 7.096123161631753e-08
17900.056 6.308310421127153e-08
17950.056 5.814393429988105e-08
18000.056 6.452584987093338e-08
18050.056 6.631014527414913e-08
18100.056 6.941882385124277e-08
18150.056 8.82701950942574e-08
18200.056 6.128588289906834e-08
18250.056 9.536021662962892e-08
18300.056 8.054458617154676e-08
18350.056 6.795105697591906e-08
18400.056 7.093797303538679e-08
18450.056 7.184272227289678e-08
18500.056 7.792037526774858e-08
18550.056 6.97352538158655e-08
18600.056 6.074602044141072e-08
18650.056 6.699934835795391e-08
18700.056 6.949395498372487e-08
18750.056 7.628995104203969e-08
18800.056 9.669899948563978e-08
18850.056 1.113645530362395e-07
18900.056 1.0900619749411246e-07
18950.056 1.2839406113366515e-07
19000.056 1.2305764578828732e-07
19050.056 1.0867632499118203e-07
19100.056 1.3694592426241473e-07
19150.056 1.2963414726996347e-07
19200.056 1.3702678441401923e-07
19250.056 1.2409407050328243e-07
19300.056 1.2705378888359168e-07
19350.056 1.1312536412274346e-07
19400.056 9.387221824349015e-08
19450.056 1.3072540614278195e-07
19500.056 1.269323993417206e-07
19550.056 9.82157324248709e-08
19600.056 1.2917959710224108e-07
19650.056 1.3544696330329458e-07
19700.056 1.3927319654026975e-07
19750.056 1.3590255506587753e-07
19800.056 1.4409111026594232e-07
19850.056 1.6467553896919329e-07
19900.056 1.3639763176598313e-07
19950.056 1.8415378777561223e-07
20000.056 1.633512828148609e-07
20050.056 1.8067857324431708e-07
20100.056 2.0119036867842985e-07
20150.056 2.0155857511494182e-07
20200.056 2.176671018137555e-07
20250.056 2.403991660808818e-07
20300.056 2.394224042985782e-07
20350.056 2.6720061781349073e-07
20400.056 2.602268243750071e-07
20450.056 2.958052816859232e-07
20500.056 3.0426200570461507e-07
20550.056 3.038416934465022e-07
20600.056 3.43861958475342e-07
20650.056 3.3725990225417606e-07
20700.056 3.5028124981758676e-07
20750.056 3.714727478605223e-07
20800.056 3.8197888150984094e-07
20850.056 3.724390546969658e-07
20900.056 3.8937738820938523e-07
20950.056 3.876478430419513e-07
21000.056 3.9326398874308647e-07
21050.056 3.925105905889897e-07
21100.056 3.7962300359002684e-07
21150.056 3.9874796234454623e-07
21200.056 3.731991911883016e-07
21250.056 3.7410620433691276e-07
21300.056 3.2827889095187924e-07
21350.056 3.509289708570737e-07
21400.056 3.201457368720387e-07
21450.056 3.2365914013658934e-07
21500.056 2.905775655073617e-07
21550.056 2.733779921458448e-07
21600.056 2.490829189667764e-07
21650.056 2.1943625864780793e-07
21700.056 2.263562062595816e-07
21750.056 1.938166518694177e-07
21800.056 1.6714831728937493e-07
21850.056 1.5014134493856264e-07
21900.056 1.1411427400822927e-07
21950.056 7.224018049160987e-08
22000.056 3.353355588086218e-08
22050.056 1.9099853636036767e-08
22100.056 2.6210313444307038e-08
22150.056 4.236709774529624e-08
22200.056 5.132054524057271e-08
22250.056 4.515931692959804e-08
22300.056 3.8537538045064696e-08
22350.056 3.567123564511256e-08
22400.056 2.7086843774208478e-08
22450.056 2.2526563967398718e-08
22500.056 2.0793334406325116e-08
22550.056 1.710456391781794e-08
22600.056 1.7982146846415413e-08
22650.056 1.8290114142137982e-08
22700.056 1.6272532300328898e-08
22750.056 1.7117269476341372e-08
22800.056 1.4458438968778626e-08
22850.056 1.2737588661102622e-08
22900.056 1.1000426151961348e-08
22950.056 1.039277679058672e-08
23000.056 1.3020460973949272e-08
23050.056 1.758441311932979e-08
23100.056 2.7514218587846213e-08
23150.056 3.358644798015339e-08
23200.056 1.1099225995501967e-08
23250.056 1.1177840644322468e-08
23300.056 1.0011303066665477e-08
23350.056 9.918508059747767e-09
23400.056 1.0994871838364892e-08
23450.056 1.1183438743307103e-08
23500.056 1.2336220596828839e-08
23550.056 1.5329715278194956e-08
23600.056 1.7160621383558213e-08
23650.056 2.2427610248218127e-08
23700.056 1.6382444097885063e-08
23750.056 1.2526009353340871e-08
23800.056 1.1863153945660846e-08
23850.056 1.4221194341438573e-08
23900.056 2.0752575517824223e-08
23950.056 2.495656185519156e-08
24000.056 2.561078629660598e-08
24050.056 3.392692491118664e-08
24100.056 3.1817264942350535e-08
24150.056 3.555232524665065e-08
24200.056 3.5827059655066194e-08
24250.056 3.058565305090076e-08
24300.056 3.58604376533027e-08
24350.056 3.058797283889775e-08
24400.056 3.959863710313059e-08
24450.056 4.0173695256519294e-08
24500.056 4.1542612118147e-08
24550.056 4.940633621441994e-08
24600.056 5.085771618239449e-08
24650.056 6.077804845236257e-08
24700.056 5.098189792508799e-08
24750.056 5.824899930625746e-08
24800.056 6.038817089510297e-08
24850.056 7.315677294803084e-08
24900.056 5.786474444304866e-08
24950.056 8.16566509299437e-08
25000.056 7.721157294752594e-08
25050.056 6.397791067600924e-08
25100.056 8.086577745691084e-08
25150.056 6.366212713664725e-08
25200.056 7.816186095095749e-08
25250.056 6.780760650862221e-08
25300.056 8.6494892493915e-08
25350.056 6.21639716818146e-08
25400.056 8.850396478246276e-08
25450.056 6.544277687865498e-08
25500.056 6.503413678563684e-08
25550.056 6.686322996831552e-08
25600.056 5.880165676981522e-08
25650.056 5.3156553861488243e-08
25700.056 7.49325546913751e-08
25750.056 4.589329322812071e-08
25800.056 7.008628150500317e-08
25850.056 5.085844533348827e-08
25900.056 5.9086843123548455e-08
25950.056 4.71958227973306e-08
26000.056 8.033979357621851e-08
26050.056 6.79996746764516e-08
26100.056 7.5697589477084e-08
26150.056 6.65744752127187e-08
26200.056 7.449608542709946e-08
26250.056 8.875987336005314e-08
26300.056 7.901939486992337e-08
26350.056 1.051761113371499e-07
26400.056 1.0862395427976499e-07
26450.056 1.1854577109314244e-07
26500.056 1.2301340553583625e-07
26550.056 9.333314534752183e-08
26600.056 1.2005315106398446e-07
26650.056 7.536412269510566e-08
26700.056 7.599220146602179e-08
26750.056 5.90187978176792e-08
26800.056 8.581518628777852e-08
26850.056 5.752024730829882e-08
26900.056 9.681807651991904e-08
26950.056 6.117613289857809e-08
27000.056 1.0506910242353074e-07
27050.056 8.515194955092531e-08
27100.056 8.024509314208194e-08
27150.056 1.1192721365852656e-07
27200.056 8.87836907313413e-08
27250.056 9.504449610335966e-08
27300.056 1.4035308788211185e-07
27350.056 1.2357511120017368e-07
27400.056 7.280444823328232e-08
27450.056 1.5485557883453685e-07
27500.056 1.417091911453255e-07
27550.056 9.890477664388338e-08
27600.056 1.5054119742026919e-07
27650.056 9.185632685468231e-08
27700.056 8.234774808352473e-08
27750.056 1.450295900779472e-07
27800.056 8.683253094316013e-08
27850.056 1.0120465285170437e-07
27900.056 1.1055076638842941e-07
27950.056 1.5223064959541155e-07
28000.056 1.3526331196125426e-07
28050.056 7.49348477953193e-08
28100.056 1.6022520638242545e-07
28150.056 1.1521942014023629e-07
28200.056 8.102673223592374e-08
28250.056 1.4803947144001798e-07
28300.056 1.8304897806668575e-07
28350.056 1.0193050258266487e-07
28400.056 1.261447115443761e-07
28450.056 1.5176139326371897e-07
28500.056 1.4093538200075192e-07
28550.056 7.734023404366228e-08
28600.056 1.7302523667335026e-07
28650.056 1.5785309101506894e-07
28700.056 1.4471172047906725e-07
28750.056 1.7662137182232923e-07
28800.056 1.553913012818518e-07
28850.056 1.7834146096653865e-07
28900.056 1.1608240599729659e-07
28950.056 1.9783606753831983e-07
29000.056 1.5999130955486222e-07
29050.056 1.6607158950914753e-07
29100.056 1.3092115539332427e-07
29150.056 1.9356569905909274e-07
29200.056 1.5674346874113675e-07
29250.056 2.0541320383430978e-07
29300.056 1.4394048423111753e-07
29350.056 2.5114725040471224e-07
29400.056 1.70726241917264e-07
29450.056 1.8792033072716954e-07
29500.056 1.963681165011753e-07
29550.056 1.8394638361188862e-07
29600.056 2.0552009371293524e-07
29650.056 1.9868035840076337e-07
29700.056 1.568912638787014e-07
29750.056 2.0841617997820706e-07
29800.056 2.1591799117918596e-07
29850.056 2.156261668920667e-07
29900.056 1.9660370641730372e-07
29950.056 2.1268513330304248e-07
30000.056 1.9882704010389994e-07
30050.056 1.827650129259856e-07
30100.056 1.6749702726052833e-07
30150.056 2.2702257622398116e-07
30200.056 1.775928585465905e-07
30250.056 2.2519839676356239e-07
30300.056 1.8809504773500998e-07
30350.056 1.6759283002501114e-07
30400.056 1.9312179434480127e-07
30450.056 1.5360089145902087e-07
30500.056 1.2063017035591826e-07
30550.056 1.2920531476180727e-07
30600.056 1.3820468560498996e-07
30650.056 1.1577415271796619e-07
30700.056 1.196519436219795e-07
30750.056 1.0771467428648412e-07
30800.056 9.234357281301673e-08
30850.056 8.402515311536303e-08
30900.056 8.486932972868503e-08
30950.056 7.424613117692173e-08
31000.056 6.527017947540178e-08
31050.056 6.843600494500703e-08
31100.056 5.353129290919238e-08
31150.056 5.854628386399647e-08
31200.056 6.390375250001004e-08
31250.056 4.7442539226189056e-08
31300.056 4.731923035049374e-08
31350.056 4.5510415186399564e-08
31400.056 3.830144662260042e-08
31450.056 3.895823202159358e-08
31500.056 3.364727020148995e-08
31550.056 3.680074508929959e-08
31600.056 3.042610247209649e-08
31650.056 2.927297540159974e-08
31700.056 2.8315011684594047e-08
31750.056 2.5796602284710883e-08
31800.056 2.954753218809543e-08
31850.056 2.807512122910294e-08
31900.056 3.009147925049679e-08
31950.056 2.0967080916602203e-08
32000.056 2.611392926729675e-08
32050.056 2.7710804949700613e-08
32100.056 2.806088893690704e-08
32150.056 2.7808804262994692e-08
32200.056 2.5796363401300564e-08
32250.056 3.026367756460313e-08
32300.056 2.6286118390102016e-08
32350.056 3.2105679364592915e-08
32400.056 2.4845319537093918e-08
32450.056 3.0351923869089663e-08
32500.056 3.058765211390353e-08
32550.056 2.7737997399096946e-08
32600.056 3.2610840264602024e-08
32650.056 4.299252286549335e-08
32700.056 3.8194043715006175e-08
32750.056 4.0712606972804776e-08
32800.056 3.9032182393703925e-08
32850.056 4.21526082079916e-08
32900.056 4.755679189919217e-08
32950.056 4.888886978989513e-08
33000.056 4.1489463750185464e-08
33050.056 3.794464175522088e-08
33100.056 2.3658943686297532e-08
33150.056 1.7649383140399997e-08
33200.056 1.3146354791300033e-08
33250.056 8.769161985398352e-09
33300.056 8.824095996700942e-09
33350.056 1.1196525841899986e-08
33400.056 1.3840810357796342e-08
33450.056 1.7787596065299494e-08
33500.056 2.413073810360941e-08
33550.056 2.5238708242808643e-08
33600.056 3.433596439309568e-08
33650.056 3.5370997952393994e-08
33700.056 3.3129947433394214e-08
33750.056 4.165265113600662e-08
33800.056 4.1881942988900635e-08
33850.056 4.3829464204894124e-08
33900.056 3.783715469340054e-08
33950.056 3.737509103029836e-08
34000.056 4.4397305034314236e-08
34050.056 3.274397009108428e-08
34100.056 4.4491550674793073e-08
34150.056 4.076922473939824e-08
34200.056 3.6534494613987264e-08
34250.056 3.982741202627753e-08
34300.056 3.818643679338014e-08
34350.056 3.115733745979948e-08
34400.056 3.212547257559519e-08
34450.056 3.786301435299348e-08
34500.056 3.646263647180171e-08
34550.056 3.527698211080234e-08
34600.056 4.342620921599586e-08
34650.056 3.8989017625898514e-08
34700.056 3.895522307589741e-08
34750.056 4.0728145547990006e-08
34800.056 3.958129681558976e-08
34850.056 3.8351024866012664e-08
34900.056 4.496809047008792e-08
34950.056 4.4511434985990826e-08
35000.056 5.644005851301685e-08
35050.056 4.155769119999139e-08
35100.056 4.746682768000411e-08
35150.056 4.5795511551201815e-08
35200.056 5.101598947999489e-08
35250.056 5.9470991040385834e-08
35300.056 5.481883172321058e-08
35350.056 5.0607432527884885e-08
35400.056 5.521216554800588e-08
35450.056 4.1563538881816957e-08
35500.056 6.6154069540002e-08
35550.056 6.603506248198858e-08
35600.056 5.650998376502339e-08
35650.056 6.381255502299397e-08
35700.056 6.013379490199291e-08
35750.056 7.110827919398779e-08
35800.056 9.256163387399926e-08
35850.056 6.294572358299015e-08
35900.056 7.8303326646998e-08
35950.056 7.278005031498845e-08
36000.056 7.525926982301499e-08
36050.056 7.098942172698049e-08
36100.056 7.771460615795557e-08
36150.056 7.718304998198281e-08
36200.056 8.179210049598024e-08
36250.056 8.140837831096993e-08
36300.056 8.810620010300624e-08
36350.056 8.761578272100682e-08
36400.056 8.425069150699311e-08
36450.056 1.0210103524701219e-07
36500.056 1.0662863513198856e-07
36550.056 1.0403737683402713e-07
36600.056 1.2049545283700801e-07
36650.056 1.2265940954897223e-07
36700.056 1.3149065514498567e-07
36750.056 1.379371384090729e-07
36800.056 1.3738911295599854e-07
36850.056 1.396461085209639e-07
36900.056 1.3991357286297752e-07
36950.056 1.6218091710297846e-07
37000.056 1.5923212366299222e-07
37050.056 1.5300550695097646e-07
37100.056 1.7812297376999633e-07
37150.056 1.506404876820015e-07
37200.056 1.7055404428098744e-07
37250.056 1.8338676237797036e-07
37300.056 1.6252539919493497e-07
37350.056 1.6141890783303708e-07
37400.056 2.2918495436599443e-07
37450.056 1.9252012893102364e-07
37500.056 1.931403110039714e-07
37550.056 2.1564904914511685e-07
37600.056 2.2696931005200688e-07
37650.056 1.9649776834598733e-07
37700.056 2.601482239940319e-07
37750.056 2.0910744788498857e-07
37800.056 2.213367336491597e-07
37850.056 1.9129715342301121e-07
37900.056 1.9624800872707514e-07
37950.056 2.2240478453494855e-07
38000.056 2.685504012790183e-07
38050.056 2.703896707690476e-07
38100.056 2.3563743929906297e-07
38150.056 2.95958707329981e-07
38200.056 3.085986396770796e-07
38250.056 2.9651148420802916e-07
38300.056 3.49916984817969e-07
38350.056 3.6898366103801013e-07
38400.056 2.749183216649151e-07
38450.056 3.0425368215897925e-07
38500.056 2.3416751468603977e-07
38550.056 3.1679572779004117e-07
38600.056 3.4143610949102996e-07
38650.056 3.146919162619654e-07
38700.056 3.4080744091897524e-07
38750.056 3.6889478378902475e-07
38800.056 3.198239582717619e-07
38850.056 3.1097959165402177e-07
38900.056 3.8872433767606497e-07
38950.056 3.6977035294796525e-07
39000.056 3.8345565880698745e-07
39050.056 3.6452295314994156e-07
39100.056 3.804143858460739e-07
39150.056 3.725036691199998e-07
39200.056 4.1388676040798624e-07
39250.056 4.4124700092385506e-07
39300.056 3.8384436957279173e-07
39350.056 4.593388266260078e-07
39400.056 4.378452924351064e-07
39450.056 4.3779245536697646e-07
39500.056 4.0963457379409806e-07
39550.056 4.5268308858305246e-07
39600.056 4.632475363228346e-07
39650.056 4.763029763299966e-07
39700.056 4.7501836863800484e-07
39750.056 4.239838318930565e-07
39800.056 4.801090158298235e-07
39850.056 5.198156501199794e-07
39900.056 5.068564191800744e-07
39950.056 4.972049952518397e-07
40000.056 5.704162584981183e-07
40050.056 5.160965513960254e-07
40100.056 5.118981890260031e-07
40150.056 5.499546420758911e-07
40200.056 5.552407254198105e-07
40250.056 5.120062517148361e-07
40300.056 5.173339986100794e-07
40350.056 5.746490685520597e-07
40400.056 6.088289443699648e-07
40450.056 5.96508810553153e-07
40500.056 5.671918590600484e-07
40550.056 6.01227180699919e-07
40600.056 5.650906385200955e-07
40650.056 5.444640654248604e-07
40700.056 6.619342510199967e-07
40750.056 5.906052954898518e-07
40800.056 5.233272500008174e-07
40850.056 6.205639277801422e-07
40900.056 5.955207368920573e-07
40950.056 5.796505802000347e-07
41000.056 6.055792162960523e-07
41050.056 6.592343608699287e-07
41100.056 5.813551260000327e-07
41150.056 5.286728210109319e-07
41200.056 6.356778354599257e-07
41250.056 5.844174944979653e-07
41300.056 5.270099309198633e-07
41350.056 6.81685066200089e-07
41400.056 6.385142631141436e-07
41450.056 6.388622633202048e-07
41500.056 5.887004830709764e-07
41550.056 5.957189171360463e-07
41600.056 6.787068284820568e-07
41650.056 6.365920072200734e-07
41700.056 5.698786620498053e-07
41750.056 5.775377824399522e-07
41800.056 5.67892461809943e-07
41850.056 4.6338157134504543e-07
41900.056 4.996247592559681e-07
41950.056 4.1937917160011644e-07
42000.056 4.26257153612075e-07
42050.056 3.9186068712393285e-07
42100.056 4.7275047397004205e-07
42150.056 3.6092989926287794e-07
42200.056 3.6074608865299564e-07
42250.056 3.5211282058595654e-07
42300.056 3.163679956680319e-07
42350.056 3.8616376251608886e-07
42400.056 3.241043380300833e-07
42450.056 3.129422290300238e-07
42500.056 3.2013486288801653e-07
42550.056 3.225641813279858e-07
42600.056 3.034195249490886e-07
42650.056 2.8804436706791334e-07
42700.056 3.1302328552008e-07
42750.056 2.923192780899722e-07
42800.056 2.827903912381122e-07
42850.056 3.2059725577989764e-07
42900.056 3.1647223001803875e-07
42950.056 3.0909971127986105e-07
43000.056 3.084842164160036e-07
43050.056 2.7616179392413947e-07
43100.056 3.146399657100255e-07
43150.056 2.909891349850658e-07
43200.056 3.2906860872004535e-07
43250.056 3.1708252934394164e-07
43300.056 3.2507939690000525e-07
43350.056 3.1039618376499034e-07
43400.056 3.112246323669928e-07
43450.056 3.0556982135605246e-07
43500.056 2.8842764187697166e-07
43550.056 3.1840306774202686e-07
43600.056 3.3128179517601396e-07
43650.056 3.089281999640432e-07
43700.056 3.2260515629991187e-07
43750.056 3.204687179651017e-07
43800.056 2.9436526637398663e-07
43850.056 3.185288036900725e-07
43900.056 3.279186009099734e-07
43950.056 2.9228438147505507e-07
44000.056 2.9572798901004637e-07
44050.056 3.3974882745005236e-07
44100.056 3.5065078839003377e-07
44150.056 3.279067641598912e-07
44200.056 3.2594086144996944e-07
44250.056 3.3176076944999937e-07
44300.056 3.1908750751204464e-07
44350.056 3.111380880450475e-07
44400.056 3.397919437850012e-07
44450.056 3.457499445599837e-07
44500.056 3.7236760315002407e-07
44550.056 3.617938031399407e-07
44600.056 3.407135441490429e-07
44650.056 3.6543150418607473e-07
44700.056 3.326463996200174e-07
44750.056 3.7228149386497836e-07
44800.056 3.7911732976001193e-07
44850.056 3.618766319900741e-07
44900.056 3.438842425140271e-07
44950.056 3.5122260725801526e-07
45000.056 3.779357994599662e-07
45050.056 3.7675771530599204e-07
45100.056 3.8431972633398626e-07
45150.056 3.7254017309597415e-07
45200.056 3.481219178900275e-07
45250.056 3.5980110934992247e-07
45300.056 3.612025608980413e-07
45350.056 3.755188788699669e-07
45400.056 3.908716882280322e-07
45450.056 3.555506514779358e-07
45500.056 3.705253425069828e-07
45550.056 4.0345040971994595e-07
45600.056 3.866785129200003e-07
45650.056 3.3555529715192797e-07
45700.056 3.9180477024805926e-07
45750.056 3.4638367615898735e-07
45800.056 3.731079216399942e-07
45850.056 4.2493925102997817e-07
45900.056 4.2605912673002297e-07
45950.056 3.670496648470118e-07
46000.056 4.1636055466000585e-07
46050.056 3.976240716370338e-07
46100.056 3.740422400300244e-07
46150.056 3.9104507213998915e-07
46200.056 3.976804426250708e-07
46250.056 3.401218322219702e-07
46300.056 4.272789197939817e-07
46350.056 3.7551967100998127e-07
46400.056 3.7983849741998905e-07
46450.056 3.940474692390504e-07
46500.056 3.6840774605000563e-07
46550.056 4.3266476770197177e-07
46600.056 4.117408328380114e-07
46650.056 5.160365752799144e-07
46700.056 4.6589866925013116e-07
46750.056 3.668957569059764e-07
46800.056 3.871592767460452e-07
46850.056 4.6368076377007735e-07
46900.056 4.3717046361993153e-07
46950.056 4.693075299600268e-07
47000.056 3.9975061767999273e-07
47050.056 4.520984124038682e-07
47100.056 3.5440222454105475e-07
47150.056 3.87873054686027e-07
47200.056 4.2720642315005164e-07
47250.056 3.793130800099847e-07
47300.056 3.6790883948293296e-07
47350.056 3.8153611249994054e-07
47400.056 4.43406168529932e-07
47450.056 3.877344911790035e-07
47500.056 4.489676846709181e-07
47550.056 3.922512533299702e-07
47600.056 4.2591170520995863e-07
47650.056 3.2893682183591706e-07
47700.056 4.42682660036084e-07
47750.056 3.1037222909404075e-07
47800.056 4.2745774899596376e-07
47850.056 3.291587695559504e-07
47900.056 4.102740092959818e-07
47950.056 3.308100223740381e-07
48000.056 4.721053907000465e-07
48050.056 3.9431946736403223e-07
48100.056 3.938519794980022e-07
48150.056 3.8880194855004754e-07
48200.056 4.2475789957004407e-07
48250.056 3.699402370799915e-07
48300.056 4.490342313498463e-07
48350.056 3.347500592100119e-07
48400.056 3.7261936258897973e-07
48450.056 3.711968620360784e-07
48500.056 4.797173353399938e-07
48550.056 3.469469277420145e-07
48600.056 4.231486745799903e-07
48650.056 3.714765393899684e-07
48700.056 4.1067219434001155e-07
48750.056 3.1848326260707746e-07
48800.056 4.992727479419996e-07
48850.056 3.4660956459993847e-07
48900.056 4.5541026542002874e-07
48950.056 4.188214620400499e-07
49000.056 3.418963813879107e-07
49050.056 4.278779059300079e-07
49100.056 4.017815536600463e-07
49150.056 4.140354327190068e-07
49200.056 4.197180441900079e-07
49250.056 4.3866553287003745e-07
49300.056 3.785931811079822e-07
49350.056 3.584710125130263e-07
49400.056 4.2701342817000984e-07
49450.056 3.874258571931157e-07
49500.056 3.8474997218996816e-07
49550.056 3.161204478230232e-07
49600.056 3.845450398300897e-07
49650.056 4.020090767559831e-07
49700.056 3.556734607689118e-07
49750.056 4.5840901316990603e-07
49800.056 3.836325035980221e-07
49850.056 4.952550710300888e-07
49900.056 3.925374300500146e-07
49950.056 4.225273637899485e-07
50000.056 4.0516367751993514e-07
50050.056 4.327770398100203e-07
50100.056 4.1658737270598136e-07
50150.056 3.3401026912998095e-07
50200.056 2.6395414567999014e-07
50250.056 4.189891708699606e-07
50300.056 3.719517256560006e-07
50350.056 4.752801781120126e-07
50400.056 4.053365627299812e-07
50450.056 3.7649907597807963e-07
50500.056 4.4389335091006487e-07
50550.056 3.9156439850000785e-07
50600.056 4.123548929179596e-07
50650.056 4.3664306706010364e-07
50700.056 4.671770045198486e-07
50750.056 4.6237377813607396e-07
50800.056 3.287071075499671e-07
50850.056 3.56240208304087e-07
50900.056 4.60629088580008e-07
50950.056 4.0786622753010174e-07
51000.056 4.754428374010561e-07
51050.056 3.763666920100316e-07
51100.056 3.2425033133896347e-07
51150.056 4.04535618065936e-07
51200.056 4.6536406760998936e-07
51250.056 4.128796712438951e-07
51300.056 3.640022007251918e-07
51350.056 3.6629991109995977e-07
51400.056 2.945924920219586e-07
51450.056 2.5158966617192376e-07
51500.056 3.175222924380676e-07
51550.056 4.872331411100548e-07
51600.056 3.5497821913405616e-07
51650.056 3.8105055847994676e-07
51700.056 3.7082883353688807e-07
51750.056 3.175115241510559e-07
51800.056 4.107414363098899e-07
51850.056 4.1198717961999483e-07
51900.056 4.726093427201339e-07
51950.056 4.1969337637995414e-07
52000.056 2.7697975075998626e-07
52050.056 3.848772271220278e-07
52100.056 3.179201684799338e-07
52150.056 3.1664709914602105e-07
52200.056 2.926599835869813e-07
52250.056 3.361171550980312e-07
52300.056 4.330283525099768e-07
52350.056 4.033086048880343e-07
52400.056 2.851891666800111e-07
52450.056 3.82943157100021e-07
52500.056 3.984334909119071e-07
52550.056 4.234719322798682e-07
52600.056 3.663584199800711e-07
52650.056 4.008241231701056e-07
52700.056 3.7050349119899933e-07
52750.056 2.8551327599797415e-07
52800.056 3.379065099000411e-07
52850.056 3.2723300793492294e-07
52900.056 3.385342804800617e-07
52950.056 3.477846411619678e-07
53000.056 4.01389803208976e-07
53050.056 2.926960096408855e-07
53100.056 3.022251001679086e-07
53150.056 4.351468521000422e-07
53200.056 2.7505142387999634e-07
53250.056 4.315821144400262e-07
53300.056 4.093248213482053e-07
53350.056 4.052563655499638e-07
53400.056 4.1120894655005174e-07
53450.056 2.910118783800308e-07
53500.056 2.3009831301592252e-07
53550.056 3.167273507959165e-07
53600.056 3.7631839398406516e-07
53650.056 3.155463223349748e-07
53700.056 3.128871901110927e-07
53750.056 3.1057236623505055e-07
53800.056 3.169946032730932e-07
53850.056 3.9027426316486233e-07
53900.056 2.770457591580715e-07
53950.056 3.9783901629095735e-07
54000.056 3.194362656330164e-07
54050.056 3.3923286643405766e-07
54100.056 2.2611840394794008e-07
54150.056 2.7425665636605796e-07
54200.056 1.9327217755099326e-07
54250.056 2.4479779904102665e-07
54300.056 2.393722747010002e-07
54350.056 3.0569478022990227e-07
54400.056 3.476208663699339e-07
54450.056 3.2089936862796334e-07
54500.056 2.9702540050300734e-07
54550.056 2.6920035350600087e-07
54600.056 2.9920558748897584e-07
54650.056 2.366111883299661e-07
54700.056 3.329551643419666e-07
54750.056 3.4305147828507085e-07
54800.056 2.400066083419908e-07
54850.056 2.7138090941701163e-07
54900.056 3.356379765020434e-07
54950.056 3.5046711558393245e-07
55000.056 2.7750417219694727e-07
55050.056 3.1506136481495993e-07
55100.056 3.109213144500329e-07
55150.056 2.5086740388493653e-07
55200.056 2.637687190289997e-07
55250.056 2.445326071759699e-07
55300.056 2.3683862889698012e-07
55350.056 3.1935603224610217e-07
55400.056 3.4004772131206983e-07
55450.056 2.673398064879844e-07
55500.056 1.894463981800484e-07
55550.056 2.502922223799608e-07
55600.056 2.700370224089603e-07
55650.056 2.1969604764295478e-07
55700.056 2.621127798960268e-07
55750.056 2.6370125075795726e-07
55800.056 2.269397284330411e-07
55850.056 2.0688912065099004e-07
55900.056 2.721241311339639e-07
55950.056 3.520240015900054e-07
56000.056 2.3218112109494646e-07
56050.056 2.6168978627800963e-07
56100.056 2.9720598352500175e-07
56150.056 2.3058839192804502e-07
56200.056 2.6548363668892946e-07
56250.056 2.431847657320427e-07
56300.056 2.7070067626197906e-07
56350.056 3.003282014120012e-07
56400.056 2.1864782853299432e-07
56450.056 2.2329390899400192e-07
56500.056 2.1594440005402322e-07
56550.056 1.8956617882399572e-07
56600.056 2.770064754689009e-07
56650.056 2.8139503172404026e-07
56700.056 2.991635745740079e-07
56750.056 2.0832197216796018e-07
56800.056 2.9545385104506645e-07
56850.056 2.5748579647597625e-07
56900.056 2.1807103173803384e-07
56950.056 2.887576768839664e-07
57000.056 3.014056796900125e-07
57050.056 2.6689293609594785e-07
57100.056 1.6981664112899109e-07
57150.056 2.533904002860856e-07
57200.056 2.1294423391798668e-07
57250.056 2.1118152284199567e-07
57300.056 2.689413982600373e-07
57350.056 2.0286423896198471e-07
57400.056 2.7943936818595396e-07
57450.056 2.668278789799607e-07
57500.056 2.859995763700921e-07
57550.056 2.810098276240536e-07
57600.056 3.2200028031994923e-07
57650.056 1.6620232392901822e-07
57700.056 2.026267077859966e-07
57750.056 2.640041694440189e-07
57800.056 1.8131885664393728e-07
57850.056 2.9770306671400746e-07
57900.056 3.0166566066300107e-07
57950.056 3.1635729643898604e-07
58000.056 2.3336385494495654e-07
58050.056 2.5725238879996866e-07
58100.056 2.638791486560211e-07
58150.056 2.772038855029971e-07
58200.056 1.6915622972499566e-07
58250.056 1.8779584305895297e-07
58300.056 1.4999661398200128e-07
58350.056 1.8670094628201752e-07
58400.056 1.9736950864102806e-07
58450.056 2.084671257420573e-07
58500.056 2.2972838402302762e-07
58550.056 2.611906295600225e-07
58600.056 1.9681377309894936e-07
58650.056 2.2561832823397528e-07
58700.056 2.2045875309597037e-07
58750.056 2.665159866999963e-07
58800.056 1.4256403248897718e-07
58850.056 2.2631531124101061e-07
58900.056 2.5534563638197556e-07
58950.056 1.9755258006492458e-07
59000.056 2.6207387005702885e-07
59050.056 2.2644767932096529e-07
59100.056 3.056326121239666e-07
59150.056 2.7748174288894704e-07
59200.056 2.4673629833798554e-07
59250.056 2.8590459947008835e-07
59300.056 2.987800382910521e-07
59350.056 1.9398073865698424e-07
59400.056 1.857873155129782e-07
59450.056 2.395185452640577e-07
59500.056 1.8678727469895603e-07
59550.056 1.9425490043796614e-07
59600.056 2.72459000377041e-07
59650.056 2.9145459492599476e-07
59700.056 1.8459710365795253e-07
59750.056 2.935756351199559e-07
59800.056 2.313816609990458e-07
59850.056 2.473883615199772e-07
59900.056 2.0971844756895868e-07
59950.056 2.3043640243004873e-07
60000.056 3.2450480036001666e-07
60050.056 2.65705167636063e-07
60100.056 2.675101569198839e-07
60150.056 2.1651027524296557e-07
60200.056 2.7049375894596847e-07
60250.056 2.484095516120573e-07
60300.056 2.41106708837952e-07
60350.056 2.138339337120341e-07
60400.056 2.597860020859526e-07
60450.056 1.8103558621695819e-07
60500.056 1.4667525350501126e-07
60550.056 2.2355209604001994e-07
60600.056 2.6480968499002907e-07
60650.056 2.4715647179395173e-07
60700.056 2.2059576521001504e-07
60750.056 2.0915529320000274e-07
60800.056 2.4692400537996904e-07
60850.056 2.736277948370549e-07
60900.056 2.70381532378127e-07
60950.056 2.2654125692102688e-07
61000.056 2.518237718100447e-07
61050.056 2.3279357879799833e-07
61100.056 2.555458027799973e-07
61150.056 1.8108886652797573e-07
61200.056 2.643428032820153e-07
61250.056 2.7877946311197513e-07
61300.056 2.536762781280168e-07
61350.056 3.0258110660996414e-07
61400.056 2.9076003656998686e-07
61450.056 2.371095384900094e-07
61500.056 2.5089525982107675e-07
61550.056 2.50659485070981e-07
61600.056 2.230207670380295e-07
61650.056 2.2541400396994602e-07
61700.056 2.055536587719887e-07
61750.056 2.6113519596994517e-07
61800.056 2.991627135199991e-07
61850.056 2.0738571837798928e-07
61900.056 2.88668260720092e-07
61950.056 2.5719708544205984e-07
62000.056 2.6521969864205643e-07
62050.056 2.4257785526994024e-07
62100.056 2.6175237960702095e-07
62150.056 2.5212166180004337e-07
62200.056 2.6742658519296565e-07
62250.056 2.833215369299509e-07
62300.056 2.890811898419725e-07
62350.056 2.653760567699241e-07
62400.056 2.18057272906035e-07
62450.056 2.595047409280264e-07
62500.056 2.678079737779614e-07
62550.056 2.783970978180042e-07
62600.056 2.9382080867002496e-07
62650.056 2.4437351643004043e-07
62700.056 2.633309423129679e-07
62750.056 3.0917247002001774e-07
62800.056 2.611725983519538e-07
62850.056 2.892092023490436e-07
62900.056 2.595901570368786e-07
62950.056 2.720929042860286e-07
63000.056 2.498703574500422e-07
63050.056 3.141432008000298e-07
63100.056 2.97038740629961e-07
63150.056 2.4012296896297045e-07
63200.056 3.0097616798997733e-07
63250.056 2.6877333531001535e-07
63300.056 2.462573030719832e-07
63350.056 3.0602869408001356e-07
63400.056 2.2594636978199436e-07
63450.056 1.929221581779962e-07
63500.056 2.773668470040105e-07
63550.056 2.2958714320495338e-07
63600.056 2.5069446998497485e-07
63650.056 2.5220421916604583e-07
63700.056 2.1052547310000665e-07
63750.056 2.157369698749674e-07
63800.056 2.216538252119714e-07
63850.056 2.480600638400862e-07
63900.056 2.202163962460572e-07
63950.056 2.2355273418504486e-07
64000.056 2.447637758710139e-07
64050.056 2.296035028599575e-07
64100.056 1.4597783268001193e-07
64150.056 1.6934901625397316e-07
64200.056 1.5990152774900636e-07
64250.056 2.1807254252596458e-07
64300.056 1.8387062981199566e-07
64350.056 1.602883253059977e-07
64400.056 2.077221354460109e-07
64450.056 1.8669850137199002e-07
64500.056 1.619342439669845e-07
64550.056 1.729972163799876e-07
64600.056 1.7471857426197007e-07
64650.056 2.1143064550907272e-07
64700.056 1.3789148154997177e-07
64750.056 1.5974562238797755e-07
64800.056 1.3812289433303095e-07
64850.056 1.4581680818200314e-07
64900.056 1.460749095119342e-07
64950.056 1.4796999810899793e-07
65000.056 1.7221264804303608e-07
65050.056 1.7838337349899684e-07
65100.056 1.777783753660056e-07
65150.056 1.7422746776800466e-07
65200.056 1.677113950129944e-07
65250.056 2.0285804957598237e-07
65300.056 2.0598387430001477e-07
65350.056 2.455629394199689e-07
65400.056 1.861286083989888e-07
65450.056 1.991605800069955e-07
65500.056 2.2453568908496884e-07
65550.056 1.7903583252297663e-07
65600.056 2.1263691196808764e-07
65650.056 2.0537401972599193e-07
65700.056 2.1622253124198586e-07
65750.056 1.869061042740272e-07
65800.056 2.2990001092901568e-07
65850.056 2.513437061699707e-07
65900.056 1.775065877660241e-07
65950.056 1.3784361531000054e-07
66000.056 1.827692095419866e-07
66050.056 2.7125714246003584e-07
66100.056 2.1209048172200955e-07
66150.056 1.9275380001997393e-07
66200.056 1.6484003598202886e-07
66250.056 1.8319167084297413e-07
66300.056 1.371339641880003e-07
66350.056 1.4421400606807015e-07
66400.056 1.7592974265394824e-07
66450.056 2.3474616258398158e-07
66500.056 2.8010907006603797e-07
66550.056 2.566503246109403e-07
66600.056 2.0503112092612887e-07
66650.056 2.3628601612515127e-07
66700.056 2.0566249526392986e-07
66750.056 2.513902067100402e-07
66800.056 2.7474280726001016e-07
66850.056 1.8389612017213889e-07
66900.056 2.2700357597813065e-07
66950.056 2.864176636700369e-07
67000.056 2.8889735139499124e-07
67050.056 2.1204137999594365e-07
67100.056 2.2264754251705102e-07
67150.056 1.933767729520086e-07
67200.056 2.3519974289007374e-07
67250.056 2.1117471732598057e-07
67300.056 2.222662642610138e-07
67350.056 2.417025053109803e-07
67400.056 2.4432536487195825e-07
67450.056 2.1501823574302175e-07
67500.056 1.8398978934600335e-07
67550.056 2.141300832279891e-07
67600.056 2.784078890199943e-07
67650.056 2.2986453785210584e-07
67700.056 2.0621350189589707e-07
67750.056 1.8540194685295593e-07
67800.056 1.950592818618649e-07
67850.056 1.956075733820013e-07
67900.056 1.8124708067997005e-07
67950.056 1.9020889586195946e-07
68000.056 2.1838730455194303e-07
68050.056 2.447708483700018e-07
68100.056 2.30705950205032e-07
68150.056 1.9836761725695632e-07
68200.056 1.8376105737212664e-07
68250.056 1.7646440319796416e-07
68300.056 1.8638720931497802e-07
68350.056 1.7014659139695476e-07
68400.056 2.2190895195496754e-07
68450.056 2.3967017486908865e-07
68500.056 2.1767247703002645e-07
68550.056 1.7857170949099318e-07
68600.056 2.0945113335502348e-07
68650.056 1.5754322742200823e-07
68700.056 1.8438627270302782e-07
68750.056 2.175763626630581e-07
68800.056 2.4651957948594293e-07
68850.056 1.9908811943595803e-07
68900.056 2.688093619200223e-07
68950.056 2.606685392351307e-07
69000.056 2.2334266279994925e-07
69050.056 2.0407668011590776e-07
69100.056 2.6320670326992107e-07
69150.056 2.8429157747999215e-07
69200.056 2.0231344412904369e-07
69250.056 2.480709325419609e-07
69300.056 2.447772910140568e-07
69350.056 2.2914287176595605e-07
69400.056 1.8371130141495054e-07
69450.056 2.576724160800973e-07
69500.056 2.376349488399758e-07
69550.056 2.1719167750999883e-07
69600.056 1.419084944519956e-07
69650.056 2.0853692157209544e-07
69700.056 2.2699203512496782e-07
69750.056 1.878239717549909e-07
69800.056 2.0649773676001833e-07
69850.056 2.3283947372010957e-07
69900.056 2.266724424700124e-07
69950.056 2.1980293398999622e-07
70000.056 1.9280551015602718e-07
70050.056 2.436673188400231e-07
70100.056 1.7855703912106468e-07
70150.056 1.923904441799494e-07
70200.056 1.7897465268501408e-07
70250.056 1.9213345464997396e-07
70300.056 2.1700875249396527e-07
70350.056 1.978966514729828e-07
70400.056 2.0938098316002118e-07
70450.056 1.5301191979899916e-07
70500.056 1.620588544350467e-07
70550.056 1.577679468520129e-07
70600.056 1.557933207519957e-07
70650.056 2.0176386968002307e-07
70700.056 1.7786229160800724e-07
70750.056 1.9292801868808182e-07
70800.056 1.8258148541197737e-07
70850.056 1.6288130584707076e-07
70900.056 1.9720538420596484e-07
70950.056 2.022986900960472e-07
71000.056 1.8237247944393812e-07
71050.056 1.9398068899605524e-07
71100.056 1.5780767458406287e-07
71150.056 1.5180465580896847e-07
71200.056 1.8016601855703532e-07
71250.056 1.885108679120094e-07
71300.056 1.5001904763693908e-07
71350.056 1.9271982601105103e-07
71400.056 1.8854199121190272e-07
71450.056 1.6502218235401552e-07
71500.056 1.5222946204099646e-07
71550.056 1.4552478314102144e-07
71600.056 1.7245272665396804e-07
71650.056 1.824300685880093e-07
71700.056 1.5130270861199204e-07
71750.056 1.35905394536962e-07
71800.056 1.6506653122799676e-07
71850.056 1.592311338559412e-07
71900.056 1.591159155729775e-07
71950.056 1.5294339124390783e-07
72000.056 1.430261890970288e-07
72050.056 1.4644789740005137e-07
72100.056 1.3562892217200212e-07
72150.056 1.6337277078097063e-07
72200.056 1.2764808872903298e-07
72250.056 1.6475372943002178e-07
72300.056 1.3946270410303083e-07
72350.056 1.5323176318199386e-07
72400.056 1.4822103236101619e-07
72450.056 1.3235170933295e-07
72500.056 1.48836210669056e-07
72550.056 1.0986293757299142e-07
72600.056 1.4845851024099923e-07
72650.056 1.3662473408501313e-07
72700.056 1.3339951425800343e-07
72750.056 1.4624493589795318e-07
72800.056 1.2594280941704408e-07
72850.056 1.2347023495900473e-07
72900.056 1.5311921665399784e-07
72950.056 1.263924611079938e-07
73000.056 1.351887429619588e-07
73050.056 1.234991787780327e-07
73100.056 1.3436685499602385e-07
73150.056 1.3969165907595782e-07
73200.056 1.1047778001793033e-07
73250.056 1.2610359641396508e-07
73300.056 1.1098376359700076e-07
73350.056 1.215349290239718e-07
73400.056 1.310642353839716e-07
73450.056 1.204254924069852e-07
73500.056 1.3087791895299138e-07
73550.056 1.2773509644198312e-07
73600.056 1.197809586059744e-07
73650.056 1.2030510711499527e-07
73700.056 1.1394234767098749e-07
73750.056 1.122908734439719e-07
73800.056 1.2514519793602988e-07
73850.056 1.1798086456594567e-07
73900.056 1.3181008635697466e-07
73950.056 1.2590034969504303e-07
74000.056 1.0884577424498903e-07
74050.056 1.3780063137302658e-07
74100.056 1.3350004141896601e-07
74150.056 1.3158259181595393e-07
74200.056 1.1860576640495467e-07
74250.056 1.0651762848901696e-07
74300.056 1.165085620479889e-07
74350.056 1.2220871469402026e-07
74400.056 1.2970484619499366e-07
74450.056 1.1078936677698132e-07
74500.056 1.251548416149853e-07
74550.056 1.3210811393102174e-07
74600.056 1.112515264010418e-07
74650.056 1.0904162539802661e-07
74700.056 1.2759870234502535e-07
74750.056 1.1367641843799049e-07
74800.056 1.269693891650338e-07
74850.056 1.4016073082605568e-07
74900.056 1.477823201539604e-07
74950.056 1.167602004929637e-07
75000.056 1.356767882890211e-07
75050.056 1.2487120706100394e-07
75100.056 1.4720537242903272e-07
75150.056 1.472668310290037e-07
75200.056 1.407705474139996e-07
75250.056 1.5118133765898694e-07
75300.056 1.4366653395700632e-07
75350.056 1.3225396786599653e-07
75400.056 1.6188303241100186e-07
75450.056 1.524040092730538e-07
75500.056 1.383308566830315e-07
75550.056 1.3435226970600554e-07
75600.056 1.6387923631004674e-07
75650.056 1.429040900039807e-07
75700.056 1.594523552549565e-07
75750.056 1.4860259399013475e-07
75800.056 1.4657633017593976e-07
75850.056 1.5591461947807005e-07
75900.056 1.5561961356601776e-07
75950.056 1.5156994836197222e-07
76000.056 1.5296425457995593e-07
76050.056 1.6792715286695253e-07
76100.056 1.5944595683998466e-07
76150.056 1.6852714362594867e-07
76200.056 1.513618198120491e-07
76250.056 1.7137196764595965e-07
76300.056 1.649000819859499e-07
76350.056 1.8975068758003262e-07
76400.056 1.7641121905006455e-07
76450.056 1.8214824264005952e-07
76500.056 1.666924247800254e-07
76550.056 1.5538675024700127e-07
76600.056 1.0364371733098846e-07
76650.056 1.1539003491097828e-07
76700.056 1.0531657299499995e-07
76750.056 1.1612630774402561e-07
76800.056 1.358307213470354e-07
76850.056 1.2430962978404274e-07
76900.056 1.083047307519697e-07
76950.056 1.011725117480151e-07
77000.056 1.008552718800054e-07
77050.056 9.691713428198676e-08
77100.056 1.0134495741300793e-07
77150.056 1.0980494872498719e-07
77200.056 9.63200401169973e-08
77250.056 1.1062129143401912e-07
77300.056 1.0628218558998711e-07
77350.056 9.979336092200288e-08
77400.056 9.041970713100147e-08
77450.056 9.649071973299882e-08
77500.056 1.038553987629817e-07
77550.056 1.07018691711006e-07
77600.056 1.014526108029949e-07
77650.056 1.1037069310299878e-07
77700.056 1.0541478064496369e-07
77750.056 1.0528474176200206e-07
77800.056 1.0797962770301285e-07
77850.056 1.1496974485901314e-07
77900.056 1.0452734991598425e-07
77950.056 1.136781478679932e-07
78000.056 1.1144014360900503e-07
78050.056 1.0226247935100551e-07
78100.056 1.1182135948302296e-07
78150.056 1.0773295219003456e-07
78200.056 1.2982210198298897e-07
78250.056 1.161064667750073e-07
78300.056 1.1721486265995763e-07
78350.056 1.1913257771903133e-07
78400.056 1.3141526258099193e-07
78450.056 1.1658221738603992e-07
78500.056 1.440025770490123e-07
78550.056 1.2506973417097274e-07
78600.056 1.3683117639900704e-07
78650.056 1.2823964491499055e-07
78700.056 1.3612723550505172e-07
78750.056 1.3096695789601598e-07
78800.056 1.3430940752295789e-07
78850.056 1.2482672665696476e-07
78900.056 1.27711899577022e-07
78950.056 1.3784567115700068e-07
79000.056 1.3560962949999723e-07
79050.056 1.351657196579852e-07
79100.056 1.424226234649848e-07
79150.056 1.330896046370523e-07
79200.056 1.3721699345499198e-07
79250.056 1.3142013106799678e-07
79300.056 1.4164922410101264e-07
79350.056 1.4252599491202586e-07
79400.056 1.3533429124005002e-07
79450.056 1.2654255591996905e-07
79500.056 1.4417978407398255e-07
79550.056 1.5103134922906137e-07
79600.056 1.4718917829900633e-07
79650.056 1.3921811920597624e-07
79700.056 1.4720925491802003e-07
79750.056 1.4663068705700798e-07
79800.056 1.2684329897308271e-07
79850.056 1.553456212019988e-07
79900.056 1.548648996049841e-07
79950.056 1.7041132139798553e-07
