# %ECSV 1.0
# ---
# datatype:
# - {name: wav, unit: Angstrom, datatype: float64}
# - {name: flux_nu, unit: erg / (cm2 Hz s), datatype: float64}
# meta: {C/O: '1.00', Kzz: '1.0000E+05', Teff: '1300.', Y: '0.28', '[Fe/H]': '0.50', f_hole: '1.00', f_rain: '0.00', grav: '56.'}
# schema: astropy-2.0
wav flux_nu
4000.0559999999996 nan
4050.0559999999996 3.565621011507818e-11
4100.056 1.7744955807099532e-10
4150.056 2.0499022550402258e-10
4200.056 1.7541165750735693e-10
4250.056 2.1786842323806986e-10
4300.056 2.238086014070353e-10
4350.056 2.406063381890115e-10
4400.056 2.8287307780103727e-10
4450.056 2.7709983198400353e-10
4500.056 2.88718724119019e-10
4550.056 3.5008521607162475e-10
4600.056 3.833442316680101e-10
4650.056 3.6925987932396044e-10
4700.056 4.3064858939002935e-10
4750.056 4.2804114916998485e-10
4800.056 2.8235355773200244e-10
4850.056 2.0777853324899411e-10
4900.056 1.5527277484400074e-10
4950.056 8.857805413599938e-11
5000.056 3.023479138599904e-11
5050.056 1.0081487047500074e-11
5100.056 7.656335786099954e-12
5150.056 6.368166224699935e-12
5200.056 5.217856960299972e-12
5250.056 3.979405592399966e-12
5300.056 2.9959527571999856e-12
5350.056 2.272752416099986e-12
5400.056 1.7525183862999948e-12
5450.056 1.3531080220999948e-12
5500.056 1.0383508394799957e-12
5550.056 7.885532198299978e-13
5600.056 5.959215905599977e-13
5650.056 4.438676149799987e-13
5700.056 3.263349521899988e-13
5750.056 2.328410761399988e-13
5800.056 1.6008817677999919e-13
5850.056 9.573573616999895e-14
5900.056 3.0501064224225483e-14
5950.056 1.918381625590032e-13
6000.056 5.025987912800063e-13
6050.056 1.2247431195900129e-12
6100.056 2.8108933143000277e-12
6150.056 6.14251501220006e-12
6200.056 1.2634406004300113e-11
6250.056 2.456128644200022e-11
6300.056 4.542397879800039e-11
6350.056 8.048571215400061e-11
6400.056 1.3650570287000108e-10
6450.056 2.2174406283000133e-10
6500.056 3.5025755926000384e-10
6550.056 5.368146198700043e-10
6600.056 8.052064738800081e-10
6650.056 1.1633590700300076e-09
6700.056 1.022470760563022e-09
6750.056 2.1210430821000168e-09
6800.056 2.82382756520003e-09
6850.056 3.1922994823000112e-09
6900.056 2.9906309409000363e-09
6950.056 2.6091970226999556e-09
7000.056 2.565587755600023e-09
7050.056 2.789937558899988e-09
7100.056 3.0939345238999926e-09
7150.056 3.20003525396995e-09
7200.056 3.2232708500300536e-09
7250.056 3.0733216284998785e-09
7300.056 2.6797469438699872e-09
7350.056 2.2469470389699567e-09
7400.056 1.865901942400026e-09
7450.056 1.4818020439700153e-09
7500.056 1.0965288438199916e-09
7550.056 7.384001366999929e-10
7600.056 4.201972645199936e-10
7650.056 5.549248336497491e-11
7700.056 2.3182105339577647e-11
7750.056 2.782136286520088e-10
7800.056 7.138420561360168e-10
7850.056 1.8050830064000172e-09
7900.056 3.1207182433000205e-09
7950.056 3.799957566447823e-09
8000.056 7.134104495700019e-09
8050.056 9.970626990499954e-09
8100.056 1.293181296279998e-08
8150.056 1.6804971548300095e-08
8200.056 2.0515692143201287e-08
8250.056 2.7365956294051717e-08
8300.056 3.364848624770242e-08
8350.056 4.076641993659727e-08
8400.056 4.819198372879767e-08
8450.056 5.4573661307596564e-08
8500.056 5.617936399107587e-08
8550.056 6.694058802800129e-08
8600.056 7.235474610999593e-08
8650.056 6.843442923798787e-08
8700.056 7.173967654199441e-08
8750.056 8.072522647100572e-08
8800.056 9.672993037301218e-08
8850.056 1.1143561253998872e-07
8900.056 1.1756345930599701e-07
8950.056 1.0847018578775647e-07
9000.056 1.4311075058158715e-07
9050.056 1.5858208558760476e-07
9100.056 1.7805280996997537e-07
9150.056 1.8163858347040332e-07
9200.056 1.9787432446757338e-07
9250.056 1.8463299895387874e-07
9300.056 1.1737683744075094e-07
9350.056 1.2751290247374415e-07
9400.056 1.457538372767487e-07
9450.056 1.7139845720895366e-07
9500.056 1.7488751516833518e-07
9550.056 1.913877029676511e-07
9600.056 1.7636915278696315e-07
9650.056 1.8953637033799884e-07
9700.056 2.0058914636640549e-07
9750.056 1.9866391742826777e-07
9800.056 2.1397918399196313e-07
9850.056 2.339825907475989e-07
9900.056 2.2606070019586713e-07
9950.056 2.2048066937096508e-07
10000.056 2.1138953538194041e-07
10050.056 2.400474351310066e-07
10100.056 2.8672875763494306e-07
10150.056 3.163279040049096e-07
10200.056 3.5520697195995624e-07
10250.056 3.737490689199378e-07
10300.056 3.900905138400165e-07
10350.056 4.435296751699847e-07
10400.056 4.926952686299696e-07
10450.056 5.027900615000375e-07
10500.056 4.657382101499981e-07
10550.056 4.5938458207006606e-07
10600.056 4.8546210015002e-07
10650.056 5.293165817100097e-07
10700.056 5.628005968650539e-07
10750.056 6.180228709820269e-07
10800.056 6.71930076880009e-07
10850.056 7.210776441099027e-07
10900.056 6.285295151059307e-07
10950.056 4.572855465476533e-07
11000.056 4.4837850482875834e-07
11050.056 4.077828221136335e-07
11100.056 3.839264990512177e-07
11150.056 3.4919052560705365e-07
11200.056 3.452912463621116e-07
11250.056 3.944266183654229e-07
11300.056 3.8312396015582137e-07
11350.056 2.7032883053453883e-07
11400.056 2.945958075439921e-07
11450.056 3.2170100329839066e-07
11500.056 3.7744891471079327e-07
11550.056 3.2655782407742006e-07
11600.056 3.601273602875257e-07
11650.056 3.697020836450707e-07
11700.056 3.115606866775628e-07
11750.056 2.9638543223465446e-07
11800.056 3.2522602345235173e-07
11850.056 4.2042191361233325e-07
11900.056 4.367411907471609e-07
11950.056 5.127278002575617e-07
12000.056 5.247613970176295e-07
12050.056 5.953731110880754e-07
12100.056 6.225811090809782e-07
12150.056 7.011674679758916e-07
12200.056 7.588925453587591e-07
12250.056 8.237156319777385e-07
12300.056 8.892800104851794e-07
12350.056 9.250132725070899e-07
12400.056 9.265841655099725e-07
12450.056 8.750841436960727e-07
12500.056 9.453934043699416e-07
12550.056 9.770733336340678e-07
12600.056 1.1238371007400519e-06
12650.056 1.1333618813639283e-06
12700.056 1.212922366383205e-06
12750.056 1.2107083979580652e-06
12800.056 1.2720164558191265e-06
12850.056 1.2003291228172599e-06
12900.056 1.1272935104357205e-06
12950.056 1.17990874343034e-06
13000.056 1.1414948288305637e-06
13050.056 1.1362591981775763e-06
13100.056 1.096556064290446e-06
13150.056 1.0289930873106322e-06
13200.056 9.558134522768082e-07
13250.056 8.334717618622723e-07
13300.056 5.74950812424449e-07
13350.056 2.569532434399262e-07
13400.056 1.9827927939580026e-07
13450.056 1.465404430186784e-07
13500.056 1.3096482212682441e-07
13550.056 1.1374504028482186e-07
13600.056 9.180874630339254e-08
13650.056 1.2688196642293453e-07
13700.056 1.0495531923698139e-07
13750.056 1.0339044917135482e-07
13800.056 1.2799258539180065e-07
13850.056 1.2129294131968794e-07
13900.056 1.2403739151697685e-07
13950.056 1.1816362157883881e-07
14000.056 1.117529339148767e-07
14050.056 1.1166958538335477e-07
14100.056 9.419518187538266e-08
14150.056 1.0412241439702291e-07
14200.056 9.145868578933131e-08
14250.056 9.122367681190816e-08
14300.056 1.0481799002242075e-07
14350.056 9.957583665251381e-08
14400.056 1.1600858209004978e-07
14450.056 1.1877219836747952e-07
14500.056 1.5600073276224133e-07
14550.056 1.6674173222989788e-07
14600.056 1.811723923565619e-07
14650.056 1.8537873347969074e-07
14700.056 1.6339117341893493e-07
14750.056 1.8575868543532897e-07
14800.056 2.1180804479920061e-07
14850.056 2.313158944809807e-07
14900.056 2.3871773061781544e-07
14950.056 2.4268549991522714e-07
15000.056 2.5942695823301306e-07
15050.056 2.9600895810196556e-07
15100.056 3.138186866975478e-07
15150.056 3.4936265456623876e-07
15200.056 3.5344544596935766e-07
15250.056 3.7260473040252646e-07
15300.056 4.1047895719844995e-07
15350.056 4.327577167387468e-07
15400.056 4.7277710608102427e-07
15450.056 5.134968059570724e-07
15500.056 5.307927321588643e-07
15550.056 5.836676709929819e-07
15600.056 5.631625807340536e-07
15650.056 6.186543760320484e-07
15700.056 7.077817964633846e-07
15750.056 7.648047850819679e-07
15800.056 7.508130357083354e-07
15850.056 8.404921554298604e-07
15900.056 8.551320908811955e-07
15950.056 9.420538360208356e-07
16000.056 9.559902912799659e-07
16050.056 9.672098144800185e-07
16100.056 1.016225296460133e-06
16150.056 1.0069064392501301e-06
16200.056 1.02256350903974e-06
16250.056 1.0538187063299363e-06
16300.056 1.0402381451199388e-06
16350.056 1.1015974160590008e-06
16400.056 1.1652573230081635e-06
16450.056 1.195384742717937e-06
16500.056 1.2762813907082807e-06
16550.056 1.286713706026201e-06
16600.056 1.2533973692854226e-06
16650.056 1.283842459680762e-06
16700.056 1.2201871496590285e-06
16750.056 1.3002031459128291e-06
16800.056 1.4501453446789363e-06
16850.056 1.402428967734084e-06
16900.056 1.3917452208299386e-06
16950.056 1.329877411298921e-06
17000.056 1.2618897023341245e-06
17050.056 1.2813931439080754e-06
17100.056 1.1698982660994257e-06
17150.056 1.0662837842728218e-06
17200.056 9.734109935808834e-07
17250.056 8.888904135447317e-07
17300.056 8.579636599657531e-07
17350.056 7.744483925807025e-07
17400.056 8.156697310768126e-07
17450.056 7.118559353230498e-07
17500.056 6.830593561089237e-07
17550.056 6.776241371931907e-07
17600.056 6.387370491188109e-07
17650.056 6.165155026298128e-07
17700.056 4.824358806603922e-07
17750.056 4.316670912417148e-07
17800.056 4.881075597483571e-07
17850.056 3.837449247729381e-07
17900.056 3.899355957819966e-07
17950.056 3.6875837220669266e-07
18000.056 3.410288128557097e-07
18050.056 3.2354205384369636e-07
18100.056 3.0857264316797475e-07
18150.056 3.912854864591654e-07
18200.056 2.6606296669515184e-07
18250.056 3.800834427538199e-07
18300.056 3.447902434542036e-07
18350.056 2.9186328552522155e-07
18400.056 2.987445260607402e-07
18450.056 2.7155065660716446e-07
18500.056 2.8928126688045834e-07
18550.056 2.610058051637889e-07
18600.056 2.1437972268393547e-07
18650.056 2.43134302567004e-07
18700.056 2.624984096383711e-07
18750.056 2.6373443925972264e-07
18800.056 2.991433088415698e-07
18850.056 3.4982140528747674e-07
18900.056 3.371847975862795e-07
18950.056 3.667011190577871e-07
19000.056 3.7446785558496894e-07
19050.056 3.4277297669568747e-07
19100.056 3.9432891447055014e-07
19150.056 3.9504127701952913e-07
19200.056 3.968431026972046e-07
19250.056 3.6966051579914695e-07
19300.056 3.876215697709638e-07
19350.056 3.4674176105086007e-07
19400.056 2.9074207555468284e-07
19450.056 3.8312127653697545e-07
19500.056 3.697039592880269e-07
19550.056 2.8864183626192616e-07
19600.056 3.6696324330568753e-07
19650.056 3.7127196182643955e-07
19700.056 3.7633532297022824e-07
19750.056 3.57055979554635e-07
19800.056 3.7535174019458935e-07
19850.056 4.096552197890957e-07
19900.056 3.410340719400205e-07
19950.056 4.4586266312504707e-07
20000.056 3.88170111465092e-07
20050.056 4.285863336648338e-07
20100.056 4.720971509290402e-07
20150.056 4.705463779678748e-07
20200.056 4.989294775948475e-07
20250.056 5.427845200170042e-07
20300.056 5.47094958632945e-07
20350.056 5.937120353418699e-07
20400.056 5.838298418257329e-07
20450.056 6.651384698298389e-07
20500.056 6.669153377631195e-07
20550.056 6.781821418550815e-07
20600.056 7.681327336512789e-07
20650.056 7.576186226073485e-07
20700.056 7.955228366541287e-07
20750.056 8.471166671428029e-07
20800.056 8.89792774134122e-07
20850.056 8.819769468318787e-07
20900.056 9.398289452357921e-07
20950.056 9.68105170852994e-07
21000.056 1.034041788160037e-06
21050.056 1.0407327264129971e-06
21100.056 1.0617397948899441e-06
21150.056 1.148302937796013e-06
21200.056 1.120387698140085e-06
21250.056 1.2046213605598749e-06
21300.056 1.1380939437898471e-06
21350.056 1.2682767016000098e-06
21400.056 1.183310360040225e-06
21450.056 1.3315741296800107e-06
21500.056 1.2310681824502496e-06
21550.056 1.255092581469944e-06
21600.056 1.2855254524402505e-06
21650.056 1.232608288510198e-06
21700.056 1.348175137029995e-06
21750.056 1.2415106226679862e-06
21800.056 1.2085512132396918e-06
21850.056 1.1779868470601089e-06
21900.056 1.168342883470089e-06
21950.056 1.0310843591501924e-06
22000.056 8.742169056802609e-07
22050.056 7.387162784626403e-07
22100.056 8.71614185253287e-07
22150.056 9.299394882301019e-07
22200.056 9.144489447432584e-07
22250.056 9.361505635474155e-07
22300.056 8.944179346587452e-07
22350.056 8.4151865459917e-07
22400.056 8.171175676439419e-07
22450.056 7.659690692107528e-07
22500.056 7.869783650491832e-07
22550.056 6.989559248435433e-07
22600.056 7.400325612932166e-07
22650.056 7.000455450522288e-07
22700.056 6.6479162438513e-07
22750.056 7.005620851801227e-07
22800.056 6.191849037939281e-07
22850.056 5.976733651922164e-07
22900.056 6.002722647308401e-07
22950.056 3.657357015409477e-07
23000.056 4.329784519440234e-07
23050.056 5.113042039938404e-07
23100.056 5.511878017899788e-07
23150.056 5.749444623920897e-07
23200.056 3.925869407480679e-07
23250.056 3.389035185299762e-07
23300.056 3.236705100981395e-07
23350.056 3.2676729935199344e-07
23400.056 3.2708700498613787e-07
23450.056 3.541021099460231e-07
23500.056 3.702134623120882e-07
23550.056 3.7481441801414857e-07
23600.056 3.7972087324204375e-07
23650.056 4.4080236385293097e-07
23700.056 3.654827432340236e-07
23750.056 3.3693971922010097e-07
23800.056 3.0972967411704734e-07
23850.056 2.995810203530548e-07
23900.056 3.980839951620206e-07
23950.056 4.402291769702233e-07
24000.056 4.300007832937284e-07
24050.056 4.6750854526088493e-07
24100.056 3.997817836738381e-07
24150.056 4.1869017686535004e-07
24200.056 4.3609387619573763e-07
24250.056 3.9491175982110104e-07
24300.056 4.149423464430577e-07
24350.056 3.524111694820326e-07
24400.056 4.2226825721898826e-07
24450.056 3.6391478227177615e-07
24500.056 3.485949475189591e-07
24550.056 3.590618919111406e-07
24600.056 3.85188974179072e-07
24650.056 4.2331973306700554e-07
24700.056 3.309296327958986e-07
24750.056 3.334830098711874e-07
24800.056 3.184814047250957e-07
24850.056 3.9453350276699265e-07
24900.056 2.8013200613023304e-07
24950.056 3.755409198869395e-07
25000.056 3.346855016510325e-07
25050.056 2.554288371050273e-07
25100.056 3.161667827260051e-07
25150.056 2.576889573639699e-07
25200.056 2.85490279771944e-07
25250.056 2.59294964487976e-07
25300.056 3.06058245455022e-07
25350.056 2.3419379054704524e-07
25400.056 2.882264165700845e-07
25450.056 2.362709206039702e-07
25500.056 2.491825939210752e-07
25550.056 2.401108580060101e-07
25600.056 2.3938446593698564e-07
25650.056 2.1214581401797826e-07
25700.056 2.856208188708663e-07
25750.056 1.9398117487506017e-07
25800.056 2.8085282318905394e-07
25850.056 2.187179253189253e-07
25900.056 2.5852738654497975e-07
25950.056 2.1222483257799597e-07
26000.056 2.8645498701908673e-07
26050.056 2.7877573649998894e-07
26100.056 2.939810625139442e-07
26150.056 2.804116165389414e-07
26200.056 2.7512468919996823e-07
26250.056 2.9974250748002913e-07
26300.056 2.87834281367029e-07
26350.056 3.2144568006693996e-07
26400.056 3.360519049008608e-07
26450.056 3.413907051600423e-07
26500.056 3.516461314098311e-07
26550.056 2.931810876628347e-07
26600.056 3.534567480628631e-07
26650.056 2.463606529409473e-07
26700.056 2.4280126474603217e-07
26750.056 2.0599846205387344e-07
26800.056 2.5878157882492486e-07
26850.056 1.9951963576695033e-07
26900.056 2.773919638830401e-07
26950.056 1.9447009419098332e-07
27000.056 2.7240326452802405e-07
27050.056 2.2968182843805361e-07
27100.056 2.3118381883995272e-07
27150.056 2.6929555567303664e-07
27200.056 2.5058216804911604e-07
27250.056 2.526284180831439e-07
27300.056 3.102619474169705e-07
27350.056 2.937075427499339e-07
27400.056 2.2732331838596834e-07
27450.056 3.4918254769082507e-07
27500.056 3.2143845942485274e-07
27550.056 2.721544351450196e-07
27600.056 3.539782949269187e-07
27650.056 2.5511847706392955e-07
27700.056 2.4159406466408914e-07
27750.056 3.3626471599881143e-07
27800.056 2.3465345423690088e-07
27850.056 2.6709179303678827e-07
27900.056 2.8574462747805827e-07
27950.056 3.434697284589997e-07
28000.056 3.173242735101426e-07
28050.056 2.2458222876705964e-07
28100.056 3.6058061327913057e-07
28150.056 2.811760810470472e-07
28200.056 2.351130223970516e-07
28250.056 3.2779962748502894e-07
28300.056 3.9018709618897244e-07
28350.056 2.744003113909197e-07
28400.056 2.997572650029804e-07
28450.056 3.308678465888864e-07
28500.056 3.280617582949323e-07
28550.056 2.2476886927390634e-07
28600.056 3.8552126143593387e-07
28650.056 3.576270754878852e-07
28700.056 3.3064168600295564e-07
28750.056 3.8298970902803596e-07
28800.056 3.491989331920798e-07
28850.056 3.887512941380876e-07
28900.056 2.861696382050025e-07
28950.056 4.282418491990106e-07
29000.056 3.529793364179151e-07
29050.056 3.6581312154691044e-07
29100.056 3.0210334638506234e-07
29150.056 4.031944845701248e-07
29200.056 3.4875471953911113e-07
29250.056 4.271890987260026e-07
29300.056 3.274083192267914e-07
29350.056 5.01569061993848e-07
29400.056 3.7546161686089235e-07
29450.056 4.045044055819796e-07
29500.056 4.172052341859443e-07
29550.056 4.003150522520325e-07
29600.056 4.3705335323890146e-07
29650.056 4.2040558296495693e-07
29700.056 3.5927196131686696e-07
29750.056 4.636239766292304e-07
29800.056 4.735918908059642e-07
29850.056 4.6349070232298127e-07
29900.056 4.2210058012012186e-07
29950.056 4.815418101509412e-07
30000.056 4.816075350349467e-07
30050.056 4.4727955478792407e-07
30100.056 3.8382551581384175e-07
30150.056 5.558415560499448e-07
30200.056 4.662929603700271e-07
30250.056 5.135270095701784e-07
30300.056 4.893847690619474e-07
30350.056 4.3310018399403616e-07
30400.056 5.341883557590796e-07
30450.056 4.2582631816404294e-07
30500.056 3.670087048630705e-07
30550.056 4.6210589938010265e-07
30600.056 4.711076864320528e-07
30650.056 4.495925240789341e-07
30700.056 4.248355992610089e-07
30750.056 3.9976170975500243e-07
30800.056 4.140663405750736e-07
30850.056 3.491568057849229e-07
30900.056 3.7056189671495224e-07
30950.056 3.2457371008706494e-07
31000.056 3.2363175012598174e-07
31050.056 3.175259944989944e-07
31100.056 2.810534463219745e-07
31150.056 3.145963069569485e-07
31200.056 3.292724629100086e-07
31250.056 2.876460352009655e-07
31300.056 2.747931107789679e-07
31350.056 2.578366286299935e-07
31400.056 2.335925095610508e-07
31450.056 2.2821228338797426e-07
31500.056 2.294540781699678e-07
31550.056 2.2678808137200383e-07
31600.056 2.0548639241197608e-07
31650.056 1.986362891889918e-07
31700.056 1.9666699733698188e-07
31750.056 1.8202471003505718e-07
31800.056 2.125127888149797e-07
31850.056 1.9265303594002331e-07
31900.056 2.1689377855698978e-07
31950.056 1.6075082175601793e-07
32000.056 1.9226187523598312e-07
32050.056 2.1019372943101907e-07
32100.056 2.0573944832001932e-07
32150.056 2.1591975763097796e-07
32200.056 1.9905614191499529e-07
32250.056 2.3747184962102902e-07
32300.056 2.03639138329989e-07
32350.056 2.5035948415598933e-07
32400.056 1.9641881304198945e-07
32450.056 2.444044411699072e-07
32500.056 2.5516006153705417e-07
32550.056 2.5969773513799264e-07
32600.056 2.6827972708198965e-07
32650.056 3.2040733020399973e-07
32700.056 2.9493639563004584e-07
32750.056 3.132267448640105e-07
32800.056 3.046576941599959e-07
32850.056 3.2428735248991616e-07
32900.056 3.6780989672795224e-07
32950.056 3.300524918289667e-07
33000.056 3.122843007019561e-07
33050.056 2.824735356980866e-07
33100.056 2.2047294973097227e-07
33150.056 1.6223068947899973e-07
33200.056 1.1810952457297746e-07
33250.056 9.244100065697564e-08
33300.056 8.73824042380121e-08
33350.056 1.0110156254500108e-07
33400.056 1.1173197454298717e-07
33450.056 1.2903717769399728e-07
33500.056 1.5815712869003046e-07
33550.056 1.7168755513203237e-07
33600.056 2.0855052193800144e-07
33650.056 2.375325739470112e-07
33700.056 2.3862162203897157e-07
33750.056 3.009485033620165e-07
33800.056 3.008199088450167e-07
33850.056 3.2040234703096363e-07
33900.056 3.0815462802795216e-07
33950.056 2.779369120609641e-07
34000.056 3.1821803729898815e-07
34050.056 2.8130214530593137e-07
34100.056 3.3392325298996103e-07
34150.056 3.0847850495193824e-07
34200.056 2.535489535129009e-07
34250.056 3.139704424678847e-07
34300.056 2.7622616267580903e-07
34350.056 2.3055710771998148e-07
34400.056 2.4277733340300787e-07
34450.056 2.861163285799604e-07
34500.056 2.74061846660003e-07
34550.056 2.602965338639858e-07
34600.056 3.1822337175003656e-07
34650.056 2.953290531439796e-07
34700.056 2.8540626878293344e-07
34750.056 3.1225460359000755e-07
34800.056 3.068158411128941e-07
34850.056 2.7768953146001823e-07
34900.056 3.3998272375898814e-07
34950.056 2.9884007698993503e-07
35000.056 3.71260020890018e-07
35050.056 3.151580203319151e-07
35100.056 3.2320566823994575e-07
35150.056 3.592090522770073e-07
35200.056 3.5611920649303974e-07
35250.056 3.732801127499356e-07
35300.056 3.6023328204506187e-07
35350.056 3.472769539699247e-07
35400.056 3.556870099700755e-07
35450.056 2.7789919100517034e-07
35500.056 4.0680560243000613e-07
35550.056 3.9774644124994336e-07
35600.056 3.5305051752007513e-07
35650.056 4.3002716504001636e-07
35700.056 3.647779641200368e-07
35750.056 4.2326128827982173e-07
35800.056 5.346982413300411e-07
35850.056 4.1268726753992983e-07
35900.056 5.334561282699014e-07
35950.056 4.903320835200383e-07
36000.056 4.7192216326998605e-07
36050.056 5.33114505689998e-07
36100.056 5.456100092795955e-07
36150.056 5.207442565700224e-07
36200.056 6.101343246999073e-07
36250.056 5.565155967598552e-07
36300.056 6.506991520901582e-07
36350.056 6.122719826699287e-07
36400.056 5.916473497400147e-07
36450.056 6.926708366499891e-07
36500.056 6.711003214299886e-07
36550.056 6.872870364502639e-07
36600.056 7.537158937900325e-07
36650.056 7.687685098598749e-07
36700.056 8.297478185199445e-07
36750.056 8.277641912401754e-07
36800.056 8.418422989199619e-07
36850.056 8.423844421400376e-07
36900.056 8.61242255410129e-07
36950.056 9.42124243909882e-07
37000.056 9.846172821299809e-07
37050.056 9.224124244299158e-07
37100.056 1.009699029620178e-06
37150.056 9.729853309899359e-07
37200.056 1.0231017730801225e-06
37250.056 1.0806781633999488e-06
37300.056 9.930933947099543e-07
37350.056 9.517171086401983e-07
37400.056 1.1019731067198586e-06
37450.056 1.0639115795901533e-06
37500.056 1.0658589956998312e-06
37550.056 1.1244446756199514e-06
37600.056 1.203097419129864e-06
37650.056 1.1016361704099454e-06
37700.056 1.2181956596900702e-06
37750.056 1.1873273116700184e-06
37800.056 1.2430607136602305e-06
37850.056 1.1185146549698838e-06
37900.056 1.1722863770001724e-06
37950.056 1.1836829984998836e-06
38000.056 1.281596034680121e-06
38050.056 1.2893335610300453e-06
38100.056 1.191195057320217e-06
38150.056 1.4155472525999144e-06
38200.056 1.474542255739974e-06
38250.056 1.2559389005601187e-06
38300.056 1.3084380271499138e-06
38350.056 1.406396823869899e-06
38400.056 1.3282347393397142e-06
38450.056 1.4931841399200678e-06
38500.056 1.3334758267600359e-06
38550.056 1.4430919851201006e-06
38600.056 1.5737229467298363e-06
38650.056 1.3916985503299928e-06
38700.056 1.4773994712702612e-06
38750.056 1.4548805294300446e-06
38800.056 1.4688715994898375e-06
38850.056 1.387755055300132e-06
38900.056 1.413308122079913e-06
38950.056 1.562905773419907e-06
39000.056 1.4625919398900329e-06
39050.056 1.556694948059835e-06
39100.056 1.4251747070501869e-06
39150.056 1.47390097799998e-06
39200.056 1.6019269332001279e-06
39250.056 1.6059641837295452e-06
39300.056 1.519501958899526e-06
39350.056 1.5793517581601341e-06
39400.056 1.5546711268400176e-06
39450.056 1.554998748909837e-06
39500.056 1.4944083302799067e-06
39550.056 1.5110163662301076e-06
39600.056 1.664894070699751e-06
39650.056 1.4696499922199407e-06
39700.056 1.5452493823298533e-06
39750.056 1.4833786339398652e-06
39800.056 1.4494119036098958e-06
39850.056 1.5166947622898628e-06
39900.056 1.523795377050218e-06
39950.056 1.5966211361398167e-06
40000.056 1.412805280180038e-06
40050.056 1.4302116595200049e-06
40100.056 1.5787593347399933e-06
40150.056 1.4392745131297798e-06
40200.056 1.4535623473797588e-06
40250.056 1.4106411612395716e-06
40300.056 1.3511588669101525e-06
40350.056 1.5263739521002729e-06
40400.056 1.4816275950800293e-06
40450.056 1.4948063060002821e-06
40500.056 1.3301166262202734e-06
40550.056 1.5659065277598825e-06
40600.056 1.3136015746202649e-06
40650.056 1.3332257321698453e-06
40700.056 1.5005931577200794e-06
40750.056 1.2975176598794043e-06
40800.056 1.2472041705000753e-06
40850.056 1.2630307040302954e-06
40900.056 1.2663983335201234e-06
40950.056 1.323888065829896e-06
41000.056 1.3183209543900273e-06
41050.056 1.3180551887796648e-06
41100.056 1.265625733910001e-06
41150.056 1.2626052502499166e-06
41200.056 1.2470381241100051e-06
41250.056 1.279100435640104e-06
41300.056 1.0818410374096898e-06
41350.056 1.3166370800600602e-06
41400.056 1.2310044335002573e-06
41450.056 1.2329803192203628e-06
41500.056 1.2360928029699678e-06
41550.056 1.1793315378200027e-06
41600.056 1.2647836987500342e-06
41650.056 1.1596917559102597e-06
41700.056 1.0652183931797936e-06
41750.056 1.043947075629849e-06
41800.056 1.0200218354998732e-06
41850.056 8.795143631501358e-07
41900.056 9.796985772299709e-07
41950.056 7.55107506730243e-07
42000.056 8.072975878601249e-07
42050.056 7.162414168497793e-07
42100.056 8.234768124401464e-07
42150.056 5.931079078997511e-07
42200.056 6.291532263399741e-07
42250.056 6.390154605901483e-07
42300.056 5.092717029500643e-07
42350.056 6.266077248301954e-07
42400.056 5.007103418301111e-07
42450.056 4.6079189464012146e-07
42500.056 4.974197974500911e-07
42550.056 4.903216631800621e-07
42600.056 4.881838382901536e-07
42650.056 3.984665705897657e-07
42700.056 4.58640450110145e-07
42750.056 4.300901444799667e-07
42800.056 3.923360274202042e-07
42850.056 4.307033658998816e-07
42900.056 4.2194114422000844e-07
42950.056 4.079736991597858e-07
43000.056 3.925262394000487e-07
43050.056 3.8796995961017163e-07
43100.056 4.3446621451010286e-07
43150.056 3.896857148300541e-07
43200.056 4.2013465921009964e-07
43250.056 3.885593282598649e-07
43300.056 3.9319895091003743e-07
43350.056 3.958779373099924e-07
43400.056 4.017205893600085e-07
43450.056 4.066637562001369e-07
43500.056 3.7721525548997016e-07
43550.056 4.32945984339998e-07
43600.056 3.955662560600187e-07
43650.056 3.7571921588005134e-07
43700.056 4.05491094239806e-07
43750.056 3.8889629982009155e-07
43800.056 3.5255775023007037e-07
43850.056 3.9659369542009355e-07
43900.056 4.0505454309000663e-07
43950.056 3.826536066201663e-07
44000.056 3.9101270659012656e-07
44050.056 4.111362291100747e-07
44100.056 4.1587249425007597e-07
44150.056 4.111372252898888e-07
44200.056 3.8043365994992396e-07
44250.056 4.2578309222000806e-07
44300.056 4.091909324400148e-07
44350.056 3.9006028616004006e-07
44400.056 4.180519833999738e-07
44450.056 4.24336624009983e-07
44500.056 4.4858477434996306e-07
44550.056 4.1237611791993394e-07
44600.056 4.461102854900309e-07
44650.056 4.3414972625007337e-07
44700.056 4.317923372200246e-07
44750.056 4.552132831899537e-07
44800.056 4.977726850499886e-07
44850.056 4.6189628545007646e-07
44900.056 4.5334336290005777e-07
44950.056 4.322721780899875e-07
45000.056 4.82156029879965e-07
45050.056 4.721968141899558e-07
45100.056 4.930236398099686e-07
45150.056 4.76376782659956e-07
45200.056 4.517617786000399e-07
45250.056 4.5906432511994733e-07
45300.056 4.918800309900308e-07
45350.056 5.136033177799835e-07
45400.056 4.971772719600517e-07
45450.056 4.586871793099379e-07
45500.056 4.747945721699802e-07
45550.056 5.139990969899742e-07
45600.056 4.782769102299824e-07
45650.056 4.47077556859921e-07
45700.056 5.317837209600301e-07
45750.056 4.754300378499988e-07
45800.056 4.7037338007999144e-07
45850.056 5.505966273699662e-07
45900.056 5.51081638700039e-07
45950.056 4.777907374900052e-07
46000.056 5.544578402600232e-07
46050.056 5.431883946700635e-07
46100.056 4.688578561400608e-07
46150.056 5.268503559899896e-07
46200.056 5.477818543100897e-07
46250.056 4.632569745399887e-07
46300.056 5.849217016999856e-07
46350.056 4.985526116199472e-07
46400.056 5.090762565299512e-07
46450.056 5.473793282000653e-07
46500.056 4.936476279899544e-07
46550.056 6.11335621719974e-07
46600.056 5.620037649200341e-07
46650.056 7.196007619698703e-07
46700.056 6.609350080502204e-07
46750.056 5.239254738499408e-07
46800.056 5.752325626600543e-07
46850.056 6.161783795900712e-07
46900.056 5.855236502498978e-07
46950.056 6.435389474100259e-07
47000.056 5.37536905349994e-07
47050.056 6.527110627999225e-07
47100.056 5.05677705370058e-07
47150.056 5.503782516100553e-07
47200.056 5.974629706200981e-07
47250.056 5.240134637599605e-07
47300.056 5.458176523298706e-07
47350.056 4.852930757599105e-07
47400.056 6.020429033099047e-07
47450.056 5.073371023099811e-07
47500.056 5.996745646999072e-07
47550.056 5.221320140399626e-07
47600.056 5.970592497099697e-07
47650.056 4.3928014983988813e-07
47700.056 6.14656691470056e-07
47750.056 4.296778519500892e-07
47800.056 6.122879313399305e-07
47850.056 4.6952562496991604e-07
47900.056 5.9213913681003e-07
47950.056 4.461002950900911e-07
48000.056 6.615441566300121e-07
48050.056 5.005909147500609e-07
48100.056 5.625544523599914e-07
48150.056 5.174705710700745e-07
48200.056 6.01395882780075e-07
48250.056 5.022585602099967e-07
48300.056 6.496074571698336e-07
48350.056 4.6839713701998286e-07
48400.056 5.926013090199949e-07
48450.056 4.983714488900183e-07
48500.056 6.743592733500215e-07
48550.056 4.762139952900238e-07
48600.056 6.082343813099713e-07
48650.056 4.988925993299681e-07
48700.056 6.010252350400418e-07
48750.056 4.527358257400413e-07
48800.056 6.913534537800235e-07
48850.056 4.887466127199135e-07
48900.056 6.313981381100548e-07
48950.056 5.827813136400214e-07
49000.056 5.50012025349906e-07
49050.056 6.096922121900034e-07
49100.056 5.469539253500525e-07
49150.056 5.979757267199968e-07
49200.056 5.56883148679987e-07
49250.056 5.982933124300143e-07
49300.056 5.113230567899644e-07
49350.056 5.534050422300057e-07
49400.056 6.431079825800489e-07
49450.056 5.520336147401294e-07
49500.056 5.829508045199993e-07
49550.056 5.012981499200167e-07
49600.056 5.698402662201412e-07
49650.056 5.900966867899944e-07
49700.056 5.147343444899362e-07
49750.056 7.328524030098918e-07
49800.056 5.593679056500359e-07
49850.056 7.303626179600617e-07
49900.056 5.655298847000406e-07
49950.056 6.315375698998675e-07
50000.056 6.078337159498813e-07
50050.056 6.155304125400476e-07
50100.056 6.497398351599573e-07
50150.056 5.374574524000299e-07
50200.056 5.021273165500481e-07
50250.056 6.227949505900137e-07
50300.056 5.801379966399715e-07
50350.056 6.891774679600046e-07
50400.056 5.908652007599841e-07
50450.056 5.858507192201057e-07
50500.056 7.291574429301215e-07
50550.056 6.111029922899865e-07
50600.056 6.585535837799939e-07
50650.056 6.342528657501362e-07
50700.056 6.920493722798125e-07
50750.056 7.141785660000946e-07
50800.056 5.276024423299405e-07
50850.056 6.123051039601363e-07
50900.056 6.930587375099713e-07
50950.056 6.788761297101433e-07
51000.056 7.842113657300467e-07
51050.056 5.774565736000592e-07
51100.056 5.635620354699418e-07
51150.056 6.637599017199245e-07
51200.056 6.735204243999687e-07
51250.056 6.924712919399205e-07
51300.056 5.810981454602385e-07
51350.056 6.336708589698655e-07
51400.056 5.690570246098839e-07
51450.056 4.5491710226990225e-07
51500.056 5.904423041200235e-07
51550.056 7.999158838300715e-07
51600.056 5.493029827500733e-07
51650.056 6.337006470899197e-07
51700.056 6.022743891998322e-07
51750.056 5.645061266800662e-07
51800.056 6.88244901719819e-07
51850.056 6.877578842898967e-07
51900.056 7.34754403190173e-07
51950.056 6.780695441499454e-07
52000.056 5.408103164799627e-07
52050.056 6.381801698799827e-07
52100.056 5.800680791698896e-07
52150.056 5.935829338500255e-07
52200.056 5.607767124400002e-07
52250.056 6.114554516100081e-07
52300.056 6.942547327799935e-07
52350.056 7.237143527600944e-07
52400.056 5.276152428900848e-07
52450.056 6.381996533499849e-07
52500.056 7.064577629098824e-07
52550.056 6.704030099897776e-07
52600.056 6.482146268701175e-07
52650.056 7.296800399501351e-07
52700.056 6.335133599499742e-07
52750.056 5.193583452499477e-07
52800.056 5.916354254000575e-07
52850.056 5.646373062899052e-07
52900.056 6.148035209400519e-07
52950.056 6.227602312599245e-07
53000.056 7.049831877999405e-07
53050.056 5.786943735898718e-07
53100.056 5.529609840298331e-07
53150.056 7.470241116500991e-07
53200.056 5.069525637700456e-07
53250.056 7.435046055499934e-07
53300.056 7.177877830803196e-07
53350.056 6.987742795899162e-07
53400.056 6.755981045400775e-07
53450.056 5.603803473200342e-07
53500.056 4.801264666998953e-07
53550.056 6.065847419099047e-07
53600.056 6.770441769101291e-07
53650.056 5.549394345899971e-07
53700.056 5.722002423001379e-07
53750.056 6.118844566100271e-07
53800.056 6.080800779101115e-07
53850.056 6.87865141139787e-07
53900.056 4.985729275601791e-07
53950.056 7.016476164899265e-07
54000.056 6.515638232600374e-07
54050.056 5.628560082800918e-07
54100.056 4.802375478199067e-07
54150.056 5.48751682770074e-07
54200.056 4.4800117158000925e-07
54250.056 5.122281346200334e-07
54300.056 4.866192694699606e-07
54350.056 5.683832579398961e-07
54400.056 6.366303393699085e-07
54450.056 6.142729947498851e-07
54500.056 5.471634144199893e-07
54550.056 5.264314058799976e-07
54600.056 5.702667012199475e-07
54650.056 5.075837590399383e-07
54700.056 5.956812360400102e-07
54750.056 6.422896053200953e-07
54800.056 4.998686730200295e-07
54850.056 5.566693983599749e-07
54900.056 6.018235232001317e-07
54950.056 6.633404964199813e-07
55000.056 5.565342344699851e-07
55050.056 6.187714733499363e-07
55100.056 5.74306420870044e-07
55150.056 5.039302960999009e-07
55200.056 5.365478421299374e-07
55250.056 4.731517604498704e-07
55300.056 4.960935291599188e-07
55350.056 5.924297556501614e-07
55400.056 6.19743177670075e-07
55450.056 5.773054472699098e-07
55500.056 4.2611314746007704e-07
55550.056 5.210269186299205e-07
55600.056 5.422133111700054e-07
55650.056 4.612917973299608e-07
55700.056 5.320901441900282e-07
55750.056 5.750424587799247e-07
55800.056 4.860623619600571e-07
55850.056 4.6041241880995844e-07
55900.056 5.411067909599418e-07
55950.056 6.864861020799933e-07
56000.056 4.875159434698958e-07
56050.056 5.577064395899779e-07
56100.056 5.866840263599728e-07
56150.056 4.7715585946004e-07
56200.056 5.419233020799121e-07
56250.056 4.792486416500391e-07
56300.056 5.938493459399514e-07
56350.056 6.514167866300621e-07
56400.056 5.316369961700236e-07
56450.056 5.105446452800033e-07
56500.056 4.583148814199979e-07
56550.056 4.355502434000226e-07
56600.056 5.754247313099086e-07
56650.056 5.141192142600283e-07
56700.056 6.342919076600925e-07
56750.056 4.766096849499561e-07
56800.056 5.59781565650108e-07
56850.056 5.02055792880008e-07
56900.056 4.895861314900153e-07
56950.056 5.69061166349996e-07
57000.056 5.746652777500557e-07
57050.056 6.072727974699564e-07
57100.056 4.103348658099896e-07
57150.056 5.264744065000618e-07
57200.056 4.5228249803001237e-07
57250.056 5.01023493740008e-07
57300.056 5.293639203400572e-07
57350.056 4.365250354899619e-07
57400.056 5.714037674699855e-07
57450.056 5.454336855099215e-07
57500.056 5.80195243580076e-07
57550.056 6.016796497100734e-07
57600.056 6.528261954598429e-07
57650.056 4.049341101400027e-07
57700.056 4.695330347600183e-07
57750.056 5.292840538100139e-07
57800.056 4.0137743205989583e-07
57850.056 5.640960491300572e-07
57900.056 6.048244572500437e-07
57950.056 5.700988908299609e-07
58000.056 5.005528323899728e-07
58050.056 5.431814879299757e-07
58100.056 6.020316084999581e-07
58150.056 5.499107362900309e-07
58200.056 4.13314811249996e-07
58250.056 4.7074619534995475e-07
58300.056 3.7640228994997567e-07
58350.056 4.478384201000165e-07
58400.056 4.620154986600203e-07
58450.056 4.805015024800884e-07
58500.056 5.091646716000461e-07
58550.056 5.731512068600676e-07
58600.056 4.5426993079992454e-07
58650.056 5.191379914699698e-07
58700.056 4.911094869399224e-07
58750.056 5.456100585299952e-07
58800.056 3.838841009799778e-07
58850.056 4.900875489900071e-07
58900.056 5.272692746199634e-07
58950.056 4.483537464198782e-07
59000.056 5.04651844759998e-07
59050.056 5.047342663199192e-07
59100.056 5.957436621599702e-07
59150.056 5.662940013499731e-07
59200.056 5.275876623000267e-07
59250.056 6.032823098600979e-07
59300.056 5.824106155101115e-07
59350.056 4.588662701499969e-07
59400.056 4.309124810499665e-07
59450.056 5.083974380200447e-07
59500.056 4.211511498599493e-07
59550.056 5.084996338199853e-07
59600.056 5.690310711700018e-07
59650.056 5.917188640699942e-07
59700.056 4.4045598994999994e-07
59750.056 5.913438238098688e-07
59800.056 5.195313326600666e-07
59850.056 5.276530567099936e-07
59900.056 4.859464924999087e-07
59950.056 5.185913863701306e-07
60000.056 6.692277349900246e-07
60050.056 5.769554998300039e-07
60100.056 5.93210606579858e-07
60150.056 5.007292010499246e-07
60200.056 5.782518596999303e-07
60250.056 5.426643843000842e-07
60300.056 5.016638151599354e-07
60350.056 4.837375178700465e-07
60400.056 5.641677246299346e-07
60450.056 4.28015963109907e-07
60500.056 3.836838303600145e-07
60550.056 4.906972327400323e-07
60600.056 5.526030534199841e-07
60650.056 5.43882091769911e-07
60700.056 5.166590515900236e-07
60750.056 4.999820109699845e-07
60800.056 5.734986611699572e-07
60850.056 6.335244768700527e-07
60900.056 5.81448004340146e-07
60950.056 5.555049075899561e-07
61000.056 5.381910255900849e-07
61050.056 5.148472272800039e-07
61100.056 5.88393132589977e-07
61150.056 4.075182636499367e-07
61200.056 5.669720815900409e-07
61250.056 6.680410988499064e-07
61300.056 6.997379689900453e-07
61350.056 6.472778283899856e-07
61400.056 6.914811819599468e-07
61450.056 5.361789870700487e-07
61500.056 5.616575112900858e-07
61550.056 5.380008159599745e-07
61600.056 4.841834041700752e-07
61650.056 5.550351109099335e-07
61700.056 4.678031505899547e-07
61750.056 5.548026640098342e-07
61800.056 6.594798222600826e-07
61850.056 4.876451973300092e-07
61900.056 6.216542896201517e-07
61950.056 6.323310761001068e-07
62000.056 5.603211839000277e-07
62050.056 5.392146543998849e-07
62100.056 6.24708302300182e-07
62150.056 5.723888129301028e-07
62200.056 5.462732067598978e-07
62250.056 6.530238122300214e-07
62300.056 6.34865652399993e-07
62350.056 5.977585881199507e-07
62400.056 4.847001721201036e-07
62450.056 5.457097122700484e-07
62500.056 6.377828052799592e-07
62550.056 6.039797118000056e-07
62600.056 6.395491788800732e-07
62650.056 5.340431298300486e-07
62700.056 5.957438896800024e-07
62750.056 6.710171005699535e-07
62800.056 5.459544912198626e-07
62850.056 6.586610470100699e-07
62900.056 5.493839838797987e-07
62950.056 6.265213911000941e-07
63000.056 6.113334258100768e-07
63050.056 6.979573340700554e-07
63100.056 6.677938953399289e-07
63150.056 5.216161909999511e-07
63200.056 6.212973683000173e-07
63250.056 6.120724695300252e-07
63300.056 6.020025057100982e-07
63350.056 6.402032301900239e-07
63400.056 5.136533092599479e-07
63450.056 4.850264818500341e-07
63500.056 6.073205345999768e-07
63550.056 5.126828849999436e-07
63600.056 6.462414698400973e-07
63650.056 5.925596382000632e-07
63700.056 5.091225049099702e-07
63750.056 5.06580124040027e-07
63800.056 4.995486500799814e-07
63850.056 5.218220672000994e-07
63900.056 4.946998851801143e-07
63950.056 5.561544775100379e-07
64000.056 5.770919512699722e-07
64050.056 5.204347989099216e-07
64100.056 3.60415310360028e-07
64150.056 4.281016819599551e-07
64200.056 4.126016715899748e-07
64250.056 5.278067750199245e-07
64300.056 4.4170995718998685e-07
64350.056 4.23742563130023e-07
64400.056 5.101652645800337e-07
64450.056 4.714867495199963e-07
64500.056 4.0921009640993576e-07
64550.056 4.549494793000514e-07
64600.056 4.1696245047997444e-07
64650.056 5.27845430980074e-07
64700.056 3.498878657499338e-07
64750.056 3.959630182500047e-07
64800.056 3.5002488909004607e-07
64850.056 3.897520967900113e-07
64900.056 3.950097160799687e-07
64950.056 3.7417005899997197e-07
65000.056 4.191279363700236e-07
65050.056 4.283233386300308e-07
65100.056 4.221712298499945e-07
65150.056 4.2461252085000537e-07
65200.056 4.062563218799978e-07
65250.056 4.341550951099517e-07
65300.056 4.303006933300236e-07
65350.056 5.211357953299663e-07
65400.056 4.14857035019962e-07
65450.056 4.308838835799926e-07
65500.056 4.4417558612994415e-07
65550.056 4.0142161416999526e-07
65600.056 4.3432082322003445e-07
65650.056 4.1241202663998195e-07
65700.056 4.3519384703997487e-07
65750.056 4.101062701000627e-07
65800.056 4.5310289811998844e-07
65850.056 4.795159207199227e-07
65900.056 3.853721348700472e-07
65950.056 3.067637550699883e-07
66000.056 3.8673677277991207e-07
66050.056 4.940841642301186e-07
66100.056 4.254149999200131e-07
66150.056 3.8968430873993017e-07
66200.056 3.42488826040042e-07
66250.056 3.881099611900017e-07
66300.056 3.268645532399619e-07
66350.056 3.4371494959014083e-07
66400.056 3.824851192299143e-07
66450.056 4.4132006647992057e-07
66500.056 5.081831087900347e-07
66550.056 4.582270402898887e-07
66600.056 4.0177490458011426e-07
66650.056 4.596682053900748e-07
66700.056 4.2380950804996223e-07
66750.056 4.487176731800724e-07
66800.056 4.876831950100667e-07
66850.056 3.826072950302094e-07
66900.056 4.0189244108019805e-07
66950.056 5.209647673100735e-07
67000.056 4.984242099399079e-07
67050.056 4.23408139479909e-07
67100.056 4.521430222700655e-07
67150.056 3.943403088599843e-07
67200.056 4.333286527501114e-07
67250.056 4.396104445299896e-07
67300.056 4.3829688537001594e-07
67350.056 4.603023014299416e-07
67400.056 5.135925384899249e-07
67450.056 4.5435375066005486e-07
67500.056 3.933859180600221e-07
67550.056 4.342678575399979e-07
67600.056 5.360267842099745e-07
67650.056 4.6494413059000846e-07
67700.056 4.204124959198838e-07
67750.056 3.9412642053997173e-07
67800.056 4.306941749998961e-07
67850.056 4.0135167633994955e-07
67900.056 4.2876539425992123e-07
67950.056 4.1070335469001367e-07
68000.056 4.2597533223985005e-07
68050.056 4.923553192399837e-07
68100.056 4.418137616800131e-07
68150.056 3.792285716299182e-07
68200.056 3.9431694031010566e-07
68250.056 3.81500066479965e-07
68300.056 3.7534874281994327e-07
68350.056 3.554710708599577e-07
68400.056 4.173764354599489e-07
68450.056 4.5809838671012683e-07
68500.056 4.331362440600317e-07
68550.056 3.654061782299966e-07
68600.056 4.312271474300361e-07
68650.056 3.6001541641994974e-07
68700.056 3.9085972415999706e-07
68750.056 4.3172653945007853e-07
68800.056 4.6332866407998085e-07
68850.056 3.978471120099609e-07
68900.056 4.972319681800406e-07
68950.056 4.85707297060119e-07
69000.056 4.6941571725996294e-07
69050.056 4.0106879663986976e-07
69100.056 4.902994595999509e-07
69150.056 5.275973042000045e-07
69200.056 3.801701683000654e-07
69250.056 4.884889248599302e-07
69300.056 4.899019406501625e-07
69350.056 4.3684501787994285e-07
69400.056 3.987737674599084e-07
69450.056 5.156233995001338e-07
69500.056 4.4195338427999405e-07
69550.056 4.275780778700495e-07
69600.056 3.403155360100091e-07
69650.056 4.2431860144011666e-07
69700.056 4.491377682399675e-07
69750.056 4.238686931299805e-07
69800.056 4.3941416421005036e-07
69850.056 4.795155033400808e-07
69900.056 4.465658798200277e-07
69950.056 4.830489962500289e-07
70000.056 3.9011611577001975e-07
70050.056 4.74357281390052e-07
70100.056 3.64967096940048e-07
70150.056 4.341328204898961e-07
70200.056 3.8328942145005794e-07
70250.056 3.962962343199442e-07
70300.056 4.4284460687996177e-07
70350.056 4.047308078199655e-07
70400.056 4.3883337256000373e-07
70450.056 3.450442969800142e-07
70500.056 3.7198329714005454e-07
70550.056 3.4895597769006947e-07
70600.056 3.8203783518995967e-07
70650.056 4.1546107118005793e-07
70700.056 3.8699371145006165e-07
70750.056 4.0409550230011305e-07
70800.056 4.023296667500877e-07
70850.056 3.5858934763006826e-07
70900.056 4.064819068199144e-07
70950.056 3.954222285500734e-07
71000.056 3.9391855819995725e-07
71050.056 4.195952816900188e-07
71100.056 3.639375486801027e-07
71150.056 3.5036818179993066e-07
71200.056 3.8327293532000113e-07
71250.056 3.9741967396008336e-07
71300.056 3.3973147211991533e-07
71350.056 3.894523345200644e-07
71400.056 3.882177575299223e-07
71450.056 3.642436009400421e-07
71500.056 3.697203117999585e-07
71550.056 3.5505370452003803e-07
71600.056 3.8313996169997235e-07
71650.056 3.9739272455000895e-07
71700.056 3.525420980299609e-07
71750.056 3.342924577100141e-07
71800.056 3.82129547820026e-07
71850.056 3.9050452804993113e-07
71900.056 3.377103916499799e-07
71950.056 3.6512040982986786e-07
72000.056 3.3446096516002003e-07
72050.056 3.3590547280005246e-07
72100.056 3.322681625000041e-07
72150.056 3.6448247275997253e-07
72200.056 3.1235112068008275e-07
72250.056 3.610764701000285e-07
72300.056 3.257310092500403e-07
72350.056 3.33660311869957e-07
72400.056 3.657051648400032e-07
72450.056 3.150028090899191e-07
72500.056 3.4695419086004144e-07
72550.056 2.7866327403003214e-07
72600.056 3.418755137400018e-07
72650.056 3.3496379774000836e-07
72700.056 3.288750564899599e-07
72750.056 3.4201616209989365e-07
72800.056 3.185891631301001e-07
72850.056 3.1996368987002794e-07
72900.056 3.44340745489997e-07
72950.056 3.034338302599985e-07
73000.056 3.224169756399373e-07
73050.056 3.2252705699005555e-07
73100.056 3.4953157222003266e-07
73150.056 3.406337100999304e-07
73200.056 3.0052859490986827e-07
73250.056 3.245264820699655e-07
73300.056 2.827709616299306e-07
73350.056 2.9290190785997176e-07
73400.056 3.117226869200088e-07
73450.056 2.975659037899574e-07
73500.056 3.382003401000197e-07
73550.056 3.175275827699726e-07
73600.056 2.9760486722995445e-07
73650.056 3.0911846491997725e-07
73700.056 2.99676430139998e-07
73750.056 2.909184753199044e-07
73800.056 3.0132996632999815e-07
73850.056 3.117195582599443e-07
73900.056 3.216009432899146e-07
73950.056 3.1451714836004297e-07
74000.056 2.939426162199579e-07
74050.056 3.38731811469965e-07
74100.056 3.32290816459953e-07
74150.056 3.2902025326994303e-07
74200.056 2.952198135899319e-07
74250.056 2.949073637900385e-07
74300.056 2.952684879100072e-07
74350.056 3.0414488612001034e-07
74400.056 3.125955272700033e-07
74450.056 3.0461918951992434e-07
74500.056 3.068541688299256e-07
74550.056 3.3404770515005447e-07
74600.056 2.836796340000052e-07
74650.056 2.7959628452007157e-07
74700.056 3.102416989000258e-07
74750.056 2.8143797959000126e-07
74800.056 3.0999313709007977e-07
74850.056 3.3959654341009164e-07
74900.056 3.3854101537994165e-07
74950.056 2.9735812231992575e-07
75000.056 3.2194960760996616e-07
75050.056 3.1161124024996865e-07
75100.056 3.4467595203010754e-07
75150.056 3.5275358971003556e-07
75200.056 3.361193713200516e-07
75250.056 3.500160689999874e-07
75300.056 3.2313498432000167e-07
75350.056 3.1851887993996515e-07
75400.056 3.451260647400227e-07
75450.056 3.478124994700966e-07
75500.056 3.2191490794000224e-07
75550.056 3.1392654612001623e-07
75600.056 3.750696169700608e-07
75650.056 3.4753769391999795e-07
75700.056 3.422373036899212e-07
75750.056 3.29072916510141e-07
75800.056 3.4459899040996526e-07
75850.056 3.4750413566006924e-07
75900.056 3.4391016388006006e-07
75950.056 3.384875331399883e-07
76000.056 3.272678120199581e-07
76050.056 3.511593464699284e-07
76100.056 3.557998373799941e-07
76150.056 3.573023156099126e-07
76200.056 3.3669695164010846e-07
76250.056 4.0152123935996455e-07
76300.056 3.5587702816993816e-07
76350.056 3.9046661311005417e-07
76400.056 3.7947000640004124e-07
76450.056 3.9196812201010987e-07
76500.056 3.8133877855005913e-07
76550.056 3.5502006867003715e-07
76600.056 2.7552554906996225e-07
76650.056 3.031215546400062e-07
76700.056 2.8160144360997376e-07
76750.056 3.0724045930003343e-07
76800.056 3.339186894200886e-07
76850.056 3.232431664300661e-07
76900.056 2.862319637499574e-07
76950.056 2.747683359500457e-07
77000.056 2.6685765355002164e-07
77050.056 2.6580902807996763e-07
77100.056 2.555686187700152e-07
77150.056 2.8333743456002113e-07
77200.056 2.6438230692997525e-07
77250.056 2.773162380300182e-07
77300.056 2.762029140799784e-07
77350.056 2.5602688649998203e-07
77400.056 2.4381467834998214e-07
77450.056 2.4722655384998397e-07
77500.056 2.6874319788994243e-07
77550.056 2.6875809727999353e-07
77600.056 2.689135340000102e-07
77650.056 2.72827663089988e-07
77700.056 2.7135214299995087e-07
77750.056 2.6833568881996967e-07
77800.056 2.661409095000093e-07
77850.056 2.767951704100314e-07
77900.056 2.726799898099708e-07
77950.056 2.88724939270009e-07
78000.056 2.783276934999907e-07
78050.056 2.641676664200002e-07
78100.056 2.7612977773005183e-07
78150.056 2.707379660100645e-07
78200.056 2.9865564336002805e-07
78250.056 2.9171569636997576e-07
78300.056 2.810926389299629e-07
78350.056 2.924646437200298e-07
78400.056 3.1734864133003475e-07
78450.056 2.937789052900361e-07
78500.056 3.3183408721002174e-07
78550.056 2.917153308999583e-07
78600.056 3.0769099364002416e-07
78650.056 2.94066198559998e-07
78700.056 3.101240255200974e-07
78750.056 3.17375459460043e-07
78800.056 3.131218261299812e-07
78850.056 2.9733322013993377e-07
78900.056 2.941184138400431e-07
78950.056 2.9144379560997465e-07
79000.056 3.031453198700278e-07
79050.056 3.12259022469958e-07
79100.056 3.0990872533998286e-07
79150.056 3.059909907500917e-07
79200.056 3.3236126815992394e-07
79250.056 3.079472499000069e-07
79300.056 3.233299550700081e-07
79350.056 3.434845177800725e-07
79400.056 3.3494146164011663e-07
79450.056 2.99955786419974e-07
79500.056 3.4604722038994324e-07
79550.056 3.2588786892009606e-07
79600.056 3.1959560360998036e-07
79650.056 3.162272277899633e-07
79700.056 3.2806421554001096e-07
79750.056 3.3636686568008656e-07
79800.056 2.9525019372012794e-07
79850.056 3.477813603600469e-07
79900.056 3.455063317500297e-07
79950.056 3.674860331399699e-07
