# %ECSV 1.0
# ---
# datatype:
# - {name: wav, unit: Angstrom, datatype: float64}
# - {name: flux_nu, unit: erg / (cm2 Hz s), datatype: float64}
# meta: {C/O: '1.00', Kzz: '1.0000E+05', Teff: '750.', Y: '0.28', '[Fe/H]': '0.50', f_hole: '1.00', f_rain: '0.00', grav: '56.'}
# schema: astropy-2.0
wav flux_nu
4000.0559999999996 nan
4050.0559999999996 1.5055944738443027e-14
4100.056 2.23818005568996e-12
4150.056 1.289223146620068e-11
4200.056 1.0318725844579554e-11
4250.056 3.451395285900346e-11
4300.056 4.895729297700274e-11
4350.056 5.767337195500292e-11
4400.056 6.913086395900194e-11
4450.056 8.670975225599893e-11
4500.056 8.856464678200263e-11
4550.056 9.682411687683307e-11
4600.056 8.813810671374326e-11
4650.056 6.712242832899606e-11
4700.056 4.55675615289997e-11
4750.056 1.2801970427099854e-11
4800.056 2.1969558101099686e-12
4850.056 5.110688912499945e-13
4900.056 2.1710185099999854e-13
4950.056 1.1004889151199916e-13
5000.056 4.8246977764999527e-14
5050.056 2.3670364281000007e-14
5100.056 2.0841020670000054e-14
5150.056 1.9811497290000126e-14
5200.056 1.9026880850000026e-14
5250.056 1.821985653199999e-14
5300.056 1.765810426299999e-14
5350.056 1.7492358547000006e-14
5400.056 1.7577689125999958e-14
5450.056 1.7904796216000023e-14
5500.056 1.838174099900018e-14
5550.056 1.8945383377000065e-14
5600.056 1.9477421776999968e-14
5650.056 1.977968801999998e-14
5700.056 1.9577307411000027e-14
5750.056 1.871255924999998e-14
5800.056 1.667371021999998e-14
5850.056 1.2110904563899833e-14
5900.056 4.229293275267609e-15
5950.056 2.302132604710073e-14
6000.056 4.63091702639993e-14
6050.056 8.186424179400176e-14
6100.056 1.3448707152500142e-13
6150.056 2.1122743408000182e-13
6200.056 3.257633864800023e-13
6250.056 4.92558466820002e-13
6300.056 7.493640809300042e-13
6350.056 1.1284820945700095e-12
6400.056 1.6810622262000143e-12
6450.056 2.4293625285999436e-12
6500.056 3.581460202899979e-12
6550.056 5.232642396200017e-12
6600.056 7.574924602600176e-12
6650.056 1.0791797041700082e-11
6700.056 1.3895428702340152e-11
6750.056 2.0376853092000098e-11
6800.056 2.5960885660000138e-11
6850.056 2.9437163628000046e-11
6900.056 2.8240142121000606e-11
6950.056 2.54482878469997e-11
7000.056 2.6052545040300497e-11
7050.056 2.817350407819941e-11
7100.056 3.09018331559997e-11
7150.056 3.049909143789934e-11
7200.056 2.9584645355075e-11
7250.056 2.892686897891769e-11
7300.056 2.6948995902229714e-11
7350.056 2.4941006548830064e-11
7400.056 2.311275771060092e-11
7450.056 2.0871590635100655e-11
7500.056 1.836365114099974e-11
7550.056 1.5537266459999866e-11
7600.056 1.2770541230199925e-11
7650.056 3.963408167049838e-12
7700.056 2.7821758910421273e-12
7750.056 1.3034108753300204e-11
7800.056 2.1280687261700057e-11
7850.056 3.7957545423999904e-11
7900.056 5.709806031099941e-11
7950.056 6.920603550552072e-11
8000.056 1.178858674130017e-10
8050.056 1.6041692328500587e-10
8100.056 1.9759652591099469e-10
8150.056 2.5060240584787275e-10
8200.056 3.409239934475816e-10
8250.056 4.204206616350133e-10
8300.056 5.293999308427487e-10
8350.056 6.313139139054686e-10
8400.056 7.672869479721751e-10
8450.056 9.602126274179436e-10
8500.056 1.0667212166868977e-09
8550.056 1.3880470581100138e-09
8600.056 1.7400750259200276e-09
8650.056 2.0817419146000688e-09
8700.056 2.3976953234000456e-09
8750.056 2.7994873001000365e-09
8800.056 3.166536680400117e-09
8850.056 3.2556860689799316e-09
8900.056 2.0896285795527784e-09
8950.056 2.2537586119999235e-09
9000.056 2.2760102745523956e-09
9050.056 4.156131486096502e-09
9100.056 4.919081984400976e-09
9150.056 5.2457052758528904e-09
9200.056 6.623311563269845e-09
9250.056 6.6994628662029714e-09
9300.056 3.134813909357087e-09
9350.056 3.580157158907844e-09
9400.056 4.764891703487414e-09
9450.056 6.029784706563627e-09
9500.056 5.769806241613744e-09
9550.056 6.727972119755836e-09
9600.056 6.559183263318541e-09
9650.056 7.7179097275532e-09
9700.056 9.308153239615839e-09
9750.056 9.577796709673139e-09
9800.056 1.058910669911461e-08
9850.056 1.1977859898752342e-08
9900.056 1.4990599751062364e-08
9950.056 1.5301038356480034e-08
10000.056 1.721929944543487e-08
10050.056 2.045830679850113e-08
10100.056 2.5338565467094876e-08
10150.056 3.006836223269607e-08
10200.056 3.5583522080200424e-08
10250.056 4.075196350320199e-08
10300.056 4.835492883099915e-08
10350.056 5.6408674952998226e-08
10400.056 6.639705215599812e-08
10450.056 7.388636829599291e-08
10500.056 8.168752661100478e-08
10550.056 9.013942879000485e-08
10600.056 9.504958510999237e-08
10650.056 1.0188830169160362e-07
10700.056 1.0363696219056526e-07
10750.056 1.09568368566122e-07
10800.056 1.1099315128744673e-07
10850.056 1.0330086426569278e-07
10900.056 7.143970062180904e-08
10950.056 3.610796036737483e-08
11000.056 3.050891639836189e-08
11050.056 2.350134842580573e-08
11100.056 1.6934184766363558e-08
11150.056 9.921840121897208e-09
11200.056 7.945512368877985e-09
11250.056 9.261994847572044e-09
11300.056 1.1134132007628957e-08
11350.056 5.026200148572891e-09
11400.056 8.821457886661602e-09
11450.056 7.673734924856337e-09
11500.056 5.665535503001417e-09
11550.056 1.8680619169904147e-09
11600.056 2.3494181466889744e-09
11650.056 4.935191762433369e-09
11700.056 4.814341821776611e-09
11750.056 1.0884673875212793e-09
11800.056 5.543745944260727e-09
11850.056 9.702294374656641e-09
11900.056 1.127038056425463e-08
11950.056 1.7692657934708098e-08
12000.056 2.5968178266324717e-08
12050.056 3.721737743976203e-08
12100.056 5.0568113337101345e-08
12150.056 6.699564592059756e-08
12200.056 8.28085744792886e-08
12250.056 1.0143209927661908e-07
12300.056 1.2328872738051267e-07
12350.056 1.3222860662466775e-07
12400.056 1.5687277720599718e-07
12450.056 1.6469753844062064e-07
12500.056 1.7984665524560065e-07
12550.056 1.9917607897562528e-07
12600.056 2.3287936720000972e-07
12650.056 2.2672961618399573e-07
12700.056 2.3107229308903565e-07
12750.056 2.2158718335390438e-07
12800.056 2.17741455267096e-07
12850.056 1.8014292219708988e-07
12900.056 1.4885736599057292e-07
12950.056 1.4543282981881165e-07
13000.056 1.2556846971341036e-07
13050.056 1.0516835840224615e-07
13100.056 9.187455156795299e-08
13150.056 7.108213098843425e-08
13200.056 5.87266803013051e-08
13250.056 4.284294444309878e-08
13300.056 1.8506603260169704e-08
13350.056 5.664477240808007e-09
13400.056 4.499547961847008e-09
13450.056 2.1979327862722373e-09
13500.056 1.4134005517149637e-09
13550.056 8.913584608523365e-10
13600.056 2.8405590307043817e-10
13650.056 9.25043587575936e-10
13700.056 7.625942457882518e-10
13750.056 6.35456242090626e-10
13800.056 6.079954087792109e-10
13850.056 4.900066767984107e-10
13900.056 5.365036698450848e-10
13950.056 4.188238871171325e-10
14000.056 4.5060680452675854e-10
14050.056 6.174757386111222e-10
14100.056 7.309418943370637e-10
14150.056 1.1134887833842291e-09
14200.056 8.833702115920088e-10
14250.056 1.1509848633440299e-09
14300.056 1.901653927453639e-09
14350.056 2.147416010244911e-09
14400.056 2.6540735267670948e-09
14450.056 3.080297559045449e-09
14500.056 5.650407118667518e-09
14550.056 6.892457024581755e-09
14600.056 8.920731686632022e-09
14650.056 9.335697680771546e-09
14700.056 7.74260858045526e-09
14750.056 9.00494371684791e-09
14800.056 1.2548715992479576e-08
14850.056 1.4282901357893304e-08
14900.056 1.5752382544695095e-08
14950.056 1.75375518257268e-08
15000.056 2.1642401724929722e-08
15050.056 2.3400378789507958e-08
15100.056 2.576607687101292e-08
15150.056 2.917524633600941e-08
15200.056 3.153301893544133e-08
15250.056 4.1034435800801537e-08
15300.056 4.750294575560281e-08
15350.056 5.345494315830376e-08
15400.056 6.214387670806967e-08
15450.056 6.99159949774722e-08
15500.056 7.369116210945845e-08
15550.056 8.424195445190908e-08
15600.056 8.457004523012102e-08
15650.056 9.406440225280616e-08
15700.056 1.118073484864477e-07
15750.056 1.2224826150429546e-07
15800.056 1.1701081605473775e-07
15850.056 1.2805584122609673e-07
15900.056 1.1415357731780967e-07
15950.056 1.0674756009496899e-07
16000.056 7.852546599140915e-08
16050.056 4.657458302593959e-08
16100.056 3.076949486844903e-08
16150.056 1.8059068482737396e-08
16200.056 1.040999976382196e-08
16250.056 7.806577856574445e-09
16300.056 5.2617673345093685e-09
16350.056 5.892187295933304e-09
16400.056 7.627389729892543e-09
16450.056 7.753384319399571e-09
16500.056 8.098804678007252e-09
16550.056 8.269251624381878e-09
16600.056 7.61887569077287e-09
16650.056 6.362760509963628e-09
16700.056 1.3215526808289e-09
16750.056 2.0885882088141045e-09
16800.056 4.275141821849561e-09
16850.056 5.44746832319018e-09
16900.056 3.5288156818355287e-09
16950.056 2.3371851722549027e-09
17000.056 1.5094636589485946e-09
17050.056 2.842215962455722e-09
17100.056 4.458675535975534e-09
17150.056 2.6801080272601738e-09
17200.056 6.044414120660115e-09
17250.056 5.351185388348396e-09
17300.056 3.271913027377327e-09
17350.056 2.8765324314471856e-09
17400.056 3.898572508714616e-09
17450.056 5.4386728569350275e-09
17500.056 7.232525431016571e-09
17550.056 7.102849572976856e-09
17600.056 5.7051583397863945e-09
17650.056 5.7967573832241875e-09
17700.056 3.9123131658125255e-09
17750.056 4.266636349923235e-09
17800.056 8.061979028723277e-09
17850.056 5.098077949585172e-09
17900.056 3.911387263057441e-09
17950.056 3.3725714397282226e-09
18000.056 4.487442714385933e-09
18050.056 5.247629987713529e-09
18100.056 6.375699126305457e-09
18150.056 8.03039811967783e-09
18200.056 5.2569739901988274e-09
18250.056 1.1355454955146711e-08
18300.056 6.976516891506946e-09
18350.056 5.365900788162032e-09
18400.056 5.606002492821523e-09
18450.056 7.947046429470706e-09
18500.056 8.77236162308442e-09
18550.056 6.8927510358271644e-09
18600.056 6.730453810095788e-09
18650.056 6.840543754591909e-09
18700.056 5.480970911610182e-09
18750.056 8.566858091909738e-09
18800.056 1.528418092724492e-08
18850.056 1.7833362954369943e-08
18900.056 1.6950085749526045e-08
18950.056 2.4926514304381752e-08
19000.056 1.7564113809054624e-08
19050.056 1.299943161963083e-08
19100.056 2.2414854521018005e-08
19150.056 1.6927183738588023e-08
19200.056 2.122550366848487e-08
19250.056 1.6583946118770024e-08
19300.056 1.4941786856460424e-08
19350.056 1.2532997289186693e-08
19400.056 1.0195187235281711e-08
19450.056 1.8899893462716748e-08
19500.056 1.792948073560049e-08
19550.056 1.1918716110488182e-08
19600.056 1.9680767306956426e-08
19650.056 2.115843544756052e-08
19700.056 2.2762440140136542e-08
19750.056 2.6464118758375656e-08
19800.056 2.628237710359998e-08
19850.056 3.4712880870746775e-08
19900.056 2.7384828907301454e-08
19950.056 4.536155403314202e-08
20000.056 4.194576658110608e-08
20050.056 4.4469956318202584e-08
20100.056 5.6989062497762453e-08
20150.056 5.1772461090363976e-08
20200.056 5.695229347931384e-08
20250.056 7.106796967973087e-08
20300.056 7.248031005149456e-08
20350.056 8.432100352044882e-08
20400.056 7.808236524277527e-08
20450.056 9.693904803403743e-08
20500.056 1.0600036932646943e-07
20550.056 1.0401634507753193e-07
20600.056 1.1848114447866637e-07
20650.056 1.186499882799206e-07
20700.056 1.2295307537940944e-07
20750.056 1.304702580405105e-07
20800.056 1.2943085939252548e-07
20850.056 1.2395336660320792e-07
20900.056 1.2663655986626564e-07
20950.056 1.1737979596317745e-07
21000.056 1.0931849782705629e-07
21050.056 1.0729154545528821e-07
21100.056 9.53010171040675e-08
21150.056 9.541351886538934e-08
21200.056 8.273639195595466e-08
21250.056 7.33085530622242e-08
21300.056 5.583748875398263e-08
21350.056 5.6598258010132993e-08
21400.056 4.984377405443563e-08
21450.056 4.230433639769389e-08
21500.056 3.671417442166212e-08
21550.056 3.1911755064087253e-08
21600.056 2.4745187397802073e-08
21650.056 1.9757056353647327e-08
21700.056 1.932068301441039e-08
21750.056 1.6912825323434218e-08
21800.056 1.3810369949278132e-08
21850.056 1.2417415286929524e-08
21900.056 8.164867783423917e-09
21950.056 4.243543378400591e-09
22000.056 1.420599323562863e-09
22050.056 8.968116278350945e-10
22100.056 1.8213781964780422e-09
22150.056 2.9746458986163355e-09
22200.056 3.5079583255822882e-09
22250.056 2.7589697792716293e-09
22300.056 2.1055703509568005e-09
22350.056 2.085651135032085e-09
22400.056 1.3233505217768779e-09
22450.056 1.2032529544200024e-09
22500.056 1.0124193701061692e-09
22550.056 8.013156705277013e-10
22600.056 8.208329390458503e-10
22650.056 9.906492890819102e-10
22700.056 8.005244246921297e-10
22750.056 8.510234399924272e-10
22800.056 7.667515636144813e-10
22850.056 6.571644832284006e-10
22900.056 5.158244434802127e-10
22950.056 4.96713003029142e-10
23000.056 6.974554506423801e-10
23050.056 9.369432985602637e-10
23100.056 2.0276612633623955e-09
23150.056 2.5348724401787075e-09
23200.056 4.298439884960688e-10
23250.056 5.581959569288946e-10
23300.056 5.604376083261833e-10
23350.056 6.100732184589845e-10
23400.056 6.982668304856046e-10
23450.056 6.124192174792792e-10
23500.056 6.617548598897035e-10
23550.056 9.165140126448781e-10
23600.056 1.0596722851919254e-09
23650.056 1.6310494452076198e-09
23700.056 8.503719614610362e-10
23750.056 6.281380744468826e-10
23800.056 9.037663810495282e-10
23850.056 9.904278889554605e-10
23900.056 1.6317448647513103e-09
23950.056 1.7981274157399127e-09
24000.056 2.0722933985988598e-09
24050.056 2.936484606407461e-09
24100.056 2.7092388235319104e-09
24150.056 3.236958106245757e-09
24200.056 2.9805938905254157e-09
24250.056 2.3942634475415603e-09
24300.056 3.1648848162249796e-09
24350.056 2.658545905381679e-09
24400.056 4.043298513252302e-09
24450.056 4.288956862171682e-09
24500.056 4.381339874398826e-09
24550.056 5.6932219881478325e-09
24600.056 5.80613894858768e-09
24650.056 7.610046266539522e-09
24700.056 5.672621494855701e-09
24750.056 6.9543956400252e-09
24800.056 7.311279598931257e-09
24850.056 9.535413946108153e-09
24900.056 6.351235590689925e-09
24950.056 1.0884966508611665e-08
25000.056 1.0212801493009357e-08
25050.056 7.840181682248612e-09
25100.056 1.0813187777923558e-08
25150.056 6.9994973374293735e-09
25200.056 9.673684496283689e-09
25250.056 6.445485798826324e-09
25300.056 9.899382774736309e-09
25350.056 5.560599414815305e-09
25400.056 1.0578043086797679e-08
25450.056 5.401695973522273e-09
25500.056 5.347608867947301e-09
25550.056 6.670044349862561e-09
25600.056 4.693966685449073e-09
25650.056 3.556739159405478e-09
25700.056 6.359141736415895e-09
25750.056 2.616563258974351e-09
25800.056 6.2998477432476e-09
25850.056 2.8389236669945513e-09
25900.056 3.768204072233296e-09
25950.056 2.119576833063997e-09
26000.056 7.1856783909396234e-09
26050.056 3.2903840370240335e-09
26100.056 5.997900684373225e-09
26150.056 4.376087092556755e-09
26200.056 5.526378335518668e-09
26250.056 1.0004918873306987e-08
26300.056 6.1000778871796965e-09
26350.056 1.3082574843195607e-08
26400.056 1.370047738313573e-08
26450.056 1.528980043835285e-08
26500.056 1.7376561036555384e-08
26550.056 7.996713932446446e-09
26600.056 1.1643462100201335e-08
26650.056 4.552038665950204e-09
26700.056 4.105053641349139e-09
26750.056 2.9438085331956504e-09
26800.056 5.713660644141388e-09
26850.056 3.1813296699676918e-09
26900.056 8.505939272752155e-09
26950.056 4.156538199307413e-09
27000.056 1.2611764714414696e-08
27050.056 9.742965559647758e-09
27100.056 5.8315044944091125e-09
27150.056 1.5048086129394038e-08
27200.056 6.282330998651929e-09
27250.056 9.139913007999716e-09
27300.056 2.5020116250657145e-08
27350.056 1.6172507380939142e-08
27400.056 3.583167435287809e-09
27450.056 2.168149843689712e-08
27500.056 2.1134270222078026e-08
27550.056 7.573982455708374e-09
27600.056 1.5535999959397364e-08
27650.056 6.319632485731507e-09
27700.056 5.011135449370219e-09
27750.056 1.6948046849414723e-08
27800.056 6.395241623881485e-09
27850.056 8.838924654403265e-09
27900.056 9.46697798087855e-09
27950.056 1.9372549450474792e-08
28000.056 1.5218953788659252e-08
28050.056 4.204368859570897e-09
28100.056 1.9338632842364284e-08
28150.056 1.1735013086519917e-08
28200.056 5.191674293187779e-09
28250.056 2.021707741989584e-08
28300.056 2.671248023609731e-08
28350.056 7.805821603312579e-09
28400.056 1.5059782963178254e-08
28450.056 2.1495786421308286e-08
28500.056 1.613152604507436e-08
28550.056 5.5470246540149895e-09
28600.056 2.4101960034342097e-08
28650.056 2.090564619617301e-08
28700.056 1.8343343384557925e-08
28750.056 2.876695165023331e-08
28800.056 2.0906521642366152e-08
28850.056 2.6330493228625482e-08
28900.056 1.2820165927157931e-08
28950.056 3.059241647986376e-08
29000.056 2.371114110300654e-08
29050.056 2.6206184688280916e-08
29100.056 1.9401172146903735e-08
29150.056 3.3413728103188204e-08
29200.056 2.400539393105689e-08
29250.056 3.638347463124987e-08
29300.056 1.90534393393618e-08
29350.056 5.392530150898745e-08
29400.056 2.7035575286084374e-08
29450.056 3.0272842140661426e-08
29500.056 3.5871262106151064e-08
29550.056 2.9062378978160285e-08
29600.056 3.609860018019258e-08
29650.056 3.869592210119718e-08
29700.056 2.4723273064323553e-08
29750.056 3.776534924615403e-08
29800.056 3.85425285339091e-08
29850.056 4.3398768463866016e-08
29900.056 3.8891557357434314e-08
29950.056 3.692868041793038e-08
30000.056 1.438785972449215e-08
30050.056 1.826578962821076e-08
30100.056 1.767291220371009e-08
30150.056 3.40146322525925e-08
30200.056 2.4864327451740153e-08
30250.056 4.567101643080597e-08
30300.056 4.0885607812490676e-08
30350.056 3.321280077955408e-08
30400.056 4.2049845536649817e-08
30450.056 2.8017690914303116e-08
30500.056 2.4594797993074005e-08
30550.056 2.6050328659984237e-08
30600.056 3.230387061538018e-08
30650.056 2.3042870408228702e-08
30700.056 2.1934077498842106e-08
30750.056 2.538577113801182e-08
30800.056 1.931424443792863e-08
30850.056 1.9246200031222988e-08
30900.056 1.4770596218321935e-08
30950.056 1.5840526228893218e-08
31000.056 1.2905834779812025e-08
31050.056 1.2264786627569487e-08
31100.056 1.0286515151857105e-08
31150.056 1.3729153515459012e-08
31200.056 1.3552480795923401e-08
31250.056 9.689331040462759e-09
31300.056 8.768403985638508e-09
31350.056 9.683904872186004e-09
31400.056 7.264401433358803e-09
31450.056 7.73916234017788e-09
31500.056 5.874410946445474e-09
31550.056 6.8911066846056e-09
31600.056 4.726963022180337e-09
31650.056 4.577395385549021e-09
31700.056 4.684664555659465e-09
31750.056 3.6861728470333907e-09
31800.056 4.910156080840353e-09
31850.056 3.3463808418662954e-09
31900.056 4.0346640528054855e-09
31950.056 2.5249903622916637e-09
32000.056 3.3856357478761023e-09
32050.056 3.893379931347116e-09
32100.056 3.740958611359763e-09
32150.056 3.929941886072607e-09
32200.056 3.171960341898501e-09
32250.056 4.511548071272529e-09
32300.056 3.153729825385151e-09
32350.056 4.5707673248089e-09
32400.056 2.9900697176987386e-09
32450.056 4.151071501907633e-09
32500.056 3.471721165399808e-09
32550.056 3.4431926619549746e-09
32600.056 4.415825992896523e-09
32650.056 7.134606096533497e-09
32700.056 5.394826284981373e-09
32750.056 7.316148944871868e-09
32800.056 6.657488203735284e-09
32850.056 7.99235619361921e-09
32900.056 8.787476486485383e-09
32950.056 9.626367446441375e-09
33000.056 7.605480635648591e-09
33050.056 7.589223547835571e-09
33100.056 3.0604610138326373e-09
33150.056 5.928191229039786e-10
33200.056 6.65085719912775e-10
33250.056 3.50529963825978e-10
33300.056 4.5968827885708163e-10
33350.056 9.982613042069362e-10
33400.056 1.685840421449002e-09
33450.056 2.60193463470156e-09
33500.056 4.615318833363748e-09
33550.056 3.53011055872626e-09
33600.056 6.407825226916909e-09
33650.056 6.015548346228507e-09
33700.056 5.2168688786670815e-09
33750.056 7.751559581732566e-09
33800.056 5.888602324948854e-09
33850.056 7.011029706963321e-09
33900.056 5.711112782300485e-09
33950.056 5.782013498244316e-09
34000.056 7.996086580694291e-09
34050.056 3.503672757752703e-09
34100.056 7.741649036851063e-09
34150.056 5.986890368966115e-09
34200.056 6.328164430386566e-09
34250.056 6.121624570665032e-09
34300.056 5.7290801703533905e-09
34350.056 4.990247456219543e-09
34400.056 4.1471423012287385e-09
34450.056 6.034128444297121e-09
34500.056 5.685362853761535e-09
34550.056 4.3121014428387915e-09
34600.056 7.770221940649759e-09
34650.056 4.936710315880595e-09
34700.056 6.8760548237793e-09
34750.056 6.443813545387332e-09
34800.056 5.863640358759044e-09
34850.056 6.825363875782867e-09
34900.056 7.16496532635205e-09
34950.056 8.153762162917273e-09
35000.056 1.2614421009649308e-08
35050.056 7.069078904559336e-09
35100.056 1.0070296263152489e-08
35150.056 8.543636850203005e-09
35200.056 1.0138778213177936e-08
35250.056 1.3348969554254544e-08
35300.056 1.0162420517031482e-08
35350.056 1.0338390471535435e-08
35400.056 1.1908481921647073e-08
35450.056 7.933525084054726e-09
35500.056 1.705432097775835e-08
35550.056 1.550133010527541e-08
35600.056 1.2337146976518943e-08
35650.056 1.4468099154756469e-08
35700.056 1.3436176747334187e-08
35750.056 1.8217040014557654e-08
35800.056 2.377981990224008e-08
35850.056 1.3203077223847585e-08
35900.056 1.7524046851471188e-08
35950.056 1.6513316418010887e-08
36000.056 1.6617316871313445e-08
36050.056 1.432425142759348e-08
36100.056 1.5667855801609143e-08
36150.056 1.72472641195344e-08
36200.056 1.8265683790512574e-08
36250.056 1.7594817878272116e-08
36300.056 2.180361049411724e-08
36350.056 1.981487540152539e-08
36400.056 1.939990834585409e-08
36450.056 2.553986142427521e-08
36500.056 2.7641570234740804e-08
36550.056 2.6166760335506854e-08
36600.056 3.259694259149741e-08
36650.056 3.152895398112867e-08
36700.056 3.459268211120889e-08
36750.056 3.741521285333152e-08
36800.056 3.622354556220077e-08
36850.056 3.2726703960054685e-08
36900.056 3.8839840403252796e-08
36950.056 4.1819475069989646e-08
37000.056 3.8113434755792766e-08
37050.056 3.824096407709198e-08
37100.056 4.4915874142602195e-08
37150.056 3.5343115799193097e-08
37200.056 4.3806444045887624e-08
37250.056 4.4701706487192716e-08
37300.056 3.836309513080977e-08
37350.056 4.123091156447127e-08
37400.056 6.320429733155751e-08
37450.056 4.552183077945372e-08
37500.056 4.606068838609612e-08
37550.056 5.459577374705242e-08
37600.056 6.073926083340649e-08
37650.056 4.320197934909819e-08
37700.056 6.886057631290748e-08
37750.056 4.8757435118795485e-08
37800.056 5.175783031467403e-08
37850.056 3.637278245155497e-08
37900.056 4.335519148450956e-08
37950.056 5.58916939628135e-08
38000.056 6.673533759820482e-08
38050.056 6.432510335621661e-08
38100.056 6.240319407482076e-08
38150.056 7.638632900279735e-08
38200.056 8.049156345242816e-08
38250.056 7.727419151981063e-08
38300.056 1.0110257914338432e-07
38350.056 1.0102553277481597e-07
38400.056 6.184773808712095e-08
38450.056 6.502414002437972e-08
38500.056 4.449307589709561e-08
38550.056 6.987833134132435e-08
38600.056 7.368535669411384e-08
38650.056 6.666930278018459e-08
38700.056 7.077891521110035e-08
38750.056 8.211411054331087e-08
38800.056 7.054673497542564e-08
38850.056 7.313022878641043e-08
38900.056 1.0115812109440962e-07
38950.056 8.026822197032249e-08
39000.056 9.032396741880015e-08
39050.056 7.871862541299826e-08
39100.056 9.13056719521071e-08
39150.056 8.967565267430769e-08
39200.056 9.616499493769532e-08
39250.056 1.0993892408817426e-07
39300.056 8.595112792275077e-08
39350.056 1.2337553487340088e-07
39400.056 9.967448217675628e-08
39450.056 1.0917353119889326e-07
39500.056 1.0821104853183608e-07
39550.056 1.1183266711821131e-07
39600.056 1.1747416417796231e-07
39650.056 1.2437529813978547e-07
39700.056 1.2284876714902562e-07
39750.056 1.0226655156564335e-07
39800.056 1.189377466307634e-07
39850.056 1.4634836525500147e-07
39900.056 1.4573293394101694e-07
39950.056 1.2338511304075396e-07
40000.056 1.7809073294705122e-07
40050.056 1.4457587829239738e-07
40100.056 1.193115223515174e-07
40150.056 1.5505161029536734e-07
40200.056 1.5868669701892304e-07
40250.056 1.5701080108992517e-07
40300.056 1.559947907530434e-07
40350.056 1.6689448967737904e-07
40400.056 1.8910407330500322e-07
40450.056 1.659761336132419e-07
40500.056 1.8946471412797472e-07
40550.056 1.8779040099054763e-07
40600.056 1.8477119275202639e-07
40650.056 1.578818179989372e-07
40700.056 2.2167931240649503e-07
40750.056 1.883930456399843e-07
40800.056 1.5125088239590932e-07
40850.056 2.379157378570832e-07
40900.056 2.177575318786328e-07
40950.056 2.0342702220421243e-07
41000.056 2.084780762490018e-07
41050.056 2.567831777799557e-07
41100.056 2.1574590062402496e-07
41150.056 1.6571948722937197e-07
41200.056 2.545785421939632e-07
41250.056 2.0940826338236287e-07
41300.056 1.9474032791394384e-07
41350.056 2.8133660314405475e-07
41400.056 2.479310870840574e-07
41450.056 2.692051213860358e-07
41500.056 2.2066121126192926e-07
41550.056 2.1946894750035648e-07
41600.056 2.6902058170825676e-07
41650.056 2.750319402389994e-07
41700.056 2.437836244018726e-07
41750.056 2.547596162029894e-07
41800.056 2.7224769404998904e-07
41850.056 2.1381203407040747e-07
41900.056 2.2806290424515973e-07
41950.056 2.0688968837604451e-07
42000.056 2.0449015571193557e-07
42050.056 1.9587990949542768e-07
42100.056 2.558490784309839e-07
42150.056 2.079681843069826e-07
42200.056 1.8869438753701405e-07
42250.056 1.913614622684447e-07
42300.056 1.9054614729360988e-07
42350.056 2.3429973002803994e-07
42400.056 2.1696520985507394e-07
42450.056 2.0265871142802764e-07
42500.056 1.9686521739098485e-07
42550.056 1.951847597989661e-07
42600.056 1.962166593766367e-07
42650.056 2.2348084363392901e-07
42700.056 2.0910803964660338e-07
42750.056 1.96498981194983e-07
42800.056 2.1029681995704982e-07
42850.056 2.3774375189391345e-07
42900.056 2.4267834489007284e-07
42950.056 2.156937922629278e-07
43000.056 2.3364337774701036e-07
43050.056 1.7458128363308186e-07
43100.056 2.1462617514396149e-07
43150.056 2.0542429577953624e-07
43200.056 2.457181430820073e-07
43250.056 2.673531844850001e-07
43300.056 2.677226992859954e-07
43350.056 2.0526851424196687e-07
43400.056 2.3125881474197398e-07
43450.056 2.127637550080389e-07
43500.056 1.9585136302939333e-07
43550.056 2.0599422505805872e-07
43600.056 2.7177090573302534e-07
43650.056 2.227218142787015e-07
43700.056 2.510190472410282e-07
43750.056 2.5214277774206147e-07
43800.056 2.3429386674796232e-07
43850.056 2.2067190344102856e-07
43900.056 2.3219329106197525e-07
43950.056 1.8144632166301027e-07
44000.056 1.8064485790400046e-07
44050.056 2.6740962097102357e-07
44100.056 2.984647246160169e-07
44150.056 2.734120123291307e-07
44200.056 2.645397281069904e-07
44250.056 2.178197145290154e-07
44300.056 1.9582526230104286e-07
44350.056 2.1022133998145488e-07
44400.056 2.2248455467500394e-07
44450.056 2.5570463789395786e-07
44500.056 2.6647437175807146e-07
44550.056 3.0388068125995534e-07
44600.056 2.524355067552354e-07
44650.056 2.749140050630669e-07
44700.056 2.0949262873800793e-07
44750.056 2.7024811294402823e-07
44800.056 2.3869935372301914e-07
44850.056 2.635524452010513e-07
44900.056 2.3646548978701849e-07
44950.056 2.617862952960125e-07
45000.056 2.7608614666997535e-07
45050.056 2.692678235420074e-07
45100.056 2.630073126239941e-07
45150.056 2.678777650932615e-07
45200.056 2.3007610914002524e-07
45250.056 2.4701844667991327e-07
45300.056 2.2090840998404845e-07
45350.056 2.2990781963099823e-07
45400.056 3.1118858408202473e-07
45450.056 2.7210288752997803e-07
45500.056 2.819698405930073e-07
45550.056 3.111158373139151e-07
45600.056 3.078358707000305e-07
45650.056 2.4624464823846777e-07
45700.056 2.3974020677852467e-07
45750.056 2.251524570359886e-07
45800.056 3.080979740939971e-07
45850.056 3.179401708749949e-07
45900.056 3.295187568800048e-07
45950.056 2.8026080994998913e-07
46000.056 3.138139029400053e-07
46050.056 2.7784112199502495e-07
46100.056 3.1275706273998883e-07
46150.056 2.672020723419891e-07
46200.056 2.562531100960154e-07
46250.056 1.8991316164206277e-07
46300.056 2.88839980017003e-07
46350.056 2.6917517707802307e-07
46400.056 2.589789751110115e-07
46450.056 2.504155095970435e-07
46500.056 2.62604661148054e-07
46550.056 2.278635422499799e-07
46600.056 2.638536025999926e-07
46650.056 3.477389703819638e-07
46700.056 2.7671646553801716e-07
46750.056 2.0507326349899227e-07
46800.056 1.7280711192901938e-07
46850.056 3.4720849305307554e-07
46900.056 3.08620700649966e-07
46950.056 3.112478641710074e-07
47000.056 2.841066843860279e-07
47050.056 2.777445821496937e-07
47100.056 2.0516028710513744e-07
47150.056 2.429970945150228e-07
47200.056 2.8636725071401756e-07
47250.056 2.301127925439913e-07
47300.056 1.8163275348050075e-07
47350.056 3.0419344067396263e-07
47400.056 2.949210185679641e-07
47450.056 2.8771363392962197e-07
47500.056 3.2372375440594933e-07
47550.056 2.868251248140008e-07
47600.056 2.811722611699877e-07
47650.056 2.465076651265532e-07
47700.056 2.7316708944377113e-07
47750.056 1.9697626739541064e-07
47800.056 2.2552470865001039e-07
47850.056 1.6828554988800502e-07
47900.056 2.1412069145996375e-07
47950.056 2.3838543271003734e-07
48000.056 3.347268928100615e-07
48050.056 3.0373395190800986e-07
48100.056 2.0526549849301744e-07
48150.056 2.599157871260212e-07
48200.056 2.3961678207400627e-07
48250.056 2.3715425292601278e-07
48300.056 3.0078598253989104e-07
48350.056 2.061138111460224e-07
48400.056 1.4444695289147368e-07
48450.056 2.286315859836788e-07
48500.056 2.9178500735195674e-07
48550.056 2.3389446643399548e-07
48600.056 2.623882966300036e-07
48650.056 2.6564185041997056e-07
48700.056 2.4357983284498544e-07
48750.056 1.7577788390509867e-07
48800.056 3.254087365909881e-07
48850.056 2.0357910108796696e-07
48900.056 2.9265890242799915e-07
48950.056 2.257432057800375e-07
49000.056 1.350955994521672e-07
49050.056 2.485018625939897e-07
49100.056 2.738474675190573e-07
49150.056 2.3510822021733684e-07
49200.056 3.0050667799904005e-07
49250.056 2.866808056810443e-07
49300.056 2.518699097600043e-07
49350.056 1.6381949892073252e-07
49400.056 2.1446535187197702e-07
49450.056 2.2338353241507447e-07
49500.056 1.850693240849753e-07
49550.056 1.0307832156101596e-07
49600.056 1.7376696099064713e-07
49650.056 2.179665757919929e-07
49700.056 2.0267104175893177e-07
49750.056 2.3721284212194326e-07
49800.056 2.0004212473462263e-07
49850.056 2.92001913593084e-07
49900.056 2.321760072669753e-07
49950.056 2.3228720898000003e-07
50000.056 2.1093543849597303e-07
50050.056 2.508947597050076e-07
50100.056 2.0712432708601513e-07
50150.056 1.4282808511097688e-07
50200.056 6.770042005261175e-08
50250.056 1.9536327203796977e-07
50300.056 1.5027578363602115e-07
50350.056 2.5784775971502955e-07
50400.056 2.244696614809852e-07
50450.056 1.8122395446122834e-07
50500.056 2.2294346535303664e-07
50550.056 2.0795180390601602e-07
50600.056 1.8698800923294927e-07
50650.056 2.446163043710633e-07
50700.056 2.567984314928917e-07
50750.056 2.0768541949503563e-07
50800.056 1.2254690060159477e-07
50850.056 1.121108972050439e-07
50900.056 2.48962503478006e-07
50950.056 1.8935634281603375e-07
51000.056 2.0598036030231459e-07
51050.056 1.9841948222399974e-07
51100.056 1.1462236535658863e-07
51150.056 1.6031292260097662e-07
51200.056 2.6957602318498525e-07
51250.056 1.8384940945394568e-07
51300.056 1.546882116440854e-07
51350.056 1.588750528879927e-07
51400.056 9.150950670299797e-08
51450.056 7.861584812037566e-08
51500.056 8.70882119856365e-08
51550.056 2.046443079186118e-07
51600.056 1.4637169334643492e-07
51650.056 1.5024558328696174e-07
51700.056 1.631607593595763e-07
51750.056 1.1728396193202367e-07
51800.056 1.754894823029633e-07
51850.056 1.647562737059988e-07
51900.056 2.299752852220441e-07
51950.056 1.7616183010698757e-07
52000.056 6.072641274228639e-08
52050.056 1.285836106995253e-07
52100.056 9.36481734669874e-08
52150.056 8.235341322840782e-08
52200.056 9.559282873410135e-08
52250.056 1.2669585106302923e-07
52300.056 1.841421020879883e-07
52350.056 1.2472636183480654e-07
52400.056 9.082864076170521e-08
52450.056 1.7482226901300717e-07
52500.056 1.6092025672994927e-07
52550.056 1.6907639721895493e-07
52600.056 1.4127179118202662e-07
52650.056 1.4866011478902265e-07
52700.056 1.3194542821799602e-07
52750.056 8.479821930879711e-08
52800.056 1.1091320831202161e-07
52850.056 1.1897789025595596e-07
52900.056 9.958665264419544e-08
52950.056 1.1271480438320054e-07
53000.056 1.5770436884901292e-07
53050.056 7.944097666057453e-08
53100.056 1.1951189405195166e-07
53150.056 1.717802477980211e-07
53200.056 8.42678640792996e-08
53250.056 1.5789833848000747e-07
53300.056 1.703346971278959e-07
53350.056 1.616595801069951e-07
53400.056 1.4444687891800372e-07
53450.056 7.35260703309869e-08
53500.056 4.0533355037088536e-08
53550.056 7.169512209299064e-08
53600.056 1.2693793336651078e-07
53650.056 9.916218924657094e-08
53700.056 9.565462992521461e-08
53750.056 9.411837204551736e-08
53800.056 9.513278414802343e-08
53850.056 1.3800177822294633e-07
53900.056 1.0002574369400537e-07
53950.056 1.3954581061239317e-07
54000.056 1.0053111624942452e-07
54050.056 1.291080598020096e-07
54100.056 5.318864654938904e-08
54150.056 7.6858266297517e-08
54200.056 3.260909811359553e-08
54250.056 5.792687414900799e-08
54300.056 6.356966310559041e-08
54350.056 9.525588363418248e-08
54400.056 1.0839720615796922e-07
54450.056 9.593463194610924e-08
54500.056 9.426524527500181e-08
54550.056 8.003908240800317e-08
54600.056 8.714860932739404e-08
54650.056 4.017809601199423e-08
54700.056 1.0769215199848343e-07
54750.056 9.949242637999989e-08
54800.056 6.020686651699771e-08
54850.056 7.786596629971124e-08
54900.056 9.936416340986983e-08
54950.056 1.2190009653517342e-07
55000.056 7.591727856697726e-08
55050.056 9.114035764800207e-08
55100.056 9.915520019101897e-08
55150.056 6.750122297267463e-08
55200.056 6.835513000209863e-08
55250.056 7.323826202821395e-08
55300.056 6.113519795489514e-08
55350.056 1.0122113410542778e-07
55400.056 1.003835761570203e-07
55450.056 7.230701083159104e-08
55500.056 3.830356795400744e-08
55550.056 5.450174982579007e-08
55600.056 7.592265604158964e-08
55650.056 5.1836565786182246e-08
55700.056 6.795226394001287e-08
55750.056 6.223327102879278e-08
55800.056 4.4812952800607465e-08
55850.056 3.709331192249565e-08
55900.056 7.216790516988884e-08
55950.056 1.0801746252962342e-07
56000.056 5.501651524328709e-08
56050.056 6.373992719260944e-08
56100.056 8.199865639769601e-08
56150.056 5.846049983250975e-08
56200.056 5.868551922587852e-08
56250.056 7.340129300441586e-08
56300.056 6.810236540798876e-08
56350.056 7.137150167880952e-08
56400.056 3.931925601659328e-08
56450.056 4.1891108076011e-08
56500.056 5.625091196242221e-08
56550.056 3.311404928130164e-08
56600.056 6.86899977414756e-08
56650.056 9.04411796440159e-08
56700.056 8.079244088100579e-08
56750.056 4.0457111431597474e-08
56800.056 6.739921767031261e-08
56850.056 6.701097833731035e-08
56900.056 4.274673851300004e-08
56950.056 7.76126583479981e-08
57000.056 8.324333807299148e-08
57050.056 5.839318806607436e-08
57100.056 2.718786207979792e-08
57150.056 5.251544635122925e-08
57200.056 3.988767164019816e-08
57250.056 4.125722809529734e-08
57300.056 6.065363249341344e-08
57350.056 3.830701075519623e-08
57400.056 7.930591596410153e-08
57450.056 5.577307045828429e-08
57500.056 5.8065805736833695e-08
57550.056 6.950907245960601e-08
57600.056 6.64330736913851e-08
57650.056 2.558603985210438e-08
57700.056 3.8774954988593157e-08
57750.056 6.343344924940422e-08
57800.056 3.739925518978438e-08
57850.056 8.730762632561231e-08
57900.056 9.227728133600978e-08
57950.056 9.961297729399467e-08
58000.056 5.0831488857388326e-08
58050.056 6.860114928199174e-08
58100.056 6.608599822021165e-08
58150.056 6.140177065997505e-08
58200.056 2.9050831771199628e-08
58250.056 3.4948671626787297e-08
58300.056 2.7928347456401577e-08
58350.056 4.1679040002010855e-08
58400.056 5.182257259599741e-08
58450.056 6.065604771221665e-08
58500.056 6.495487786200593e-08
58550.056 6.688218321600071e-08
58600.056 3.843370707490069e-08
58650.056 5.267729156969086e-08
58700.056 5.331102949879602e-08
58750.056 5.911556817299319e-08
58800.056 1.7806417050292463e-08
58850.056 4.513588984210288e-08
58900.056 5.1202446952501024e-08
58950.056 3.4400397510282374e-08
59000.056 6.084037142781329e-08
59050.056 4.8764477118094414e-08
59100.056 7.94882958772909e-08
59150.056 6.329815513597971e-08
59200.056 5.912346861799706e-08
59250.056 7.095273926202045e-08
59300.056 7.020382484000524e-08
59350.056 2.6822556280399347e-08
59400.056 2.7992522208990806e-08
59450.056 6.360933724790076e-08
59500.056 3.7433532746290256e-08
59550.056 3.988719847229861e-08
59600.056 7.784837272810868e-08
59650.056 6.152499273190684e-08
59700.056 3.789820236229294e-08
59750.056 8.752233802987664e-08
59800.056 5.212883147740316e-08
59850.056 6.724290019579588e-08
59900.056 3.9657894572590265e-08
59950.056 5.3833703682599605e-08
60000.056 8.88292869957084e-08
60050.056 7.635713326663821e-08
60100.056 8.031459676396953e-08
60150.056 4.382019956828866e-08
60200.056 6.618315578799252e-08
60250.056 6.910655295131158e-08
60300.056 7.054013510737928e-08
60350.056 5.199272640000838e-08
60400.056 6.938762364597315e-08
60450.056 2.8041718704290727e-08
60500.056 1.790843764110388e-08
60550.056 4.960412786400112e-08
60600.056 6.654925509701249e-08
60650.056 5.7915322823579064e-08
60700.056 4.825118470100033e-08
60750.056 3.385057544721174e-08
60800.056 5.783936071318112e-08
60850.056 8.142058744882179e-08
60900.056 7.799699327404457e-08
60950.056 5.509516604532238e-08
61000.056 7.23105063543028e-08
61050.056 4.479105306679278e-08
61100.056 5.4023375046612445e-08
61150.056 2.6887624765103922e-08
61200.056 6.795623279130474e-08
61250.056 6.354031815599708e-08
61300.056 5.4880651811222933e-08
61350.056 8.785480384757001e-08
61400.056 4.594129991432517e-08
61450.056 4.2855284675199946e-08
61500.056 3.7866479523135754e-08
61550.056 5.540997122558109e-08
61600.056 3.3119214965591205e-08
61650.056 3.982425415600288e-08
61700.056 4.4703842172389135e-08
61750.056 4.956104067357689e-08
61800.056 6.349260866380236e-08
61850.056 2.9140815566295643e-08
61900.056 7.672319014602629e-08
61950.056 6.71810939510967e-08
62000.056 6.072326878501402e-08
62050.056 6.691516674919178e-08
62100.056 5.52125170824698e-08
62150.056 6.161144952003125e-08
62200.056 6.983926630996917e-08
62250.056 6.908012281078372e-08
62300.056 8.542409005597978e-08
62350.056 8.12503553359882e-08
62400.056 5.558222517761255e-08
62450.056 6.09555611088977e-08
62500.056 7.899153108038095e-08
62550.056 8.012858594798635e-08
62600.056 7.215172526641819e-08
62650.056 6.226526275300895e-08
62700.056 6.813734376739939e-08
62750.056 8.749882482796701e-08
62800.056 7.799553723198896e-08
62850.056 6.917007230827597e-08
62900.056 7.786881415896067e-08
62950.056 8.667512876200903e-08
63000.056 5.817998527672165e-08
63050.056 1.0924243434601038e-07
63100.056 1.1219768229697291e-07
63150.056 7.21912954130006e-08
63200.056 8.887280106500831e-08
63250.056 7.541960509599507e-08
63300.056 6.58163373129894e-08
63350.056 9.585848378101982e-08
63400.056 4.950425619478919e-08
63450.056 3.5121697046406025e-08
63500.056 9.423159120201146e-08
63550.056 7.986302738257266e-08
63600.056 6.220325478199477e-08
63650.056 6.704216590299941e-08
63700.056 4.442437200979184e-08
63750.056 6.264141956178604e-08
63800.056 7.048900536020625e-08
63850.056 6.571849319301079e-08
63900.056 5.134344560602779e-08
63950.056 5.717281952962399e-08
64000.056 7.683382795381441e-08
64050.056 5.233320762398906e-08
64100.056 2.5106555395704565e-08
64150.056 3.0250020807297e-08
64200.056 2.690733163030188e-08
64250.056 5.771342350840235e-08
64300.056 4.5943355718489524e-08
64350.056 3.5577233730205974e-08
64400.056 5.6943065736605414e-08
64450.056 5.21452056543983e-08
64500.056 3.671794570499896e-08
64550.056 5.230331674499897e-08
64600.056 4.3679810122402895e-08
64650.056 5.6482537424002695e-08
64700.056 2.6505864134694593e-08
64750.056 3.6451108693794153e-08
64800.056 2.8767668010205473e-08
64850.056 2.38952130860088e-08
64900.056 2.8191187808683932e-08
64950.056 2.4585410170999772e-08
65000.056 3.40843253538164e-08
65050.056 4.6823538531190535e-08
65100.056 4.039663569190445e-08
65150.056 4.24724920041974e-08
65200.056 3.009963611899961e-08
65250.056 5.043138762739223e-08
65300.056 5.147231043791284e-08
65350.056 7.414004977340807e-08
65400.056 4.1276967166502476e-08
65450.056 4.574822982769365e-08
65500.056 6.083451625399803e-08
65550.056 3.3581787323405356e-08
65600.056 5.691193223152351e-08
65650.056 4.884412706999491e-08
65700.056 4.457901733501423e-08
65750.056 3.3243194246113216e-08
65800.056 4.754472395300068e-08
65850.056 7.053310780798811e-08
65900.056 3.202142320640517e-08
65950.056 2.935474950410309e-08
66000.056 3.513692163450953e-08
66050.056 7.658155926902683e-08
66100.056 5.0186732940902547e-08
66150.056 4.326029657580897e-08
66200.056 4.215514718829617e-08
66250.056 3.504247911959334e-08
66300.056 2.569323503050375e-08
66350.056 2.0911593757405448e-08
66400.056 3.29878692217911e-08
66450.056 5.6165279010406144e-08
66500.056 8.031363816603922e-08
66550.056 6.971844426899293e-08
66600.056 5.6776975521824515e-08
66650.056 5.897645147152875e-08
66700.056 4.382171128181796e-08
66750.056 6.573419910599545e-08
66800.056 6.214794356499243e-08
66850.056 3.773460555872234e-08
66900.056 7.388463812945415e-08
66950.056 8.079696940894622e-08
67000.056 9.131421840402942e-08
67050.056 4.416357628998063e-08
67100.056 4.770080002000581e-08
67150.056 4.221443189400918e-08
67200.056 6.335035106902193e-08
67250.056 5.8261945089605685e-08
67300.056 7.071158958690263e-08
67350.056 5.96103378123097e-08
67400.056 7.40169255371898e-08
67450.056 5.819140120221178e-08
67500.056 3.7411062146788265e-08
67550.056 6.197529972202867e-08
67600.056 1.0267975432799788e-07
67650.056 7.74904015870589e-08
67700.056 5.5282549335356866e-08
67750.056 4.652747613828481e-08
67800.056 5.422117566655462e-08
67850.056 4.479853311500892e-08
67900.056 4.4852173383003036e-08
67950.056 4.680174224899002e-08
68000.056 7.147926078499312e-08
68050.056 6.053523832037605e-08
68100.056 6.978352532603235e-08
68150.056 6.235266159738203e-08
68200.056 5.519786477980512e-08
68250.056 3.934400708808675e-08
68300.056 6.099014077638995e-08
68350.056 5.255995073397739e-08
68400.056 7.570059451047896e-08
68450.056 7.981978385743287e-08
68500.056 6.27196085099703e-08
68550.056 4.034293553020354e-08
68600.056 4.6161670368310745e-08
68650.056 2.8618247968014783e-08
68700.056 4.7623963206112095e-08
68750.056 6.193594270821123e-08
68800.056 6.406441194095633e-08
68850.056 4.692199336837449e-08
68900.056 9.76896296660081e-08
68950.056 9.177788653164788e-08
69000.056 6.234526867598925e-08
69050.056 4.4281198917986033e-08
69100.056 9.570512586097717e-08
69150.056 1.0094972519804224e-07
69200.056 6.779856570402057e-08
69250.056 9.134312225398324e-08
69300.056 8.177317835560239e-08
69350.056 8.545596097498759e-08
69400.056 4.709792284839173e-08
69450.056 8.377155916400323e-08
69500.056 7.392112125497925e-08
69550.056 6.765945979601103e-08
69600.056 2.786285396960271e-08
69650.056 5.80135883130319e-08
69700.056 7.875848714598798e-08
69750.056 5.434332866660747e-08
69800.056 6.600456574299107e-08
69850.056 7.61841296020534e-08
69900.056 7.222162020799035e-08
69950.056 6.858142665901564e-08
70000.056 5.613353701198936e-08
70050.056 9.229318944104836e-08
70100.056 6.13525390896215e-08
70150.056 5.867166807800548e-08
70200.056 5.406850194380424e-08
70250.056 6.092501156418517e-08
70300.056 8.016885468798886e-08
70350.056 7.245998038748607e-08
70400.056 5.716287152600569e-08
70450.056 2.921186512320549e-08
70500.056 5.084031299221887e-08
70550.056 4.3975639901790746e-08
70600.056 4.2894825728499436e-08
70650.056 6.082497596800194e-08
70700.056 5.706975074630086e-08
70750.056 8.048020044706232e-08
70800.056 5.707847358700025e-08
70850.056 4.716495310500054e-08
70900.056 7.446134784839124e-08
70950.056 7.506905143121375e-08
71000.056 5.883208029996709e-08
71050.056 6.89909222040124e-08
71100.056 4.567482078702408e-08
71150.056 4.6048310230979515e-08
71200.056 5.6683067086019574e-08
71250.056 7.013138477200864e-08
71300.056 5.776908474848406e-08
71350.056 7.766854822151584e-08
71400.056 7.148015215495472e-08
71450.056 4.678059105900569e-08
71500.056 4.632384456198189e-08
71550.056 4.2672202211103856e-08
71600.056 5.9125053686993406e-08
71650.056 5.324023815900679e-08
71700.056 4.005498479959742e-08
71750.056 4.764786123299359e-08
71800.056 6.474116350219863e-08
71850.056 5.7853885428981315e-08
71900.056 5.196058478578e-08
71950.056 5.7291437604967227e-08
72000.056 5.18884472300243e-08
72050.056 4.2313642408008534e-08
72100.056 4.226754201620529e-08
72150.056 5.6072910762085965e-08
72200.056 4.314226172910793e-08
72250.056 6.660242867202663e-08
72300.056 4.3309151960719e-08
72350.056 5.5458728996396825e-08
72400.056 5.02693538100195e-08
72450.056 4.752509389896583e-08
72500.056 5.470124995203063e-08
72550.056 2.9468425042612652e-08
72600.056 5.234832974500005e-08
72650.056 5.248364994201387e-08
72700.056 4.2802315499994343e-08
72750.056 5.550832086698707e-08
72800.056 3.6477175544817775e-08
72850.056 3.739713314880815e-08
72900.056 6.045566375800538e-08
72950.056 4.341824915420853e-08
73000.056 4.495524228837105e-08
73050.056 3.4787293492019426e-08
73100.056 4.3083834394814845e-08
73150.056 5.818723855598184e-08
73200.056 3.24304559536855e-08
73250.056 4.3434222026988007e-08
73300.056 3.1309086642595696e-08
73350.056 3.365094883899338e-08
73400.056 4.6012041540990214e-08
73450.056 3.412957451899553e-08
73500.056 3.7838764411000526e-08
73550.056 4.3737152650995634e-08
73600.056 3.82802486909749e-08
73650.056 4.195088549940225e-08
73700.056 3.47611189619805e-08
73750.056 2.9726713409180454e-08
73800.056 3.915056092882144e-08
73850.056 4.2220968001972165e-08
73900.056 4.029996678179283e-08
73950.056 4.0326758973027586e-08
74000.056 2.9151612174996266e-08
74050.056 5.4142877446026316e-08
74100.056 4.744283037387228e-08
74150.056 4.473629101398501e-08
74200.056 3.0857939401380625e-08
74250.056 2.5399501065998897e-08
74300.056 3.700983534339249e-08
74350.056 4.5760511793018935e-08
74400.056 4.824723852799981e-08
74450.056 3.3229336009988914e-08
74500.056 3.243852189519741e-08
74550.056 3.9938532672013124e-08
74600.056 2.819519559051159e-08
74650.056 3.189461698121497e-08
74700.056 3.5736172620613826e-08
74750.056 2.856924692358835e-08
74800.056 3.605191217050489e-08
74850.056 4.9802727028013075e-08
74900.056 5.452203837797136e-08
74950.056 3.8133580517990526e-08
75000.056 4.240325648500544e-08
75050.056 2.877554101650495e-08
75100.056 5.579228659732592e-08
75150.056 5.723931336200981e-08
75200.056 5.0912217443991397e-08
75250.056 5.734544972799083e-08
75300.056 5.412860126900521e-08
75350.056 3.4074849510996376e-08
75400.056 6.524295386100106e-08
75450.056 5.878749206001298e-08
75500.056 4.7574974250611776e-08
75550.056 4.377488885650778e-08
75600.056 6.606165481701675e-08
75650.056 4.889525961499724e-08
75700.056 5.9202616464973404e-08
75750.056 5.226102196256085e-08
75800.056 5.1598720155979934e-08
75850.056 6.21998162230461e-08
75900.056 5.969296865099278e-08
75950.056 4.945707749498638e-08
76000.056 5.8977284606967945e-08
76050.056 5.807239852197908e-08
76100.056 5.634330478558742e-08
76150.056 6.430502296397759e-08
76200.056 5.126694078102763e-08
76250.056 5.920105499098675e-08
76300.056 7.103429491097494e-08
76350.056 8.694654861703193e-08
76400.056 7.103957408603054e-08
76450.056 7.26860104790185e-08
76500.056 6.421769510500596e-08
76550.056 4.235118907579055e-08
76600.056 1.998291570729858e-08
76650.056 2.495134964099919e-08
76700.056 2.4229162093197282e-08
76750.056 2.5825293416407973e-08
76800.056 3.556036618530255e-08
76850.056 3.0979109869622006e-08
76900.056 3.155710220228991e-08
76950.056 2.4416015027002024e-08
77000.056 3.066244845759241e-08
77050.056 2.2537991233992425e-08
77100.056 3.001557359640167e-08
77150.056 3.409133199079459e-08
77200.056 2.560338840799445e-08
77250.056 3.2439013174002204e-08
77300.056 3.4774740616993644e-08
77350.056 2.746088615779018e-08
77400.056 2.7615036660001575e-08
77450.056 3.244679366709639e-08
77500.056 3.4096830840695364e-08
77550.056 3.522391176780905e-08
77600.056 3.071185855699974e-08
77650.056 3.568140729000867e-08
77700.056 3.717828500097014e-08
77750.056 3.491358122101e-08
77800.056 4.032975190500725e-08
77850.056 4.8872617839005686e-08
77900.056 3.542693740098908e-08
77950.056 3.6971585837003646e-08
78000.056 3.986160003000312e-08
78050.056 2.996026478100131e-08
78100.056 3.665762809001033e-08
78150.056 4.068124160012443e-08
78200.056 5.329090550498402e-08
78250.056 4.413092176101512e-08
78300.056 3.907332865198879e-08
78350.056 4.397034885201848e-08
78400.056 4.7197950092586936e-08
78450.056 4.22987753810197e-08
78500.056 6.095611807299772e-08
78550.056 5.174256231898269e-08
78600.056 5.7072987403998906e-08
78650.056 4.1309769720003846e-08
78700.056 4.5239885735010544e-08
78750.056 4.762798964000805e-08
78800.056 4.7083102670985313e-08
78850.056 3.964634205218791e-08
78900.056 4.8242935817019354e-08
78950.056 5.25436865799988e-08
79000.056 4.9630689359002354e-08
79050.056 4.1408082241003296e-08
79100.056 5.139280789799892e-08
79150.056 4.446914971322333e-08
79200.056 4.992600349600069e-08
79250.056 4.198811291000769e-08
79300.056 5.168828634798575e-08
79350.056 5.657560958100177e-08
79400.056 4.0474191503613405e-08
79450.056 4.969444405499919e-08
79500.056 6.286492793599556e-08
79550.056 6.379140847103362e-08
79600.056 5.359033513701065e-08
79650.056 6.054259339298456e-08
79700.056 5.3318955175002875e-08
79750.056 5.2329600228004975e-08
79800.056 4.258778618603705e-08
79850.056 6.382380425501004e-08
79900.056 6.80314550849968e-08
79950.056 8.218097786099925e-08
