# %ECSV 1.0
# ---
# datatype:
# - {name: wav, unit: Angstrom, datatype: float64}
# - {name: flux_nu, unit: erg / (cm2 Hz s), datatype: float64}
# schema: astropy-2.0
wav flux_nu
10000.300009000362 nan
10050.300009000362 1.9044159469804146e-07
10100.300009000362 2.2887640558449864e-07
10150.300009000362 2.401141476680382e-07
10200.300009000362 2.6813800011323053e-07
10250.300009000362 2.85768207644265e-07
10300.300009000362 2.8716941888173425e-07
10350.300009000362 3.317635499980864e-07
10400.300009000362 3.6820700184809196e-07
10450.300009000362 3.6732626444492364e-07
10500.300009000362 3.4225148517531234e-07
10550.300009000362 3.362536159528128e-07
10600.300009000362 3.472885829966788e-07
10650.300009000362 3.883168948970979e-07
10700.300009000362 4.130807616805693e-07
10750.300009000362 4.4421328873546843e-07
10800.300009000362 4.6321193975809557e-07
10850.300009000362 5.028303728868324e-07
10900.300009000362 4.117273100389028e-07
10950.300009000362 2.8261781314545925e-07
11000.300009000362 2.5931880999056775e-07
11050.300009000362 2.2026986722800258e-07
11100.300009000362 2.0716412566471463e-07
11150.300009000362 1.7276010731415513e-07
11200.300009000362 1.7025058361910215e-07
11250.300009000362 2.0343542805650465e-07
11300.300009000362 1.9599649929948384e-07
11350.300009000362 1.186943987814937e-07
11400.300009000362 1.9491128882892466e-07
11450.300009000362 1.5779888504890162e-07
11500.300009000362 1.9830713980813916e-07
11550.300009000362 1.681140620258652e-07
11600.300009000362 1.753234146120486e-07
11650.300009000362 1.8448910829185555e-07
11700.300009000362 2.0161927450076746e-07
11750.300009000362 1.9045301798845772e-07
11800.300009000362 2.200152285961519e-07
11850.300009000362 2.592218101013928e-07
11900.300009000362 2.640933536306897e-07
11950.300009000362 3.362596182441688e-07
12000.300009000362 3.4247050593817343e-07
12050.300009000362 3.961969179684781e-07
12100.300009000362 4.3192313528662225e-07
12150.300009000362 4.5214071153853143e-07
12200.300009000362 5.143816065766647e-07
12250.300009000362 5.687227340221276e-07
12300.300009000362 5.98033214416897e-07
12350.300009000362 6.327553270019906e-07
12400.300009000362 6.50357735157302e-07
12450.300009000362 7.263449795117541e-07
12500.300009000362 7.714273042827306e-07
12550.300009000362 8.053970292304765e-07
12600.300009000362 8.080322253530543e-07
12650.300009000362 8.103265174163214e-07
12700.300009000362 8.611785288974491e-07
12750.300009000362 8.190654691203153e-07
12800.300009000362 8.447987654021616e-07
12850.300009000362 7.847659518364468e-07
12900.300009000362 7.22642647721438e-07
12950.300009000362 7.771832867278103e-07
13000.300009000362 7.681678374217156e-07
13050.300009000362 7.531386956160684e-07
13100.300009000362 6.914749250220843e-07
13150.300009000362 6.277922071371523e-07
13200.300009000362 6.05996609614022e-07
13250.300009000362 5.067647466509118e-07
13300.300009000362 3.031408712360232e-07
13350.300009000362 1.264452716794049e-07
13400.300009000362 7.578298416403586e-08
13450.300009000362 4.8514511221107794e-08
13500.300009000362 3.1334473269371264e-08
13550.300009000362 2.8559698486532418e-08
13600.300009000362 2.1079545171886998e-08
13650.300009000362 4.234597861037437e-08
13700.300009000362 3.677175566342389e-08
13750.300009000362 3.645764107585442e-08
13800.300009000362 5.147740901934326e-08
13850.300009000362 4.046475342788888e-08
13900.300009000362 4.253300830463892e-08
13950.300009000362 3.832737545157006e-08
14000.300009000362 3.3478252127242445e-08
14050.300009000362 4.0000238564742294e-08
14100.300009000362 3.035828687319984e-08
14150.300009000362 3.715381970668367e-08
14200.300009000362 3.211169804758014e-08
14250.300009000362 3.057507338390732e-08
14300.300009000362 3.89624137396712e-08
14350.300009000362 3.775763982779457e-08
14400.300009000362 4.5784675496088465e-08
14450.300009000362 4.620135601644903e-08
14500.300009000362 7.450126094754831e-08
14550.300009000362 7.42277068789996e-08
14600.300009000362 8.905654441563425e-08
14650.300009000362 9.833821453431536e-08
14700.300009000362 7.263017389929697e-08
14750.300009000362 9.36419985996814e-08
14800.300009000362 1.1126123767964562e-07
14850.300009000362 1.1178288011387535e-07
14900.300009000362 1.2391944080372015e-07
14950.300009000362 1.3300268516074895e-07
15000.300009000362 1.3612585126355438e-07
15050.300009000362 1.7307882744440358e-07
15100.300009000362 1.8669362225728207e-07
15150.300009000362 2.0398670642173676e-07
15200.300009000362 1.786848833426219e-07
15250.300009000362 2.0945336692199477e-07
15300.300009000362 2.403739202252838e-07
15350.300009000362 2.764030401750764e-07
15400.300009000362 2.9761246274701944e-07
15450.300009000362 3.4182903357125884e-07
15500.300009000362 3.5801745139369794e-07
15550.300009000362 3.984084838894975e-07
15600.300009000362 4.1185665357810297e-07
15650.300009000362 4.2589322492055584e-07
15700.300009000362 5.044768969633938e-07
15750.300009000362 5.412461855830314e-07
15800.300009000362 5.218639602466169e-07
15850.300009000362 5.83332323639743e-07
15900.300009000362 5.865716462883103e-07
15950.300009000362 6.103600829274338e-07
16000.300009000362 6.728698216001499e-07
16050.300009000362 7.014091844614448e-07
16100.300009000362 7.37339479677943e-07
16150.300009000362 6.814280904460404e-07
16200.300009000362 6.872904173662459e-07
16250.300009000362 7.189570427665077e-07
16300.300009000362 7.141875340759092e-07
16350.300009000362 7.473609369450555e-07
16400.300009000362 7.805150906974208e-07
16450.300009000362 7.778694973552025e-07
16500.300009000362 7.975242663081343e-07
16550.300009000362 7.839367641220528e-07
16600.300009000362 7.441320436185146e-07
16650.300009000362 7.700915260891672e-07
16700.300009000362 6.807817784090518e-07
16750.300009000362 7.29321194009562e-07
16800.300009000362 8.014946360516373e-07
16850.300009000362 7.636608952812037e-07
16900.300009000362 7.604756787539352e-07
16950.300009000362 6.934974436974089e-07
17000.300009000362 6.758932527769268e-07
17050.300009000362 6.88617544605054e-07
17100.300009000362 6.462026530155218e-07
17150.300009000362 5.579060138294676e-07
17200.300009000362 5.205213082980588e-07
17250.300009000362 4.6716171239558617e-07
17300.300009000362 4.2724967699179136e-07
17350.300009000362 4.142218566297379e-07
17400.300009000362 3.805038003984416e-07
17450.300009000362 3.561095040433773e-07
17500.300009000362 3.45870778507705e-07
17550.300009000362 2.9912112183509125e-07
17600.300009000362 2.9835697523536374e-07
17650.300009000362 2.8635295709580853e-07
17700.300009000362 1.8955981773960641e-07
17750.300009000362 1.7522049385837545e-07
17800.300009000362 2.0824751040542205e-07
17850.300009000362 1.3629884748757315e-07
17900.300009000362 1.631604447568398e-07
17950.300009000362 1.3221017948148e-07
18000.300009000362 1.3168322898286186e-07
18050.300009000362 1.2199872668497875e-07
18100.300009000362 1.0352658646806731e-07
18150.300009000362 1.4604640305015064e-07
18200.300009000362 9.361372164015322e-08
18250.300009000362 1.645843803227039e-07
18300.300009000362 1.1698978493425339e-07
18350.300009000362 1.0699239795862053e-07
18400.300009000362 9.694724409700441e-08
18450.300009000362 9.614376942110537e-08
18500.300009000362 1.1337248855985282e-07
18550.300009000362 8.532114253545245e-08
18600.300009000362 6.81433402880238e-08
18650.300009000362 7.042562641411938e-08
18700.300009000362 7.825529894485479e-08
18750.300009000362 7.778391826847082e-08
18800.300009000362 1.1861443348836245e-07
18850.300009000362 1.4553310568393156e-07
18900.300009000362 1.3551863197449594e-07
18950.300009000362 1.7359828861596784e-07
19000.300009000362 1.4619724515941892e-07
19050.300009000362 1.2357865098344196e-07
19100.300009000362 1.6671965026451542e-07
19150.300009000362 1.5677298453452363e-07
19200.300009000362 1.5331092504009627e-07
19250.300009000362 1.4678829134637933e-07
19300.300009000362 1.3546380595914576e-07
19350.300009000362 1.1996222438097646e-07
19400.300009000362 8.367570272933903e-08
19450.300009000362 1.3476775091528874e-07
19500.300009000362 1.2086713171066627e-07
19550.300009000362 9.95252256835666e-08
19600.300009000362 1.315426012529497e-07
19650.300009000362 1.3822118114967601e-07
19700.300009000362 1.4077350391297866e-07
19750.300009000362 1.333128974624605e-07
19800.300009000362 1.5611754283081235e-07
19850.300009000362 1.7037892846329303e-07
19900.300009000362 1.2546537124263768e-07
19950.300009000362 1.9188887050921618e-07
20000.300009000362 1.928618725673984e-07
20050.300009000362 2.0532672620332254e-07
20100.300009000362 2.1553530731939543e-07
20150.300009000362 2.045686607506439e-07
20200.300009000362 2.448329173834425e-07
20250.300009000362 2.72609142966014e-07
20300.300009000362 2.439560889593013e-07
20350.300009000362 2.730840333890207e-07
20400.300009000362 2.7235496734334956e-07
20450.300009000362 3.332915428291077e-07
20500.300009000362 3.3077116501710687e-07
20550.300009000362 3.1609029187061187e-07
20600.300009000362 3.8273997426654884e-07
20650.300009000362 3.4943681812336864e-07
20700.300009000362 3.6752745699007944e-07
20750.300009000362 4.2234883864800184e-07
20800.300009000362 4.1897537148993175e-07
20850.300009000362 4.140469998044237e-07
20900.300009000362 4.4567598155462784e-07
20950.300009000362 4.254569926104635e-07
21000.300009000362 4.678165943655068e-07
21050.300009000362 4.493940898524348e-07
21100.300009000362 4.6861355531765386e-07
21150.300009000362 4.6528623703790204e-07
21200.300009000362 4.5205690578053306e-07
21250.300009000362 4.7643827986006254e-07
21300.300009000362 4.437140464685973e-07
21350.300009000362 4.849920236949109e-07
21400.300009000362 4.3315096655161014e-07
21450.300009000362 4.852203274594619e-07
21500.300009000362 4.642186885355375e-07
21550.300009000362 4.5607028716182873e-07
21600.300009000362 4.640772237984161e-07
21650.300009000362 4.2701811322269063e-07
21700.300009000362 4.7099742639378e-07
21750.300009000362 4.342019691767423e-07
21800.300009000362 4.2307309990336155e-07
21850.300009000362 4.084572291938774e-07
21900.300009000362 4.1747206824410063e-07
21950.300009000362 3.397831258848778e-07
22000.300009000362 3.064652234534731e-07
22050.300009000362 2.854607846331469e-07
22100.300009000362 3.240220190449711e-07
22150.300009000362 3.2726765116001225e-07
22200.300009000362 3.280828486823969e-07
22250.300009000362 3.1492724184020875e-07
22300.300009000362 3.1317228735287957e-07
22350.300009000362 3.0600030103771816e-07
22400.300009000362 3.085194113702641e-07
22450.300009000362 2.575630299555992e-07
22500.300009000362 2.857270829936251e-07
22550.300009000362 2.5960199677356153e-07
22600.300009000362 2.759211244565279e-07
22650.300009000362 2.447300255296022e-07
22700.300009000362 2.3881793413615863e-07
22750.300009000362 2.693007657816526e-07
22800.300009000362 2.50895221712623e-07
22850.300009000362 2.3280906926549926e-07
22900.300009000362 2.312550218219827e-07
22950.300009000362 1.8085823617498475e-07
23000.300009000362 1.5121070112230363e-07
23050.300009000362 1.7960763711795586e-07
23100.300009000362 1.8734319413907148e-07
23150.300009000362 1.817455996513036e-07
23200.300009000362 1.5785776291002196e-07
23250.300009000362 1.4871250322100399e-07
23300.300009000362 1.4821947747096567e-07
23350.300009000362 1.4009946368254211e-07
23400.300009000362 1.60577322122133e-07
23450.300009000362 1.5303136684782957e-07
23500.300009000362 1.5329440093173234e-07
23550.300009000362 1.8097343519079304e-07
23600.300009000362 1.7233556902095934e-07
23650.300009000362 1.86066561640321e-07
23700.300009000362 1.574385095674189e-07
23750.300009000362 1.5829437957341597e-07
23800.300009000362 1.5271198804954116e-07
23850.300009000362 1.4910868550715808e-07
23900.300009000362 1.8515119258828238e-07
23950.300009000362 1.782899427973995e-07
24000.300009000362 2.261088967970173e-07
24050.300009000362 1.969703656929978e-07
24100.300009000362 1.798255560023478e-07
24150.300009000362 1.8905202836227725e-07
24200.300009000362 1.9444881143414782e-07
24250.300009000362 2.1078550796717616e-07
24300.300009000362 1.7927004628218249e-07
24350.300009000362 1.7930525859370356e-07
24400.300009000362 2.2085556320924623e-07
24450.300009000362 1.787916393008804e-07
24500.300009000362 1.9202098722407984e-07
24550.300009000362 1.6456844914446696e-07
24600.300009000362 1.8336665683838133e-07
24650.300009000362 1.9641111271408835e-07
24700.300009000362 1.490206478516218e-07
24750.300009000362 1.3911240216998825e-07
24800.300009000362 1.3933562998231136e-07
24850.300009000362 1.770196075936638e-07
24900.300009000362 9.222595734868366e-08
24950.300009000362 1.5875479888921675e-07
25000.300009000362 1.3934624249929939e-07
25050.300009000362 1.0257116061174863e-07
25100.300009000362 1.2823287753139182e-07
25150.300009000362 8.49298859799033e-08
25200.300009000362 1.0631025186689715e-07
25250.300009000362 7.436432684857548e-08
25300.300009000362 1.0775886337686653e-07
25350.300009000362 5.6380307393961537e-08
25400.300009000362 9.408817894832068e-08
25450.300009000362 6.788023189363363e-08
25500.300009000362 6.386528414567333e-08
25550.300009000362 8.333648586167829e-08
25600.300009000362 6.852077263528764e-08
25650.300009000362 5.419506265502497e-08
25700.300009000362 9.73865450515329e-08
25750.300009000362 5.1781658552441496e-08
25800.300009000362 1.0042188195424667e-07
25850.300009000362 5.362156988912897e-08
25900.300009000362 7.775396600992407e-08
25950.300009000362 5.042495782198886e-08
26000.300009000362 8.926251336650802e-08
26050.300009000362 7.555940760636251e-08
26100.300009000362 1.0414583141855207e-07
26150.300009000362 9.040913819719393e-08
26200.300009000362 1.001117402409745e-07
26250.300009000362 1.0771185846251989e-07
26300.300009000362 9.197189971806686e-08
26350.300009000362 1.2141941611723136e-07
26400.300009000362 1.460095712534013e-07
26450.300009000362 1.3065819428488875e-07
26500.300009000362 1.158329873725758e-07
26550.300009000362 1.0337227621547982e-07
26600.300009000362 1.2648537265604524e-07
26650.300009000362 6.646686408784225e-08
26700.300009000362 5.227135888102905e-08
26750.300009000362 4.432907202232005e-08
26800.300009000362 6.325640094392854e-08
26850.300009000362 4.195589260339696e-08
26900.300009000362 7.596024425869474e-08
26950.300009000362 4.0600011217967875e-08
27000.300009000362 8.950497686072564e-08
27050.300009000362 7.604933650833516e-08
27100.300009000362 6.280284054880675e-08
27150.300009000362 1.0220143585039819e-07
27200.300009000362 6.292153046955691e-08
27250.300009000362 7.459888701000864e-08
27300.300009000362 1.3575506531002852e-07
27350.300009000362 1.0230823640632767e-07
27400.300009000362 4.191804214835794e-08
27450.300009000362 1.334448853458909e-07
27500.300009000362 1.1809456670635593e-07
27550.300009000362 8.04820708959469e-08
27600.300009000362 1.329838926649468e-07
27650.300009000362 6.562180472569484e-08
27700.300009000362 5.134683250276975e-08
27750.300009000362 1.2365695283366334e-07
27800.300009000362 6.704960264368021e-08
27850.300009000362 7.634504822407592e-08
27900.300009000362 9.619904436673165e-08
27950.300009000362 9.197448140279815e-08
28000.300009000362 1.1084100843897714e-07
28050.300009000362 5.6144270909241915e-08
28100.300009000362 1.317736980404904e-07
28150.300009000362 1.0732362537762623e-07
28200.300009000362 5.035933254051083e-08
28250.300009000362 1.3015651637216747e-07
28300.300009000362 1.7831796881882128e-07
28350.300009000362 5.737859226264627e-08
28400.300009000362 1.2585576411247833e-07
28450.300009000362 1.2164763961177428e-07
28500.300009000362 1.1486999643840733e-07
28550.300009000362 5.366513081303937e-08
28600.300009000362 1.358205644417088e-07
28650.300009000362 1.3330608256541251e-07
28700.300009000362 1.085931878549514e-07
28750.300009000362 1.5288176845244359e-07
28800.300009000362 1.2260604377609418e-07
28850.300009000362 1.7762370728006946e-07
28900.300009000362 7.871630988974759e-08
28950.300009000362 1.659447152661626e-07
29000.300009000362 1.1029086687720688e-07
29050.300009000362 1.3581538724042472e-07
29100.300009000362 8.847109893063818e-08
29150.300009000362 1.6790574985360363e-07
29200.300009000362 1.224655242217767e-07
29250.300009000362 1.7345976238777e-07
29300.300009000362 1.0446250141596487e-07
29350.300009000362 2.7679761970393397e-07
29400.300009000362 1.7875536194751498e-07
29450.300009000362 1.689642591537083e-07
29500.300009000362 1.7256076356452908e-07
29550.300009000362 1.5120924723607738e-07
29600.300009000362 2.1978197910703239e-07
29650.300009000362 1.6654892005773577e-07
29700.300009000362 1.6775115590203793e-07
29750.300009000362 1.9024880933696283e-07
29800.300009000362 2.4878526901866965e-07
29850.300009000362 2.4030316643405134e-07
29900.300009000362 1.9896599034806172e-07
29950.300009000362 1.9118137985702772e-07
30000.300009000362 2.2632307078921207e-07
30050.300009000362 1.8603300531047487e-07
30100.300009000362 2.0119967737147982e-07
30150.300009000362 2.57254126376987e-07
30200.300009000362 2.1334765406308543e-07
30250.300009000362 2.843422702803726e-07
30300.300009000362 2.4197247017034733e-07
30350.300009000362 1.9725150732969816e-07
30400.300009000362 2.8360017521963784e-07
30450.300009000362 2.3217511818221863e-07
30500.300009000362 2.2563616103181453e-07
30550.300009000362 3.0021282671543393e-07
30600.300009000362 2.984645628818395e-07
30650.300009000362 3.1788864578508774e-07
30700.300009000362 2.802347604426741e-07
30750.300009000362 2.59315592627992e-07
30800.300009000362 2.557017169968266e-07
30850.300009000362 2.763867599021094e-07
30900.300009000362 2.7675770972541214e-07
30950.300009000362 1.7762066846497078e-07
31000.300009000362 2.8047170320835243e-07
31050.300009000362 2.639925791775887e-07
31100.300009000362 1.9469222063001544e-07
31150.300009000362 2.5181947742556396e-07
31200.300009000362 2.3548179558383846e-07
31250.300009000362 2.4561167609195853e-07
31300.300009000362 2.4722561824408214e-07
31350.300009000362 2.18838162483211e-07
31400.300009000362 1.7189083585201906e-07
31450.300009000362 2.22081189365028e-07
31500.300009000362 2.1467635026683707e-07
31550.300009000362 2.334630183585285e-07
31600.300009000362 1.8474155006112397e-07
31650.300009000362 2.1745728669292077e-07
31700.300009000362 1.9996000912121068e-07
31750.300009000362 1.7716835413970093e-07
31800.300009000362 2.0618540000879605e-07
31850.300009000362 1.9151971925563703e-07
31900.300009000362 1.6192644234722258e-07
31950.300009000362 1.8361097970848593e-07
32000.300009000362 1.6297569373589724e-07
32050.300009000362 1.6052479578528347e-07
32100.300009000362 1.3688566007133223e-07
32150.300009000362 1.8923208063699007e-07
32200.300009000362 1.6654683271524904e-07
32250.300009000362 1.6475565715082374e-07
32300.300009000362 1.4257060741970545e-07
32350.300009000362 2.5525859582379837e-07
32400.300009000362 1.884171740523081e-07
32450.300009000362 2.3467128479971546e-07
32500.300009000362 1.9750697155752434e-07
32550.300009000362 2.547087696418096e-07
32600.300009000362 2.7999826026696007e-07
32650.300009000362 2.953499131606826e-07
32700.300009000362 2.2160526273981285e-07
32750.300009000362 3.296507474489246e-07
32800.30000900036 2.1565598855067657e-07
32850.30000900036 2.934294586661345e-07
32900.30000900036 3.670592487318334e-07
32950.30000900036 3.0302733488022626e-07
33000.30000900036 3.005722158590161e-07
33050.30000900036 2.9060993820348026e-07
33100.30000900036 2.1075506535683394e-07
33150.30000900036 9.154199044736601e-08
33200.30000900036 8.004667741127752e-08
33250.30000900036 4.4205537868169874e-08
33300.30000900036 4.331421152700079e-08
33350.30000900036 7.10740516864198e-08
33400.30000900036 9.193751828869719e-08
33450.30000900036 1.1558707036980082e-07
33500.30000900036 1.4742758018189064e-07
33550.30000900036 1.5271227910116668e-07
33600.30000900036 2.00943940134672e-07
33650.30000900036 2.359063136482524e-07
33700.30000900036 2.1954949798162273e-07
33750.30000900036 2.7194042360545914e-07
33800.30000900036 2.430562271907012e-07
33850.30000900036 2.994743421204997e-07
33900.30000900036 2.749808280214122e-07
33950.30000900036 2.8644572657663344e-07
34000.30000900036 2.632095384275371e-07
34050.30000900036 1.900585187299484e-07
34100.30000900036 2.6153051691181165e-07
34150.30000900036 2.308820178479204e-07
34200.30000900036 2.813294031042195e-07
34250.30000900036 2.581242906880645e-07
34300.30000900036 1.7894285355832194e-07
34350.30000900036 2.0668870521670022e-07
34400.30000900036 2.4219871544253235e-07
34450.30000900036 2.804018589460482e-07
34500.30000900036 2.950264921803816e-07
34550.30000900036 1.8886814165661407e-07
34600.30000900036 3.2155548186402257e-07
34650.30000900036 2.3875556789330166e-07
34700.30000900036 2.5210575312946597e-07
34750.30000900036 2.4259915801330083e-07
34800.30000900036 1.8079232750833347e-07
34850.30000900036 2.5439211867872427e-07
34900.30000900036 2.994106667291217e-07
34950.30000900036 2.278439913858925e-07
35000.30000900036 3.3250975270165303e-07
35050.30000900036 2.762895522464713e-07
35100.30000900036 3.0974062375605785e-07
35150.30000900036 2.8799618505409525e-07
35200.30000900036 3.7861927057851936e-07
35250.30000900036 3.8541032213743767e-07
35300.30000900036 2.634925935237628e-07
35350.30000900036 3.915656327088782e-07
35400.30000900036 3.4045611335902884e-07
35450.30000900036 3.0464732162837906e-07
35500.30000900036 4.6431521836267223e-07
35550.30000900036 4.193652368707676e-07
35600.30000900036 4.1964678372373847e-07
35650.30000900036 4.3632236472375893e-07
35700.30000900036 3.2264682845689553e-07
35750.30000900036 4.2827536305346507e-07
35800.30000900036 4.777041396677224e-07
35850.30000900036 3.690011899638031e-07
35900.30000900036 5.133663199049032e-07
35950.30000900036 4.7831759540616e-07
36000.30000900036 4.3849243893312687e-07
36050.30000900036 5.381038044041943e-07
36100.30000900036 4.981128252744055e-07
36150.30000900036 5.585056773665189e-07
36200.30000900036 5.84698437142364e-07
36250.30000900036 5.245111781616701e-07
36300.30000900036 6.391822376741554e-07
36350.30000900036 6.154374187740152e-07
36400.30000900036 6.857792585298601e-07
36450.30000900036 6.997792625666092e-07
36500.30000900036 6.55731608073626e-07
36550.30000900036 6.416573454872961e-07
36600.30000900036 6.729668991287805e-07
36650.30000900036 7.403002306103856e-07
36700.30000900036 8.316130610212165e-07
36750.30000900036 8.323793481435015e-07
36800.30000900036 8.008130154221226e-07
36850.30000900036 7.894407075483955e-07
36900.30000900036 7.774396100332513e-07
36950.30000900036 8.413128334261259e-07
37000.30000900036 8.218882192861278e-07
37050.30000900036 8.869298953221299e-07
37100.30000900036 8.806967505952682e-07
37150.30000900036 9.516176266470875e-07
37200.30000900036 9.754598933555149e-07
37250.30000900036 8.878551045038799e-07
37300.30000900036 9.023476616394462e-07
37350.30000900036 7.884177844844256e-07
37400.30000900036 1.0107369370129596e-06
37450.30000900036 9.170414792120099e-07
37500.30000900036 9.350423827230713e-07
37550.30000900036 1.0038160456913365e-06
37600.30000900036 1.1219053482774157e-06
37650.30000900036 9.96129413858026e-07
37700.30000900036 1.1034339961905038e-06
37750.30000900036 1.004969195700499e-06
37800.30000900036 1.132639109586704e-06
37850.30000900036 9.563771330210416e-07
37900.30000900036 1.1262854610254065e-06
37950.30000900036 1.2006863737592712e-06
38000.30000900036 1.1719711356481066e-06
38050.30000900036 1.1070818019725483e-06
38100.30000900036 1.174715078307335e-06
38150.30000900036 1.1741199443241555e-06
38200.30000900036 1.2721488014172816e-06
38250.30000900036 1.09247200892134e-06
38300.30000900036 1.0927234712754956e-06
38350.30000900036 1.2342206254074846e-06
38400.30000900036 1.0585303441082776e-06
38450.30000900036 1.3066787119410465e-06
38500.30000900036 1.2164909387738365e-06
38550.30000900036 1.1908545663410094e-06
38600.30000900036 1.3275293503179844e-06
38650.30000900036 1.327739568107706e-06
38700.30000900036 1.3389331970017074e-06
38750.30000900036 1.2651410098339494e-06
38800.30000900036 1.3449327328479293e-06
38850.30000900036 1.2913653920123363e-06
38900.30000900036 1.235071257212229e-06
38950.30000900036 1.2732913571077539e-06
39000.30000900036 1.3488377095740018e-06
39050.30000900036 1.413281570875459e-06
39100.30000900036 1.1592122787933869e-06
39150.30000900036 1.4045618230455195e-06
39200.30000900036 1.2995239961496743e-06
39250.30000900036 1.3430621707211061e-06
39300.30000900036 1.3796566890128281e-06
39350.30000900036 1.359067018414907e-06
39400.30000900036 1.4423924205609423e-06
39450.30000900036 1.4431834478524455e-06
39500.30000900036 1.243564397562956e-06
39550.30000900036 1.3422633202761846e-06
39600.30000900036 1.4292848014548654e-06
39650.30000900036 1.30653418574667e-06
39700.30000900036 1.3487814258818352e-06
39750.30000900036 1.3780607158782704e-06
39800.30000900036 1.3288427891353273e-06
39850.30000900036 1.2902048718862446e-06
39900.30000900036 1.3167944802001985e-06
39950.30000900036 1.361095595456545e-06
40000.30000900036 1.1822838854124339e-06
40050.30000900036 1.3656295983496106e-06
40100.30000900036 1.4377497832134217e-06
40150.30000900036 1.4075242866830068e-06
40200.30000900036 1.4963385066278097e-06
40250.30000900036 1.133798705755812e-06
40300.30000900036 1.2538080065895745e-06
40350.30000900036 1.3104221390956617e-06
40400.30000900036 1.3725914097788646e-06
40450.30000900036 1.2815074611257287e-06
40500.30000900036 1.075440484974581e-06
40550.30000900036 1.3720713619588023e-06
40600.30000900036 1.0407190967120052e-06
40650.30000900036 1.4027995783821236e-06
40700.30000900036 1.410317091851201e-06
40750.30000900036 1.1628176483983587e-06
40800.30000900036 1.1092881546778757e-06
40850.30000900036 1.17614769692133e-06
40900.30000900036 1.062903400927256e-06
40950.30000900036 1.1341654842447885e-06
41000.30000900036 1.1741270980657824e-06
41050.30000900036 1.2331526341583522e-06
41100.30000900036 1.121306998895296e-06
41150.30000900036 1.0130438809354365e-06
41200.30000900036 1.0842279675741505e-06
41250.30000900036 1.1734632622376652e-06
41300.30000900036 8.529652440851207e-07
41350.30000900036 1.1425475814330566e-06
41400.30000900036 1.11772110593991e-06
41450.30000900036 1.086120482725677e-06
41500.30000900036 1.1598199376334425e-06
41550.30000900036 1.03968204107033e-06
41600.30000900036 1.04323676336913e-06
41650.30000900036 9.629433014467438e-07
41700.30000900036 9.38748919424432e-07
41750.30000900036 7.388556719663768e-07
41800.30000900036 9.762374783153363e-07
41850.30000900036 5.543625891576645e-07
41900.30000900036 8.420762343716937e-07
41950.30000900036 7.740686855423375e-07
42000.30000900036 7.188837864200911e-07
42050.30000900036 4.915976065342334e-07
42100.30000900036 6.046765837611141e-07
42150.30000900036 4.1961665014270686e-07
42200.30000900036 5.390269949404503e-07
42250.30000900036 4.233142666405297e-07
42300.30000900036 4.7555801906716507e-07
42350.30000900036 4.382192993629751e-07
42400.30000900036 3.8500147101839047e-07
42450.30000900036 2.9319712407795986e-07
42500.30000900036 3.6368065002939306e-07
42550.30000900036 4.079377351492439e-07
42600.30000900036 4.3553104392142537e-07
42650.30000900036 4.4080519481202245e-07
42700.30000900036 3.9444748376804995e-07
42750.30000900036 4.088302016372532e-07
42800.30000900036 3.5203951045155447e-07
42850.30000900036 3.8382635217656213e-07
42900.30000900036 3.802765696754905e-07
42950.30000900036 3.4542320748701553e-07
43000.30000900036 3.8977165243169054e-07
43050.30000900036 3.083165552726944e-07
43100.30000900036 4.0085075887971327e-07
43150.30000900036 4.000099713790191e-07
43200.30000900036 4.0159506953179286e-07
43250.30000900036 2.841536690416286e-07
43300.30000900036 4.239316192264627e-07
43350.30000900036 3.9818550201872095e-07
43400.30000900036 4.6531058774742647e-07
43450.30000900036 3.0407282433377606e-07
43500.30000900036 3.0922550712373016e-07
43550.30000900036 3.005269388609127e-07
43600.30000900036 4.1346291819413576e-07
43650.30000900036 2.5720950101493515e-07
43700.30000900036 3.9848702481435565e-07
43750.30000900036 3.2878650991659083e-07
43800.30000900036 2.998895855104439e-07
43850.30000900036 3.9445799641175975e-07
43900.30000900036 2.1982406536288233e-07
43950.30000900036 3.37078369871223e-07
44000.30000900036 2.4963009918303544e-07
44050.30000900036 3.192064521414846e-07
44100.30000900036 3.2333308355802804e-07
44150.30000900036 3.646316001166474e-07
44200.30000900036 2.86932633483315e-07
44250.30000900036 2.8493848132335605e-07
44300.30000900036 2.6219222431502263e-07
44350.30000900036 2.2238542079289868e-07
44400.30000900036 2.6320734748913564e-07
44450.30000900036 2.5980989669362076e-07
44500.30000900036 2.0717474258506884e-07
44550.30000900036 2.391460768274343e-07
44600.30000900036 2.006108450918702e-07
44650.30000900036 2.3126415373274014e-07
44700.30000900036 2.1813858465847615e-07
44750.30000900036 2.3265895430892494e-07
44800.30000900036 2.213208612975845e-07
44850.30000900036 1.979204819350254e-07
44900.30000900036 1.7058254540078277e-07
44950.30000900036 1.77165798678889e-07
45000.30000900036 1.790550255465556e-07
45050.30000900036 1.882524467805001e-07
45100.30000900036 1.687940986659635e-07
45150.30000900036 1.6481194719028394e-07
45200.30000900036 1.4008337350465201e-07
45250.30000900036 1.4688370379854043e-07
45300.30000900036 1.6287604114649268e-07
45350.30000900036 1.6989024427752715e-07
45400.30000900036 1.291391295261587e-07
45450.30000900036 1.3386787411191892e-07
45500.30000900036 1.3478428084399647e-07
45550.30000900036 1.571260951015252e-07
45600.30000900036 1.2802729292390665e-07
45650.30000900036 1.3286126961232963e-07
45700.30000900036 1.660458918418747e-07
45750.30000900036 1.456645626273386e-07
45800.30000900036 1.2703704554418561e-07
45850.30000900036 1.7873578002195437e-07
45900.30000900036 1.7510639433440838e-07
45950.30000900036 1.3201850065088545e-07
46000.30000900036 1.652969594300982e-07
46050.30000900036 1.8076428629329148e-07
46100.30000900036 1.341908709420438e-07
46150.30000900036 1.7596525231193816e-07
46200.30000900036 1.6452007229037927e-07
46250.30000900036 1.0336530949736171e-07
46300.30000900036 1.916808310383748e-07
46350.30000900036 1.378770192589766e-07
46400.30000900036 1.6880646808619795e-07
46450.30000900036 2.1447791643366823e-07
46500.30000900036 1.64635779826943e-07
46550.30000900036 2.1834897573727376e-07
46600.30000900036 2.22713483874374e-07
46650.30000900036 3.237032755984099e-07
46700.30000900036 2.4785674368450875e-07
46750.30000900036 2.0819772918687666e-07
46800.30000900036 1.7462831618441506e-07
46850.30000900036 2.221123666299267e-07
46900.30000900036 1.889108566929916e-07
46950.30000900036 2.470420996404461e-07
47000.30000900036 1.6055836145061784e-07
47050.30000900036 2.63611240883611e-07
47100.30000900036 1.541873859687192e-07
47150.30000900036 1.7498500511478767e-07
47200.30000900036 2.0428802209852733e-07
47250.30000900036 1.588202690883346e-07
47300.30000900036 1.8232951247767745e-07
47350.30000900036 1.399007945865875e-07
47400.30000900036 2.2115989696700465e-07
47450.30000900036 1.4411699227771692e-07
47500.30000900036 2.3561269199672797e-07
47550.30000900036 1.4807102116368123e-07
47600.30000900036 2.2260893416671356e-07
47650.30000900036 1.506055493101403e-07
47700.30000900036 2.0983338676522417e-07
47750.30000900036 1.3177829496006329e-07
47800.30000900036 2.079695498306843e-07
47850.30000900036 1.1767951053727364e-07
47900.30000900036 2.0204983845532977e-07
47950.30000900036 1.5328639793538033e-07
48000.30000900036 2.477086859072705e-07
48050.30000900036 1.7362753100651839e-07
48100.30000900036 2.2803651011225843e-07
48150.30000900036 1.645189393782085e-07
48200.30000900036 2.3138312050109102e-07
48250.30000900036 1.84373679233647e-07
48300.30000900036 2.749575873287127e-07
48350.30000900036 1.6142050858883254e-07
48400.30000900036 2.2839527071700868e-07
48450.30000900036 1.5102720507330503e-07
48500.30000900036 2.734224230938444e-07
48550.30000900036 1.4991379884418333e-07
48600.30000900036 2.5475136024520814e-07
48650.30000900036 1.5133428305047336e-07
48700.30000900036 2.6519288413479586e-07
48750.30000900036 1.6763236988786718e-07
48800.30000900036 2.486106348030508e-07
48850.30000900036 1.9204983763000357e-07
48900.30000900036 2.754898735977067e-07
48950.30000900036 2.3390648803725817e-07
49000.30000900036 2.0946870332191727e-07
49050.30000900036 2.517581001384557e-07
49100.30000900036 1.8476915580253358e-07
49150.30000900036 2.833547381634842e-07
49200.30000900036 2.05159039440952e-07
49250.30000900036 2.8754887860138663e-07
49300.30000900036 2.2799911310280266e-07
49350.30000900036 2.472888801647558e-07
49400.30000900036 2.990976081820881e-07
49450.30000900036 2.5792904643096027e-07
49500.30000900036 2.6427597201673105e-07
49550.30000900036 1.8379006602876273e-07
49600.30000900036 2.7374618953829327e-07
49650.30000900036 2.3419893441382747e-07
49700.30000900036 2.0734401241992166e-07
49750.30000900036 3.5095348199335363e-07
49800.30000900036 2.1940339145545868e-07
49850.30000900036 3.7563706844619435e-07
49900.30000900036 2.762515667834761e-07
49950.30000900036 3.1821542893242386e-07
50000.30000900036 3.52227053657749e-07
50050.30000900036 3.072272644506704e-07
50100.30000900036 4.259411870928322e-07
50150.30000900036 2.2491839340328125e-07
50200.30000900036 1.8371295098039122e-07
50250.30000900036 3.642118650704426e-07
50300.30000900036 2.6021881079518956e-07
50350.30000900036 3.376809249507757e-07
50400.30000900036 3.114364990043987e-07
50450.30000900036 3.1593053762203885e-07
50500.30000900036 3.7286082744608837e-07
50550.30000900036 3.2539546117281774e-07
50600.30000900036 3.8278778148719387e-07
50650.30000900036 3.305148493096428e-07
50700.30000900036 4.2886856084872227e-07
50750.30000900036 4.463840761165862e-07
50800.30000900036 2.389400781275278e-07
50850.30000900036 3.2572044172079724e-07
50900.30000900036 4.127525705561859e-07
50950.30000900036 4.733986377203412e-07
51000.30000900036 4.1625331091191676e-07
51050.30000900036 3.5342116665010117e-07
51100.30000900036 2.8081139334513343e-07
51150.30000900036 3.2218341412982044e-07
51200.30000900036 4.287465282958143e-07
51250.30000900036 4.367213632200751e-07
51300.30000900036 2.8094726628812283e-07
51350.30000900036 3.795070775891646e-07
51400.30000900036 3.4109711598096915e-07
51450.30000900036 2.8264040680014257e-07
51500.30000900036 2.645300586188771e-07
51550.30000900036 4.4032756379589606e-07
51600.30000900036 2.90008770972356e-07
51650.30000900036 4.136748563925278e-07
51700.30000900036 4.0931266167559504e-07
51750.30000900036 2.893014174247568e-07
51800.30000900036 5.212585820754482e-07
51850.30000900036 3.8008932692980464e-07
51900.30000900036 5.03388285090613e-07
51950.30000900036 4.4377663618196295e-07
52000.30000900036 2.0637922763641214e-07
52050.30000900036 3.1507020338260433e-07
52100.30000900036 3.1923422799275715e-07
52150.30000900036 2.7513499821908266e-07
52200.30000900036 3.1242481163798354e-07
52250.30000900036 2.994724351119522e-07
52300.30000900036 4.555804957850531e-07
52350.30000900036 4.114548032730479e-07
52400.30000900036 2.9584392142421397e-07
52450.30000900036 4.3265608213952124e-07
52500.30000900036 3.809503329710324e-07
52550.30000900036 4.2757673912269907e-07
52600.30000900036 3.161486560978208e-07
52650.30000900036 4.4243203135472123e-07
52700.30000900036 3.260270274378582e-07
52750.30000900036 2.850569757282642e-07
52800.30000900036 2.9053734563520516e-07
52850.30000900036 3.537612928692318e-07
52900.30000900036 2.774292225801994e-07
52950.30000900036 2.7807723016373244e-07
53000.30000900036 5.214961911946549e-07
53050.30000900036 2.6019409605143527e-07
53100.30000900036 4.505854746821824e-07
53150.30000900036 4.77889696091731e-07
53200.30000900036 2.5880090640990706e-07
53250.30000900036 4.7627052941648814e-07
53300.30000900036 4.703330363398826e-07
53350.30000900036 4.1579589936202967e-07
53400.30000900036 4.8553668226961e-07
53450.30000900036 2.7762012709834614e-07
53500.30000900036 1.9464431431553466e-07
53550.30000900036 2.8680836242910567e-07
53600.30000900036 3.714215336583219e-07
53650.30000900036 3.0796626169773785e-07
53700.30000900036 2.8809278996716656e-07
53750.30000900036 3.1442148028521267e-07
53800.30000900036 3.259635084715224e-07
53850.30000900036 3.928932680148166e-07
53900.30000900036 3.252331822485139e-07
53950.30000900036 4.376838306723772e-07
54000.30000900036 3.395385562771549e-07
54050.30000900036 3.2657142636970095e-07
54100.30000900036 2.0645502881181435e-07
54150.30000900036 2.8571733419317466e-07
54200.30000900036 1.6227377354689303e-07
54250.30000900036 1.695874308740856e-07
54300.30000900036 2.7546948657434684e-07
54350.30000900036 3.3986487801794015e-07
54400.30000900036 3.602142360459758e-07
54450.30000900036 3.0359204097539467e-07
54500.30000900036 2.939981036859495e-07
54550.30000900036 2.3593798145135322e-07
54600.30000900036 2.948247579393398e-07
54650.30000900036 2.0399303588346043e-07
54700.30000900036 3.4530795654707773e-07
54750.30000900036 3.4808814319783876e-07
54800.30000900036 2.7251679814934407e-07
54850.30000900036 3.056639015559616e-07
54900.30000900036 3.7951593129439187e-07
54950.30000900036 4.969696478746714e-07
55000.30000900036 2.709761877674334e-07
55050.30000900036 3.4059572290501623e-07
55100.30000900036 2.502404234892089e-07
55150.30000900036 2.5949550381109176e-07
55200.30000900036 2.569600356080637e-07
55250.30000900036 2.712104061397218e-07
55300.30000900036 2.150526412810192e-07
55350.30000900036 2.90556617534894e-07
55400.30000900036 3.805114271346083e-07
55450.30000900036 3.119734428872594e-07
55500.30000900036 1.8339610473853702e-07
55550.30000900036 2.4167047685095767e-07
55600.30000900036 2.394353574259668e-07
55650.30000900036 1.7678816220396938e-07
55700.30000900036 2.576105997448265e-07
55750.30000900036 3.0759364130986783e-07
55800.30000900036 2.1887578885207066e-07
55850.30000900036 1.9660392373603268e-07
55900.30000900036 3.3066524052416376e-07
55950.30000900036 4.594952020165961e-07
56000.30000900036 2.0938338409603197e-07
56050.30000900036 3.019425065566203e-07
56100.30000900036 3.254595038872432e-07
56150.30000900036 2.397871826679575e-07
56200.30000900036 2.7286303962479187e-07
56250.30000900036 2.4142850633294826e-07
56300.30000900036 2.8673875938529065e-07
56350.30000900036 3.045053338982919e-07
56400.30000900036 2.3014483299095785e-07
56450.30000900036 2.0261330975586253e-07
56500.30000900036 2.0272844363152006e-07
56550.30000900036 1.6307326214407214e-07
56600.30000900036 3.01042961605066e-07
56650.30000900036 2.857822790248164e-07
56700.30000900036 3.3576961657738046e-07
56750.30000900036 1.8990954200724662e-07
56800.30000900036 3.313875593602887e-07
56850.30000900036 2.555068843985041e-07
56900.30000900036 2.3003350160725173e-07
56950.30000900036 3.2060945266444905e-07
57000.30000900036 3.2156155063204194e-07
57050.30000900036 2.5352164129318593e-07
57100.30000900036 1.4584581473623607e-07
57150.30000900036 1.9107609211553143e-07
57200.30000900036 1.5660432775419397e-07
57250.30000900036 2.407279041875436e-07
57300.30000900036 2.8072799259418066e-07
57350.30000900036 1.5588396298667206e-07
57400.30000900036 2.8350003147171574e-07
57450.30000900036 2.6184492952166113e-07
57500.30000900036 2.584774871566947e-07
57550.30000900036 3.1904065008184366e-07
57600.30000900036 3.386993236501563e-07
57650.30000900036 1.5099529771142165e-07
57700.30000900036 1.8300252768205834e-07
57750.30000900036 2.2203123948891804e-07
57800.30000900036 9.617977867472051e-08
57850.30000900036 3.584052805271666e-07
57900.30000900036 4.192941539163298e-07
57950.30000900036 3.6996863521201277e-07
58000.30000900036 1.9266654781053479e-07
58050.30000900036 2.9183326894310034e-07
58100.30000900036 3.523967670870797e-07
58150.30000900036 2.8377024636971156e-07
58200.30000900036 1.624506326905051e-07
58250.30000900036 2.1613825092913718e-07
58300.30000900036 1.7270782685789823e-07
58350.30000900036 2.068959473951616e-07
58400.30000900036 2.6523521323647996e-07
58450.30000900036 2.7807312592169335e-07
58500.30000900036 2.4365298913106197e-07
58550.30000900036 2.8733374316871355e-07
58600.30000900036 1.930139900019463e-07
58650.30000900036 2.4600952086598925e-07
58700.30000900036 2.2922804873116022e-07
58750.30000900036 2.2271279375556353e-07
58800.30000900036 1.4056813672933937e-07
58850.30000900036 2.1899354590986717e-07
58900.30000900036 2.7988054517891237e-07
58950.30000900036 1.7811319961513161e-07
59000.30000900036 2.5839814525710296e-07
59050.30000900036 2.921610731898939e-07
59100.30000900036 3.561446119489748e-07
59150.30000900036 2.639144971548757e-07
59200.30000900036 2.719449558293207e-07
59250.30000900036 2.8730069015550567e-07
59300.30000900036 2.6373814464337636e-07
59350.30000900036 1.5629123904933752e-07
59400.30000900036 1.2021521016804312e-07
59450.30000900036 2.3026404377441634e-07
59500.30000900036 1.4906454351090185e-07
59550.30000900036 3.1739852033713844e-07
59600.30000900036 2.7088703668588727e-07
59650.30000900036 2.7523624310478554e-07
59700.30000900036 1.9563921340534666e-07
59750.30000900036 3.6288939138272337e-07
59800.30000900036 2.534505036684469e-07
59850.30000900036 2.950935178996827e-07
59900.30000900036 1.7230522113149576e-07
59950.30000900036 2.7448643095211886e-07
60000.30000900036 4.1156245647603106e-07
60050.30000900036 3.337545403167126e-07
60100.30000900036 3.5706039871349493e-07
60150.30000900036 2.5715418696899096e-07
60200.30000900036 2.85840181731116e-07
60250.30000900036 3.406677977066708e-07
60300.30000900036 3.052309514859264e-07
60350.30000900036 2.3596893680250148e-07
60400.30000900036 2.6371319710506043e-07
60450.30000900036 1.7496671543355101e-07
60500.30000900036 1.2057402595748762e-07
60550.30000900036 2.979669197659858e-07
60600.30000900036 2.8654579214416084e-07
60650.30000900036 2.5786648614905094e-07
60700.30000900036 2.4312986512398516e-07
60750.30000900036 1.8824689968288237e-07
60800.30000900036 3.3549320941922587e-07
60850.30000900036 4.110669554862869e-07
60900.30000900036 3.772602372428534e-07
60950.30000900036 3.7347554181210237e-07
61000.30000900036 2.772382440824213e-07
61050.30000900036 2.07097698226412e-07
61100.30000900036 3.050201213976701e-07
61150.30000900036 1.174471165359208e-07
61200.30000900036 4.0466033535071523e-07
61250.30000900036 4.68545213378284e-07
61300.30000900036 4.442151479709587e-07
61350.30000900036 4.3958039334563314e-07
61400.30000900036 3.305858387800316e-07
61450.30000900036 2.552839223722264e-07
61500.30000900036 2.6895785730266907e-07
61550.30000900036 2.104587751130157e-07
61600.30000900036 1.4753705727723947e-07
61650.30000900036 2.862580110364624e-07
61700.30000900036 2.2792012176363991e-07
61750.30000900036 2.718481846295322e-07
61800.30000900036 3.322573311583482e-07
61850.30000900036 2.1115067153398035e-07
61900.30000900036 3.3535601911409006e-07
61950.30000900036 4.1773250677972915e-07
62000.30000900036 3.35285623695125e-07
62050.30000900036 3.579108683269999e-07
62100.30000900036 3.88740827058173e-07
62150.30000900036 3.64389460714948e-07
62200.30000900036 3.1281481942805034e-07
62250.30000900036 3.6737289231234006e-07
62300.30000900036 4.6364694308594137e-07
62350.30000900036 4.1692779336460316e-07
62400.30000900036 2.5535427737422717e-07
62450.30000900036 3.0571662745384307e-07
62500.30000900036 4.38492041409518e-07
62550.30000900036 3.914944758102888e-07
62600.30000900036 4.5235313581125156e-07
62650.30000900036 3.3343185423073256e-07
62700.30000900036 3.98676877001577e-07
62750.30000900036 4.802191206898208e-07
62800.30000900036 2.9778196849625416e-07
62850.30000900036 4.235702232956397e-07
62900.30000900036 3.2669343905997857e-07
62950.30000900036 4.1130168195843307e-07
63000.30000900036 4.3172482179578716e-07
63050.30000900036 5.332888597538067e-07
63100.30000900036 4.619359607085846e-07
63150.30000900036 3.0758202955218116e-07
63200.30000900036 4.304320481349543e-07
63250.30000900036 4.38114490081638e-07
63300.30000900036 4.4284135723984946e-07
63350.30000900036 3.646943970863326e-07
63400.30000900036 2.276673322401358e-07
63450.30000900036 2.1934548871077103e-07
63500.30000900036 4.1361182803869847e-07
63550.30000900036 3.3353545720027315e-07
63600.30000900036 4.5997739478166756e-07
63650.30000900036 3.441261697546172e-07
63700.30000900036 2.2886683704090743e-07
63750.30000900036 3.350320436076638e-07
63800.30000900036 3.0710469956695286e-07
63850.30000900036 3.237436458904781e-07
63900.30000900036 2.399382914391306e-07
63950.30000900036 3.8979056923452923e-07
64000.30000900036 4.001085893185775e-07
64050.30000900036 2.71821969246816e-07
64100.30000900036 1.1417493180928624e-07
64150.30000900036 1.5932267324904898e-07
64200.30000900036 2.032431051042056e-07
64250.30000900036 2.967225875879486e-07
64300.30000900036 2.2902159421365989e-07
64350.30000900036 2.166420566370612e-07
64400.30000900036 3.1207236044551826e-07
64450.30000900036 3.14115396647553e-07
64500.30000900036 1.8877346309152747e-07
64550.30000900036 3.0277245551852346e-07
64600.30000900036 1.9867097482206888e-07
64650.30000900036 2.55436197440948e-07
64700.30000900036 1.4914866471920314e-07
64750.30000900036 1.8508332701166156e-07
64800.30000900036 1.8872841846997094e-07
64850.30000900036 1.7393342054057046e-07
64900.30000900036 2.0984088136080385e-07
64950.30000900036 1.8181510554541987e-07
65000.30000900036 2.1097625688439046e-07
65050.30000900036 2.3078865799416052e-07
65100.30000900036 2.5209081836308685e-07
65150.30000900036 2.001230745111623e-07
65200.30000900036 1.559093350224762e-07
65250.30000900036 2.3522295954657045e-07
65300.30000900036 1.8420471010023916e-07
65350.30000900036 3.667588045479634e-07
65400.30000900036 1.974461275533461e-07
65450.30000900036 2.0581385295096938e-07
65500.30000900036 2.3521253560155863e-07
65550.30000900036 1.5867835351422057e-07
65600.30000900036 1.8932057911987153e-07
65650.30000900036 2.1249407367202538e-07
65700.30000900036 1.810953102992612e-07
65750.30000900036 1.657355259242368e-07
65800.30000900036 2.2317508845806693e-07
65850.30000900036 2.549041271602717e-07
65900.30000900036 1.6423834453347117e-07
65950.30000900036 1.1940584779399233e-07
66000.30000900036 1.891849669943202e-07
66050.30000900036 3.0271235750563697e-07
66100.30000900036 2.0545355409028387e-07
66150.30000900036 1.4044900055861404e-07
66200.30000900036 1.5214925877622131e-07
66250.30000900036 1.4524456337437936e-07
66300.30000900036 8.655054362103209e-08
66350.30000900036 1.2469800273646797e-07
66400.30000900036 1.440545036878803e-07
66450.30000900036 2.3776345913121192e-07
66500.30000900036 2.899744446257457e-07
66550.30000900036 2.825568910739764e-07
66600.30000900036 2.1661459276424256e-07
66650.30000900036 2.3705146847170656e-07
66700.30000900036 1.8866877506851775e-07
66750.30000900036 1.7064008237998018e-07
66800.30000900036 2.1847939503249005e-07
66850.30000900036 1.6970324159926172e-07
66900.30000900036 2.3016731926952122e-07
66950.30000900036 2.955677402931362e-07
67000.30000900036 2.619631483448973e-07
67050.30000900036 2.0690059691141894e-07
67100.30000900036 1.743314132688038e-07
67150.30000900036 1.9528653633176253e-07
67200.30000900036 2.048400217458384e-07
67250.30000900036 2.1559827650156854e-07
67300.30000900036 2.1428691841720741e-07
67350.30000900036 1.6227100511824278e-07
67400.30000900036 2.9969149611582766e-07
67450.30000900036 2.3959884137506077e-07
67500.30000900036 2.0921728180971744e-07
67550.30000900036 2.4901097992126007e-07
67600.30000900036 3.580431288021239e-07
67650.30000900036 2.8513373562249966e-07
67700.30000900036 2.3668721084180183e-07
67750.30000900036 2.1277055603029752e-07
67800.30000900036 2.717110510446076e-07
67850.30000900036 1.678535378589959e-07
67900.30000900036 2.2304481887325182e-07
67950.30000900036 1.3926557351310877e-07
68000.30000900036 1.9638318708311774e-07
68050.30000900036 3.010404275229218e-07
68100.30000900036 2.7952907831624606e-07
68150.30000900036 2.1636059013978398e-07
68200.30000900036 2.428883279748712e-07
68250.30000900036 1.2941896454506205e-07
68300.30000900036 2.200267198725269e-07
68350.30000900036 1.3219614098894395e-07
68400.30000900036 2.822775673027158e-07
68450.30000900036 2.7739162675402015e-07
68500.30000900036 2.3767985604223312e-07
68550.30000900036 1.6836996124194486e-07
68600.30000900036 1.861244798943621e-07
68650.30000900036 1.3804615612606206e-07
68700.30000900036 2.0097189578022658e-07
68750.30000900036 2.436283813157779e-07
68800.30000900036 2.617040871330236e-07
68850.30000900036 1.4967033193783162e-07
68900.30000900036 3.073974142437934e-07
68950.30000900036 3.4717896206060236e-07
69000.30000900036 3.3051268053763113e-07
69050.30000900036 2.0890589757910221e-07
69100.30000900036 2.9797029818420514e-07
69150.30000900036 3.619497330718923e-07
69200.30000900036 2.2530321833533024e-07
69250.30000900036 3.1554971244040425e-07
69300.30000900036 3.005306023163136e-07
69350.30000900036 2.9037563292588125e-07
69400.30000900036 1.9942232007379287e-07
69450.30000900036 3.2787263315516294e-07
69500.30000900036 2.3081612234875876e-07
69550.30000900036 2.517821379672157e-07
69600.30000900036 1.0426816494825042e-07
69650.30000900036 2.253355248514445e-07
69700.30000900036 2.7996719858194836e-07
69750.30000900036 2.410376906018957e-07
69800.30000900036 2.8977707320165156e-07
69850.30000900036 3.2509325458685e-07
69900.30000900036 1.9259247193272962e-07
69950.30000900036 2.736272364871742e-07
70000.30000900036 2.022617349612375e-07
70050.30000900036 2.871424588879269e-07
70100.30000900036 2.3197231833439386e-07
70150.30000900036 2.795243413051646e-07
70200.30000900036 2.0935840834402162e-07
70250.30000900036 2.463726494981937e-07
70300.30000900036 2.9194356932100477e-07
70350.30000900036 2.140258954383987e-07
70400.30000900036 2.2526914287000148e-07
70450.30000900036 1.2156348519680456e-07
70500.30000900036 1.7526523542368141e-07
70550.30000900036 1.859826506075722e-07
70600.30000900036 2.1362287399220836e-07
70650.30000900036 2.4956913222361723e-07
70700.30000900036 2.6153875850927553e-07
70750.30000900036 3.0676024439762883e-07
70800.30000900036 2.1711905731433075e-07
70850.30000900036 2.0511473792507247e-07
70900.30000900036 2.0677606749661746e-07
70950.30000900036 2.964969433125809e-07
71000.30000900036 2.6078008950142306e-07
71050.30000900036 2.9394103302962936e-07
71100.30000900036 2.522237193004192e-07
71150.30000900036 2.372015386995739e-07
71200.30000900036 2.011962892735192e-07
71250.30000900036 2.539853321496896e-07
71300.30000900036 2.97086278395688e-07
71350.30000900036 2.457680646353164e-07
71400.30000900036 2.556691975390727e-07
71450.30000900036 1.6607600743618833e-07
71500.30000900036 2.146292302589965e-07
71550.30000900036 2.1676488740290402e-07
71600.30000900036 2.4293216200345317e-07
71650.30000900036 2.1585943848181526e-07
71700.30000900036 1.8262631094612863e-07
71750.30000900036 2.476492330881801e-07
71800.30000900036 3.2431771168803866e-07
71850.30000900036 3.032242550561213e-07
71900.30000900036 1.9764663845635447e-07
71950.30000900036 2.5715278367679566e-07
72000.30000900036 2.3190858682444173e-07
72050.30000900036 1.691992105413641e-07
72100.30000900036 2.035262477381765e-07
72150.30000900036 2.4243451633984826e-07
72200.30000900036 2.6825643475600213e-07
72250.30000900036 2.621162759339842e-07
72300.30000900036 2.6261001677794243e-07
72350.30000900036 2.144163478342649e-07
72400.30000900036 2.1294929473607215e-07
72450.30000900036 2.0453277593461512e-07
72500.30000900036 2.177121168776529e-07
72550.30000900036 1.5691917893358877e-07
72600.30000900036 1.4075816001945115e-07
72650.30000900036 3.0671435702939024e-07
72700.30000900036 2.6742423450922483e-07
72750.30000900036 2.085088236428025e-07
72800.30000900036 2.150041563519822e-07
72850.30000900036 2.2798987495191155e-07
72900.30000900036 2.6592437761470614e-07
72950.30000900036 2.068976063998498e-07
73000.30000900036 2.416552030516239e-07
73050.30000900036 2.1562746875826014e-07
73100.30000900036 2.298903586199598e-07
73150.30000900036 3.443737751502515e-07
73200.30000900036 2.576003754330034e-07
73250.30000900036 2.565604499335418e-07
73300.30000900036 2.5682607795728457e-07
73350.30000900036 1.734592275878327e-07
73400.30000900036 2.1461845294496687e-07
73450.30000900036 1.4473134418968377e-07
73500.30000900036 1.9525815665570723e-07
73550.30000900036 2.168731790634078e-07
73600.30000900036 1.7250980908635858e-07
73650.30000900036 2.263491691886119e-07
73700.30000900036 2.698896309841775e-07
73750.30000900036 2.1087396091780345e-07
73800.30000900036 1.893164929862831e-07
73850.30000900036 2.5336075521878715e-07
73900.30000900036 2.817650988571896e-07
73950.30000900036 2.329253455028415e-07
74000.30000900036 2.436768252050099e-07
74050.30000900036 3.426533991601054e-07
74100.30000900036 1.9859857665056685e-07
74150.30000900036 2.485491963158232e-07
74200.30000900036 2.1369933329999496e-07
74250.30000900036 1.8795690752865603e-07
74300.30000900036 2.2428965472678004e-07
74350.30000900036 2.4373354622175643e-07
74400.30000900036 1.8984028561073536e-07
74450.30000900036 1.7629068463090155e-07
74500.30000900036 1.971336533988045e-07
74550.30000900036 2.225612579830321e-07
74600.30000900036 1.7349076443571538e-07
74650.30000900036 1.7103254358327544e-07
74700.30000900036 1.313826820487831e-07
74750.30000900036 2.0172472059660936e-07
74800.30000900036 1.62247346806089e-07
74850.30000900036 1.2477528962339411e-07
74900.30000900036 2.682163500642519e-07
74950.30000900036 2.810737009148017e-07
75000.30000900036 2.2632354192433e-07
75050.30000900036 2.534022433670029e-07
75100.30000900036 3.140188034671654e-07
75150.30000900036 2.8318900202805285e-07
75200.30000900036 2.897493368560441e-07
75250.30000900036 2.755164283476183e-07
75300.30000900036 2.7414562165119814e-07
75350.30000900036 1.8483595280187766e-07
75400.30000900036 2.432481095979819e-07
75450.30000900036 2.365316421215146e-07
75500.30000900036 2.1902663713274785e-07
75550.30000900036 2.60298918259578e-07
75600.30000900036 3.353886984061307e-07
75650.30000900036 2.3835429082710574e-07
75700.30000900036 2.1415557911019661e-07
75750.30000900036 1.8365114449662706e-07
75800.30000900036 2.3317681219795377e-07
75850.30000900036 2.575080821792644e-07
75900.30000900036 2.1332178396890404e-07
75950.30000900036 1.9524092375897382e-07
76000.30000900036 2.0118565380320177e-07
76050.30000900036 2.159785876967176e-07
76100.30000900036 1.8320218915512995e-07
76150.30000900036 2.2212596850147869e-07
76200.30000900036 2.382681827078821e-07
76250.30000900036 3.361238447640048e-07
76300.30000900036 2.687387178490152e-07
76350.30000900036 3.957775950101573e-07
76400.30000900036 2.943035432797996e-07
76450.30000900036 2.578263934382541e-07
76500.30000900036 2.5858838426435226e-07
76550.30000900036 2.3614100731834957e-07
76600.30000900036 1.6129729253168392e-07
76650.30000900036 1.6975798772444813e-07
76700.30000900036 1.9954022883083723e-07
76750.30000900036 1.9348276471713095e-07
76800.30000900036 2.3469790865865982e-07
76850.30000900036 1.1537430318163588e-07
76900.30000900036 1.7283195235462073e-07
76950.30000900036 1.7959113199405495e-07
77000.30000900036 2.189178674123413e-07
77050.30000900036 1.593963445034847e-07
77100.30000900036 1.4044342103852902e-07
77150.30000900036 1.8008632308527954e-07
77200.30000900036 2.2000207567366364e-07
77250.30000900036 2.0919090934343345e-07
77300.30000900036 1.974050948742508e-07
77350.30000900036 1.453468672129537e-07
77400.30000900036 1.085866986467987e-07
77450.30000900036 1.3612209779705426e-07
77500.30000900036 1.845965283095303e-07
77550.30000900036 1.8994050658485166e-07
77600.30000900036 1.8679267618349281e-07
77650.30000900036 1.741687865312593e-07
77700.30000900036 1.488666791484742e-07
77750.30000900036 2.1633428488888686e-07
77800.30000900036 2.0358496577032258e-07
77850.30000900036 2.5783317502293654e-07
77900.30000900036 2.3664176441649854e-07
77950.30000900036 1.789363779009986e-07
78000.30000900036 2.1343022689990358e-07
78050.30000900036 2.0200084959584662e-07
78100.30000900036 1.4739751807106975e-07
78150.30000900036 2.2270012062759743e-07
78200.30000900036 2.511334956773996e-07
78250.30000900036 2.843374493663302e-07
78300.30000900036 2.6784316699680626e-07
78350.30000900036 2.5918875795326165e-07
78400.30000900036 2.29348977885074e-07
78450.30000900036 2.8786540993628594e-07
78500.30000900036 2.706052562955723e-07
78550.30000900036 2.337045864488285e-07
78600.30000900036 2.1168992595743464e-07
78650.30000900036 1.1179448070716499e-07
78700.30000900036 2.1299488116790395e-07
78750.30000900036 2.1312070203828358e-07
78800.30000900036 2.4798409086738195e-07
78850.30000900036 1.6672484756321522e-07
78900.30000900036 2.0788832597357935e-07
78950.30000900036 1.6999189900027418e-07
79000.30000900036 2.0467346851800726e-07
79050.30000900036 2.2330837553832283e-07
79100.30000900036 1.9854688521042423e-07
79150.30000900036 2.3981895399459525e-07
79200.30000900036 3.161864574782047e-07
79250.30000900036 2.4929818057581057e-07
79300.30000900036 1.7166695960246085e-07
79350.30000900036 2.606749304467705e-07
79400.30000900036 1.9303893312629405e-07
79450.30000900036 2.440338596745541e-07
79500.30000900036 3.113974858186398e-07
79550.30000900036 2.4717541794758626e-07
79600.30000900036 1.9119394684605627e-07
79650.30000900036 2.184695510409597e-07
79700.30000900036 3.2648999677597275e-07
79750.30000900036 2.662835498385304e-07
79800.30000900036 2.507073039418848e-07
79850.30000900036 2.3528208216277954e-07
79900.30000900036 3.360253282133858e-07
79950.30000900036 2.598709978950268e-07
