# %ECSV 1.0
# ---
# datatype:
# - {name: wav, unit: Angstrom, datatype: float64}
# - {name: flux_nu, unit: erg / (cm2 Hz s), datatype: float64}
# schema: astropy-2.0
wav flux_nu
3000.0480007680403 nan
3050.0480007680403 0.0
3100.0480007680403 0.0
3150.0480007680403 0.0
3200.0480007680403 0.0
3250.0480007680403 0.0
3300.0480007680403 0.0
3350.0480007680403 0.0
3400.0480007680403 0.0
3450.0480007680403 0.0
3500.0480007680403 0.0
3550.0480007680403 0.0
3600.0480007680403 0.0
3650.0480007680403 0.0
3700.0480007680403 0.0
3750.0480007680403 0.0
3800.0480007680403 0.0
3850.0480007680403 0.0
3900.0480007680403 0.0
3950.0480007680403 0.0
4000.0480007680403 0.0
4050.0480007680403 0.0
4100.04800076804 0.0
4150.04800076804 0.0
4200.04800076804 0.0
4250.04800076804 0.0
4300.04800076804 0.0
4350.04800076804 0.0
4400.04800076804 0.0
4450.04800076804 0.0
4500.04800076804 0.0
4550.04800076804 0.0
4600.04800076804 0.0
4650.04800076804 0.0
4700.04800076804 0.0
4750.04800076804 0.0
4800.04800076804 0.0
4850.04800076804 0.0
4900.04800076804 0.0
4950.04800076804 0.0
5000.04800076804 1.8538973206034483e-12
5050.04800076804 5.07100858250912e-12
5100.04800076804 5.993886761906747e-12
5150.04800076804 7.082505459738204e-12
5200.04800076804 8.33167673878994e-12
5250.04800076804 9.665035890845651e-12
5300.04800076804 1.1079423069428007e-11
5350.04800076804 1.2589973833097727e-11
5400.04800076804 1.4061166311501427e-11
5450.04800076804 1.5686103659425598e-11
5500.04800076804 1.7392383686515428e-11
5550.04800076804 1.9105501398007997e-11
5600.04800076804 2.0657958653859863e-11
5650.04800076804 2.187874607014707e-11
5700.04800076804 2.2217907951378236e-11
5750.04800076804 2.2438523260955417e-11
5800.04800076804 2.136008342364431e-11
5850.04800076804 1.8274543189484535e-11
5900.04800076804 5.94455848566334e-12
5950.04800076804 1.0580383460716046e-11
6000.04800076804 3.136492398579792e-11
6050.04800076804 4.981970687926936e-11
6100.04800076804 7.130362203056876e-11
6150.04800076804 9.507829425651913e-11
6200.04800076804 1.204509762319843e-10
6250.04800076804 1.454685296909905e-10
6300.04800076804 1.7395547255246652e-10
6350.04800076804 2.0390217437712848e-10
6400.04800076804 2.3353927546894294e-10
6450.04800076804 2.4845048372758497e-10
6500.04800076804 2.8147708785166063e-10
6550.04800076804 3.232872021218493e-10
6600.04800076804 3.6833515175596413e-10
6650.04800076804 4.190218995003263e-10
6700.04800076804 4.781299159480628e-10
6750.04800076804 5.37063685343984e-10
6800.04800076804 5.968526454665231e-10
6850.04800076804 6.611737695357225e-10
6900.04800076804 6.677050974839738e-10
6950.04800076804 6.621691942024926e-10
7000.04800076804 7.671890326437516e-10
7050.04800076804 7.89653142564668e-10
7100.04800076804 8.427472753156132e-10
7150.04800076804 6.97159966609037e-10
7200.04800076804 6.420835154195821e-10
7250.04800076804 7.619599000341405e-10
7300.04800076804 8.096420958034549e-10
7350.04800076804 9.351336957583899e-10
7400.04800076804 1.049702585670218e-09
7450.04800076804 1.2464823027178898e-09
7500.04800076804 1.3940355734356438e-09
7550.04800076804 1.5530921134682016e-09
7600.04800076804 1.6975625587980066e-09
7650.04800076804 1.7712112475274522e-09
7700.04800076804 1.1223640940337968e-09
7750.04800076804 5.196609814333186e-10
7800.04800076804 1.8538094978293946e-09
7850.04800076804 2.290202933196911e-09
7900.04800076804 2.650589279907344e-09
7950.04800076804 2.9544909414514384e-09
8000.04800076804 3.0464152039561117e-09
8050.04800076804 3.1266246575777837e-09
8100.04800076804 2.346803011529738e-09
8150.04800076804 2.2286512683589165e-09
8200.04800076804 2.929036053641097e-09
8250.04800076804 2.9458961902991165e-09
8300.04800076804 3.2517497898264163e-09
8350.04800076804 3.1848261078787407e-09
8400.04800076804 3.3988050860194824e-09
8450.04800076804 3.908957140015631e-09
8500.04800076804 4.430072738668772e-09
8550.04800076804 5.023451432772035e-09
8600.04800076804 5.651840532808788e-09
8650.04800076804 6.1562909749991e-09
8700.04800076804 6.2517062933043015e-09
8750.04800076804 6.625739598087891e-09
8800.04800076804 6.590349431752412e-09
8850.04800076804 5.449700810169361e-09
8900.04800076804 2.0956238572697176e-09
8950.04800076804 2.1770969223637536e-09
9000.04800076804 1.7304765612063395e-09
9050.04800076804 3.879769544575931e-09
9100.04800076804 4.257910490743416e-09
9150.04800076804 3.74230440229966e-09
9200.04800076804 4.993951697449976e-09
9250.04800076804 4.178161946664948e-09
9300.04800076804 6.269897143238033e-10
9350.04800076804 7.16256601213773e-10
9400.04800076804 1.3200254190506677e-09
9450.04800076804 1.6696585485001488e-09
9500.04800076804 1.4072946549502932e-09
9550.04800076804 1.6881474977863632e-09
9600.04800076804 1.4504259675327839e-09
9650.04800076804 1.9522539321109857e-09
9700.04800076804 2.938053495636613e-09
9750.04800076804 2.7911932977325714e-09
9800.04800076804 3.4106142739149183e-09
9850.04800076804 3.827339429352417e-09
9900.04800076804 5.123303096327967e-09
9950.04800076804 5.245499917835421e-09
10000.04800076804 6.7984267238533886e-09
10050.04800076804 7.538238521748037e-09
10100.04800076804 9.543965545843402e-09
10150.04800076804 1.1360482060939524e-08
10200.04800076804 1.3542511685948702e-08
10250.04800076804 1.5599077001767802e-08
10300.04800076804 1.7851576474118113e-08
10350.04800076804 2.0375754371875486e-08
10400.04800076804 2.3989494932515915e-08
10450.04800076804 2.6088994920915486e-08
10500.04800076804 2.813992147144301e-08
10550.04800076804 3.0469050711445626e-08
10600.04800076804 3.064619097950113e-08
10650.04800076804 3.164327302806277e-08
10700.04800076804 3.084112592511547e-08
10750.04800076804 3.106988748440748e-08
10800.04800076804 2.8706740985815607e-08
10850.04800076804 2.6007450186131944e-08
10900.04800076804 1.778926349145796e-08
10950.04800076804 8.404001127793241e-09
11000.04800076804 5.564674461187236e-09
11050.04800076804 3.576732656946412e-09
11100.04800076804 2.2208153378675976e-09
11150.04800076804 1.07999337045798e-09
11200.04800076804 8.08841716196256e-10
11250.04800076804 1.038903103515547e-09
11300.04800076804 1.3369160658451115e-09
11350.04800076804 4.685105602675057e-10
11400.04800076804 1.3235991943068153e-09
11450.04800076804 9.507716744656324e-10
11500.04800076804 7.749630545789672e-10
11550.04800076804 2.4749294303185337e-10
11600.04800076804 2.411751665668008e-10
11650.04800076804 5.885281381747602e-10
11700.04800076804 6.996830151550177e-10
11750.04800076804 1.722418770676376e-10
11800.04800076804 9.491595989359994e-10
11850.04800076804 1.7783453149079622e-09
11900.04800076804 2.039703137907266e-09
11950.04800076804 3.4005489720149677e-09
12000.04800076804 5.49725944104284e-09
12050.04800076804 8.355110710000736e-09
12100.04800076804 1.2260869379263738e-08
12150.04800076804 1.6235630378973957e-08
12200.04800076804 2.0301156574380835e-08
12250.04800076804 2.6625384745376846e-08
12300.04800076804 3.349507743964788e-08
12350.04800076804 3.582332703254822e-08
12400.04800076804 4.611244866203446e-08
12450.04800076804 5.7427992209322455e-08
12500.04800076804 6.328394639983272e-08
12550.04800076804 6.959135012898246e-08
12600.04800076804 6.954822492912774e-08
12650.04800076804 6.755694692454148e-08
12700.04800076804 6.689682792363535e-08
12750.04800076804 5.972519820236765e-08
12800.04800076804 5.512160710901523e-08
12850.04800076804 4.191929234041783e-08
12900.04800076804 3.312445549715035e-08
12950.04800076804 2.96578634718319e-08
13000.04800076804 2.780278542990839e-08
13050.04800076804 2.085452598437723e-08
13100.04800076804 1.854832741450715e-08
13150.04800076804 1.3401340026493868e-08
13200.04800076804 1.2434330359428455e-08
13250.04800076804 8.793505606679079e-09
13300.04800076804 3.509053113682711e-09
13350.04800076804 1.0618824957262208e-09
13400.04800076804 5.648833143187452e-10
13450.04800076804 1.966283200236096e-10
13500.04800076804 8.588147804739329e-11
13550.04800076804 4.7054593942019664e-11
13600.04800076804 1.2622879007014694e-11
13650.04800076804 7.857844785504812e-11
13700.04800076804 4.955626014229029e-11
13750.04800076804 7.599811253295954e-11
13800.04800076804 7.586602991542943e-11
13850.04800076804 5.196488280664836e-11
13900.04800076804 6.331242786954934e-11
13950.04800076804 5.081870828481718e-11
14000.04800076804 5.5289560584571126e-11
14050.04800076804 8.795486571020602e-11
14100.04800076804 8.78370853607883e-11
14150.04800076804 1.6182660106050983e-10
14200.04800076804 9.611746358355577e-11
14250.04800076804 1.2996549862556373e-10
14300.04800076804 3.281990918605034e-10
14350.04800076804 2.938516403114776e-10
14400.04800076804 3.4490935400311897e-10
14450.04800076804 4.512648547604378e-10
14500.04800076804 1.0614899906522842e-09
14550.04800076804 1.136723479424667e-09
14600.04800076804 1.7422082415283694e-09
14650.04800076804 1.819238435774914e-09
14700.04800076804 1.0519890160727112e-09
14750.04800076804 1.670164179235737e-09
14800.04800076804 2.2383430134626086e-09
14850.04800076804 2.3016243445038033e-09
14900.04800076804 2.813430249738373e-09
14950.04800076804 3.717890683330189e-09
15000.04800076804 4.546218749250031e-09
15050.04800076804 4.9284036140789374e-09
15100.04800076804 6.3004747349461724e-09
15150.04800076804 6.314116151308244e-09
15200.04800076804 6.3994284317602655e-09
15250.04800076804 9.57344825521673e-09
15300.04800076804 1.169673986276597e-08
15350.04800076804 1.537701947281835e-08
15400.04800076804 1.7207251358169904e-08
15450.04800076804 1.9513059136221503e-08
15500.04800076804 2.084972187424643e-08
15550.04800076804 2.581600106455662e-08
15600.04800076804 2.5221884027561845e-08
15650.04800076804 2.6484740338009422e-08
15700.04800076804 3.376988392105526e-08
15750.04800076804 3.753689393858397e-08
15800.04800076804 3.60630983304492e-08
15850.04800076804 3.9047539306012545e-08
15900.04800076804 3.3906702041924284e-08
15950.04800076804 3.2795600884081026e-08
16000.04800076804 2.5056412638877898e-08
16050.04800076804 1.626929568223278e-08
16100.04800076804 1.141005428277551e-08
16150.04800076804 6.404666477221634e-09
16200.04800076804 3.845092698083219e-09
16250.04800076804 3.4334068135303685e-09
16300.04800076804 2.2229481361425483e-09
16350.04800076804 2.638306457585582e-09
16400.04800076804 2.96138356190642e-09
16450.04800076804 3.227534399178158e-09
16500.04800076804 3.275149309101205e-09
16550.04800076804 2.996840495047653e-09
16600.04800076804 3.5131315197651026e-09
16650.04800076804 2.4959462567775377e-09
16700.04800076804 5.383228216370781e-10
16750.04800076804 1.4057826672830558e-09
16800.04800076804 2.436058799870707e-09
16850.04800076804 2.69397841036062e-09
16900.04800076804 1.6791799403094217e-09
16950.04800076804 1.2748462063619659e-09
17000.04800076804 8.139949818302509e-10
17050.04800076804 1.2203286148970902e-09
17100.04800076804 1.811675076676701e-09
17150.04800076804 9.862545131984911e-10
17200.04800076804 2.834444889677646e-09
17250.04800076804 1.7757567445966501e-09
17300.04800076804 1.1468723903817135e-09
17350.04800076804 1.329047665807558e-09
17400.04800076804 1.676829778155014e-09
17450.04800076804 2.298598864457068e-09
17500.04800076804 3.065184942833438e-09
17550.04800076804 2.495800903707985e-09
17600.04800076804 1.833498878384146e-09
17650.04800076804 1.6636410611602015e-09
17700.04800076804 1.2685740849588231e-09
17750.04800076804 1.178421180460945e-09
17800.04800076804 2.008283340099633e-09
17850.04800076804 1.1606092769843998e-09
17900.04800076804 1.1140766507290357e-09
17950.04800076804 6.428259720811651e-10
18000.04800076804 9.364113086153932e-10
18050.04800076804 1.025146412352838e-09
18100.04800076804 8.184156774538316e-10
18150.04800076804 1.2473075574984784e-09
18200.04800076804 6.524205952203259e-10
18250.04800076804 1.934172655034344e-09
18300.04800076804 7.624869397385384e-10
18350.04800076804 5.710369232295299e-10
18400.04800076804 4.164049431702239e-10
18450.04800076804 1.1200835881033166e-09
18500.04800076804 1.2279159997288593e-09
18550.04800076804 8.089228353211945e-10
18600.04800076804 9.564221669826762e-10
18650.04800076804 6.33716437608172e-10
18700.04800076804 3.5531533840553114e-10
18750.04800076804 6.316477197805755e-10
18800.04800076804 2.3390810731293646e-09
18850.04800076804 2.137483129509639e-09
18900.04800076804 1.91950681580338e-09
18950.04800076804 3.1569329572216824e-09
19000.04800076804 1.3881967225103388e-09
19050.04800076804 8.9168665523665e-10
19100.04800076804 2.21644569586088e-09
19150.04800076804 1.1820649935527406e-09
19200.04800076804 1.978345342126054e-09
19250.04800076804 1.6051258530607988e-09
19300.04800076804 1.0581731534387427e-09
19350.04800076804 1.3394992174704707e-09
19400.04800076804 8.301320417749792e-10
19450.04800076804 1.800600436288691e-09
19500.04800076804 1.5184390009608541e-09
19550.04800076804 1.3070931145957883e-09
19600.04800076804 2.1258116038919748e-09
19650.04800076804 2.2929702353964417e-09
19700.04800076804 2.377508216732431e-09
19750.04800076804 2.9403171384290766e-09
19800.04800076804 3.6997378556321008e-09
19850.04800076804 4.702266174886297e-09
19900.04800076804 4.068313055951237e-09
19950.04800076804 6.018075347960656e-09
20000.04800076804 6.071859111594858e-09
20050.04800076804 6.1038224076207795e-09
20100.04800076804 7.277019006556255e-09
20150.04800076804 6.016680261652919e-09
20200.04800076804 6.907487067429153e-09
20250.04800076804 8.796439675169124e-09
20300.04800076804 8.22979334608059e-09
20350.04800076804 9.4776722722749e-09
20400.04800076804 8.611346419619804e-09
20450.04800076804 1.1138979541559383e-08
20500.04800076804 1.1189426014849757e-08
20550.04800076804 1.1118624591287247e-08
20600.04800076804 1.22525786054626e-08
20650.04800076804 1.1660271443949488e-08
20700.04800076804 1.1737411752388839e-08
20750.04800076804 1.2739440541593868e-08
20800.04800076804 1.1826062933072186e-08
20850.04800076804 1.2135446476747262e-08
20900.04800076804 1.2454170908898281e-08
20950.04800076804 1.1303321751501152e-08
21000.04800076804 1.1739736888883071e-08
21050.04800076804 1.0933498269658713e-08
21100.04800076804 1.0543492038001726e-08
21150.04800076804 1.0342592642755877e-08
21200.04800076804 9.814393281253052e-09
21250.04800076804 9.51010309147746e-09
21300.04800076804 8.107760154274382e-09
21350.04800076804 8.239534577500292e-09
21400.04800076804 7.546243388474795e-09
21450.04800076804 6.473466298243246e-09
21500.04800076804 6.779797485714539e-09
21550.04800076804 6.210526269152377e-09
21600.04800076804 5.4842032537599205e-09
21650.04800076804 4.586911075050391e-09
21700.04800076804 4.9347986166435335e-09
21750.04800076804 5.055710147333866e-09
21800.04800076804 4.42210649936256e-09
21850.04800076804 3.846611315218663e-09
21900.04800076804 3.2471171820543487e-09
21950.04800076804 1.1000543444914748e-09
22000.04800076804 4.017431531067839e-10
22050.04800076804 4.5552738350718556e-10
22100.04800076804 1.072706718596863e-09
22150.04800076804 1.2904075153993304e-09
22200.04800076804 1.1112557397711528e-09
22250.04800076804 1.0662097524225026e-09
22300.04800076804 6.817160780098413e-10
22350.04800076804 7.896047935592035e-10
22400.04800076804 4.445505415239312e-10
22450.04800076804 4.81223475618049e-10
22500.04800076804 4.786324310817615e-10
22550.04800076804 2.041849237857092e-10
22600.04800076804 3.326154662347757e-10
22650.04800076804 5.193147535687392e-10
22700.04800076804 2.870260853121067e-10
22750.04800076804 3.3342047110219164e-10
22800.04800076804 3.358046753604106e-10
22850.04800076804 2.930269350672033e-10
22900.04800076804 1.5889058532315613e-10
22950.04800076804 1.5402473496463477e-10
23000.04800076804 2.3729612356115417e-10
23050.04800076804 2.47246522650725e-10
23100.04800076804 6.6294534963387e-10
23150.04800076804 6.99152776115908e-10
23200.04800076804 1.1343717384759113e-10
23250.04800076804 1.1969088035433563e-10
23300.04800076804 1.9399535591054394e-10
23350.04800076804 1.3099136824963886e-10
23400.04800076804 2.89280857645095e-10
23450.04800076804 1.995708753245307e-10
23500.04800076804 1.6607252030725653e-10
23550.04800076804 3.143296678690618e-10
23600.04800076804 3.323217073424699e-10
23650.04800076804 5.338961987399941e-10
23700.04800076804 1.6238257687932766e-10
23750.04800076804 1.1434316862385086e-10
23800.04800076804 3.590580128538823e-10
23850.04800076804 2.889350622878485e-10
23900.04800076804 5.724801360781556e-10
23950.04800076804 5.290907884807771e-10
24000.04800076804 7.801791373531425e-10
24050.04800076804 1.077905458416778e-09
24100.04800076804 8.697907289286357e-10
24150.04800076804 1.0113601766595888e-09
24200.04800076804 8.664848739614452e-10
24250.04800076804 6.310632386499869e-10
24300.04800076804 1.0988060241931222e-09
24350.04800076804 8.49865939679674e-10
24400.04800076804 1.667570242272353e-09
24450.04800076804 1.5880510378758262e-09
24500.04800076804 1.6984272503230627e-09
24550.04800076804 2.170194942824611e-09
24600.04800076804 2.6377641985084874e-09
24650.04800076804 2.8717921088555362e-09
24700.04800076804 2.2593303324527654e-09
24750.04800076804 2.3139405052386785e-09
24800.04800076804 2.345332065368022e-09
24850.04800076804 3.541466826525188e-09
24900.04800076804 1.716490209151831e-09
24950.04800076804 2.7852936862609766e-09
25000.04800076804 3.223329933499586e-09
25050.04800076804 1.954068761890902e-09
25100.04800076804 2.6401750244251297e-09
25150.04800076804 1.3725629109910004e-09
25200.04800076804 2.0867449019786107e-09
25250.04800076804 9.051256996127076e-10
25300.04800076804 1.5150781975357125e-09
25350.04800076804 6.019096994971447e-10
25400.04800076804 1.4524924160765734e-09
25450.04800076804 6.76941295372436e-10
25500.04800076804 5.660712675345538e-10
25550.04800076804 1.0921964951213201e-09
25600.04800076804 3.1745738302762086e-10
25650.04800076804 3.221926598888327e-10
25700.04800076804 5.147036530345258e-10
25750.04800076804 1.982957647187909e-10
25800.04800076804 7.726037775524359e-10
25850.04800076804 1.7623159896202545e-10
25900.04800076804 2.882479965698942e-10
25950.04800076804 9.941737098194507e-11
26000.04800076804 6.674853140940474e-10
26050.04800076804 1.5096724130478527e-10
26100.04800076804 5.888366259929202e-10
26150.04800076804 3.17311723960023e-10
26200.04800076804 3.508695161349177e-10
26250.04800076804 1.474402120416691e-09
26300.04800076804 4.989294538667479e-10
26350.04800076804 1.7896529002908326e-09
26400.04800076804 2.51478532012892e-09
26450.04800076804 2.2721294774501254e-09
26500.04800076804 2.892276424781325e-09
26550.04800076804 8.730446672134392e-10
26600.04800076804 8.411572826349114e-10
26650.04800076804 2.316381035505372e-10
26700.04800076804 8.56061731202662e-11
26750.04800076804 1.5750572715154052e-10
26800.04800076804 2.9119405438316395e-10
26850.04800076804 2.0107892986086557e-10
26900.04800076804 7.966983318949571e-10
26950.04800076804 2.76842614018229e-10
27000.04800076804 1.0875011859219123e-09
27050.04800076804 1.1225573005260743e-09
27100.04800076804 3.6022712353731645e-10
27150.04800076804 1.500640816169063e-09
27200.04800076804 2.9196279380190507e-10
27250.04800076804 7.471824489160044e-10
27300.04800076804 4.262397491521923e-09
27350.04800076804 1.734238964611284e-09
27400.04800076804 1.4104188820183002e-10
27450.04800076804 2.3964904918018006e-09
27500.04800076804 3.052872616809002e-09
27550.04800076804 6.106678985584736e-10
27600.04800076804 1.5779447845402151e-09
27650.04800076804 4.597875810501587e-10
27700.04800076804 3.516426802021363e-10
27750.04800076804 1.8705159694547837e-09
27800.04800076804 6.674374288240396e-10
27850.04800076804 8.959028059598679e-10
27900.04800076804 1.1995708368496781e-09
27950.04800076804 2.439639922898421e-09
28000.04800076804 2.0796155653546503e-09
28050.04800076804 4.733538306095537e-10
28100.04800076804 3.3224922579413657e-09
28150.04800076804 1.951430185790616e-09
28200.04800076804 4.887602738427878e-10
28250.04800076804 3.557058488325871e-09
28300.04800076804 5.482332689339499e-09
28350.04800076804 8.52017711310693e-10
28400.04800076804 2.9359530829980235e-09
28450.04800076804 5.228439282944298e-09
28500.04800076804 2.7968598328486658e-09
28550.04800076804 6.73345368692701e-10
28600.04800076804 4.091684118357493e-09
28650.04800076804 4.37709422591106e-09
28700.04800076804 3.6051499218981803e-09
28750.04800076804 7.015943353199045e-09
28800.04800076804 5.496936080984753e-09
28850.04800076804 7.075644208170025e-09
28900.04800076804 2.9407619730198705e-09
28950.04800076804 9.665093563725406e-09
29000.04800076804 5.302714308101326e-09
29050.04800076804 6.395391234095435e-09
29100.04800076804 4.315450943183778e-09
29150.04800076804 1.020941581475077e-08
29200.04800076804 6.3676589578577195e-09
29250.04800076804 9.061543553452044e-09
29300.04800076804 5.487705845367366e-09
29350.04800076804 2.3484895763240234e-08
29400.04800076804 6.6499306626892536e-09
29450.04800076804 8.533529338385673e-09
29500.04800076804 1.2240687377667372e-08
29550.04800076804 7.652956560970131e-09
29600.04800076804 1.2725918539341307e-08
29650.04800076804 1.4636722040576016e-08
29700.04800076804 6.960988773443934e-09
29750.04800076804 1.1078834708761798e-08
29800.04800076804 1.3413481979874283e-08
29850.04800076804 1.8018127547510954e-08
29900.04800076804 1.7835800424216593e-08
29950.04800076804 1.2906280643032592e-08
30000.04800076804 7.119390309126302e-09
30050.04800076804 8.680160702072025e-09
30100.04800076804 1.2947513106217152e-08
30150.04800076804 1.715448036013386e-08
30200.04800076804 1.0927739263587782e-08
30250.04800076804 2.3416705523116394e-08
30300.04800076804 2.0271809774312283e-08
30350.04800076804 1.3900418046223127e-08
30400.04800076804 2.0263999058336554e-08
30450.04800076804 1.5632457887353913e-08
30500.04800076804 1.3304206324786312e-08
30550.04800076804 1.1461982919523239e-08
30600.04800076804 2.073008978805674e-08
30650.04800076804 1.5501204806699908e-08
30700.04800076804 1.23681602576036e-08
30750.04800076804 1.4678485354178615e-08
30800.04800076804 1.0484808559739744e-08
30850.04800076804 1.3642682647597843e-08
30900.04800076804 1.2024800588098019e-08
30950.04800076804 6.7703814943894535e-09
31000.04800076804 1.039020293145538e-08
31050.04800076804 9.20527543215724e-09
31100.04800076804 5.705527884912875e-09
31150.04800076804 7.854891770787404e-09
31200.04800076804 9.363021445566812e-09
31250.04800076804 5.954918551044064e-09
31300.04800076804 5.132097899339063e-09
31350.04800076804 6.261429807856773e-09
31400.04800076804 3.344423871698206e-09
31450.04800076804 5.980266422890834e-09
31500.04800076804 2.9739828911433956e-09
31550.04800076804 4.156293225022501e-09
31600.04800076804 2.3997787308679706e-09
31650.04800076804 2.597445499625209e-09
31700.04800076804 3.1202654700765852e-09
31750.04800076804 1.3279115462718437e-09
31800.04800076804 3.126672417184849e-09
31850.04800076804 1.338891377127319e-09
31900.04800076804 2.075657907876525e-09
31950.04800076804 1.4377253620199471e-09
32000.04800076804 1.5004277232614285e-09
32050.04800076804 1.0765210816383869e-09
32100.04800076804 9.615326098450535e-10
32150.04800076804 1.3771996885658682e-09
32200.04800076804 8.076878206597569e-10
32250.04800076804 2.16982945034352e-09
32300.04800076804 6.210244063018698e-10
32350.04800076804 2.214118096291299e-09
32400.04800076804 7.894230275784151e-10
32450.04800076804 1.4042784169533811e-09
32500.04800076804 9.638376537875022e-10
32550.04800076804 1.6307049281656472e-09
32600.04800076804 1.2058512624624937e-09
32650.04800076804 2.6635830335590625e-09
32700.04800076804 1.6621481225120677e-09
32750.04800076804 3.767921454433828e-09
32800.04800076804 2.2551987940093097e-09
32850.04800076804 5.03826679247846e-09
32900.04800076804 4.477482145106242e-09
32950.04800076804 5.511536355534388e-09
33000.04800076804 3.1761589969928035e-09
33050.04800076804 3.852869527367016e-09
33100.04800076804 1.2852949847987587e-09
33150.04800076804 1.6407400991545985e-11
33200.04800076804 7.556029408170546e-11
33250.04800076804 6.082460761517937e-11
33300.04800076804 1.418673735266606e-10
33350.04800076804 5.041981436034232e-10
33400.04800076804 1.12005174352282e-09
33450.04800076804 1.1536722478173869e-09
33500.04800076804 2.644307703714631e-09
33550.04800076804 1.71526355566707e-09
33600.04800076804 2.6478442240769867e-09
33650.04800076804 2.0695416994641313e-09
33700.04800076804 1.6145306152897735e-09
33750.04800076804 3.282536141901832e-09
33800.04800076804 1.0928974737760689e-09
33850.04800076804 2.2561124929464667e-09
33900.04800076804 2.379647568615696e-09
33950.04800076804 2.2701415761647918e-09
34000.04800076804 3.640603479319285e-09
34050.04800076804 9.568315113331525e-10
34100.04800076804 3.071543327100512e-09
34150.04800076804 1.790917852623114e-09
34200.04800076804 2.8640560977625593e-09
34250.04800076804 2.049678855239352e-09
34300.04800076804 1.962989773505752e-09
34350.04800076804 3.233421671426798e-09
34400.04800076804 1.931626652223335e-09
34450.04800076804 3.761508227448036e-09
34500.04800076804 1.8052688593879434e-09
34550.04800076804 1.4702788750835633e-09
34600.04800076804 4.477359719626785e-09
34650.04800076804 1.489153990364957e-09
34700.04800076804 2.304459923941984e-09
34750.04800076804 1.9314868440673086e-09
34800.04800076804 1.881129422863789e-09
34850.04800076804 3.4294341659274002e-09
34900.04800076804 2.8204627355533825e-09
34950.04800076804 2.5943972583579007e-09
35000.04800076804 5.1824620865789596e-09
35050.04800076804 3.2593339692568554e-09
35100.04800076804 5.532561295698166e-09
35150.04800076804 4.676037154278552e-09
35200.04800076804 6.492364602907688e-09
35250.04800076804 6.456404712042632e-09
35300.04800076804 4.428261752714585e-09
35350.04800076804 6.935720849810524e-09
35400.04800076804 5.873326984213595e-09
35450.04800076804 4.826323856382024e-09
35500.04800076804 1.2653810441140112e-08
35550.04800076804 7.4351997497276045e-09
35600.04800076804 9.102959102096629e-09
35650.04800076804 9.162499559900729e-09
35700.04800076804 6.253618393646631e-09
35750.04800076804 1.4314712221821531e-08
35800.04800076804 9.118957467934316e-09
35850.04800076804 5.536899700307434e-09
35900.04800076804 9.925878759233591e-09
35950.04800076804 8.61398805435479e-09
36000.04800076804 4.130661261847828e-09
36050.04800076804 8.487776330805885e-09
36100.04800076804 7.85433232006924e-09
36150.04800076804 1.0586754382955107e-08
36200.04800076804 9.235090126171816e-09
36250.04800076804 1.1347001893795642e-08
36300.04800076804 1.2632353717204585e-08
36350.04800076804 1.0645893164481456e-08
36400.04800076804 1.7921327446851266e-08
36450.04800076804 1.494268733049155e-08
36500.04800076804 1.7045006637516042e-08
36550.04800076804 1.990985388382441e-08
36600.04800076804 2.1946818664054094e-08
36650.04800076804 2.16656401534087e-08
36700.04800076804 2.7250542664750147e-08
36750.04800076804 2.79647348304765e-08
36800.04800076804 2.365523014400652e-08
36850.04800076804 1.829049451696253e-08
36900.04800076804 2.3763601330939834e-08
36950.04800076804 2.407060767144884e-08
37000.04800076804 2.3548236290134608e-08
37050.04800076804 2.8092437009368285e-08
37100.04800076804 3.010071291619755e-08
37150.04800076804 2.975130204861839e-08
37200.04800076804 2.463353464209395e-08
37250.04800076804 2.2460044255625552e-08
37300.04800076804 2.2081877061387068e-08
37350.04800076804 3.270237090292518e-08
37400.04800076804 3.371151414350594e-08
37450.04800076804 2.787908576835762e-08
37500.04800076804 2.5809274410987782e-08
37550.04800076804 3.938427506705094e-08
37600.04800076804 5.0364563309370933e-08
37650.04800076804 3.231363258010448e-08
37700.04800076804 3.960532804500197e-08
37750.04800076804 2.6906941984451157e-08
37800.04800076804 3.0744692770195494e-08
37850.04800076804 2.4019863387340483e-08
37900.04800076804 3.0225195892252556e-08
37950.04800076804 3.787703273737341e-08
38000.04800076804 4.935697654789765e-08
38050.04800076804 4.938865457290838e-08
38100.04800076804 4.951699328550007e-08
38150.04800076804 5.3982645500227434e-08
38200.04800076804 5.6638209962201566e-08
38250.04800076804 5.608291883031463e-08
38300.04800076804 8.349378078685237e-08
38350.04800076804 7.424522048294673e-08
38400.04800076804 4.3368599862367245e-08
38450.04800076804 4.033515834864229e-08
38500.04800076804 2.2546597229429128e-08
38550.04800076804 3.6801762298931054e-08
38600.04800076804 4.54477252754609e-08
38650.04800076804 6.64746539001999e-08
38700.04800076804 5.482678026830732e-08
38750.04800076804 5.715685182788971e-08
38800.04800076804 4.435546565425186e-08
38850.04800076804 7.146297532422624e-08
38900.04800076804 7.274479826893758e-08
38950.04800076804 5.4624973901591685e-08
39000.04800076804 8.384212214219499e-08
39050.04800076804 6.182399213087159e-08
39100.04800076804 8.087664279994334e-08
39150.04800076804 6.76424232289183e-08
39200.04800076804 5.551232564968e-08
39250.04800076804 7.85602102236426e-08
39300.04800076804 7.6672033231846e-08
39350.04800076804 1.1379217932798788e-07
39400.04800076804 8.602736006654016e-08
39450.04800076804 9.197610639409385e-08
39500.04800076804 8.403888224525623e-08
39550.04800076804 7.635323877187764e-08
39600.04800076804 9.948232471057086e-08
39650.04800076804 1.2144924723652168e-07
39700.04800076804 8.270721739596886e-08
39750.04800076804 5.9326179563716916e-08
39800.04800076804 7.536561632310302e-08
39850.04800076804 1.0324751223763105e-07
39900.04800076804 1.1279760057603192e-07
39950.04800076804 9.924449646079661e-08
40000.04800076804 1.2558725687803398e-07
40050.04800076804 1.056451905814309e-07
40100.04800076804 6.986849072103046e-08
40150.04800076804 1.3173673237122068e-07
40200.04800076804 1.271567453119515e-07
40250.04800076804 1.1996122313907774e-07
40300.04800076804 1.3900133929988982e-07
40350.04800076804 9.186852831584437e-08
40400.04800076804 1.2927934398220117e-07
40450.04800076804 1.0300609740696868e-07
40500.04800076804 1.4437198936414357e-07
40550.04800076804 1.3373897809595653e-07
40600.04800076804 1.2480078105932802e-07
40650.04800076804 1.2929126771880603e-07
40700.04800076804 1.8463105816418763e-07
40750.04800076804 1.5872776411509005e-07
40800.04800076804 1.1138916839955311e-07
40850.04800076804 1.7704829261136034e-07
40900.04800076804 1.4459148792887197e-07
40950.04800076804 1.2634513017657453e-07
41000.04800076804 1.480768477482786e-07
41050.04800076804 1.858688621014086e-07
41100.04800076804 1.0392651380636149e-07
41150.04800076804 9.883095312926152e-08
41200.04800076804 1.9683105956826382e-07
41250.04800076804 1.5691689843529013e-07
41300.04800076804 1.302343668846622e-07
41350.04800076804 1.9991504625832327e-07
41400.04800076804 1.6335176927538942e-07
41450.04800076804 1.8851786066566876e-07
41500.04800076804 1.3943979602833493e-07
41550.04800076804 1.2905346425201215e-07
41600.04800076804 1.7967625108014023e-07
41650.04800076804 1.7592129117407755e-07
41700.04800076804 1.5854544422451163e-07
41750.04800076804 1.4739589129130673e-07
41800.04800076804 1.8918950682929597e-07
41850.04800076804 1.1611540489042627e-07
41900.04800076804 1.396742165930958e-07
41950.04800076804 1.3733527654026506e-07
42000.04800076804 1.6787273729358933e-07
42050.04800076804 1.437877929355212e-07
42100.04800076804 1.5732502691699906e-07
42150.04800076804 1.1670467149361493e-07
42200.04800076804 1.5008958623635125e-07
42250.04800076804 1.183772031937719e-07
42300.04800076804 1.1605008341995733e-07
42350.04800076804 1.3078299655253087e-07
42400.04800076804 1.0779080034823396e-07
42450.04800076804 9.747580756777004e-08
42500.04800076804 1.2123442789225034e-07
42550.04800076804 1.041984873886424e-07
42600.04800076804 1.240045791625806e-07
42650.04800076804 1.663140391410235e-07
42700.04800076804 1.1026322097997343e-07
42750.04800076804 1.2322700183514333e-07
42800.04800076804 1.0250159997339506e-07
42850.04800076804 1.4200746476435157e-07
42900.04800076804 1.4099890911384702e-07
42950.04800076804 1.1626825448296888e-07
43000.04800076804 1.4491727036559128e-07
43050.04800076804 7.17577684632811e-08
43100.04800076804 1.1268504539835729e-07
43150.04800076804 1.3489191354492776e-07
43200.04800076804 1.5101835723564267e-07
43250.04800076804 1.4593417753770705e-07
43300.04800076804 1.9217785238160185e-07
43350.04800076804 1.1752545135363154e-07
43400.04800076804 1.5231084750699887e-07
43450.04800076804 9.723819151790501e-08
43500.04800076804 1.0568305899769224e-07
43550.04800076804 1.1003419132133715e-07
43600.04800076804 1.5888976541068645e-07
43650.04800076804 8.865510044706813e-08
43700.04800076804 1.6313324202693016e-07
43750.04800076804 1.7452002968384536e-07
43800.04800076804 1.1729542461383618e-07
43850.04800076804 1.3978049486869252e-07
43900.04800076804 1.0582097317370682e-07
43950.04800076804 8.627821190590023e-08
44000.04800076804 6.439183692370643e-08
44050.04800076804 1.0962238621290097e-07
44100.04800076804 1.1699350500515038e-07
44150.04800076804 1.1423368855584848e-07
44200.04800076804 9.636462370884226e-08
44250.04800076804 7.575324391732184e-08
44300.04800076804 7.023048584289846e-08
44350.04800076804 5.879713401303815e-08
44400.04800076804 5.8504408494704124e-08
44450.04800076804 5.931410427578054e-08
44500.04800076804 4.617979812992378e-08
44550.04800076804 5.1123195626261367e-08
44600.04800076804 3.843752695439422e-08
44650.04800076804 4.290379824951974e-08
44700.04800076804 3.66327865829226e-08
44750.04800076804 3.725269095905423e-08
44800.04800076804 3.1275726234064095e-08
44850.04800076804 2.7913969841188533e-08
44900.04800076804 2.066575872867966e-08
44950.04800076804 1.8403410299399767e-08
45000.04800076804 1.8214774478814664e-08
45050.04800076804 1.901294759560993e-08
45100.04800076804 1.7378827601585726e-08
45150.04800076804 1.4273544057634054e-08
45200.04800076804 9.567489687995751e-09
45250.04800076804 1.021353135418944e-08
45300.04800076804 1.236054246674314e-08
45350.04800076804 1.1089889367746984e-08
45400.04800076804 7.488132020371633e-09
45450.04800076804 6.776309574305533e-09
45500.04800076804 7.814806733445288e-09
45550.04800076804 9.281220272974136e-09
45600.04800076804 5.879791974475999e-09
45650.04800076804 5.987800609816965e-09
45700.04800076804 8.740391659950638e-09
45750.04800076804 6.563473637037292e-09
45800.04800076804 4.51889988468642e-09
45850.04800076804 8.11334662069605e-09
45900.04800076804 7.701893911588945e-09
45950.04800076804 4.276791251166077e-09
46000.04800076804 7.0726144210618616e-09
46050.04800076804 8.218112977071375e-09
46100.04800076804 4.3178832540297834e-09
46150.04800076804 8.840301147779205e-09
46200.04800076804 8.799843845753721e-09
46250.04800076804 3.453233596419946e-09
46300.04800076804 1.0711915408467115e-08
46350.04800076804 6.963104216175824e-09
46400.04800076804 8.523528702744434e-09
46450.04800076804 1.4936361631899352e-08
46500.04800076804 8.666154205023272e-09
46550.04800076804 1.9245819011978946e-08
46600.04800076804 2.0350281356772452e-08
46650.04800076804 4.2422954469619736e-08
46700.04800076804 2.6398148825661006e-08
46750.04800076804 1.5333676572898307e-08
46800.04800076804 1.1187758134205301e-08
46850.04800076804 1.3659549072602641e-08
46900.04800076804 1.0927857585480114e-08
46950.04800076804 1.883704207103648e-08
47000.04800076804 6.552775802148216e-09
47050.04800076804 1.8086576188018404e-08
47100.04800076804 6.232477408991255e-09
47150.04800076804 9.675740897131943e-09
47200.04800076804 1.0475309651026054e-08
47250.04800076804 6.307622383961934e-09
47300.04800076804 9.505011175990315e-09
47350.04800076804 5.519715266653081e-09
47400.04800076804 1.3723227273693352e-08
47450.04800076804 4.953045904907745e-09
47500.04800076804 1.6469478574541227e-08
47550.04800076804 5.8711030979281e-09
47600.04800076804 1.6261876112606317e-08
47650.04800076804 7.067384645923703e-09
47700.04800076804 1.5686588019069515e-08
47750.04800076804 6.778855432648287e-09
47800.04800076804 1.5687805041938893e-08
47850.04800076804 7.579317467701381e-09
47900.04800076804 1.3684275056099527e-08
47950.04800076804 9.098505767337525e-09
48000.04800076804 2.1386632009435517e-08
48050.04800076804 1.2782199877096473e-08
48100.04800076804 2.1257646497120762e-08
48150.04800076804 1.426746691844321e-08
48200.04800076804 2.390223282703035e-08
48250.04800076804 1.606225272359386e-08
48300.04800076804 3.09112335626271e-08
48350.04800076804 1.5680414440134094e-08
48400.04800076804 2.1683151305737536e-08
48450.04800076804 1.4408851869801599e-08
48500.04800076804 3.0824277246216335e-08
48550.04800076804 1.3100967072957428e-08
48600.04800076804 3.159720523055169e-08
48650.04800076804 1.5407833769271208e-08
48700.04800076804 3.686353987338232e-08
48750.04800076804 1.9286280232907827e-08
48800.04800076804 3.66221614191457e-08
48850.04800076804 2.8726364099027623e-08
48900.04800076804 3.933564715291115e-08
48950.04800076804 3.9229072711745986e-08
49000.04800076804 3.066723937740629e-08
49050.04800076804 4.30463687537771e-08
49100.04800076804 2.8538265222667236e-08
49150.04800076804 5.7715167941734236e-08
49200.04800076804 2.817032355011601e-08
49250.04800076804 6.128406739834055e-08
49300.04800076804 3.620013601944921e-08
49350.04800076804 3.845057705769318e-08
49400.04800076804 5.213268397704244e-08
49450.04800076804 4.688459779599742e-08
49500.04800076804 4.442292839224473e-08
49550.04800076804 1.8310499701801343e-08
49600.04800076804 4.9250355761336796e-08
49650.04800076804 4.486744169705063e-08
49700.04800076804 4.562392620372059e-08
49750.04800076804 8.571412779648853e-08
49800.04800076804 3.870816527484885e-08
49850.04800076804 1.0302639789254692e-07
49900.04800076804 6.460585061195161e-08
49950.04800076804 8.608231146643777e-08
50000.04800076804 7.988419524343613e-08
50050.04800076804 8.148696115546474e-08
50100.04800076804 9.769011854123833e-08
50150.04800076804 3.3050057483532374e-08
50200.04800076804 1.6364395918854813e-08
50250.04800076804 6.394458536853322e-08
50300.04800076804 4.6516956809421056e-08
50350.04800076804 7.692394653378327e-08
50400.04800076804 7.584390083514731e-08
50450.04800076804 7.790025438153438e-08
50500.04800076804 1.0455852403787968e-07
50550.04800076804 8.526710300660828e-08
50600.04800076804 9.441678128602377e-08
50650.04800076804 9.082753083863951e-08
50700.04800076804 1.2453855378437987e-07
50750.04800076804 1.102036688350364e-07
50800.04800076804 3.767147933592652e-08
50850.04800076804 3.091734939354162e-08
50900.04800076804 1.0145357659077893e-07
50950.04800076804 1.0594474951466614e-07
51000.04800076804 7.896671644284132e-08
51050.04800076804 9.393499049325732e-08
51100.04800076804 3.548834444005569e-08
51150.04800076804 5.875319288888826e-08
51200.04800076804 1.2308133241285606e-07
51250.04800076804 1.0155504798882163e-07
51300.04800076804 5.958490810622883e-08
51350.04800076804 7.811939399456844e-08
51400.04800076804 3.787045434619169e-08
51450.04800076804 3.16125246887293e-08
51500.04800076804 2.7693018216478124e-08
51550.04800076804 7.74786247413608e-08
51600.04800076804 5.5754890300420964e-08
51650.04800076804 8.96736922463702e-08
51700.04800076804 8.680724762108367e-08
51750.04800076804 5.646384675276601e-08
51800.04800076804 1.2211435120042531e-07
51850.04800076804 9.636837426911592e-08
51900.04800076804 1.1723503144489546e-07
51950.04800076804 7.58792652556135e-08
52000.04800076804 1.2912289942912317e-08
52050.04800076804 4.363535608043006e-08
52100.04800076804 3.276128345948388e-08
52150.04800076804 2.019058367727349e-08
52200.04800076804 3.42895182480518e-08
52250.04800076804 6.069127792285253e-08
52300.04800076804 9.72472799807752e-08
52350.04800076804 4.0268430748887344e-08
52400.04800076804 3.6180603301772045e-08
52450.04800076804 9.52707058100323e-08
52500.04800076804 8.586229835722836e-08
52550.04800076804 8.337853110309328e-08
52600.04800076804 6.116405796964937e-08
52650.04800076804 6.879129272654424e-08
52700.04800076804 5.752746654186985e-08
52750.04800076804 3.251504593031019e-08
52800.04800076804 3.9478286149430287e-08
52850.04800076804 5.323048156550511e-08
52900.04800076804 2.8653777627566907e-08
52950.04800076804 3.323797026331141e-08
53000.04800076804 9.107002994513513e-08
53050.04800076804 2.6652853020172275e-08
53100.04800076804 9.153954240854423e-08
53150.04800076804 1.065583405257037e-07
53200.04800076804 4.2608233162643724e-08
53250.04800076804 1.0112891422296493e-07
53300.04800076804 1.0122269665422116e-07
53350.04800076804 9.596609328867856e-08
53400.04800076804 8.005266681505323e-08
53450.04800076804 2.2151963153165008e-08
53500.04800076804 8.160094963593126e-09
53550.04800076804 1.7760285314165053e-08
53600.04800076804 4.804066384426874e-08
53650.04800076804 4.8370072972189945e-08
53700.04800076804 3.859552102383953e-08
53750.04800076804 3.822255716848321e-08
53800.04800076804 3.610832958846515e-08
53850.04800076804 5.34630548803828e-08
53900.04800076804 6.936257782143689e-08
53950.04800076804 8.286887068778965e-08
54000.04800076804 5.128780079984318e-08
54050.04800076804 5.768058154131929e-08
54100.04800076804 1.5585295078312618e-08
54150.04800076804 2.5081008764275017e-08
54200.04800076804 5.787100881853025e-09
54250.04800076804 1.204185337818475e-08
54300.04800076804 3.297913554302104e-08
54350.04800076804 4.47976996137203e-08
54400.04800076804 4.162773385944301e-08
54450.04800076804 3.525215082840916e-08
54500.04800076804 2.931170892551618e-08
54550.04800076804 2.8063917498960384e-08
54600.04800076804 3.095610579925668e-08
54650.04800076804 6.961503193180651e-09
54700.04800076804 3.5038217529802246e-08
54750.04800076804 3.4542443447215454e-08
54800.04800076804 1.9480860591547557e-08
54850.04800076804 3.0936739026517485e-08
54900.04800076804 4.8099553114523983e-08
54950.04800076804 7.484811778579089e-08
55000.04800076804 2.009934370910482e-08
55050.04800076804 3.9822954593128724e-08
55100.04800076804 4.2522425752801764e-08
55150.04800076804 2.2878787250042062e-08
55200.04800076804 2.0276504788597988e-08
55250.04800076804 3.05449190258895e-08
55300.04800076804 1.897703187798722e-08
55350.04800076804 4.361625293970398e-08
55400.04800076804 5.1687354858600696e-08
55450.04800076804 2.8129066044468083e-08
55500.04800076804 1.0954019957571104e-08
55550.04800076804 1.2966117095345454e-08
55600.04800076804 1.9275686857131138e-08
55650.04800076804 1.808692807265296e-08
55700.04800076804 1.9991322824081296e-08
55750.04800076804 1.8967886580943934e-08
55800.04800076804 8.805017878264833e-09
55850.04800076804 1.2265706805313045e-08
55900.04800076804 3.302498373331955e-08
55950.04800076804 4.733374911908999e-08
56000.04800076804 1.54559202495182e-08
56050.04800076804 2.2376519997585035e-08
56100.04800076804 3.355913982810988e-08
56150.04800076804 1.539251792150668e-08
56200.04800076804 2.2801664161511792e-08
56250.04800076804 3.4932177168489165e-08
56300.04800076804 2.5251370626192874e-08
56350.04800076804 1.8989374354076222e-08
56400.04800076804 6.899782931383412e-09
56450.04800076804 6.6037097245166e-09
56500.04800076804 1.566550199419994e-08
56550.04800076804 7.907819436072034e-09
56600.04800076804 2.9712294073440598e-08
56650.04800076804 3.337508672917138e-08
56700.04800076804 2.719789650387132e-08
56750.04800076804 8.228473859591052e-09
56800.04800076804 2.497196523790714e-08
56850.04800076804 2.5026137194612357e-08
56900.04800076804 1.2778888558729182e-08
56950.04800076804 2.877098707557711e-08
57000.04800076804 3.6890556462866766e-08
57050.04800076804 1.595031279200579e-08
57100.04800076804 5.393154693496685e-09
57150.04800076804 9.293224796538353e-09
57200.04800076804 8.093687335706041e-09
57250.04800076804 1.1459800174648015e-08
57300.04800076804 2.0739243682565155e-08
57350.04800076804 9.025742166186408e-09
57400.04800076804 2.350957372327662e-08
57450.04800076804 1.3508597329333874e-08
57500.04800076804 1.3963465765954135e-08
57550.04800076804 2.1100786328637166e-08
57600.04800076804 1.9638211905356405e-08
57650.04800076804 3.919167770060207e-09
57700.04800076804 7.1037696005773634e-09
57750.04800076804 1.3724614064621695e-08
57800.04800076804 5.383583585122609e-09
57850.04800076804 4.3660321223882886e-08
57900.04800076804 4.8567000237923244e-08
57950.04800076804 4.915612281529315e-08
58000.04800076804 1.4707932793388989e-08
58050.04800076804 2.7218357256332248e-08
58100.04800076804 2.7588540956598898e-08
58150.04800076804 1.6069259308049385e-08
58200.04800076804 4.0148078125546874e-09
58250.04800076804 6.9506161258379564e-09
58300.04800076804 7.262642632605761e-09
58350.04800076804 1.0252111726180151e-08
58400.04800076804 2.3628556641597312e-08
58450.04800076804 2.5588444936940148e-08
58500.04800076804 2.4046463279052977e-08
58550.04800076804 2.2494112590125137e-08
58600.04800076804 8.446435168949258e-09
58650.04800076804 1.1118786164589958e-08
58700.04800076804 1.618109553672737e-08
58750.04800076804 1.2230544395207637e-08
58800.04800076804 2.2372973457066097e-09
58850.04800076804 9.710268773348453e-09
58900.04800076804 1.4451012847019954e-08
58950.04800076804 5.699744445649069e-09
59000.04800076804 1.5043274205699274e-08
59050.04800076804 2.3967032926775755e-08
59100.04800076804 2.2432328784197976e-08
59150.04800076804 1.6410532737763586e-08
59200.04800076804 1.995619058149214e-08
59250.04800076804 2.105332408044863e-08
59300.04800076804 1.5657310860763492e-08
59350.04800076804 3.2751067262201324e-09
59400.04800076804 3.3422193009205993e-09
59450.04800076804 1.710303940221222e-08
59500.04800076804 8.69266428334994e-09
59550.04800076804 2.1033482758528362e-08
59600.04800076804 2.657565240808214e-08
59650.04800076804 1.292287537116123e-08
59700.04800076804 8.338508206762047e-09
59750.04800076804 2.7773011529200024e-08
59800.04800076804 1.2654991907290383e-08
59850.04800076804 1.8065414393311573e-08
59900.04800076804 5.907093708677782e-09
59950.04800076804 1.4390030342697257e-08
60000.04800076804 3.6615900781022673e-08
60050.04800076804 3.322155716143578e-08
60100.04800076804 2.6232737083039378e-08
60150.04800076804 1.1448219348794286e-08
60200.04800076804 2.499028833658274e-08
60250.04800076804 3.621766472260485e-08
60300.04800076804 3.183744915173286e-08
60350.04800076804 2.008744452146468e-08
60400.04800076804 1.9947244817657816e-08
60450.04800076804 4.947006560815948e-09
60500.04800076804 1.8243264834154272e-09
60550.04800076804 1.6784437892845462e-08
60600.04800076804 2.3439772688904545e-08
60650.04800076804 1.3969597810999148e-08
60700.04800076804 9.375322390630588e-09
60750.04800076804 5.046166146697952e-09
60800.04800076804 2.2321129449149097e-08
60850.04800076804 4.5470794709612166e-08
60900.04800076804 4.222037515013443e-08
60950.04800076804 3.2884150341328814e-08
61000.04800076804 2.70106057171354e-08
61050.04800076804 1.0186621853635222e-08
61100.04800076804 1.3047657426067274e-08
61150.04800076804 3.997205381222188e-09
61200.04800076804 2.315010438341084e-08
61250.04800076804 3.612631845622031e-08
61300.04800076804 3.4029637052681414e-08
61350.04800076804 4.8107459424602164e-08
61400.04800076804 1.8113327957562015e-08
61450.04800076804 5.783320741393293e-09
61500.04800076804 1.0928982651513206e-08
61550.04800076804 1.7483127873224684e-08
61600.04800076804 7.145828400103451e-09
61650.04800076804 1.856253471881908e-08
61700.04800076804 1.8714916033256656e-08
61750.04800076804 2.059270084318283e-08
61800.04800076804 1.91457900381029e-08
61850.04800076804 6.066716490596533e-09
61900.04800076804 2.9310870625462295e-08
61950.04800076804 3.155533387679314e-08
62000.04800076804 4.1397971613426156e-08
62050.04800076804 3.8168368755170404e-08
62100.04800076804 2.831816178457039e-08
62150.04800076804 4.151889790485119e-08
62200.04800076804 3.552925393674436e-08
62250.04800076804 2.985220922229099e-08
62300.04800076804 6.517508042005634e-08
62350.04800076804 4.7031825799225575e-08
62400.04800076804 1.7669954328758114e-08
62450.04800076804 2.9545967807999285e-08
62500.04800076804 6.100908832484398e-08
62550.04800076804 5.2519896963804125e-08
62600.04800076804 5.721181680842119e-08
62650.04800076804 3.8520848958053995e-08
62700.04800076804 3.455647487183283e-08
62750.04800076804 5.239779798519218e-08
62800.04800076804 2.9016896672397207e-08
62850.04800076804 4.863183580713166e-08
62900.04800076804 3.010826508201835e-08
62950.04800076804 6.183456659207682e-08
63000.04800076804 4.218584888724664e-08
63050.04800076804 7.551677041701726e-08
63100.04800076804 6.830234834851789e-08
63150.04800076804 4.622247781977299e-08
63200.04800076804 5.309475419079234e-08
63250.04800076804 4.032072918878312e-08
63300.04800076804 4.090485937544602e-08
63350.04800076804 3.549027497599822e-08
63400.04800076804 1.3279653158488837e-08
63450.04800076804 7.1286044293403215e-09
63500.04800076804 2.823104534977916e-08
63550.04800076804 3.6742891735974555e-08
63600.04800076804 4.051954376130378e-08
63650.04800076804 2.1892985276333704e-08
63700.04800076804 7.89408695816587e-09
63750.04800076804 2.0067279044333102e-08
63800.04800076804 4.679154488224857e-08
63850.04800076804 3.241219384125163e-08
63900.04800076804 1.1016319784443274e-08
63950.04800076804 2.8234770653113655e-08
64000.04800076804 3.286725004968882e-08
64050.04800076804 1.2820179631734832e-08
64100.04800076804 3.176519512557089e-09
64150.04800076804 5.086567685865314e-09
64200.04800076804 6.136427267478932e-09
64250.04800076804 1.8055811628439736e-08
64300.04800076804 1.3441212659136533e-08
64350.04800076804 9.387442742426169e-09
64400.04800076804 2.5531319046785062e-08
64450.04800076804 3.0843699791521215e-08
64500.04800076804 1.0601103260026232e-08
64550.04800076804 2.326707901845542e-08
64600.04800076804 9.62961320433637e-09
64650.04800076804 2.0346825579011285e-08
64700.04800076804 6.695969730831449e-09
64750.04800076804 1.2769385665777742e-08
64800.04800076804 8.836830041302923e-09
64850.04800076804 5.410573037379531e-09
64900.04800076804 5.471200767606557e-09
64950.04800076804 5.092916467921282e-09
65000.04800076804 8.386692546211428e-09
65050.04800076804 1.4058778972536301e-08
65100.04800076804 2.239711338265618e-08
65150.04800076804 8.238565528864437e-09
65200.04800076804 4.41548669429645e-09
65250.04800076804 1.677718040286122e-08
65300.04800076804 1.389866029442412e-08
65350.04800076804 3.8857889771801166e-08
65400.04800076804 1.4486723061229099e-08
65450.04800076804 1.5121798287298316e-08
65500.04800076804 1.9169375181118476e-08
65550.04800076805 7.655258187291137e-09
65600.04800076805 1.719010683002037e-08
65650.04800076805 1.1292573291804629e-08
65700.04800076805 1.023142539116255e-08
65750.04800076805 6.885415890824601e-09
65800.04800076805 1.4923588439733227e-08
65850.04800076805 2.003376266443853e-08
65900.04800076805 5.910921303657897e-09
65950.04800076805 9.925829988028645e-09
66000.04800076805 1.375570197450824e-08
66050.04800076805 3.2584539526162685e-08
66100.04800076805 1.5884771100683418e-08
66150.04800076805 1.2811813458178186e-08
66200.04800076805 1.2761499509850007e-08
66250.04800076805 8.850669309061469e-09
66300.04800076805 3.2927576832158447e-09
66350.04800076805 3.1317020357548494e-09
66400.04800076805 6.27243177277509e-09
66450.04800076805 1.8834216965405366e-08
66500.04800076805 2.7993690414217646e-08
66550.04800076805 3.076154611361297e-08
66600.04800076805 2.2625370656289027e-08
66650.04800076805 1.538533344980122e-08
66700.04800076805 1.1920000444725191e-08
66750.04800076805 1.1493150773209687e-08
66800.04800076805 1.4895034870230728e-08
66850.04800076805 8.902968048207492e-09
66900.04800076805 3.200361312405876e-08
66950.04800076805 3.233762999904346e-08
67000.04800076805 3.228706785957739e-08
67050.04800076805 1.8195120512986417e-08
67100.04800076805 9.853222646968684e-09
67150.04800076805 1.1344497423627377e-08
67200.04800076805 1.909161724994707e-08
67250.04800076805 1.8187273016159225e-08
67300.04800076805 2.8039473259469785e-08
67350.04800076805 1.3429994002434581e-08
67400.04800076805 3.606297933727841e-08
67450.04800076805 2.212149741652665e-08
67500.04800076805 1.8670566848104754e-08
67550.04800076805 3.569198536998555e-08
67600.04800076805 6.112267693793863e-08
67650.04800076805 4.449944254988677e-08
67700.04800076805 2.3710652539953032e-08
67750.04800076805 1.5649214698933993e-08
67800.04800076805 2.5229219569910022e-08
67850.04800076805 1.006379589346693e-08
67900.04800076805 1.3100094462084326e-08
67950.04800076805 1.0091140085379602e-08
68000.04800076805 2.1497351839269053e-08
68050.04800076805 3.215754704307086e-08
68100.04800076805 4.604521094353523e-08
68150.04800076805 3.4785444889864054e-08
68200.04800076805 2.858336376602685e-08
68250.04800076805 5.9127332236128515e-09
68300.04800076805 2.6837482780327986e-08
68350.04800076805 1.5967439699585334e-08
68400.04800076805 4.950532260792471e-08
68450.04800076805 3.921177363405858e-08
68500.04800076805 2.489494687848638e-08
68550.04800076805 1.0272053187204258e-08
68600.04800076805 1.0822618424728346e-08
68650.04800076805 5.213808999938131e-09
68700.04800076805 1.4092294189729958e-08
68750.04800076805 2.304578151534717e-08
68800.04800076805 2.9375227219702793e-08
68850.04800076805 1.004349233490044e-08
68900.04800076805 4.183643852376126e-08
68950.04800076805 4.0031628164266024e-08
69000.04800076805 3.0023804462094214e-08
69050.04800076805 1.391567479359349e-08
69100.04800076805 3.899435816661754e-08
69150.04800076805 5.595345441495295e-08
69200.04800076805 3.702174004935009e-08
69250.04800076805 5.706349870587274e-08
69300.04800076805 3.0409048131014384e-08
69350.04800076805 5.7860180674871715e-08
69400.04800076805 1.7842420940319194e-08
69450.04800076805 5.072566667189097e-08
69500.04800076805 2.3703658816237766e-08
69550.04800076805 2.0317923037407763e-08
69600.04800076805 5.362542634457796e-09
69650.04800076805 1.8938652340636215e-08
69700.04800076805 3.879161594791938e-08
69750.04800076805 2.4041457079566447e-08
69800.04800076805 3.872478687751065e-08
69850.04800076805 3.7807755129017764e-08
69900.04800076805 2.2447335777464953e-08
69950.04800076805 2.3747184352500814e-08
70000.04800076805 2.6002802073148363e-08
70050.04800076805 5.330453425528939e-08
70100.04800076805 3.772794680528972e-08
70150.04800076805 3.129373148026262e-08
70200.04800076805 1.9192525211225975e-08
70250.04800076805 2.8785536490594784e-08
70300.04800076805 4.988581913220741e-08
70350.04800076805 3.3795142045923795e-08
70400.04800076805 1.8234780967531593e-08
70450.04800076805 3.739907200578453e-09
70500.04800076805 1.5184132738927245e-08
70550.04800076805 1.569101276339632e-08
70600.04800076805 1.4618333866647248e-08
70650.04800076805 3.9785440115042086e-08
70700.04800076805 3.8674043484034466e-08
70750.04800076805 5.288519830247246e-08
70800.04800076805 2.4994246522204002e-08
70850.04800076805 2.6208535862084432e-08
70900.04800076805 2.8815611622308403e-08
70950.04800076805 4.5141774971990896e-08
71000.04800076805 3.849858250956092e-08
71050.04800076805 4.139717525932258e-08
71100.04800076805 2.7397045393919533e-08
71150.04800076805 2.4300017473723602e-08
71200.04800076805 2.1287066479729843e-08
71250.04800076805 3.1188321222645344e-08
71300.04800076805 4.592963888955487e-08
71350.04800076805 4.865375007763879e-08
71400.04800076805 3.784872424929243e-08
71450.04800076805 1.517073505838054e-08
71500.04800076805 1.7171292371419983e-08
71550.04800076805 2.314403190564984e-08
71600.04800076805 2.426052706139284e-08
71650.04800076805 1.8080827873318874e-08
71700.04800076805 1.2777782009687139e-08
71750.04800076805 2.4800820222784697e-08
71800.04800076805 4.165835996583899e-08
71850.04800076805 3.832652227197004e-08
71900.04800076805 1.992970269613458e-08
71950.04800076805 2.7458676546434203e-08
72000.04800076805 2.5895951391392193e-08
72050.04800076805 1.3566512182410168e-08
72100.04800076805 1.5681492557687566e-08
72150.04800076805 1.4236802720795948e-08
72200.04800076805 3.0036175279887735e-08
72250.04800076805 3.581786187287007e-08
72300.04800076805 2.6836300431221154e-08
72350.04800076805 3.236586473336037e-08
72400.04800076805 2.5144443671047108e-08
72450.04800076805 1.9053422871193488e-08
72500.04800076805 2.6630193077040022e-08
72550.04800076805 1.057929761500369e-08
72600.04800076805 1.7774515125464584e-08
72650.04800076805 3.512940229729652e-08
72700.04800076805 2.4201225084528847e-08
72750.04800076805 2.2274344320924738e-08
72800.04800076805 1.4666037917481181e-08
72850.04800076805 1.772030863372947e-08
72900.04800076805 3.543783761802001e-08
72950.04800076805 2.6075627852881582e-08
73000.04800076805 2.5790838520438646e-08
73050.04800076805 1.4501885117472306e-08
73100.04800076805 1.7509243890408012e-08
73150.04800076805 4.230518258655367e-08
73200.04800076805 1.5140049625374418e-08
73250.04800076805 2.3167584646354556e-08
73300.04800076805 1.7940937969278147e-08
73350.04800076805 1.142677825251977e-08
73400.04800076805 2.103748371636259e-08
73450.04800076805 1.1837063010201467e-08
73500.04800076805 1.0021359783798974e-08
73550.04800076805 2.0016238114944765e-08
73600.04800076805 1.4968699015077686e-08
73650.04800076805 2.122111276977039e-08
73700.04800076805 2.1579119323974286e-08
73750.04800076805 8.398146679621174e-09
73800.04800076805 1.7883372371494193e-08
73850.04800076805 2.4252413770179187e-08
73900.04800076805 1.7126419606614122e-08
73950.04800076805 1.644572554170675e-08
74000.04800076805 9.415979357280631e-09
74050.04800076805 3.2425137894833056e-08
74100.04800076805 2.0071486798928164e-08
74150.04800076805 1.9679575148725392e-08
74200.04800076805 1.3240055819494162e-08
74250.04800076805 3.170090846487446e-09
74300.04800076805 1.843341284626854e-08
74350.04800076805 2.9223751959785458e-08
74400.04800076805 2.7100033965190892e-08
74450.04800076805 1.0800690252538506e-08
74500.04800076805 7.880057321394544e-09
74550.04800076805 1.5638080653140736e-08
74600.04800076805 1.6162244925068013e-08
74650.04800076805 1.63504578168923e-08
74700.04800076805 1.0598126630359093e-08
74750.04800076805 8.28407203170844e-09
74800.04800076805 1.2397649419276652e-08
74850.04800076805 9.698021324927737e-09
74900.04800076805 2.5613286296333124e-08
74950.04800076805 2.701135402987644e-08
75000.04800076805 1.276955445855307e-08
75050.04800076805 4.803455694618417e-09
75100.04800076805 2.6613263459336874e-08
75150.04800076805 2.8022607376135796e-08
75200.04800076805 3.00772133727007e-08
75250.04800076805 3.115883741289626e-08
75300.04800076805 2.5388653034425138e-08
75350.04800076805 9.867120214801077e-09
75400.04800076805 3.281959080968172e-08
75450.04800076805 2.8141554160557833e-08
75500.04800076805 2.5505172647498558e-08
75550.04800076805 2.7494023518831713e-08
75600.04800076805 3.662073577885168e-08
75650.04800076805 1.919282282775442e-08
75700.04800076805 2.9761132353857963e-08
75750.04800076805 1.4345190919484339e-08
75800.04800076805 2.6216705289328215e-08
75850.04800076805 3.459021425458502e-08
75900.04800076805 3.155602083628049e-08
75950.04800076805 1.5668551469701897e-08
76000.04800076805 3.147777235334026e-08
76050.04800076805 3.2667381500326146e-08
76100.04800076805 2.888815573777053e-08
76150.04800076805 3.3061267543527956e-08
76200.04800076805 3.183605769644523e-08
76250.04800076805 2.238694915006815e-08
76300.04800076805 4.581495390083573e-08
76350.04800076805 5.611366220742432e-08
76400.04800076805 4.606336455334775e-08
76450.04800076805 3.8257331314546545e-08
76500.04800076805 2.532962672441721e-08
76550.04800076805 1.3127652108172645e-08
76600.04800076805 3.2242956657694713e-09
76650.04800076805 3.688779330259973e-09
76700.04800076805 5.480992657785429e-09
76750.04800076805 5.390342149226499e-09
76800.04800076805 1.1355153198380351e-08
76850.04800076805 2.9837370834335487e-09
76900.04800076805 3.3639512063319953e-09
76950.04800076805 1.0124879732610399e-08
77000.04800076805 1.3916390825383017e-08
77050.04800076805 4.984999433476137e-09
77100.04800076805 5.799219728316194e-09
77150.04800076805 1.6986369276406742e-08
77200.04800076805 1.0640313988878064e-08
77250.04800076805 1.08856991618694e-08
77300.04800076805 1.5253263662400026e-08
77350.04800076805 6.168260535755055e-09
77400.04800076805 6.72872305354874e-09
77450.04800076805 1.2927755892434454e-08
77500.04800076805 1.2235398564029047e-08
77550.04800076805 1.1969194641719261e-08
77600.04800076805 7.070390280494175e-09
77650.04800076805 9.677955326943534e-09
77700.04800076805 6.274444771504101e-09
77750.04800076805 1.8426494456781106e-08
77800.04800076805 1.8090713662810723e-08
77850.04800076805 3.322954579668953e-08
77900.04800076805 1.783780859793234e-08
77950.04800076805 5.443335080718784e-09
78000.04800076805 1.2431124020451697e-08
78050.04800076805 1.707371469172929e-08
78100.04800076805 1.5177523712896527e-08
78150.04800076805 3.019783923747734e-08
78200.04800076805 2.7210816676785332e-08
78250.04800076805 2.5781912977775405e-08
78300.04800076805 1.8324958988799717e-08
78350.04800076805 2.5139161754356144e-08
78400.04800076805 1.19275961518153e-08
78450.04800076805 2.7482706222776906e-08
78500.04800076805 3.071087357112478e-08
78550.04800076805 4.062187445496631e-08
78600.04800076805 2.9786783400143993e-08
78650.04800076805 5.46925562638763e-09
78700.04800076805 1.2194022257495755e-08
78750.04800076805 1.575336277447049e-08
78800.04800076805 2.1441923915779e-08
78850.04800076805 8.162654410842855e-09
78900.04800076805 1.9438668009713896e-08
78950.04800076805 2.6108149046106888e-08
79000.04800076805 2.2457724927433265e-08
79050.04800076805 1.732030841719703e-08
79100.04800076805 1.9076250385460026e-08
79150.04800076805 1.985643732209163e-08
79200.04800076805 2.6832673256074634e-08
79250.04800076805 1.5790774017415103e-08
79300.04800076805 1.127590533279249e-08
79350.04800076805 1.7111590080213457e-08
79400.04800076805 1.3631580103315941e-08
79450.04800076805 3.05742262503369e-08
79500.04800076805 4.7067451985111105e-08
79550.04800076805 2.9924398427203666e-08
79600.04800076805 1.5861446681333532e-08
79650.04800076805 2.6299776694303254e-08
79700.04800076805 2.6326146677585737e-08
79750.04800076805 2.6713485716881175e-08
79800.04800076805 1.0909269240547603e-08
79850.04800076805 2.4480770594319015e-08
79900.04800076805 4.682939814037977e-08
79950.04800076805 3.131458536426872e-08
