# %ECSV 1.0
# ---
# datatype:
# - {name: wav, unit: Angstrom, datatype: float64}
# - {name: flux_nu, unit: erg / (cm2 Hz s), datatype: float64}
# schema: astropy-2.0
wav flux_nu
3000.0480007680403 nan
3050.0480007680403 0.0
3100.0480007680403 0.0
3150.0480007680403 0.0
3200.0480007680403 0.0
3250.0480007680403 0.0
3300.0480007680403 0.0
3350.0480007680403 0.0
3400.0480007680403 0.0
3450.0480007680403 0.0
3500.0480007680403 0.0
3550.0480007680403 0.0
3600.0480007680403 0.0
3650.0480007680403 0.0
3700.0480007680403 0.0
3750.0480007680403 0.0
3800.0480007680403 0.0
3850.0480007680403 0.0
3900.0480007680403 0.0
3950.0480007680403 0.0
4000.0480007680403 0.0
4050.0480007680403 0.0
4100.04800076804 0.0
4150.04800076804 0.0
4200.04800076804 0.0
4250.04800076804 0.0
4300.04800076804 0.0
4350.04800076804 0.0
4400.04800076804 0.0
4450.04800076804 0.0
4500.04800076804 0.0
4550.04800076804 0.0
4600.04800076804 0.0
4650.04800076804 0.0
4700.04800076804 0.0
4750.04800076804 0.0
4800.04800076804 0.0
4850.04800076804 0.0
4900.04800076804 0.0
4950.04800076804 0.0
5000.04800076804 1.7907690396913302e-12
5050.04800076804 4.507221445022325e-12
5100.04800076804 5.148860645842481e-12
5150.04800076804 5.999293311983333e-12
5200.04800076804 7.0237371832917595e-12
5250.04800076804 8.179600801461641e-12
5300.04800076804 9.510527266401362e-12
5350.04800076804 1.1039107665295109e-11
5400.04800076804 1.2745281513520378e-11
5450.04800076804 1.472873959030765e-11
5500.04800076804 1.699922722322128e-11
5550.04800076804 1.956334227886926e-11
5600.04800076804 2.2382487911701855e-11
5650.04800076804 2.5390733727115852e-11
5700.04800076804 2.826592278619609e-11
5750.04800076804 3.128181163347866e-11
5800.04800076804 3.3232217224632254e-11
5850.04800076804 3.207609574330563e-11
5900.04800076804 1.2182883191467759e-11
5950.04800076804 2.0756084575265626e-11
6000.04800076804 5.1735955173963e-11
6050.04800076804 6.913796542658015e-11
6100.04800076804 8.473944796428354e-11
6150.04800076804 1.0023444691462271e-10
6200.04800076804 1.165176549670956e-10
6250.04800076804 1.3350959455505233e-10
6300.04800076804 1.5320089782429323e-10
6350.04800076804 1.7508425801018724e-10
6400.04800076804 1.9903695272665215e-10
6450.04800076804 2.1750223815721747e-10
6500.04800076804 2.4667744255463425e-10
6550.04800076804 2.823173291972004e-10
6600.04800076804 3.235480380342982e-10
6650.04800076804 3.708219310188742e-10
6700.04800076804 4.287539756353039e-10
6750.04800076804 4.907092346457502e-10
6800.04800076804 5.569921521401085e-10
6850.04800076804 6.30515942486703e-10
6900.04800076804 6.417002881828421e-10
6950.04800076804 6.325570942902078e-10
7000.04800076804 7.139029981897472e-10
7050.04800076804 7.410527613277014e-10
7100.04800076804 7.942754717145401e-10
7150.04800076804 7.229994965535578e-10
7200.04800076804 7.201724555198656e-10
7250.04800076804 8.191884809521364e-10
7300.04800076804 8.799228014296735e-10
7350.04800076804 9.894723872514813e-10
7400.04800076804 1.092490351327539e-09
7450.04800076804 1.2536537589318477e-09
7500.04800076804 1.3888845441695898e-09
7550.04800076804 1.5297583916572458e-09
7600.04800076804 1.6654643862609092e-09
7650.04800076804 1.7814617039913957e-09
7700.04800076804 1.3894336678659398e-09
7750.04800076804 8.761217357405406e-10
7800.04800076804 2.0995624255358613e-09
7850.04800076804 2.309405792747001e-09
7900.04800076804 2.5474874434130428e-09
7950.04800076804 2.782558519696328e-09
8000.04800076804 2.9311308358735764e-09
8050.04800076804 3.0837170711377784e-09
8100.04800076804 2.698922168999288e-09
8150.04800076804 2.665127157391815e-09
8200.04800076804 3.274146337678075e-09
8250.04800076804 3.3618241733272704e-09
8300.04800076804 3.697479046405233e-09
8350.04800076804 3.8474334840953745e-09
8400.04800076804 4.168900491171003e-09
8450.04800076804 4.702126287425303e-09
8500.04800076804 5.283516311420994e-09
8550.04800076804 5.899847826735783e-09
8600.04800076804 6.553628817175897e-09
8650.04800076804 7.191276518729808e-09
8700.04800076804 7.556500350063334e-09
8750.04800076804 8.120014983932747e-09
8800.04800076804 8.4365220451766e-09
8850.04800076804 7.991898511774443e-09
8900.04800076804 4.955291341087377e-09
8950.04800076804 4.897771785696101e-09
9000.04800076804 4.479624868797908e-09
9050.04800076804 7.403169304935609e-09
9100.04800076804 7.754532106162555e-09
9150.04800076804 6.905813256530215e-09
9200.04800076804 8.356314247690263e-09
9250.04800076804 7.393462404687319e-09
9300.04800076804 1.973625454697968e-09
9350.04800076804 2.190881548068345e-09
9400.04800076804 3.434730178169338e-09
9450.04800076804 4.2338581976927595e-09
9500.04800076804 3.828079990041517e-09
9550.04800076804 4.537309963581009e-09
9600.04800076804 4.092338897656288e-09
9650.04800076804 5.094797179125428e-09
9700.04800076804 6.932748793843601e-09
9750.04800076804 6.7662253488927855e-09
9800.04800076804 8.162808431654389e-09
9850.04800076804 9.147210898669669e-09
9900.04800076804 1.1542369511430556e-08
9950.04800076804 1.2466891121733663e-08
10000.04800076804 1.5101790186035876e-08
10050.04800076804 1.7089071301289303e-08
10100.04800076804 2.0327092013091837e-08
10150.04800076804 2.357200080281659e-08
10200.04800076804 2.705135463032963e-08
10250.04800076804 3.044578207008083e-08
10300.04800076804 3.418965162798116e-08
10350.04800076804 3.7971400965782796e-08
10400.04800076804 4.30943818227396e-08
10450.04800076804 4.60639222295865e-08
10500.04800076804 4.927373339301701e-08
10550.04800076804 5.30185044632151e-08
10600.04800076804 5.415297411466865e-08
10650.04800076804 5.67935362904067e-08
10700.04800076804 5.721635975560616e-08
10750.04800076804 5.87429122992105e-08
10800.04800076804 5.6362820395812126e-08
10850.04800076804 5.359821885099497e-08
10900.04800076804 3.9075449204683075e-08
10950.04800076804 2.1000462313757532e-08
11000.04800076804 1.5630146580412385e-08
11050.04800076804 1.1198407705542952e-08
11100.04800076804 8.084016455523513e-09
11150.04800076804 4.8026829646114e-09
11200.04800076804 4.227798040882675e-09
11250.04800076804 5.353634237349496e-09
11300.04800076804 5.9645845991863826e-09
11350.04800076804 2.5642379208270727e-09
11400.04800076804 6.305124526980869e-09
11450.04800076804 4.545153794231786e-09
11500.04800076804 4.4423372340011624e-09
11550.04800076804 2.063326328620273e-09
11600.04800076804 2.157044356251028e-09
11650.04800076804 3.582878386038291e-09
11700.04800076804 4.300713551756321e-09
11750.04800076804 1.7714213937298766e-09
11800.04800076804 5.718561497361194e-09
11850.04800076804 9.25551360038363e-09
11900.04800076804 1.0521311058778301e-08
11950.04800076804 1.6176156514077506e-08
12000.04800076804 2.2257853026685812e-08
12050.04800076804 2.9900973390043206e-08
12100.04800076804 3.8712098335880355e-08
12150.04800076804 4.6326345487616626e-08
12200.04800076804 5.61715073862504e-08
12250.04800076804 6.867936367257339e-08
12300.04800076804 8.10387381092892e-08
12350.04800076804 8.743417991724352e-08
12400.04800076804 1.0585056182085933e-07
12450.04800076804 1.2746959826620577e-07
12500.04800076804 1.388256067008098e-07
12550.04800076804 1.4984285307185822e-07
12600.04800076804 1.4586792782911383e-07
12650.04800076804 1.4157282996259377e-07
12700.04800076804 1.4104678988836647e-07
12750.04800076804 1.33832098666904e-07
12800.04800076804 1.3015873452549533e-07
12850.04800076804 1.0484946647840098e-07
12900.04800076804 8.658552496959894e-08
12950.04800076804 8.312239703964487e-08
13000.04800076804 7.762503187509002e-08
13050.04800076804 6.443887564915636e-08
13100.04800076804 5.87260972194279e-08
13150.04800076804 4.493951287933613e-08
13200.04800076804 4.2076009914573904e-08
13250.04800076804 3.043368593896209e-08
13300.04800076804 1.4075737869150174e-08
13350.04800076804 4.433855745399893e-09
13400.04800076804 2.284677843340826e-09
13450.04800076804 9.617386491448667e-10
13500.04800076804 4.763688440385806e-10
13550.04800076804 3.1001135487939566e-10
13600.04800076804 1.20139491209982e-10
13650.04800076804 5.103731317993469e-10
13700.04800076804 3.471440891431789e-10
13750.04800076804 5.057321011877148e-10
13800.04800076804 5.954141406580002e-10
13850.04800076804 4.150937755687088e-10
13900.04800076804 4.6000907028887457e-10
13950.04800076804 3.9303684614381633e-10
14000.04800076804 3.9920593043592235e-10
14050.04800076804 5.658951057642537e-10
14100.04800076804 4.968563523750868e-10
14150.04800076804 8.119003257675904e-10
14200.04800076804 5.271458246962473e-10
14250.04800076804 6.420089874201224e-10
14300.04800076804 1.3590365063578949e-09
14350.04800076804 1.19943723289344e-09
14400.04800076804 1.4443411653816586e-09
14450.04800076804 1.7268904186956247e-09
14500.04800076804 3.6901113027805203e-09
14550.04800076804 3.835146944611482e-09
14600.04800076804 5.4495493880651936e-09
14650.04800076804 5.853369612546037e-09
14700.04800076804 3.52014833426452e-09
14750.04800076804 5.407513655258397e-09
14800.04800076804 7.144335051025531e-09
14850.04800076804 7.2986816097700055e-09
14900.04800076804 8.505675466569632e-09
14950.04800076804 1.0615617681566023e-08
15000.04800076804 1.211767076383028e-08
15050.04800076804 1.4013189033973031e-08
15100.04800076804 1.7162146423241418e-08
15150.04800076804 1.7748786704567363e-08
15200.04800076804 1.678222521797986e-08
15250.04800076804 2.3405111715047862e-08
15300.04800076804 2.81590344282913e-08
15350.04800076804 3.575349590051837e-08
15400.04800076804 3.956678253589808e-08
15450.04800076804 4.451511071888093e-08
15500.04800076804 4.676349085195531e-08
15550.04800076804 5.65998898702345e-08
15600.04800076804 5.346258740351551e-08
15650.04800076804 5.6025994309564416e-08
15700.04800076804 7.039333912354605e-08
15750.04800076804 7.753076906865765e-08
15800.04800076804 7.34590218478183e-08
15850.04800076804 8.064699534729896e-08
15900.04800076804 7.326686835430868e-08
15950.04800076804 7.498673933638946e-08
16000.04800076804 6.316430036895725e-08
16050.04800076804 4.724479889184066e-08
16100.04800076804 3.722101660100196e-08
16150.04800076804 2.383085317219293e-08
16200.04800076804 1.609251813427603e-08
16250.04800076804 1.561113595587506e-08
16300.04800076804 1.1720456881131173e-08
16350.04800076804 1.33470879308939e-08
16400.04800076804 1.4807537443844148e-08
16450.04800076804 1.661280272061401e-08
16500.04800076804 1.727086331948819e-08
16550.04800076804 1.5786276313919074e-08
16600.04800076804 1.6952836916736195e-08
16650.04800076804 1.231787254118721e-08
16700.04800076804 4.245300031259365e-09
16750.04800076804 7.792413978034155e-09
16800.04800076804 1.2682761284906886e-08
16850.04800076804 1.3247095011169752e-08
16900.04800076804 9.752663585849641e-09
16950.04800076804 8.270478047450906e-09
17000.04800076804 6.139253617213311e-09
17050.04800076804 8.383898196023546e-09
17100.04800076804 1.0707473146484033e-08
17150.04800076804 7.105979314705521e-09
17200.04800076804 1.362890557320968e-08
17250.04800076804 9.960835372469781e-09
17300.04800076804 7.439725908421868e-09
17350.04800076804 8.064931827510228e-09
17400.04800076804 8.71877250704195e-09
17450.04800076804 1.0566014788970387e-08
17500.04800076804 1.2845240228481272e-08
17550.04800076804 1.0552295435637506e-08
17600.04800076804 8.39373145927639e-09
17650.04800076804 8.004533483208617e-09
17700.04800076804 5.898220118722896e-09
17750.04800076804 5.238072701866364e-09
17800.04800076804 7.759090479275477e-09
17850.04800076804 4.790130058547119e-09
17900.04800076804 5.115772759422062e-09
17950.04800076804 3.1446164358426545e-09
18000.04800076804 4.092985080587376e-09
18050.04800076804 4.009359244861268e-09
18100.04800076804 3.2511171227876754e-09
18150.04800076804 5.0856923498968675e-09
18200.04800076804 2.67560216366072e-09
18250.04800076804 7.090526696206815e-09
18300.04800076804 3.3333379329363246e-09
18350.04800076804 2.692952772707924e-09
18400.04800076804 2.1343268657644625e-09
18450.04800076804 3.961195437560335e-09
18500.04800076804 4.426607271000136e-09
18550.04800076804 3.098517185374388e-09
18600.04800076804 3.1266856096476928e-09
18650.04800076804 2.282060862398668e-09
18700.04800076804 1.6620127619764461e-09
18750.04800076804 2.5431104978502954e-09
18800.04800076804 6.9645027462478005e-09
18850.04800076804 6.934575403598362e-09
18900.04800076804 6.225303953728564e-09
18950.04800076804 9.655306966499251e-09
19000.04800076804 5.134615362578581e-09
19050.04800076804 3.4827274595071677e-09
19100.04800076804 7.607570265611013e-09
19150.04800076804 4.617307121867227e-09
19200.04800076804 6.587197333827895e-09
19250.04800076804 5.477443830759187e-09
19300.04800076804 4.043052727346545e-09
19350.04800076804 4.579628955254217e-09
19400.04800076804 2.7850861508217398e-09
19450.04800076804 5.659813783596292e-09
19500.04800076804 4.998280323178749e-09
19550.04800076804 4.1611359693008264e-09
19600.04800076804 6.393758128914586e-09
19650.04800076804 6.925297256806635e-09
19700.04800076804 6.993865807273103e-09
19750.04800076804 8.132192225362236e-09
19800.04800076804 1.0104579299886703e-08
19850.04800076804 1.2504631838117689e-08
19900.04800076804 1.0241959293134305e-08
19950.04800076804 1.5288638829734366e-08
20000.04800076804 1.5218897541304553e-08
20050.04800076804 1.5697967605223092e-08
20100.04800076804 1.795811468800812e-08
20150.04800076804 1.5683151972569534e-08
20200.04800076804 1.8633649908238486e-08
20250.04800076804 2.2632152503787023e-08
20300.04800076804 2.0766479248123008e-08
20350.04800076804 2.3887377981362382e-08
20400.04800076804 2.2560528400696864e-08
20450.04800076804 2.8218921987351837e-08
20500.04800076804 2.8618243591046362e-08
20550.04800076804 2.7912133454205994e-08
20600.04800076804 3.1669717844403496e-08
20650.04800076804 2.9750273608107726e-08
20700.04800076804 3.009783439124343e-08
20750.04800076804 3.292830084371536e-08
20800.04800076804 3.123035470265575e-08
20850.04800076804 3.180669990657501e-08
20900.04800076804 3.292428791123805e-08
20950.04800076804 3.026922879190683e-08
21000.04800076804 3.194353539734821e-08
21050.04800076804 2.9955500112297246e-08
21100.04800076804 2.9276295811161395e-08
21150.04800076804 2.897307053815165e-08
21200.04800076804 2.7720410507268743e-08
21250.04800076804 2.7758603095002193e-08
21300.04800076804 2.4270981601908696e-08
21350.04800076804 2.4932531476222723e-08
21400.04800076804 2.2712325322049146e-08
21450.04800076804 2.0644299226128848e-08
21500.04800076804 2.1547061022546783e-08
21550.04800076804 1.98975359015192e-08
21600.04800076804 1.8306143520250394e-08
21650.04800076804 1.56552970271744e-08
21700.04800076804 1.7243330065378404e-08
21750.04800076804 1.6586753023509177e-08
21800.04800076804 1.4816391709544406e-08
21850.04800076804 1.3056033515649303e-08
21900.04800076804 1.1644238287069134e-08
21950.04800076804 5.104340770581665e-09
22000.04800076804 2.519934038104104e-09
22050.04800076804 2.2617543518526572e-09
22100.04800076804 4.41511705204009e-09
22150.04800076804 5.505181427520914e-09
22200.04800076804 4.846610789095936e-09
22250.04800076804 4.582952936862687e-09
22300.04800076804 3.5879371189685284e-09
22350.04800076804 3.705220392966024e-09
22400.04800076804 2.4985224936945727e-09
22450.04800076804 2.474708138509497e-09
22500.04800076804 2.617089278819548e-09
22550.04800076804 1.2451782935586063e-09
22600.04800076804 1.8767477113619455e-09
22650.04800076804 2.436917606057284e-09
22700.04800076804 1.6903473327588498e-09
22750.04800076804 1.9716439271006355e-09
22800.04800076804 1.780586150880972e-09
22850.04800076804 1.5646243395492575e-09
22900.04800076804 1.0704003539564258e-09
22950.04800076804 1.1202828056310964e-09
23000.04800076804 1.1386245682672773e-09
23050.04800076804 1.407484713548296e-09
23100.04800076804 2.834410950410748e-09
23150.04800076804 2.7426087661337103e-09
23200.04800076804 7.197443809156718e-10
23250.04800076804 7.61046241164137e-10
23300.04800076804 9.832153663153063e-10
23350.04800076804 7.186555938687714e-10
23400.04800076804 1.4209313424042e-09
23450.04800076804 1.1240120331532918e-09
23500.04800076804 9.617410652766749e-10
23550.04800076804 1.6028182280664984e-09
23600.04800076804 1.6330978643105137e-09
23650.04800076804 2.3485411029615065e-09
23700.04800076804 9.37333382306603e-10
23750.04800076804 7.219977414123923e-10
23800.04800076804 1.5890878418411457e-09
23850.04800076804 1.3731572017427037e-09
23900.04800076804 2.5702118656554892e-09
23950.04800076804 2.490702471429034e-09
24000.04800076804 3.493880120336497e-09
24050.04800076804 4.421549498244911e-09
24100.04800076804 3.4939807043304127e-09
24150.04800076804 3.6730339969620242e-09
24200.04800076804 3.704929267766928e-09
24250.04800076804 2.9304944673138907e-09
24300.04800076804 4.181228560725168e-09
24350.04800076804 3.3892214120158117e-09
24400.04800076804 6.310195478806468e-09
24450.04800076804 5.374861447817438e-09
24500.04800076804 6.044288405508223e-09
24550.04800076804 6.718025982513472e-09
24600.04800076804 7.858820197533867e-09
24650.04800076804 8.690620689772194e-09
24700.04800076804 6.761762913584523e-09
24750.04800076804 6.502953133328252e-09
24800.04800076804 6.729211482983793e-09
24850.04800076804 1.0175971683274993e-08
24900.04800076804 4.9522710493344784e-09
24950.04800076804 7.596323449945401e-09
25000.04800076804 8.585514445452732e-09
25050.04800076804 5.342594279908071e-09
25100.04800076804 7.202580287738387e-09
25150.04800076804 4.0361161847074855e-09
25200.04800076804 5.833751114805838e-09
25250.04800076804 2.761228245273698e-09
25300.04800076804 4.610726176280066e-09
25350.04800076804 1.9339983117112963e-09
25400.04800076804 4.1960430600214086e-09
25450.04800076804 2.1943484327797572e-09
25500.04800076804 1.987840620292219e-09
25550.04800076804 3.349714247728154e-09
25600.04800076804 1.4550521513158003e-09
25650.04800076804 1.2290892090266582e-09
25700.04800076804 2.332735384214209e-09
25750.04800076804 9.15227517466612e-10
25800.04800076804 2.8998508388833716e-09
25850.04800076804 8.493189796141351e-10
25900.04800076804 1.2999013042791137e-09
25950.04800076804 5.728719035003168e-10
26000.04800076804 2.590827376442744e-09
26050.04800076804 8.505275189058116e-10
26100.04800076804 2.5064585837039935e-09
26150.04800076804 1.5671448931792535e-09
26200.04800076804 1.7720656686090063e-09
26250.04800076804 4.9163919710410495e-09
26300.04800076804 2.136360672039091e-09
26350.04800076804 5.742472766443585e-09
26400.04800076804 7.27742486145434e-09
26450.04800076804 7.2166332921979414e-09
26500.04800076804 7.588607468937202e-09
26550.04800076804 3.3296781540033207e-09
26600.04800076804 3.2925400521284187e-09
26650.04800076804 1.1491710517983554e-09
26700.04800076804 4.866379356699523e-10
26750.04800076804 7.348576534254959e-10
26800.04800076804 1.2699164794129503e-09
26850.04800076804 8.127662172905478e-10
26900.04800076804 2.650059444266401e-09
26950.04800076804 1.0581138722224387e-09
27000.04800076804 3.488581655011256e-09
27050.04800076804 3.437589264766799e-09
27100.04800076804 1.5241364613215098e-09
27150.04800076804 4.631718808892977e-09
27200.04800076804 1.2802865881309666e-09
27250.04800076804 2.656348780142144e-09
27300.04800076804 1.1377200309803095e-08
27350.04800076804 5.513402184003255e-09
27400.04800076804 6.825765449196255e-10
27450.04800076804 7.345853478546603e-09
27500.04800076804 8.76182856620165e-09
27550.04800076804 2.410544807361619e-09
27600.04800076804 5.466069714340835e-09
27650.04800076804 1.7866231102391052e-09
27700.04800076804 1.3970911505449124e-09
27750.04800076804 5.972609539158333e-09
27800.04800076804 2.355164486374203e-09
27850.04800076804 2.9387530055212893e-09
27900.04800076804 3.93675542748776e-09
27950.04800076804 6.700105744831149e-09
28000.04800076804 6.103946207099986e-09
28050.04800076804 1.6971227794579432e-09
28100.04800076804 9.082905840211118e-09
28150.04800076804 5.604407061179844e-09
28200.04800076804 1.6314482394455729e-09
28250.04800076804 9.5677054090361e-09
28300.04800076804 1.418743104680834e-08
28350.04800076804 2.637791823682267e-09
28400.04800076804 7.909109286034053e-09
28450.04800076804 1.2122774030973506e-08
28500.04800076804 7.475445075216774e-09
28550.04800076804 2.04572460509967e-09
28600.04800076804 1.0429197083997156e-08
28650.04800076804 1.0788401377074273e-08
28700.04800076804 8.970280980809615e-09
28750.04800076804 1.579014657085601e-08
28800.04800076804 1.2620013501254324e-08
28850.04800076804 1.673787595702088e-08
28900.04800076804 6.768914941129048e-09
28950.04800076804 2.0732539976127382e-08
29000.04800076804 1.1951320117606771e-08
29050.04800076804 1.4718171126547304e-08
29100.04800076804 9.170095598909646e-09
29150.04800076804 2.1986274360156014e-08
29200.04800076804 1.3602510839608289e-08
29250.04800076804 1.996722825340111e-08
29300.04800076804 1.1840910902455932e-08
29350.04800076804 4.6442648874818064e-08
29400.04800076804 1.6574414917770462e-08
29450.04800076804 2.00196392588911e-08
29500.04800076804 2.5209484627586397e-08
29550.04800076804 1.7103435059072343e-08
29600.04800076804 2.718357989735898e-08
29650.04800076804 2.8527980676069762e-08
29700.04800076804 1.6807397522715844e-08
29750.04800076804 2.3948315979241315e-08
29800.04800076804 2.9680572742168083e-08
29850.04800076804 3.623775051991575e-08
29900.04800076804 3.489846632081394e-08
29950.04800076804 2.6770751516678185e-08
30000.04800076804 1.925751585344542e-08
30050.04800076804 2.017928937662169e-08
30100.04800076804 2.80681691344075e-08
30150.04800076804 3.572120472319048e-08
30200.04800076804 2.4508445169751193e-08
30250.04800076804 4.685358027306609e-08
30300.04800076804 3.9678393528183305e-08
30350.04800076804 2.9838188841567354e-08
30400.04800076804 4.21556295094137e-08
30450.04800076804 3.1729861787528584e-08
30500.04800076804 2.8254699008360292e-08
30550.04800076804 2.727364648812921e-08
30600.04800076804 4.105286974716672e-08
30650.04800076804 3.322245910149012e-08
30700.04800076804 2.741937142736198e-08
30750.04800076804 3.0189811544367307e-08
30800.04800076804 2.3431473781592262e-08
30850.04800076804 2.8265379209523258e-08
30900.04800076804 2.623817544990293e-08
30950.04800076804 1.5161579047501447e-08
31000.04800076804 2.2667404684921426e-08
31050.04800076804 2.1214065703731e-08
31100.04800076804 1.3405309492757256e-08
31150.04800076804 1.8093069442825358e-08
31200.04800076804 2.049191635142237e-08
31250.04800076804 1.4038050096310307e-08
31300.04800076804 1.3029968046913713e-08
31350.04800076804 1.3942496903871653e-08
31400.04800076804 8.23217753670718e-09
31450.04800076804 1.3805653192031217e-08
31500.04800076804 7.874823839388676e-09
31550.04800076804 1.1073268496699345e-08
31600.04800076804 6.6497428915953345e-09
31650.04800076804 7.213467810464263e-09
31700.04800076804 8.362633555919667e-09
31750.04800076804 4.37588451967169e-09
31800.04800076804 8.390206920316179e-09
31850.04800076804 4.9610277731917334e-09
31900.04800076804 5.9814384375926654e-09
31950.04800076804 4.84113280438273e-09
32000.04800076804 5.036739232539332e-09
32050.04800076804 3.6561323394954376e-09
32100.04800076804 3.46008036665845e-09
32150.04800076804 4.693406364941733e-09
32200.04800076804 3.0913262881810556e-09
32250.04800076804 6.729703000179104e-09
32300.04800076804 2.345376960855279e-09
32350.04800076804 7.36773709912472e-09
32400.04800076804 3.4818818526879446e-09
32450.04800076804 5.29054688039493e-09
32500.04800076804 3.87176773891237e-09
32550.04800076804 5.93573860541351e-09
32600.04800076804 5.363667876692997e-09
32650.04800076804 8.819288513086011e-09
32700.04800076804 6.341627747003846e-09
32750.04800076804 1.145239530210423e-08
32800.04800076804 7.295559298763125e-09
32850.04800076804 1.3613722724702321e-08
32900.04800076804 1.331509328525875e-08
32950.04800076804 1.4813466801793754e-08
33000.04800076804 1.007057927637754e-08
33050.04800076804 1.1872662622381596e-08
33100.04800076804 4.463325007068206e-09
33150.04800076804 2.0127065287509935e-10
33200.04800076804 4.710556305757178e-10
33250.04800076804 2.804929639238631e-10
33300.04800076804 5.004046639353486e-10
33350.04800076804 1.5185893544714574e-09
33400.04800076804 2.8983793773192816e-09
33450.04800076804 3.683943162844748e-09
33500.04800076804 6.53419660289409e-09
33550.04800076804 5.192996092094648e-09
33600.04800076804 8.319613422681589e-09
33650.04800076804 7.014503087699651e-09
33700.04800076804 5.768707247330837e-09
33750.04800076804 9.882090570452585e-09
33800.04800076804 4.647720203417724e-09
33850.04800076804 7.822391835057588e-09
33900.04800076804 7.63630337973317e-09
33950.04800076804 7.825000540499344e-09
34000.04800076804 1.0815101240624675e-08
34050.04800076804 3.568042159651346e-09
34100.04800076804 9.510402763331755e-09
34150.04800076804 6.155343982649769e-09
34200.04800076804 9.024457630286008e-09
34250.04800076804 6.582065876247586e-09
34300.04800076804 5.971365936039803e-09
34350.04800076804 8.950047328592854e-09
34400.04800076804 6.34768788497788e-09
34450.04800076804 1.1043409324153252e-08
34500.04800076804 6.378613966428843e-09
34550.04800076804 4.875569225396029e-09
34600.04800076804 1.1956345816590137e-08
34650.04800076804 5.2059871336178605e-09
34700.04800076804 7.051469236775621e-09
34750.04800076804 6.136848299924661e-09
34800.04800076804 5.285421955741168e-09
34850.04800076804 9.082349051891677e-09
34900.04800076804 8.951401990650825e-09
34950.04800076804 7.952215993560913e-09
35000.04800076804 1.2736696107741563e-08
35050.04800076804 8.964993025405435e-09
35100.04800076804 1.395567554052688e-08
35150.04800076804 1.2540993232016011e-08
35200.04800076804 1.739071945289042e-08
35250.04800076804 1.643377713676793e-08
35300.04800076804 1.1551649985601362e-08
35350.04800076804 1.7778375177774556e-08
35400.04800076804 1.620965585958211e-08
35450.04800076804 1.35319260557412e-08
35500.04800076804 2.8707334445922025e-08
35550.04800076804 1.949709840735406e-08
35600.04800076804 2.2266977866763494e-08
35650.04800076804 2.18334386227692e-08
35700.04800076804 1.5071656721391075e-08
35750.04800076804 3.259880675303297e-08
35800.04800076804 2.3270161484753178e-08
35850.04800076804 1.5179638348145118e-08
35900.04800076804 2.5923064507535714e-08
35950.04800076804 2.324178726621584e-08
36000.04800076804 1.3005963187853232e-08
36050.04800076804 2.3457909128181616e-08
36100.04800076804 2.2507795258297333e-08
36150.04800076804 2.6014858961521463e-08
36200.04800076804 2.395377318355421e-08
36250.04800076804 2.9048948056752118e-08
36300.04800076804 3.0876896699110924e-08
36350.04800076804 2.8613130221409136e-08
36400.04800076804 4.2982488937186116e-08
36450.04800076804 3.7583317135629e-08
36500.04800076804 4.105816554515367e-08
36550.04800076804 4.4913036353788236e-08
36600.04800076804 5.041537082900801e-08
36650.04800076804 4.853339018308385e-08
36700.04800076804 6.093955665090495e-08
36750.04800076804 6.211878186930993e-08
36800.04800076804 5.5588173357855313e-08
36850.04800076804 4.795905248865255e-08
36900.04800076804 5.5261148575637525e-08
36950.04800076804 5.660135460434417e-08
37000.04800076804 5.763005817620033e-08
37050.04800076804 6.20619705947167e-08
37100.04800076804 7.078030619209602e-08
37150.04800076804 7.197285927378635e-08
37200.04800076804 6.338120603521984e-08
37250.04800076804 5.622701795262212e-08
37300.04800076804 5.6021998208783434e-08
37350.04800076804 7.565949611578136e-08
37400.04800076804 7.735520521419321e-08
37450.04800076804 7.406971470869785e-08
37500.04800076804 5.883653063747556e-08
37550.04800076804 8.633819621987759e-08
37600.04800076804 1.0693214238528133e-07
37650.04800076804 7.401646753976214e-08
37700.04800076804 8.734951065187824e-08
37750.04800076804 6.575188873649349e-08
37800.04800076804 7.290697444481095e-08
37850.04800076804 6.065416629052738e-08
37900.04800076804 7.12762479071184e-08
37950.04800076804 8.519678454597728e-08
38000.04800076804 1.1222497716862145e-07
38050.04800076804 1.0329506235430581e-07
38100.04800076804 1.0518411304032254e-07
38150.04800076804 1.130467577330427e-07
38200.04800076804 1.220047957881819e-07
38250.04800076804 1.1883290048265549e-07
38300.04800076804 1.5791259095263034e-07
38350.04800076804 1.464285281648565e-07
38400.04800076804 9.686398744695618e-08
38450.04800076804 9.702191398529972e-08
38500.04800076804 6.671655808415054e-08
38550.04800076804 8.990926929974125e-08
38600.04800076804 1.0374336414652811e-07
38650.04800076804 1.4772016831935358e-07
38700.04800076804 1.2850698096406686e-07
38750.04800076804 1.2556803890479065e-07
38800.04800076804 1.027940889374436e-07
38850.04800076804 1.49012751318862e-07
38900.04800076804 1.5404633865776247e-07
38950.04800076804 1.2435339512170474e-07
39000.04800076804 1.7018761676564086e-07
39050.04800076804 1.362896072960736e-07
39100.04800076804 1.6241754553629071e-07
39150.04800076804 1.4081588539702252e-07
39200.04800076804 1.2380533697065512e-07
39250.04800076804 1.6288846318099795e-07
39300.04800076804 1.617156070675949e-07
39350.04800076804 2.1477749702780817e-07
39400.04800076804 1.8377151618988303e-07
39450.04800076804 1.9228703936984771e-07
39500.04800076804 1.644855604313537e-07
39550.04800076804 1.610739218758144e-07
39600.04800076804 1.9265658093083197e-07
39650.04800076804 2.2694753748226722e-07
39700.04800076804 1.7121481793423498e-07
39750.04800076804 1.3013302246324768e-07
39800.04800076804 1.5966816267718336e-07
39850.04800076804 1.977011334141766e-07
39900.04800076804 2.107746270916962e-07
39950.04800076804 1.977512408935989e-07
40000.04800076804 2.2934775415735755e-07
40050.04800076804 2.0050933917032353e-07
40100.04800076804 1.5850591068439166e-07
40150.04800076804 2.5171896891584796e-07
40200.04800076804 2.3361807568841364e-07
40250.04800076804 2.2251912259706053e-07
40300.04800076804 2.4876430356444047e-07
40350.04800076804 1.886165461084632e-07
40400.04800076804 2.400258826176708e-07
40450.04800076804 2.0767880326279744e-07
40500.04800076804 2.435163953456069e-07
40550.04800076804 2.3726333972556264e-07
40600.04800076804 2.2625885443291397e-07
40650.04800076804 2.4657233867483107e-07
40700.04800076804 3.094488821875563e-07
40750.04800076804 2.789818330771791e-07
40800.04800076804 2.1058365379486923e-07
40850.04800076804 2.839313976055238e-07
40900.04800076804 2.4470899385653806e-07
40950.04800076804 2.3536913825867242e-07
41000.04800076804 2.5196984127713044e-07
41050.04800076804 3.027085898228813e-07
41100.04800076804 1.8151598640902151e-07
41150.04800076804 1.9594092834751207e-07
41200.04800076804 3.148558488090082e-07
41250.04800076804 2.72793635197996e-07
41300.04800076804 2.1129913185451573e-07
41350.04800076804 3.1531741250586616e-07
41400.04800076804 2.7476015575380356e-07
41450.04800076804 3.032350812041253e-07
41500.04800076804 2.467509510553025e-07
41550.04800076804 2.260724624980905e-07
41600.04800076804 2.961761235495086e-07
41650.04800076804 2.79164838976202e-07
41700.04800076804 2.5672919412306365e-07
41750.04800076804 2.3715350570179405e-07
41800.04800076804 2.970252886808716e-07
41850.04800076804 1.7600226904041804e-07
41900.04800076804 2.358393194101752e-07
41950.04800076804 2.2317187791587416e-07
42000.04800076804 2.637471487164772e-07
42050.04800076804 2.1856932669895083e-07
42100.04800076804 2.3881034691098324e-07
42150.04800076804 1.7863080366640805e-07
42200.04800076804 2.250418928150743e-07
42250.04800076804 1.8655700718980388e-07
42300.04800076804 1.8892998573504678e-07
42350.04800076804 1.9893129872657575e-07
42400.04800076804 1.6279952440187856e-07
42450.04800076804 1.3909765044002075e-07
42500.04800076804 1.758727848135584e-07
42550.04800076804 1.5236608476180956e-07
42600.04800076804 1.8619968573645325e-07
42650.04800076804 2.3921251777322303e-07
42700.04800076804 1.73610033511809e-07
42750.04800076804 1.8355594849847974e-07
42800.04800076804 1.4628016159609498e-07
42850.04800076804 2.0329502119413282e-07
42900.04800076804 2.0173862749840517e-07
42950.04800076804 1.689924403646761e-07
43000.04800076804 2.1001603831768164e-07
43050.04800076804 1.1563267774781882e-07
43100.04800076804 1.7205111438406507e-07
43150.04800076804 2.006014632620907e-07
43200.04800076804 2.1151464287476576e-07
43250.04800076804 1.9475076030203284e-07
43300.04800076804 2.652190159926072e-07
43350.04800076804 1.7037345213614693e-07
43400.04800076804 2.192792931094597e-07
43450.04800076804 1.454246742258494e-07
43500.04800076804 1.4901908801998259e-07
43550.04800076804 1.5448901310825838e-07
43600.04800076804 2.1620135248105727e-07
43650.04800076804 1.2436932641246167e-07
43700.04800076804 2.1438604506985777e-07
43750.04800076804 2.2902878103371642e-07
43800.04800076804 1.5481289447128353e-07
43850.04800076804 1.8509914354354922e-07
43900.04800076804 1.3683230695130897e-07
43950.04800076804 1.2323193089360646e-07
44000.04800076804 8.836302730200563e-08
44050.04800076804 1.3846972415516098e-07
44100.04800076804 1.438747926721259e-07
44150.04800076804 1.4175188827712274e-07
44200.04800076804 1.1887208289681601e-07
44250.04800076804 9.989543205240236e-08
44300.04800076804 9.128170646770641e-08
44350.04800076804 7.487468722085605e-08
44400.04800076804 7.600747654716204e-08
44450.04800076804 7.446429041093638e-08
44500.04800076804 5.681603436807256e-08
44550.04800076804 6.275969013707004e-08
44600.04800076804 4.887522251631436e-08
44650.04800076804 5.415341931257581e-08
44700.04800076804 4.796473146776267e-08
44750.04800076804 4.811770832412934e-08
44800.04800076804 4.2015412676428595e-08
44850.04800076804 3.7053938669357816e-08
44900.04800076804 2.865936658140631e-08
44950.04800076804 2.612285874298402e-08
45000.04800076804 2.5714059977384618e-08
45050.04800076804 2.705002251115207e-08
45100.04800076804 2.481025397777734e-08
45150.04800076804 2.127846166612409e-08
45200.04800076804 1.5381659473312868e-08
45250.04800076804 1.6211727456471616e-08
45300.04800076804 1.9403459749633177e-08
45350.04800076804 1.8018374641732962e-08
45400.04800076804 1.2507158182245218e-08
45450.04800076804 1.1742464337701712e-08
45500.04800076804 1.3212704001653622e-08
45550.04800076804 1.5939845165729936e-08
45600.04800076804 1.071892657164273e-08
45650.04800076804 1.0860664118681625e-08
45700.04800076804 1.5564091287196555e-08
45750.04800076804 1.1946652534170033e-08
45800.04800076804 8.834898029911792e-09
45850.04800076804 1.484218447178116e-08
45900.04800076804 1.4160716626579415e-08
45950.04800076804 8.64433631648407e-09
46000.04800076804 1.3194210190438143e-08
46050.04800076804 1.5090314892764397e-08
46100.04800076804 8.787004780630806e-09
46150.04800076804 1.5921903216060857e-08
46200.04800076804 1.5936070738858406e-08
46250.04800076804 6.8393816454712905e-09
46300.04800076804 1.8743296483001258e-08
46350.04800076804 1.2533251633574744e-08
46400.04800076804 1.5099878826931546e-08
46450.04800076804 2.459322751898501e-08
46500.04800076804 1.5317374626357205e-08
46550.04800076804 3.054067137252848e-08
46600.04800076804 3.211661695141346e-08
46650.04800076804 5.953874111433517e-08
46700.04800076804 3.9072943031583986e-08
46750.04800076804 2.5108089358741436e-08
46800.04800076804 1.946731242512144e-08
46850.04800076804 2.264500867703548e-08
46900.04800076804 1.870951357287294e-08
46950.04800076804 3.052417151893433e-08
47000.04800076804 1.2444291443444962e-08
47050.04800076804 3.012499580740872e-08
47100.04800076804 1.1646012791846548e-08
47150.04800076804 1.686635583181543e-08
47200.04800076804 1.8450106947782603e-08
47250.04800076804 1.2043810413257731e-08
47300.04800076804 1.7199941339842366e-08
47350.04800076804 1.0454805594042158e-08
47400.04800076804 2.328419094618039e-08
47450.04800076804 9.85548103381778e-09
47500.04800076804 2.6939351205200488e-08
47550.04800076804 1.1130987219171968e-08
47600.04800076804 2.6420240465743503e-08
47650.04800076804 1.2722574852930306e-08
47700.04800076804 2.5031316883433535e-08
47750.04800076804 1.2248602920435264e-08
47800.04800076804 2.5577003487825613e-08
47850.04800076804 1.2587393669807498e-08
47900.04800076804 2.2786159838961518e-08
47950.04800076804 1.5389558066006156e-08
48000.04800076804 3.240136120158909e-08
48050.04800076804 2.0021793450001542e-08
48100.04800076804 3.253121306263855e-08
48150.04800076804 2.1641742381811824e-08
48200.04800076804 3.516254559824967e-08
48250.04800076804 2.4344540869392337e-08
48300.04800076804 4.395318956251908e-08
48350.04800076804 2.340840578116763e-08
48400.04800076804 3.427785407862669e-08
48450.04800076804 2.124598030462199e-08
48500.04800076804 4.4553904112810103e-08
48550.04800076804 1.9938787088468458e-08
48600.04800076804 4.4508771744801154e-08
48650.04800076804 2.2410919533872858e-08
48700.04800076804 5.136261985456717e-08
48750.04800076804 2.703829689994436e-08
48800.04800076804 4.9254341532109113e-08
48850.04800076804 3.853567878224503e-08
48900.04800076804 5.5233067359430305e-08
48950.04800076804 5.2996998739774364e-08
49000.04800076804 4.267227023163965e-08
49050.04800076804 5.685491353416936e-08
49100.04800076804 3.759157518031779e-08
49150.04800076804 7.438891538905147e-08
49200.04800076804 3.770568026319393e-08
49250.04800076804 7.828177656330819e-08
49300.04800076804 4.811026827314662e-08
49350.04800076804 5.5737538498157544e-08
49400.04800076804 7.234807394448509e-08
49450.04800076804 6.199288677126949e-08
49500.04800076804 6.404114120790055e-08
49550.04800076804 3.121101534549621e-08
49600.04800076804 7.042784259754648e-08
49650.04800076804 5.9455260580548516e-08
49700.04800076804 5.9402431851881344e-08
49750.04800076804 1.1239675714916412e-07
49800.04800076804 5.350849961342561e-08
49850.04800076804 1.3132507103752566e-07
49900.04800076804 8.142127742122887e-08
49950.04800076804 1.1025176699267857e-07
50000.04800076804 1.0800850106379128e-07
50050.04800076804 1.0232736884779615e-07
50100.04800076804 1.3552364527002801e-07
50150.04800076804 4.788285196134758e-08
50200.04800076804 3.080351386402809e-08
50250.04800076804 9.810647828713361e-08
50300.04800076804 6.924429713728321e-08
50350.04800076804 1.0492782834096017e-07
50400.04800076804 9.925376363223326e-08
50450.04800076804 1.0631374395205454e-07
50500.04800076804 1.3635321168195912e-07
50550.04800076804 1.1149439018458634e-07
50600.04800076804 1.3147398695131324e-07
50650.04800076804 1.1740154494984742e-07
50700.04800076804 1.632615683676119e-07
50750.04800076804 1.5682551722504474e-07
50800.04800076804 5.754234211269832e-08
50850.04800076804 5.7451789327035655e-08
50900.04800076804 1.439562429297976e-07
50950.04800076804 1.5220386538397546e-07
51000.04800076804 1.2056367030164068e-07
51050.04800076804 1.2780382649593925e-07
51100.04800076804 5.83984747888613e-08
51150.04800076804 9.13197687822409e-08
51200.04800076804 1.6387363286975346e-07
51250.04800076804 1.471874395153357e-07
51300.04800076804 8.524744079943793e-08
51350.04800076804 1.15965463584855e-07
51400.04800076804 6.791777633350945e-08
51450.04800076804 5.706685295535296e-08
51500.04800076804 4.9274520813292834e-08
51550.04800076804 1.217300081528056e-07
51600.04800076804 8.410862343411162e-08
51650.04800076804 1.314888904528306e-07
51700.04800076804 1.302705114515293e-07
51750.04800076804 8.53724799420778e-08
51800.04800076804 1.8070259512225744e-07
51850.04800076804 1.3879589564239229e-07
51900.04800076804 1.736797041602126e-07
51950.04800076804 1.2516798029538247e-07
52000.04800076804 2.7102261774440825e-08
52050.04800076804 7.386864249805724e-08
52100.04800076804 6.058834270079537e-08
52150.04800076804 4.173520776666766e-08
52200.04800076804 5.9257186619451724e-08
52250.04800076804 9.228178148858172e-08
52300.04800076804 1.5138709196723043e-07
52350.04800076804 7.633792047895115e-08
52400.04800076804 6.426632233622226e-08
52450.04800076804 1.4169349671745943e-07
52500.04800076804 1.294145379930613e-07
52550.04800076804 1.2649285435366957e-07
52600.04800076804 9.286610005000247e-08
52650.04800076804 1.1227650045532855e-07
52700.04800076804 9.043642026054835e-08
52750.04800076804 5.8006203422961494e-08
52800.04800076804 6.649209091625069e-08
52850.04800076804 8.643217806838031e-08
52900.04800076804 5.3357132881226286e-08
52950.04800076804 5.7998253357524235e-08
53000.04800076804 1.480344825942829e-07
53050.04800076804 4.804802471808631e-08
53100.04800076804 1.421153894390272e-07
53150.04800076804 1.6150641058674877e-07
53200.04800076804 6.713255479296389e-08
53250.04800076804 1.526786624020458e-07
53300.04800076804 1.525943990364514e-07
53350.04800076804 1.4237153668850328e-07
53400.04800076804 1.3533231691775752e-07
53450.04800076804 4.390071898933971e-08
53500.04800076804 1.9691868914525273e-08
53550.04800076804 3.907766678635339e-08
53600.04800076804 8.212263183076654e-08
53650.04800076804 7.728447115784489e-08
53700.04800076804 6.44339267742068e-08
53750.04800076804 6.46241120074815e-08
53800.04800076804 6.331162172567318e-08
53850.04800076804 9.071337264288868e-08
53900.04800076804 1.0117542259717108e-07
53950.04800076804 1.3070516071718762e-07
54000.04800076804 8.233550798460142e-08
54050.04800076804 9.178012197181451e-08
54100.04800076804 3.008523901937329e-08
54150.04800076804 4.7772435132109336e-08
54200.04800076804 1.4506808118222607e-08
54250.04800076804 2.3872833530247536e-08
54300.04800076804 5.746610301002164e-08
54350.04800076804 7.747779958092571e-08
54400.04800076804 7.501783304122415e-08
54450.04800076804 6.180940481200488e-08
54500.04800076804 5.37338136227827e-08
54550.04800076804 4.8342628550805354e-08
54600.04800076804 5.83244505002859e-08
54650.04800076804 1.819636984180273e-08
54700.04800076804 6.715093126970787e-08
54750.04800076804 6.571697801639515e-08
54800.04800076804 3.964869211475567e-08
54850.04800076804 5.7037844188820215e-08
54900.04800076804 8.258617088221367e-08
54950.04800076804 1.264624740999766e-07
55000.04800076804 3.81347310323366e-08
55050.04800076804 6.982467006530853e-08
55100.04800076804 6.80868282103141e-08
55150.04800076804 4.2742621359208676e-08
55200.04800076804 3.960300199220607e-08
55250.04800076804 5.540635147200666e-08
55300.04800076804 3.566616801370788e-08
55350.04800076804 7.391643184843487e-08
55400.04800076804 9.114245491848347e-08
55450.04800076804 5.276287843522476e-08
55500.04800076804 2.2712286047684418e-08
55550.04800076804 2.991291414237107e-08
55600.04800076804 3.6235762770734884e-08
55650.04800076804 3.400483965023198e-08
55700.04800076804 4.008204649863668e-08
55750.04800076804 4.1241290358176205e-08
55800.04800076804 2.2036616505114378e-08
55850.04800076804 2.5555276165634998e-08
55900.04800076804 6.170994177687501e-08
55950.04800076804 8.610487132794807e-08
56000.04800076804 3.050459341600226e-08
56050.04800076804 4.4392712818885506e-08
56100.04800076804 6.158211228149925e-08
56150.04800076804 3.376858963795571e-08
56200.04800076804 4.471041964581694e-08
56250.04800076804 5.946059597198676e-08
56300.04800076804 4.9849544226186e-08
56350.04800076804 4.2407562029841676e-08
56400.04800076804 1.9091000548112316e-08
56450.04800076804 1.7657354496452156e-08
56500.04800076804 3.1676971226871376e-08
56550.04800076804 1.7948266063647007e-08
56600.04800076804 5.607798852822887e-08
56650.04800076804 5.910857790181246e-08
56700.04800076804 5.4700503025484705e-08
56750.04800076804 1.968196774687357e-08
56800.04800076804 5.294793132485524e-08
56850.04800076804 4.735715332175888e-08
56900.04800076804 2.790263838942642e-08
56950.04800076804 5.5559001739550824e-08
57000.04800076804 6.651559701395778e-08
57050.04800076804 3.3091075941437756e-08
57100.04800076804 1.3083295398393045e-08
57150.04800076804 2.1355100712130355e-08
57200.04800076804 1.8691117058260974e-08
57250.04800076804 2.6623804624515047e-08
57300.04800076804 4.310222737856179e-08
57350.04800076804 2.065921715942036e-08
57400.04800076804 4.631400077096678e-08
57450.04800076804 3.191003240165902e-08
57500.04800076804 3.1768314306734504e-08
57550.04800076804 4.587261609458871e-08
57600.04800076804 4.488407984438954e-08
57650.04800076804 1.1034448354715257e-08
57700.04800076804 1.7827292565645454e-08
57750.04800076804 2.9068109207536463e-08
57800.04800076804 1.1422793986079033e-08
57850.04800076804 7.90869112074878e-08
57900.04800076804 8.931459224911749e-08
57950.04800076804 8.475024574213393e-08
58000.04800076804 2.991868115900514e-08
58050.04800076804 5.100336756718899e-08
58100.04800076804 5.7299487845124445e-08
58150.04800076804 3.447882972730298e-08
58200.04800076804 1.1846680453043054e-08
58250.04800076804 1.7260405430979225e-08
58300.04800076804 1.7455959108498016e-08
58350.04800076804 2.362907137357784e-08
58400.04800076804 4.616594073171261e-08
58450.04800076804 4.913428625189253e-08
58500.04800076804 4.5076067062584066e-08
58550.04800076804 4.645492457164112e-08
58600.04800076804 1.960115822588107e-08
58650.04800076804 2.583995502119858e-08
58700.04800076804 3.35534017934947e-08
58750.04800076804 2.903068246062643e-08
58800.04800076804 7.763016210747022e-09
58850.04800076804 2.395057333998024e-08
58900.04800076804 3.4705650947618064e-08
58950.04800076804 1.557528858500223e-08
59000.04800076804 3.469128983303504e-08
59050.04800076804 4.825569268705844e-08
59100.04800076804 5.144469520820011e-08
59150.04800076804 3.6095652223617806e-08
59200.04800076804 4.109047177265157e-08
59250.04800076804 4.382088372806694e-08
59300.04800076804 3.529650400260479e-08
59350.04800076804 1.031859066033109e-08
59400.04800076804 8.917208019511286e-09
59450.04800076804 3.650605697809158e-08
59500.04800076804 1.8453094061226473e-08
59550.04800076804 4.485571817925853e-08
59600.04800076804 5.153113062208328e-08
59650.04800076804 3.1455563204289984e-08
59700.04800076804 2.0409721907075992e-08
59750.04800076804 5.912589897517711e-08
59800.04800076804 2.8833415266327654e-08
59850.04800076804 4.161730584276069e-08
59900.04800076804 1.5385286674115903e-08
59950.04800076804 3.3048001350763506e-08
60000.04800076804 7.336323555283982e-08
60050.04800076804 6.538299340994755e-08
60100.04800076804 5.571446196909281e-08
60150.04800076804 2.8281109681833483e-08
60200.04800076804 4.947651387285671e-08
60250.04800076804 6.662933900561644e-08
60300.04800076804 6.010986712601871e-08
60350.04800076804 3.958955539933122e-08
60400.04800076804 4.330967370404017e-08
60450.04800076804 1.4058897337658852e-08
60500.04800076804 6.331721007445918e-09
60550.04800076804 4.017556929400652e-08
60600.04800076804 4.839019082767751e-08
60650.04800076804 3.2306300888304834e-08
60700.04800076804 2.3375804853453603e-08
60750.04800076804 1.4063204322834444e-08
60800.04800076804 4.946704773508239e-08
60850.04800076804 8.663117690225123e-08
60900.04800076804 8.108894686249518e-08
60950.04800076804 6.63031984719795e-08
61000.04800076804 4.96610703699173e-08
61050.04800076804 2.3622360199817832e-08
61100.04800076804 3.254441198386957e-08
61150.04800076804 1.1073966252665133e-08
61200.04800076804 5.310796861658021e-08
61250.04800076804 7.561640791658902e-08
61300.04800076804 6.817802234140288e-08
61350.04800076804 8.80909200556866e-08
61400.04800076804 4.067294598656958e-08
61450.04800076804 1.7195068538442957e-08
61500.04800076804 2.932019572112709e-08
61550.04800076804 3.423696836146595e-08
61600.04800076804 1.822282975111362e-08
61650.04800076804 4.0900534713554994e-08
61700.04800076804 3.720073843275183e-08
61750.04800076804 4.2345924563949987e-08
61800.04800076804 4.4506026860413444e-08
61850.04800076804 1.7675766421284446e-08
61900.04800076804 6.037606885507208e-08
61950.04800076804 6.659572831191431e-08
62000.04800076804 7.310394061127562e-08
62050.04800076804 6.590514180943426e-08
62100.04800076804 6.056474557820843e-08
62150.04800076804 7.663076441449942e-08
62200.04800076804 6.456646183266765e-08
62250.04800076804 5.875143386749404e-08
62300.04800076804 1.1123399558280313e-07
62350.04800076804 8.154868574574e-08
62400.04800076804 3.558933243163706e-08
62450.04800076804 5.538040812510631e-08
62500.04800076804 1.0220493805434415e-07
62550.04800076804 9.093900581764769e-08
62600.04800076804 9.893635303381609e-08
62650.04800076804 6.836309830691699e-08
62700.04800076804 6.871421150070226e-08
62750.04800076804 9.586372185321858e-08
62800.04800076804 5.14458626202049e-08
62850.04800076804 8.355132586615247e-08
62900.04800076804 5.4532199374325e-08
62950.04800076804 1.0090659808973465e-07
63000.04800076804 7.529985503206001e-08
63050.04800076804 1.2235438350860315e-07
63100.04800076804 1.0956808987806813e-07
63150.04800076804 7.177401831428284e-08
63200.04800076804 9.258385587362727e-08
63250.04800076804 7.059406817111124e-08
63300.04800076804 8.006797590941356e-08
63350.04800076804 7.179868262091667e-08
63400.04800076804 3.108919274411164e-08
63450.04800076804 1.939922231259306e-08
63500.04800076804 5.963633869001216e-08
63550.04800076804 6.653800656947434e-08
63600.04800076804 7.841965750273308e-08
63650.04800076804 4.711207184818489e-08
63700.04800076804 2.091822699187122e-08
63750.04800076804 4.3226674975422267e-08
63800.04800076804 8.108248299198056e-08
63850.04800076804 6.069882512594105e-08
63900.04800076804 2.6874388164625338e-08
63950.04800076804 5.756893388211385e-08
64000.04800076804 6.450855939491316e-08
64050.04800076804 3.032952642991839e-08
64100.04800076804 8.946888734494321e-09
64150.04800076804 1.3982467078992867e-08
64200.04800076804 1.6637329623537756e-08
64250.04800076804 3.867627221266847e-08
64300.04800076804 2.8382135922213592e-08
64350.04800076804 2.212583355367805e-08
64400.04800076804 5.071551398852389e-08
64450.04800076804 5.909689054780354e-08
64500.04800076804 2.2350249460279237e-08
64550.04800076804 4.463098896850518e-08
64600.04800076804 2.013249874548876e-08
64650.04800076804 4.0856890438098766e-08
64700.04800076804 1.6324567339547798e-08
64750.04800076804 2.6545568877386806e-08
64800.04800076804 2.1290751444318642e-08
64850.04800076804 1.4991690902172605e-08
64900.04800076804 1.6114527669144845e-08
64950.04800076804 1.4947324318698994e-08
65000.04800076804 2.181140322851499e-08
65050.04800076804 3.132369104944362e-08
65100.04800076804 4.439319009525186e-08
65150.04800076804 1.793403220158057e-08
65200.04800076804 1.2393493985231636e-08
65250.04800076804 3.636439824481711e-08
65300.04800076804 2.7030460403288224e-08
65350.04800076804 7.089421985816344e-08
65400.04800076804 2.944337466844933e-08
65450.04800076804 3.064788370385653e-08
65500.04800076804 3.868681074066861e-08
65550.04800076805 1.8199748291680163e-08
65600.04800076805 3.342353774765098e-08
65650.04800076805 2.6233019946467154e-08
65700.04800076805 2.400259108367144e-08
65750.04800076805 1.6658307936115152e-08
65800.04800076805 3.0741612362424137e-08
65850.04800076805 4.004960139476245e-08
65900.04800076805 1.529473927807826e-08
65950.04800076805 1.984955200480915e-08
66000.04800076805 2.7836947977834613e-08
66050.04800076805 6.074043525046754e-08
66100.04800076805 3.12949365353424e-08
66150.04800076805 2.3524589954344817e-08
66200.04800076805 2.396406799821967e-08
66250.04800076805 1.9734851505105036e-08
66300.04800076805 7.869838851118012e-09
66350.04800076805 9.304359976626391e-09
66400.04800076805 1.6465894171083707e-08
66450.04800076805 3.877697151536086e-08
66500.04800076805 5.463656002945898e-08
66550.04800076805 5.8438825914068735e-08
66600.04800076805 4.251592035588636e-08
66650.04800076805 3.1784293555248056e-08
66700.04800076805 2.6952670943246987e-08
66750.04800076805 2.423618625870118e-08
66800.04800076805 3.297396849974957e-08
66850.04800076805 2.0012458576242305e-08
66900.04800076805 5.633561266082851e-08
66950.04800076805 5.929473737266488e-08
67000.04800076805 5.722121498280588e-08
67050.04800076805 3.5244796848932654e-08
67100.04800076805 2.156638970035917e-08
67150.04800076805 2.436415862670417e-08
67200.04800076805 3.725445002776244e-08
67250.04800076805 3.549137864834246e-08
67300.04800076805 4.831928791849387e-08
67350.04800076805 2.6688651988437196e-08
67400.04800076805 6.646426301263391e-08
67450.04800076805 4.4000547364682964e-08
67500.04800076805 3.645801555460939e-08
67550.04800076805 5.872949880845844e-08
67600.04800076805 9.996054210786795e-08
67650.04800076805 7.297063768700328e-08
67700.04800076805 4.363840212445933e-08
67750.04800076805 3.206450330705298e-08
67800.04800076805 4.983820480468475e-08
67850.04800076805 2.2071250927150994e-08
67900.04800076805 2.90037275442134e-08
67950.04800076805 2.103288649327855e-08
68000.04800076805 3.958660764267932e-08
68050.04800076805 5.82519673721691e-08
68100.04800076805 7.584420161342849e-08
68150.04800076805 5.677332188850585e-08
68200.04800076805 5.3268622983681236e-08
68250.04800076805 1.4350964896009291e-08
68300.04800076805 4.797996079723955e-08
68350.04800076805 2.628436007161678e-08
68400.04800076805 7.876734234728393e-08
68450.04800076805 6.593855398064739e-08
68500.04800076805 4.677295152066015e-08
68550.04800076805 2.2740953952052185e-08
68600.04800076805 2.4464273872537918e-08
68650.04800076805 1.2927958963626748e-08
68700.04800076805 2.9553535295822874e-08
68750.04800076805 4.310855155975059e-08
68800.04800076805 5.452610763032314e-08
68850.04800076805 1.9530233480372424e-08
68900.04800076805 7.192569346314024e-08
68950.04800076805 6.827177649610955e-08
69000.04800076805 6.052952208891223e-08
69050.04800076805 2.9479857735332877e-08
69100.04800076805 6.980393651575079e-08
69150.04800076805 9.350986950256264e-08
69200.04800076805 5.852264759480364e-08
69250.04800076805 9.613556836560699e-08
69300.04800076805 5.353228324446664e-08
69350.04800076805 8.908354428687897e-08
69400.04800076805 3.0471477283980116e-08
69450.04800076805 7.993221809959226e-08
69500.04800076805 4.046773582162356e-08
69550.04800076805 4.0345092286173964e-08
69600.04800076805 1.2108396710036102e-08
69650.04800076805 3.641393469256122e-08
69700.04800076805 7.123933412877472e-08
69750.04800076805 4.540548056587203e-08
69800.04800076805 6.535547067203126e-08
69850.04800076805 6.407696418431262e-08
69900.04800076805 4.1477865750256775e-08
69950.04800076805 4.4001815350483066e-08
70000.04800076805 4.464060087839219e-08
70050.04800076805 8.405015660214299e-08
70100.04800076805 6.035103916775758e-08
70150.04800076805 5.8846456239911444e-08
70200.04800076805 3.564049349750214e-08
70250.04800076805 5.1969578851247716e-08
70300.04800076805 7.955816761481978e-08
70350.04800076805 5.4954444625921924e-08
70400.04800076805 3.505971292701362e-08
70450.04800076805 1.030020376271545e-08
70500.04800076805 2.9280572821850206e-08
70550.04800076805 2.997331054134707e-08
70600.04800076805 2.7703873183789365e-08
70650.04800076805 6.627524876443959e-08
70700.04800076805 6.392706035184503e-08
70750.04800076805 8.181485186419465e-08
70800.04800076805 4.4328931759204915e-08
70850.04800076805 4.341822248355413e-08
70900.04800076805 4.4952398976311575e-08
70950.04800076805 7.229034931473279e-08
71000.04800076805 6.14790219692168e-08
71050.04800076805 6.673203842870873e-08
71100.04800076805 4.866257157404702e-08
71150.04800076805 4.455726444373469e-08
71200.04800076805 3.9031227007813836e-08
71250.04800076805 5.1310211487989384e-08
71300.04800076805 7.526173493909862e-08
71350.04800076805 7.500273714845588e-08
71400.04800076805 6.307072215762897e-08
71450.04800076805 2.8100147130787423e-08
71500.04800076805 3.327299109171713e-08
71550.04800076805 4.131396640510868e-08
71600.04800076805 4.44219302171881e-08
71650.04800076805 3.5159693437747544e-08
71700.04800076805 2.6011536039510212e-08
71750.04800076805 4.39632483071979e-08
71800.04800076805 7.002945693960818e-08
71850.04800076805 6.447187707874823e-08
71900.04800076805 3.613246989608833e-08
71950.04800076805 4.8528353967586276e-08
72000.04800076805 4.533886686337064e-08
72050.04800076805 2.6197919459866695e-08
72100.04800076805 3.110862181527745e-08
72150.04800076805 2.812592191291039e-08
72200.04800076805 5.1846533340758186e-08
72250.04800076805 5.785262521111659e-08
72300.04800076805 4.938163754491469e-08
72350.04800076805 5.3403825327197545e-08
72400.04800076805 4.353691155050991e-08
72450.04800076805 3.4202326360778995e-08
72500.04800076805 4.410441963737865e-08
72550.04800076805 2.038486332594332e-08
72600.04800076805 2.9502275614309775e-08
72650.04800076805 5.928178945279843e-08
72700.04800076805 4.5914299037859695e-08
72750.04800076805 3.93287892797698e-08
72800.04800076805 3.0608632443604536e-08
72850.04800076805 3.381954999926562e-08
72900.04800076805 5.573891483348074e-08
72950.04800076805 4.737407672231826e-08
73000.04800076805 4.61539068566978e-08
73050.04800076805 2.995937345327664e-08
73100.04800076805 3.330971147247188e-08
73150.04800076805 7.258739859416917e-08
73200.04800076805 3.111073581902167e-08
73250.04800076805 4.3777064737343044e-08
73300.04800076805 3.744938227974002e-08
73350.04800076805 2.3841742191913545e-08
73400.04800076805 3.862621093065487e-08
73450.04800076805 2.4115268731738933e-08
73500.04800076805 2.1564520061459656e-08
73550.04800076805 3.9089326860054264e-08
73600.04800076805 2.7391889716415847e-08
73650.04800076805 4.032853735792411e-08
73700.04800076805 4.472831054413891e-08
73750.04800076805 2.160131713534133e-08
73800.04800076805 3.487847686244461e-08
73850.04800076805 4.5235942310782374e-08
73900.04800076805 3.93763774513922e-08
73950.04800076805 3.4484849958143224e-08
74000.04800076805 2.380649812338214e-08
74050.04800076805 6.333875183024206e-08
74100.04800076805 3.74086129881234e-08
74150.04800076805 3.801327767478938e-08
74200.04800076805 3.032838481057493e-08
74250.04800076805 1.0817016830091447e-08
74300.04800076805 3.618496964697324e-08
74350.04800076805 5.28006846264066e-08
74400.04800076805 4.658821161267621e-08
74450.04800076805 2.1558376687063345e-08
74500.04800076805 2.013000221685969e-08
74550.04800076805 3.220093605696681e-08
74600.04800076805 3.025957165485985e-08
74650.04800076805 3.0062610414470735e-08
74700.04800076805 2.0517738266841638e-08
74750.04800076805 2.1325429276551683e-08
74800.04800076805 2.659163139130956e-08
74850.04800076805 1.969486678254565e-08
74900.04800076805 4.5664451652714675e-08
74950.04800076805 5.130053824133209e-08
75000.04800076805 2.9121628802573235e-08
75050.04800076805 1.5640837740599117e-08
75100.04800076805 5.467799053111872e-08
75150.04800076805 4.941456275935347e-08
75200.04800076805 5.3355065908739285e-08
75250.04800076805 5.495441449043995e-08
75300.04800076805 5.014846341972534e-08
75350.04800076805 2.4436598785541254e-08
75400.04800076805 5.940005957379494e-08
75450.04800076805 4.96117081518556e-08
75500.04800076805 4.197884522830638e-08
75550.04800076805 4.991605504903995e-08
75600.04800076805 7.022174390356526e-08
75650.04800076805 3.769154282432048e-08
75700.04800076805 4.7131133626738597e-08
75750.04800076805 2.7014304374278035e-08
75800.04800076805 4.5352616926965626e-08
75850.04800076805 6.254636419060596e-08
75900.04800076805 5.1599068070946705e-08
75950.04800076805 3.057521070723084e-08
76000.04800076805 5.041312147341421e-08
76050.04800076805 5.251146155477672e-08
76100.04800076805 4.595851952926263e-08
76150.04800076805 5.4769310409916955e-08
76200.04800076805 5.463548850871576e-08
76250.04800076805 4.6712122210181956e-08
76300.04800076805 7.549051146581808e-08
76350.04800076805 9.134398101218585e-08
76400.04800076805 7.557685227409558e-08
76450.04800076805 6.737937704659057e-08
76500.04800076805 5.0620293557422016e-08
76550.04800076805 3.336666484412731e-08
76600.04800076805 1.0153417165749246e-08
76650.04800076805 1.0803156279331446e-08
76700.04800076805 1.475460084158081e-08
76750.04800076805 1.4492325737071277e-08
76800.04800076805 2.777405293416221e-08
76850.04800076805 7.548028562900169e-09
76900.04800076805 9.984824932658224e-09
76950.04800076805 2.2869351898907092e-08
77000.04800076805 2.8775767613809295e-08
77050.04800076805 1.359532016594831e-08
77100.04800076805 1.6893568229462245e-08
77150.04800076805 3.3040478565319785e-08
77200.04800076805 2.3380141708069996e-08
77250.04800076805 2.6648848451147013e-08
77300.04800076805 2.9151594865802365e-08
77350.04800076805 1.3723841179735435e-08
77400.04800076805 1.5552966058862033e-08
77450.04800076805 2.1570280145961436e-08
77500.04800076805 2.1471769846157196e-08
77550.04800076805 2.4240519261764495e-08
77600.04800076805 1.9503190732891622e-08
77650.04800076805 2.2082855709668483e-08
77700.04800076805 1.4978035600784662e-08
77750.04800076805 3.5768077851512105e-08
77800.04800076805 3.053379209909737e-08
77850.04800076805 5.47832522580099e-08
77900.04800076805 3.581293973435075e-08
77950.04800076805 1.4672736347043004e-08
78000.04800076805 2.8986991663024566e-08
78050.04800076805 3.4022738171607163e-08
78100.04800076805 2.7904735270618095e-08
78150.04800076805 5.1180767312091535e-08
78200.04800076805 4.4867163854602784e-08
78250.04800076805 4.4009255678591035e-08
78300.04800076805 4.2771478076699905e-08
78350.04800076805 4.591233700552497e-08
78400.04800076805 2.8993134883683825e-08
78450.04800076805 5.4487375759710535e-08
78500.04800076805 5.239710110026435e-08
78550.04800076805 6.302241039024684e-08
78600.04800076805 5.0145585776855706e-08
78650.04800076805 1.3166006293574606e-08
78700.04800076805 2.7386757526390052e-08
78750.04800076805 3.0315364718187934e-08
78800.04800076805 4.53564349950289e-08
78850.04800076805 2.0436005512031582e-08
78900.04800076805 3.753172367111896e-08
78950.04800076805 4.2256729359457306e-08
79000.04800076805 4.056189039922323e-08
79050.04800076805 3.5234181707718505e-08
79100.04800076805 3.558227215705804e-08
79150.04800076805 3.8814304142952556e-08
79200.04800076805 5.189816567405746e-08
79250.04800076805 3.547236080602937e-08
79300.04800076805 2.5383284844898538e-08
79350.04800076805 3.4895986492189464e-08
79400.04800076805 3.170076801189981e-08
79450.04800076805 5.4933614046618904e-08
79500.04800076805 7.990498093996811e-08
79550.04800076805 5.253776303948625e-08
79600.04800076805 2.9186336723266123e-08
79650.04800076805 4.622107454138079e-08
79700.04800076805 5.276784356596459e-08
79750.04800076805 5.388867131343855e-08
79800.04800076805 2.533458862751427e-08
79850.04800076805 4.349096472134083e-08
79900.04800076805 7.896596089016546e-08
79950.04800076805 5.209014517823521e-08
