# %ECSV 1.0
# ---
# datatype:
# - {name: wav, unit: Angstrom, datatype: float64}
# - {name: flux_nu, unit: erg / (cm2 Hz s), datatype: float64}
# schema: astropy-2.0
wav flux_nu
10000.000000000093 nan
10050.000000000093 1.899239711262235e-07
10100.000000000093 2.2550099605358e-07
10150.000000000093 2.3425513367886687e-07
10200.000000000093 2.606495147035661e-07
10250.000000000093 2.8222824462572626e-07
10300.000000000093 2.8848352387356945e-07
10350.000000000093 3.316642645877047e-07
10400.000000000093 3.6610940635758687e-07
10450.000000000093 3.728869087583569e-07
10500.000000000093 3.6046666486425436e-07
10550.000000000093 3.611747624606134e-07
10600.000000000093 3.7518142981658793e-07
10650.000000000093 4.0446220330713685e-07
10700.000000000093 4.275361351709887e-07
10750.000000000093 4.535594564972903e-07
10800.000000000093 4.677988888261375e-07
10850.000000000093 4.925416501991878e-07
10900.000000000093 3.997356015665284e-07
10950.000000000093 2.535577996262577e-07
11000.000000000093 2.13962247705988e-07
11050.000000000093 1.6802409933794638e-07
11100.000000000093 1.451402521345887e-07
11150.000000000093 1.127320942526001e-07
11200.000000000093 1.1394914871964221e-07
11250.000000000093 1.402337449990945e-07
11300.000000000093 1.3354129908503958e-07
11350.000000000093 7.339751228514345e-08
11400.000000000093 1.4104845960117396e-07
11450.000000000093 1.084595418274422e-07
11500.000000000093 1.3619190381593358e-07
11550.000000000093 1.0349365789276068e-07
11600.000000000093 1.1089761450072912e-07
11650.000000000093 1.2050362903729161e-07
11700.000000000093 1.3179804233812078e-07
11750.000000000093 1.1905477704649682e-07
11800.000000000093 1.5611662083228745e-07
11850.000000000093 1.9562550409371407e-07
11900.000000000093 2.0873337269403428e-07
11950.000000000093 2.7080277464920895e-07
12000.000000000093 2.9440220685738554e-07
12050.000000000093 3.453046456733761e-07
12100.000000000093 3.7903427519533837e-07
12150.000000000093 4.1433725349917963e-07
12200.000000000093 4.67776920912891e-07
12250.000000000093 5.204098954215131e-07
12300.000000000093 5.632946140880729e-07
12350.000000000093 5.92353600991509e-07
12400.000000000093 6.26688150660944e-07
12450.000000000093 6.998018384253228e-07
12500.000000000093 7.386517143784627e-07
12550.000000000093 7.763048812716801e-07
12600.000000000093 7.772765152282214e-07
12650.000000000093 7.703956646745654e-07
12700.000000000093 7.931906686719692e-07
12750.000000000093 7.507285857360722e-07
12800.000000000093 7.671844429905991e-07
12850.000000000093 6.807144975277682e-07
12900.000000000093 6.180646136037663e-07
12950.000000000093 6.4114674099287e-07
13000.000000000093 6.38841830446329e-07
13050.000000000093 6.203216529296265e-07
13100.000000000093 5.760466203512018e-07
13150.000000000093 5.029720837776941e-07
13200.000000000093 4.738235465584462e-07
13250.000000000093 3.706395808256604e-07
13300.000000000093 2.1255168794040058e-07
13350.000000000093 7.309044169286096e-08
13400.000000000093 3.843701566460203e-08
13450.000000000093 2.335520185029441e-08
13500.000000000093 1.398535989079695e-08
13550.000000000093 1.1531171522134525e-08
13600.000000000093 8.034336709839501e-09
13650.000000000093 1.8987690309262024e-08
13700.000000000093 1.4886915903821127e-08
13750.000000000093 1.7811783539166595e-08
13800.000000000093 2.4728734253113916e-08
13850.000000000093 1.8181780898034822e-08
13900.000000000093 1.9384723709719234e-08
13950.000000000093 1.7769318303378747e-08
14000.000000000093 1.609145039497141e-08
14050.000000000093 1.9836263166270646e-08
14100.000000000093 1.4068924732496777e-08
14150.000000000093 1.9704678512825345e-08
14200.000000000093 1.502227718303999e-08
14250.000000000093 1.526340973817461e-08
14300.000000000093 2.3098743901268845e-08
14350.000000000093 2.132392441227387e-08
14400.000000000093 2.4942120160619428e-08
14450.000000000093 2.635101014311224e-08
14500.000000000093 4.624952891766139e-08
14550.000000000093 4.61941076202416e-08
14600.000000000093 6.023575537218769e-08
14650.000000000093 6.342972580778415e-08
14700.000000000093 4.498055721473881e-08
14750.000000000093 5.975520275450955e-08
14800.000000000093 7.527421750176786e-08
14850.000000000093 7.65116473126751e-08
14900.000000000093 8.325996527857532e-08
14950.000000000093 9.21938046918501e-08
15000.000000000093 9.915591534869513e-08
15050.000000000093 1.231661759508291e-07
15100.000000000093 1.370342149002108e-07
15150.000000000093 1.4683083062155047e-07
15200.000000000093 1.3581325970107351e-07
15250.000000000093 1.6546216938370506e-07
15300.000000000093 1.9400483796114503e-07
15350.000000000093 2.2633677068793987e-07
15400.000000000093 2.4670452080819187e-07
15450.000000000093 2.787404932783505e-07
15500.000000000093 2.9562340133200695e-07
15550.000000000093 3.393244948738258e-07
15600.000000000093 3.366098311922115e-07
15650.000000000093 3.6178181302768306e-07
15700.000000000093 4.2542733567455855e-07
15750.000000000093 4.59988396203998e-07
15800.000000000093 4.3649630502175415e-07
15850.000000000093 4.797060036254121e-07
15900.000000000093 4.850069769754689e-07
15950.000000000093 4.98066064594589e-07
16000.000000000093 5.008874189667094e-07
16050.000000000093 4.858986559118538e-07
16100.000000000093 4.731842365032118e-07
16150.000000000093 4.062015222772341e-07
16200.000000000093 3.6442251731323194e-07
16250.000000000093 3.7650957854942044e-07
16300.000000000093 3.4856283676593204e-07
16350.000000000093 3.6594174656023663e-07
16400.000000000095 3.9338485007197383e-07
16450.000000000095 4.0700119264016454e-07
16500.000000000095 4.2177211955535044e-07
16550.000000000095 4.0648667507439797e-07
16600.000000000095 3.9257307781178845e-07
16650.000000000095 3.478692643635536e-07
16700.000000000095 2.625452725902742e-07
16750.000000000095 2.990999718536177e-07
16800.000000000095 3.615826284933209e-07
16850.000000000095 3.42758372671961e-07
16900.000000000095 3.250270396587634e-07
16950.000000000095 3.0417484386669697e-07
17000.000000000095 2.80133537958699e-07
17050.000000000095 3.124922247191121e-07
17100.000000000095 3.0674993014355327e-07
17150.000000000095 2.6615988034545485e-07
17200.000000000095 2.7480796900917744e-07
17250.000000000095 2.402466944174333e-07
17300.000000000095 2.1622482819309522e-07
17350.000000000095 2.0935234613941452e-07
17400.000000000095 1.967603704251563e-07
17450.000000000095 1.8118953513973738e-07
17500.000000000095 1.8561372370048006e-07
17550.000000000095 1.584071861684992e-07
17600.000000000095 1.5033955290689708e-07
17650.000000000095 1.46296429856116e-07
17700.000000000095 1.0247696537486997e-07
17750.000000000095 8.962364542050751e-08
17800.000000000095 1.0770920310401231e-07
17850.000000000095 6.95350406846654e-08
17900.000000000095 8.467628723759985e-08
17950.000000000095 6.427104874118579e-08
18000.000000000095 6.745042292833666e-08
18050.000000000095 5.99650796382215e-08
18100.000000000095 5.154223777318675e-08
18150.000000000095 7.321935332942973e-08
18200.000000000095 4.481280256817913e-08
18250.000000000095 8.811193902401053e-08
18300.000000000095 5.5988087763358774e-08
18350.000000000095 5.106277029981851e-08
18400.000000000095 4.543481866995005e-08
18450.000000000095 5.027346208362574e-08
18500.000000000095 5.660063344673464e-08
18550.000000000095 4.3895045412077705e-08
18600.000000000095 3.684255477521486e-08
18650.000000000095 3.4403976242153816e-08
18700.000000000095 3.4772459350608086e-08
18750.000000000095 4.0712846950027964e-08
18800.000000000095 6.88672062932812e-08
18850.000000000095 7.95590555096227e-08
18900.000000000095 7.20449511077077e-08
18950.000000000095 1.0592911577750747e-07
19000.000000000095 7.726719830615738e-08
19050.000000000095 6.090809623880847e-08
19100.000000000095 9.686365322714215e-08
19150.000000000095 7.785898088131301e-08
19200.000000000095 8.571319644423465e-08
19250.000000000095 7.521444968903948e-08
19300.000000000095 6.715379205998998e-08
19350.000000000095 6.096686310724436e-08
19400.000000000095 3.991562755456187e-08
19450.000000000095 6.993913710983909e-08
19500.000000000095 6.43595742912896e-08
19550.000000000095 5.200497568793697e-08
19600.000000000095 6.917236220368251e-08
19650.000000000095 7.604757198592303e-08
19700.000000000095 7.747436511801125e-08
19750.000000000095 7.864189082718118e-08
19800.000000000095 9.067862346590254e-08
19850.000000000095 1.0605777674053251e-07
19900.000000000095 7.853556791773119e-08
19950.000000000095 1.1831281724160525e-07
20000.000000000095 1.1624116393304438e-07
20050.000000000095 1.234391796447462e-07
20100.000000000095 1.3232171884065542e-07
20150.000000000095 1.2803751851529665e-07
20200.000000000095 1.5174560532307249e-07
20250.000000000095 1.6833852466085982e-07
20300.000000000095 1.528750993551843e-07
20350.000000000095 1.7431136063099954e-07
20400.000000000095 1.7532022426727243e-07
20450.000000000095 2.0540398107540673e-07
20500.000000000095 2.1030390496264145e-07
20550.000000000095 2.0188657527009777e-07
20600.000000000095 2.3549930368284058e-07
20650.000000000095 2.2048092479355676e-07
20700.000000000095 2.2663749954490657e-07
20750.000000000095 2.4924217811431555e-07
20800.000000000095 2.457972223042101e-07
20850.000000000095 2.474089606536268e-07
20900.000000000095 2.607994924689007e-07
20950.000000000095 2.484836962726654e-07
21000.000000000095 2.6381057988294525e-07
21050.000000000095 2.5279234582367904e-07
21100.000000000095 2.562597848514904e-07
21150.000000000095 2.58424215512753e-07
21200.000000000095 2.484067735381155e-07
21250.000000000095 2.5718644019477215e-07
21300.000000000095 2.385311008041224e-07
21350.000000000095 2.496194251856607e-07
21400.000000000095 2.2937759665829306e-07
21450.000000000095 2.3563857896456807e-07
21500.000000000095 2.3524218866000238e-07
21550.000000000095 2.2633476455984046e-07
21600.000000000095 2.2472304704005678e-07
21650.000000000095 2.0804860933666015e-07
21700.000000000095 2.1851721331669035e-07
21750.000000000095 2.0350259408248886e-07
21800.000000000095 1.9287651333588225e-07
21850.000000000095 1.786771769832799e-07
21900.000000000095 1.7691484080050222e-07
21950.000000000095 1.2938564792208518e-07
22000.000000000095 1.004761768521665e-07
22050.000000000095 8.382666821711662e-08
22100.000000000095 1.0988856378853057e-07
22150.000000000095 1.1943745587210483e-07
22200.000000000095 1.1768079829253772e-07
22250.000000000095 1.0957310608973315e-07
22300.000000000095 1.1007200599080909e-07
22350.000000000095 1.0411760261066652e-07
22400.000000000095 9.554446815642303e-08
22450.000000000095 8.316710665134865e-08
22500.000000000095 8.902847824709332e-08
22550.000000000095 6.974672757770622e-08
22600.000000000095 8.02032293171767e-08
22650.000000000095 7.665206323933716e-08
22700.000000000095 7.474439619064487e-08
22750.000000000095 7.89555805645557e-08
22800.000000000095 7.314835557941087e-08
22850.000000000095 6.641959316584226e-08
22900.000000000095 6.369010396031009e-08
22950.000000000095 5.852574938662883e-08
23000.000000000095 4.444700029857699e-08
23050.000000000095 5.81330464992004e-08
23100.000000000095 7.086893012905624e-08
23150.000000000095 6.759704488931075e-08
23200.000000000095 4.24263761969525e-08
23250.000000000095 4.3331828362868404e-08
23300.000000000095 4.280730079676622e-08
23350.000000000095 3.820764511469093e-08
23400.000000000095 4.743563698721349e-08
23450.000000000095 4.555186166216259e-08
23500.000000000095 4.646980185292502e-08
23550.000000000095 5.9414277722991183e-08
23600.000000000095 5.8775176443879693e-08
23650.000000000095 6.515387207059551e-08
23700.000000000095 4.604466251056459e-08
23750.000000000095 4.493762464063449e-08
23800.000000000095 5.011013883381615e-08
23850.000000000095 4.858013209425323e-08
23900.000000000095 6.669473953029115e-08
23950.000000000095 6.749687252981945e-08
24000.000000000095 8.586959100584916e-08
24050.000000000095 8.385720698109183e-08
24100.000000000095 7.028047324232406e-08
24150.000000000095 7.528815105918161e-08
24200.000000000095 8.043489855613665e-08
24250.000000000095 8.066551363425252e-08
24300.000000000095 7.921259237592352e-08
24350.000000000095 7.27697559976208e-08
24400.000000000095 1.020303207618574e-07
24450.000000000095 7.998961522707328e-08
24500.000000000095 8.859611936802336e-08
24550.000000000095 8.329001310455331e-08
24600.000000000095 9.235219160708038e-08
24650.000000000095 1.0086281205535191e-07
24700.000000000095 7.609679185026928e-08
24750.000000000095 7.050689918904603e-08
24800.000000000095 7.439401062561337e-08
24850.000000000095 9.84894944271228e-08
24900.000000000095 4.971199039604751e-08
24950.000000000095 8.452901735345077e-08
25000.000000000095 7.761976240065153e-08
25050.000000000095 5.4911955914403504e-08
25100.000000000095 7.046950484070832e-08
25150.000000000095 4.531583960235128e-08
25200.000000000095 5.94033702484555e-08
25250.000000000095 3.899208415457709e-08
25300.000000000095 5.60470240907742e-08
25350.000000000095 3.020933294120989e-08
25400.000000000095 5.3756678367200713e-08
25450.000000000095 3.576460788532961e-08
25500.000000000095 3.4448926190958644e-08
25550.000000000095 4.492709663966999e-08
25600.000000000095 3.7347517648923356e-08
25650.000000000095 2.6411933889632557e-08
25700.000000000095 4.9828995763174896e-08
25750.000000000095 2.5170393944025442e-08
25800.000000000095 5.2046095584973376e-08
25850.000000000095 2.5313531121655316e-08
25900.000000000095 3.777711743143262e-08
25950.000000000095 2.2755146383821953e-08
26000.000000000095 4.847846144960247e-08
26050.000000000095 3.472035147496873e-08
26100.000000000095 5.436335399992386e-08
26150.000000000095 4.521916703015814e-08
26200.000000000095 5.038386062656043e-08
26250.000000000095 6.577557041592384e-08
26300.000000000095 4.703714198788843e-08
26350.000000000095 7.322320495276172e-08
26400.000000000095 8.902736179330915e-08
26450.000000000095 7.733072557249365e-08
26500.000000000095 6.977638888672749e-08
26550.000000000095 5.4476558105632026e-08
26600.000000000095 6.722253813076318e-08
26650.000000000095 3.295554632086928e-08
26700.000000000095 2.479298597048414e-08
26750.000000000095 2.2058632033047743e-08
26800.000000000095 3.2477512922179055e-08
26850.000000000095 2.0217871457782706e-08
26900.000000000095 4.175880042316221e-08
26950.000000000095 2.1286198337210364e-08
27000.000000000095 5.147260830519777e-08
27050.000000000095 4.652584650702692e-08
27100.000000000095 3.261208570215812e-08
27150.000000000095 6.064062000335718e-08
27200.000000000095 3.418494895520956e-08
27250.000000000095 4.1335747220232116e-08
27300.000000000095 8.836040997114258e-08
27350.000000000095 6.531084366883778e-08
27400.000000000095 2.0586014825219712e-08
27450.000000000095 7.98944197312968e-08
27500.000000000095 7.947370281069523e-08
27550.000000000095 4.2593173550307256e-08
27600.000000000095 7.246001387289829e-08
27650.000000000095 3.503214932750147e-08
27700.000000000095 2.8289696148380005e-08
27750.000000000095 6.987518067881897e-08
27800.000000000095 3.672144608355813e-08
27850.000000000095 4.160451348542199e-08
27900.000000000095 5.3512550809386707e-08
27950.000000000095 6.177699572554434e-08
28000.000000000095 6.414777484745472e-08
28050.000000000095 2.8956461252895354e-08
28100.000000000095 8.054856079765091e-08
28150.000000000095 5.97976845247696e-08
28200.000000000095 2.6723464385808545e-08
28250.000000000095 7.989230552612377e-08
28300.000000000095 1.0704096375453291e-07
28350.000000000095 3.2508779088237966e-08
28400.000000000095 7.173850868154331e-08
28450.000000000095 7.997419118924905e-08
28500.000000000095 6.811031879603355e-08
28550.000000000095 3.056019875019887e-08
28600.000000000095 8.545688883420442e-08
28650.000000000095 8.02590514361959e-08
28700.000000000095 6.84776345293183e-08
28750.000000000095 9.506617525993793e-08
28800.000000000095 8.169825658592327e-08
28850.000000000095 1.0842029254456877e-07
28900.000000000095 5.027818748440334e-08
28950.000000000095 1.1305945573312152e-07
29000.000000000095 7.600053248788795e-08
29050.000000000095 9.199981804681458e-08
29100.000000000095 5.802529167545681e-08
29150.000000000095 1.1777076799719722e-07
29200.000000000095 8.103077791291786e-08
29250.000000000095 1.1467504714596905e-07
29300.000000000095 6.94251857893021e-08
29350.000000000095 1.9816813739091825e-07
29400.000000000095 1.1309018908684835e-07
29450.000000000095 1.1342691422708632e-07
29500.000000000095 1.2147712853189493e-07
29550.000000000095 1.0364015754405754e-07
29600.000000000095 1.4892049936457836e-07
29650.000000000095 1.2243369904479567e-07
29700.000000000095 1.0824124572237006e-07
29750.000000000095 1.3409621405054044e-07
29800.000000000095 1.6142614805546e-07
29850.000000000095 1.650086084973747e-07
29900.000000000095 1.5122379755550764e-07
29950.000000000095 1.3571980105321108e-07
30000.000000000095 1.3909004762482703e-07
30050.000000000095 1.1831807385554675e-07
30100.000000000095 1.394377725593626e-07
30150.000000000095 1.8060483707775152e-07
30200.000000000095 1.4015191215824026e-07
30250.000000000095 2.0125296662807124e-07
30300.000000000095 1.701402498629949e-07
30350.000000000095 1.435331279155553e-07
30400.000000000095 1.9728211888640763e-07
30450.000000000095 1.540283375115401e-07
30500.000000000095 1.4803332896691718e-07
30550.000000000095 1.7230490596961419e-07
30600.000000000095 1.9231222641239878e-07
30650.000000000095 1.8813122071580516e-07
30700.000000000095 1.631870894585891e-07
30750.000000000095 1.5719030147380164e-07
30800.000000000095 1.4885279239262368e-07
30850.000000000095 1.5345076908406214e-07
30900.000000000095 1.572010323938435e-07
30950.000000000095 9.834224221765376e-08
31000.000000000095 1.4206298151005918e-07
31050.000000000095 1.403394826113442e-07
31100.000000000095 9.859653408070224e-08
31150.000000000095 1.24013024760438e-07
31200.000000000095 1.2874770329528828e-07
31250.000000000095 1.1254831322857039e-07
31300.000000000095 1.0892361247683881e-07
31350.000000000095 1.0182190984777423e-07
31400.000000000095 7.556317169895957e-08
31450.000000000095 1.0457945830521805e-07
31500.000000000095 8.473435212034965e-08
31550.000000000095 1.0073544338404221e-07
31600.000000000095 7.280035265749136e-08
31650.000000000095 7.901166377670902e-08
31700.000000000095 8.19590706424348e-08
31750.000000000095 6.671129032155197e-08
31800.000000000095 7.989434600812814e-08
31850.000000000095 7.096889208959976e-08
31900.000000000095 6.72424335792483e-08
31950.000000000095 6.911257669890462e-08
32000.000000000095 6.479413045151659e-08
32050.000000000095 5.7503445976456486e-08
32100.000000000095 5.2998521303308416e-08
32150.000000000095 6.963361532428253e-08
32200.000000000095 5.523704087342146e-08
32250.000000000095 7.056171483922757e-08
32300.000000000095 4.7972491312865677e-08
32350.000000000095 9.45597417792539e-08
32400.000000000095 6.636896578889849e-08
32450.000000000095 8.761376323019651e-08
32500.000000000095 6.885416582936056e-08
32550.000000000095 8.784538593831878e-08
32600.000000000095 9.647015766206541e-08
32650.000000000095 1.126843058481213e-07
32700.000000000095 8.829412024452679e-08
32750.000000000095 1.2835845527030873e-07
32800.000000000095 9.135865086014767e-08
32850.000000000095 1.2628726947019185e-07
32900.000000000095 1.4329688927871175e-07
32950.000000000095 1.357993711657767e-07
33000.000000000095 1.2188702985512495e-07
33050.000000000095 1.2150440211062844e-07
33100.000000000095 7.144678671628041e-08
33150.000000000095 2.0854498241147318e-08
33200.000000000095 2.231948175913673e-08
33250.000000000095 1.2763391505128405e-08
33300.000000000095 1.3547885865607301e-08
33350.000000000095 2.553566484642972e-08
33400.000000000095 3.5885364090663055e-08
33450.000000000095 4.593120264077466e-08
33500.000000000095 6.204709675708004e-08
33550.000000000095 6.046424075525332e-08
33600.000000000095 8.767358151347523e-08
33650.000000000095 9.378695045346402e-08
33700.000000000095 8.526063926646786e-08
33750.000000000095 1.1270545753559113e-07
33800.000000000095 8.48302729037238e-08
33850.000000000095 1.1327735008580206e-07
33900.000000000095 9.996566241416424e-08
33950.000000000095 1.1096006698674089e-07
34000.000000000095 1.1079730193477356e-07
34050.000000000095 6.241555203626766e-08
34100.000000000095 1.0771215064459232e-07
34150.000000000095 8.39646278291271e-08
34200.000000000095 1.0420295021802076e-07
34250.000000000095 9.163038904519515e-08
34300.000000000095 7.055758755443811e-08
34350.000000000095 9.229845958116968e-08
34400.000000000095 8.473308491762656e-08
34450.000000000095 1.1201149614820796e-07
34500.000000000095 1.021169398936676e-07
34550.000000000095 7.003392591288921e-08
34600.000000000095 1.1966552780269558e-07
34650.000000000095 7.943026760399166e-08
34700.000000000095 8.804993189030139e-08
34750.000000000095 8.841419567716689e-08
34800.000000000095 6.132478297180433e-08
34850.000000000095 9.718776682451709e-08
34900.000000000095 1.096455130579275e-07
34950.000000000095 9.086034151890195e-08
35000.000000000095 1.2546314412973308e-07
35050.000000000095 9.897142697443683e-08
35100.000000000095 1.2407418988059883e-07
35150.000000000095 1.1635300572598686e-07
35200.000000000095 1.5189289539739325e-07
35250.000000000095 1.6264111708456055e-07
35300.000000000095 1.0549854998477369e-07
35350.000000000095 1.5170670676780724e-07
35400.000000000095 1.4281578409874349e-07
35450.000000000095 1.2407265889374907e-07
35500.000000000095 1.930133339574775e-07
35550.000000000095 1.717556177291318e-07
35600.000000000095 1.7686726946930487e-07
35650.000000000095 1.836407296433267e-07
35700.000000000095 1.2842553464714142e-07
35750.000000000095 1.981658068883435e-07
35800.000000000095 2.0058567217397532e-07
35850.000000000095 1.4798967804081858e-07
35900.000000000095 2.1915172244580067e-07
35950.000000000095 2.0760745909750176e-07
36000.000000000095 1.7483100694470244e-07
36050.000000000095 2.268106027250423e-07
36100.000000000095 2.078061700126134e-07
36150.000000000095 2.338859678222742e-07
36200.000000000095 2.4055387205140853e-07
36250.000000000095 2.3777665947766783e-07
36300.000000000095 2.687289667351053e-07
36350.000000000095 2.7619760060415406e-07
36400.000000000095 3.1685864577851714e-07
36450.000000000095 3.100632056161024e-07
36500.000000000095 3.070177660128167e-07
36550.000000000095 3.18124705839095e-07
36600.000000000095 3.5530667341013835e-07
36650.000000000095 3.657875072309874e-07
36700.000000000095 3.9052581118411954e-07
36750.000000000095 4.214686413706597e-07
36800.000000000095 3.9786689685150726e-07
36850.000000000095 3.8624040542415935e-07
36900.000000000095 3.8368240024909627e-07
36950.000000000095 4.344664893366751e-07
37000.000000000095 4.08949457998473e-07
37050.000000000095 4.40630408402805e-07
37100.000000000095 4.510927096064616e-07
37150.000000000095 4.758160102656232e-07
37200.000000000095 4.938976300074572e-07
37250.000000000095 4.369357356705773e-07
37300.000000000095 4.5666959911035124e-07
37350.000000000095 4.6700710156825324e-07
37400.000000000095 5.514954188164694e-07
37450.000000000095 5.119651415146772e-07
37500.000000000095 4.745633999504796e-07
37550.000000000095 5.789386607231034e-07
37600.000000000095 6.142820694578417e-07
37650.000000000095 5.22595856726063e-07
37700.000000000095 5.854702735127539e-07
37750.000000000095 4.963339082995374e-07
37800.000000000095 5.75216328766177e-07
37850.000000000095 4.847485709474175e-07
37900.000000000095 5.710306126006182e-07
37950.000000000095 6.200328994931248e-07
38000.000000000095 6.658749937503297e-07
38050.000000000095 6.068758408309658e-07
38100.000000000095 6.434692204013486e-07
38150.000000000095 6.431030534429121e-07
38200.000000000095 6.97454793449985e-07
38250.000000000095 6.400029185824958e-07
38300.000000000095 7.101739798449695e-07
38350.000000000095 7.455609997975391e-07
38400.000000000095 5.930330962995309e-07
38450.000000000095 7.073645572559208e-07
38500.000000000095 6.365756921084277e-07
38550.000000000095 6.913713045470626e-07
38600.000000000095 7.219677819749111e-07
38650.000000000095 7.860020721649991e-07
38700.000000000095 7.795178110154867e-07
38750.000000000095 7.589771260209589e-07
38800.000000000095 7.357126446689283e-07
38850.000000000095 7.953285504592002e-07
38900.000000000095 7.778099453649847e-07
38950.000000000095 7.788895293795956e-07
39000.000000000095 8.487885432503643e-07
39050.000000000095 8.123600818542363e-07
39100.000000000095 7.447695898177944e-07
39150.000000000095 8.19627460041911e-07
39200.000000000095 7.745172678896631e-07
39250.000000000095 8.583450617739582e-07
39300.000000000095 8.454612073643313e-07
39350.000000000095 9.045308079690544e-07
39400.000000000095 9.152479376868279e-07
39450.000000000095 9.214839804540438e-07
39500.000000000095 7.980171264571699e-07
39550.000000000095 8.667928489041193e-07
39600.000000000095 8.916646684435166e-07
39650.000000000095 9.370165924879527e-07
39700.000000000095 8.846872004729248e-07
39750.000000000095 8.138835883517524e-07
39800.000000000095 8.927110953134352e-07
39850.000000000095 9.034560047224716e-07
39900.000000000095 9.01870717769375e-07
39950.000000000095 9.136696388628661e-07
40000.000000000095 8.805551419296224e-07
40050.000000000095 9.405246771209109e-07
40100.000000000095 9.153730354664256e-07
40150.000000000095 1.0050867099754068e-06
40200.000000000095 1.0285337450874575e-06
40250.000000000095 8.407387501999007e-07
40300.000000000095 9.132594040525461e-07
40350.000000000095 8.956290997709847e-07
40400.000000000095 9.638979162231007e-07
40450.000000000095 9.301487683476503e-07
40500.000000000095 8.257330321561559e-07
40550.000000000095 9.623003212388822e-07
40600.000000000095 8.045401154720018e-07
40650.000000000095 9.959587357955537e-07
40700.000000000095 1.0723768288713865e-06
40750.000000000095 8.907816530220686e-07
40800.000000000095 8.046310251886521e-07
40850.000000000095 9.005058319168397e-07
40900.000000000095 8.439663470852871e-07
40950.000000000095 8.645698752578817e-07
41000.000000000095 8.887287331779479e-07
41050.000000000095 9.290133772893495e-07
41100.000000000095 8.146010174074169e-07
41150.000000000095 7.836257027626033e-07
41200.000000000095 8.79574817283332e-07
41250.000000000095 9.032335518829689e-07
41300.000000000095 6.758223389003231e-07
41350.000000000095 9.162566318364711e-07
41400.000000000095 8.523773383100301e-07
41450.000000000095 8.680647375986631e-07
41500.000000000095 8.669352742461739e-07
41550.000000000095 7.769282918558626e-07
41600.000000000095 8.130525703120745e-07
41650.000000000095 7.785829752591399e-07
41700.000000000095 7.323086513052728e-07
41750.000000000095 6.271459325890398e-07
41800.000000000095 8.196715853830997e-07
41850.000000000095 4.582718232875063e-07
41900.000000000095 6.702375606265491e-07
41950.000000000095 6.515576701368563e-07
42000.000000000095 6.360666548178763e-07
42050.000000000095 4.970144373222063e-07
42100.000000000095 5.431220817256044e-07
42150.000000000095 4.074969496981342e-07
42200.000000000095 4.793203703029188e-07
42250.000000000095 4.25255943228975e-07
42300.000000000095 4.3394358675451426e-07
42350.000000000095 4.456059244611572e-07
42400.000000000095 3.63653988398209e-07
42450.000000000095 2.91123292529119e-07
42500.000000000095 3.6781163193471843e-07
42550.000000000095 3.679951207578286e-07
42600.000000000095 4.325804670012475e-07
42650.000000000095 4.552600782242845e-07
42700.000000000095 4.041655226961653e-07
42750.000000000095 4.0375844253379473e-07
42800.000000000095 3.510170076375788e-07
42850.000000000095 4.1882875334765946e-07
42900.000000000095 4.143471118543668e-07
42950.000000000095 3.4543586057057724e-07
43000.000000000095 4.1839791162886736e-07
43050.000000000095 3.03085770385511e-07
43100.000000000095 4.157737531521061e-07
43150.000000000095 4.283658500648117e-07
43200.000000000095 4.1745840901480463e-07
43250.000000000095 3.4901576598405294e-07
43300.000000000095 4.7381223303199194e-07
43350.000000000095 3.780852806613256e-07
43400.000000000095 4.658875547339406e-07
43450.000000000095 3.1895295476370847e-07
43500.000000000095 3.2629436632285005e-07
43550.000000000095 3.16245632670648e-07
43600.000000000095 4.202405255299029e-07
43650.000000000095 2.762921844630338e-07
43700.000000000095 4.1256214439632675e-07
43750.000000000095 3.932741628679006e-07
43800.000000000095 3.1566063341089137e-07
43850.000000000095 3.680963794287118e-07
43900.000000000095 2.5925492820016535e-07
43950.000000000095 3.0725853281414984e-07
44000.000000000095 2.1642685771360225e-07
44050.000000000095 2.898886667637785e-07
44100.000000000095 2.9576551661209215e-07
44150.000000000095 3.0303688896289645e-07
44200.000000000095 2.571734229217488e-07
44250.000000000095 2.481881216782485e-07
44300.000000000095 2.2847725148879942e-07
44350.000000000095 1.8874137596952e-07
44400.000000000095 2.0775433952102128e-07
44450.000000000095 2.0406722000748645e-07
44500.000000000095 1.6148653157025423e-07
44550.000000000095 1.8038641180400073e-07
44600.000000000095 1.5284447524838864e-07
44650.000000000095 1.741473643019703e-07
44700.000000000095 1.643640451534101e-07
44750.000000000095 1.6915951998066705e-07
44800.000000000095 1.5875909296283232e-07
44850.000000000095 1.4526494586184804e-07
44900.000000000095 1.230079695047319e-07
44950.000000000095 1.2295854577330826e-07
45000.000000000095 1.2365987211248512e-07
45050.000000000095 1.3004962779854283e-07
45100.000000000095 1.1829655115029456e-07
45150.000000000095 1.1258698772251687e-07
45200.000000000095 9.366740430974e-08
45250.000000000095 9.906424415979002e-08
45300.000000000095 1.1208057537901757e-07
45350.000000000095 1.1307864347042368e-07
45400.000000000095 8.786539535237419e-08
45450.000000000095 8.788753970615626e-08
45500.000000000095 9.10868893778718e-08
45550.000000000095 1.079248894293343e-07
45600.000000000095 8.580009462353535e-08
45650.000000000095 8.668914442990048e-08
45700.000000000095 1.1044984355433063e-07
45750.000000000095 9.416664248011635e-08
45800.000000000095 8.130426823507388e-08
45850.000000000095 1.1632829553160944e-07
45900.000000000095 1.1277924741818661e-07
45950.000000000095 8.409325624241475e-08
46000.000000000095 1.0818410099370328e-07
46050.000000000095 1.1785357069175266e-07
46100.000000000095 8.504217559893361e-08
46150.000000000095 1.1721300850782393e-07
46200.000000000095 1.1135454507663697e-07
46250.000000000095 6.587638588928009e-08
46300.000000000095 1.2909049040303819e-07
46350.000000000095 9.349774689728204e-08
46400.000000000095 1.1231388520093674e-07
46450.000000000095 1.4528764546636298e-07
46500.000000000095 1.1049722561704853e-07
46550.000000000095 1.5447194549606402e-07
46600.000000000095 1.5445661256533143e-07
46650.000000000095 2.3085236334042376e-07
46700.000000000095 1.7586526052400964e-07
46750.000000000095 1.4135854759676916e-07
46800.000000000095 1.2179524478259671e-07
46850.000000000095 1.4568686057387824e-07
46900.000000000095 1.275724323605368e-07
46950.000000000095 1.7152455363311905e-07
47000.000000000095 1.032544831092429e-07
47050.000000000095 1.7892107328214897e-07
47100.000000000095 1.0011986454302287e-07
47150.000000000095 1.176208636283197e-07
47200.000000000095 1.339481733739668e-07
47250.000000000095 1.0302868210108225e-07
47300.000000000095 1.21845308487515e-07
47350.000000000095 8.9818446369779e-08
47400.000000000095 1.494211736119147e-07
47450.000000000095 9.182455489759346e-08
47500.000000000095 1.598215498925994e-07
47550.000000000095 9.55346453783663e-08
47600.000000000095 1.531961195350071e-07
47650.000000000095 9.85765762542791e-08
47700.000000000095 1.429060376149783e-07
47750.000000000095 8.8458745937699e-08
47800.000000000095 1.447148193210441e-07
47850.000000000095 8.026963064622809e-08
47900.000000000095 1.3647021884740525e-07
47950.000000000095 1.0233029347600736e-07
48000.000000000095 1.6941785654454006e-07
48050.000000000095 1.1655962027721439e-07
48100.000000000095 1.6057443284553044e-07
48150.000000000095 1.1221839183304274e-07
48200.000000000095 1.6256359482088007e-07
48250.000000000095 1.2532778775564984e-07
48300.000000000095 1.9374814351241884e-07
48350.000000000095 1.1651785305124821e-07
48400.000000000095 1.6157366316246617e-07
48450.000000000095 1.0386082077718688e-07
48500.000000000095 1.933353463694404e-07
48550.000000000095 1.0510177064770327e-07
48600.000000000095 1.8172208274547335e-07
48650.000000000095 1.0585540225005516e-07
48700.000000000095 1.9723395567771625e-07
48750.000000000095 1.1849370926045225e-07
48800.000000000095 1.843223686361905e-07
48850.000000000095 1.4054264743733265e-07
48900.000000000095 1.9865871152415234e-07
48950.000000000095 1.7418105698448057e-07
49000.000000000095 1.5339253440079355e-07
49050.000000000095 1.8571692362150175e-07
49100.000000000095 1.365640525663965e-07
49150.000000000095 2.1307400397206205e-07
49200.000000000095 1.4544512563667421e-07
49250.000000000095 2.1838931393864267e-07
49300.000000000095 1.656488709163515e-07
49350.000000000095 1.840003125373632e-07
49400.000000000095 2.2105174173206464e-07
49450.000000000095 1.9094848032950084e-07
49500.000000000095 1.9629444598462262e-07
49550.000000000095 1.3293040368486957e-07
49600.000000000095 2.0464873366053424e-07
49650.000000000095 1.8270364782322884e-07
49700.000000000095 1.6518696316164224e-07
49750.000000000095 2.7426916001212544e-07
49800.000000000095 1.6620808028175016e-07
49850.000000000095 2.9454179158379303e-07
49900.000000000095 2.1332265424427768e-07
49950.000000000095 2.518596326852055e-07
50000.000000000095 2.7340598492528344e-07
50050.000000000095 2.3813257785017092e-07
50100.000000000095 3.2999671041602975e-07
50150.000000000095 1.7006293191942938e-07
50200.000000000095 1.4111331336918757e-07
50250.000000000095 2.8055558942057495e-07
50300.000000000095 1.9763707089447974e-07
50350.000000000095 2.6821464162902746e-07
50400.000000000095 2.406076890352035e-07
50450.000000000095 2.5343414357691415e-07
50500.000000000095 3.045458581111079e-07
50550.000000000095 2.529278868897832e-07
50600.000000000095 3.0363364710234834e-07
50650.000000000095 2.6222909405680513e-07
50700.000000000095 3.5315430304427976e-07
50750.000000000095 3.6229284027668186e-07
50800.000000000095 1.8764859585355836e-07
50850.000000000095 2.3093473320631018e-07
50900.000000000095 3.367683600638114e-07
50950.000000000095 3.638402499440945e-07
51000.000000000095 3.251699838825491e-07
51050.000000000095 2.884423264144715e-07
51100.000000000095 2.0697798825928255e-07
51150.000000000095 2.513926029405824e-07
51200.000000000095 3.459556501086563e-07
51250.000000000095 3.442318587051564e-07
51300.000000000095 2.1968507914270128e-07
51350.000000000095 2.9394284815207265e-07
51400.000000000095 2.4326890778509963e-07
51450.000000000095 2.0793509675044434e-07
51500.000000000095 1.9111577294602717e-07
51550.000000000095 3.3888631716320495e-07
51600.000000000095 2.283575532606319e-07
51650.000000000095 3.209756950268846e-07
51700.000000000095 3.2439444907231856e-07
51750.000000000095 2.2152325591190761e-07
51800.000000000095 4.215410244691679e-07
51850.000000000095 3.1824649743879396e-07
51900.000000000095 4.029703116408179e-07
51950.000000000095 3.5439307458978604e-07
52000.000000000095 1.467196623137183e-07
52050.000000000095 2.386369588195851e-07
52100.000000000095 2.3035416168047932e-07
52150.000000000095 1.9401971097183832e-07
52200.000000000095 2.1742457593862172e-07
52250.000000000095 2.42392080245536e-07
52300.000000000095 3.791449140933964e-07
52350.000000000095 2.903790052874073e-07
52400.000000000095 2.2159484700643318e-07
52450.000000000095 3.3914972196659563e-07
52500.000000000095 3.0986157504912833e-07
52550.000000000095 3.301461110963524e-07
52600.000000000095 2.558676527736278e-07
52650.000000000095 3.2841280952462493e-07
52700.000000000095 2.5295517825306993e-07
52750.000000000095 2.1236478872158563e-07
52800.000000000095 2.2006105254142826e-07
52850.000000000095 2.6208705462486075e-07
52900.000000000095 2.0900196621578155e-07
52950.000000000095 2.1383895070767908e-07
53000.000000000095 3.939539668033256e-07
53050.000000000095 1.8529446602789e-07
53100.000000000095 3.5476237845738454e-07
53150.000000000095 3.974499235939591e-07
53200.000000000095 2.008387602991202e-07
53250.000000000095 3.7122299578822903e-07
53300.000000000095 3.767117326218267e-07
53350.000000000095 3.444081477335366e-07
53400.000000000095 3.8240499850022336e-07
53450.000000000095 1.9790015833742964e-07
53500.000000000095 1.3249731259171844e-07
53550.000000000095 1.9972335146334436e-07
53600.000000000095 2.7288921485203866e-07
53650.000000000095 2.3190183371573015e-07
53700.000000000095 2.148630519364569e-07
53750.000000000095 2.2372577364121625e-07
53800.000000000095 2.2813685615326734e-07
53850.000000000095 2.9150657733739664e-07
53900.000000000095 2.5561434246406423e-07
53950.000000000095 3.4734414460518237e-07
54000.000000000095 2.564860101710405e-07
54050.000000000095 2.533161419976618e-07
54100.000000000095 1.423911260259999e-07
54150.000000000095 2.0166681574810722e-07
54200.000000000095 1.1009687537337857e-07
54250.000000000095 1.2182448874588328e-07
54300.000000000095 2.0013368068692576e-07
54350.000000000095 2.5983803644081373e-07
54400.000000000095 2.6629249299052125e-07
54450.000000000095 2.2209712321399782e-07
54500.000000000095 2.084350456589622e-07
54550.000000000095 1.7663424284003351e-07
54600.000000000095 2.2253564696365458e-07
54650.000000000095 1.341543329643122e-07
54700.000000000095 2.5534046846907495e-07
54750.000000000095 2.5509343037028664e-07
54800.000000000095 1.8688473743533305e-07
54850.000000000095 2.1748404888944532e-07
54900.000000000095 2.789327122684548e-07
54950.000000000095 3.705538496565787e-07
55000.000000000095 1.786415570139435e-07
55050.000000000095 2.436813692671706e-07
55100.000000000095 2.0553269282490992e-07
55150.000000000095 1.8586641097806316e-07
55200.000000000095 1.8152548305716957e-07
55250.000000000095 2.0273444633318128e-07
55300.000000000095 1.5391557505522306e-07
55350.000000000095 2.2680476584658475e-07
55400.000000000095 2.916766123968027e-07
55450.000000000095 2.1862635365188031e-07
55500.000000000095 1.244765047756704e-07
55550.000000000095 1.6907914198709528e-07
55600.000000000095 1.6195607404205993e-07
55650.000000000095 1.3477352329363353e-07
55700.000000000095 1.7866847853009096e-07
55750.000000000095 2.0682475527767568e-07
55800.000000000095 1.4674176674462031e-07
55850.000000000095 1.344017568101228e-07
55900.000000000095 2.3695639069355154e-07
55950.000000000095 3.162512087710685e-07
56000.000000000095 1.4929352359824458e-07
56050.000000000095 2.050089494621838e-07
56100.000000000095 2.3275037604389894e-07
56150.000000000095 1.712209681334154e-07
56200.000000000095 1.9478465974934007e-07
56250.000000000095 1.894634751001131e-07
56300.000000000095 2.1071830400575174e-07
56350.000000000095 2.1434654452826787e-07
56400.000000000095 1.4964503280196237e-07
56450.000000000095 1.3248022380052673e-07
56500.000000000095 1.5130384078318166e-07
56550.000000000095 1.1304040574795165e-07
56600.000000000095 2.1975656256621225e-07
56650.000000000095 2.0938654477978325e-07
56700.000000000095 2.3763221888710583e-07
56750.000000000095 1.3081024709680738e-07
56800.000000000095 2.33740918306155e-07
56850.000000000095 1.8493101179807292e-07
56900.000000000095 1.564097013860067e-07
56950.000000000095 2.3198917124043966e-07
57000.000000000095 2.4094119265900187e-07
57050.000000000095 1.697857204898119e-07
57100.000000000095 9.655539407674923e-08
57150.000000000095 1.3200145501792947e-07
57200.000000000095 1.1057910845159269e-07
57250.000000000095 1.6190129399290056e-07
57300.000000000095 2.0135096629367765e-07
57350.000000000095 1.1578952449637143e-07
57400.000000000095 2.0114379816808154e-07
57450.000000000095 1.809781072479524e-07
57500.000000000095 1.7362641202233905e-07
57550.000000000095 2.197118646862404e-07
57600.000000000095 2.353590967933989e-07
57650.000000000095 9.978399707281873e-08
57700.000000000095 1.2340729145617964e-07
57750.000000000095 1.5124813897000734e-07
57800.000000000095 6.622709235501122e-08
57850.000000000095 2.6411122834953445e-07
57900.000000000095 3.0766765739647836e-07
57950.000000000095 2.7586760066165955e-07
58000.000000000095 1.4208879331698147e-07
58050.000000000095 2.0680311505450543e-07
58100.000000000095 2.511187020779787e-07
58150.000000000095 1.9029847719041053e-07
58200.000000000095 1.0641875963537517e-07
58250.000000000095 1.4027902107777248e-07
58300.000000000095 1.1570998051834172e-07
58350.000000000095 1.4108906309535266e-07
58400.000000000095 1.8879745543235916e-07
58450.000000000095 2.0097158519389483e-07
58500.000000000095 1.797757921649878e-07
58550.000000000095 2.0839101895460837e-07
58600.000000000095 1.2746288462345641e-07
58650.000000000095 1.603755886535963e-07
58700.000000000095 1.626902977302679e-07
58750.000000000095 1.6796920176922344e-07
58800.000000000095 9.118900699009087e-08
58850.000000000095 1.5038554882061088e-07
58900.000000000095 1.9432581350929497e-07
58950.000000000095 1.2111139426855985e-07
59000.000000000095 1.8503669983748144e-07
59050.000000000095 2.0802099069441325e-07
59100.000000000095 2.522616410449283e-07
59150.000000000095 1.8054415783841576e-07
59200.000000000095 1.9052654003316695e-07
59250.000000000095 2.0225556499844116e-07
59300.000000000095 1.9010509312177712e-07
59350.000000000095 1.0239796993700779e-07
59400.000000000095 7.997320347291122e-08
59450.000000000095 1.6617341699856327e-07
59500.000000000095 1.0572502955141263e-07
59550.000000000095 2.173258951596197e-07
59600.000000000095 2.0826566787714283e-07
59650.000000000095 1.8663177940084356e-07
59700.000000000095 1.291973181733759e-07
59750.000000000095 2.6903502674496356e-07
59800.000000000095 1.6825644712324155e-07
59850.000000000095 2.1742571099745378e-07
59900.000000000095 1.1405747150102457e-07
59950.000000000095 1.8800419642838148e-07
60000.000000000095 2.977096312371486e-07
60050.000000000095 2.516327380182469e-07
60100.000000000095 2.561980016096354e-07
60150.000000000095 1.7578837222578713e-07
60200.000000000095 2.045906332250067e-07
60250.000000000095 2.4730975341235265e-07
60300.000000000095 2.2769553391440918e-07
60350.000000000095 1.6661438565896152e-07
60400.000000000095 2.0047859751059845e-07
60450.000000000095 1.1650345155247957e-07
60500.000000000095 7.836718098595668e-08
60550.000000000095 2.1306677996365764e-07
60600.000000000095 2.091056119119006e-07
60650.000000000095 1.7631520362368407e-07
60700.000000000095 1.5937914625473988e-07
60750.000000000095 1.2121057956199447e-07
60800.000000000095 2.2566856243396103e-07
60850.000000000095 3.058948151035898e-07
60900.000000000095 2.827250894162125e-07
60950.000000000095 2.6297821478828573e-07
61000.000000000095 2.0265574792592834e-07
61050.000000000095 1.4358286358292779e-07
61100.000000000095 2.0293459616382133e-07
61150.000000000095 8.090323498129817e-08
61200.000000000095 2.74123623484598e-07
61250.000000000095 3.1599382017079525e-07
61300.000000000095 2.8323072173273506e-07
61350.000000000095 3.182258371075542e-07
61400.000000000095 2.2042546547352205e-07
61450.000000000095 1.4936305509182398e-07
61500.000000000095 1.7721835747961675e-07
61550.000000000095 1.543063417627399e-07
61600.000000000095 1.1234631927076734e-07
61650.000000000095 1.932127328476996e-07
61700.000000000095 1.608112372045651e-07
61750.000000000095 1.8856856312339984e-07
61800.000000000095 2.2104667072724208e-07
61850.000000000095 1.4150381612518902e-07
61900.000000000095 2.56683079782742e-07
61950.000000000095 2.843479660724327e-07
62000.000000000095 2.4792855072100986e-07
62050.000000000095 2.499075884743514e-07
62100.000000000095 2.673020264958486e-07
62150.000000000095 2.6310245691366287e-07
62200.000000000095 2.315556551446196e-07
62250.000000000095 2.4415214524020115e-07
62300.000000000095 3.348694255918309e-07
62350.000000000095 2.8140662112689766e-07
62400.000000000095 1.6907508631540118e-07
62450.000000000095 2.1847153793771665e-07
62500.000000000095 3.058566584567206e-07
62550.000000000095 2.892064786716283e-07
62600.000000000095 3.227278238514168e-07
62650.000000000095 2.4573684205603653e-07
62700.000000000095 2.7873621356412155e-07
62750.000000000095 3.3873032538925693e-07
62800.000000000095 2.0715705945833377e-07
62850.000000000095 2.922928132557243e-07
62900.000000000095 2.3255054532219947e-07
62950.000000000095 2.9951378624785516e-07
63000.000000000095 2.858107698245665e-07
63050.000000000095 3.804615610491253e-07
63100.000000000095 3.3404177516858346e-07
63150.000000000095 2.2736342330008834e-07
63200.000000000095 3.0609088063909957e-07
63250.000000000095 2.873319623837973e-07
63300.000000000095 3.199050741082549e-07
63350.000000000095 2.7436759207257377e-07
63400.000000000095 1.6526619860379542e-07
63450.000000000095 1.4325687086288742e-07
63500.000000000095 2.7413292553545373e-07
63550.000000000095 2.4312823284390864e-07
63600.000000000095 3.1776438164463164e-07
63650.000000000095 2.2058881826774258e-07
63700.000000000095 1.5226141178169494e-07
63750.000000000095 2.2082195561100921e-07
63800.000000000095 2.3838101273695605e-07
63850.000000000095 2.3286575023323344e-07
63900.000000000095 1.642905297861874e-07
63950.000000000095 2.5386555471077256e-07
64000.000000000095 2.7420506278564577e-07
64050.000000000095 1.921531185947996e-07
64100.000000000095 7.820804897230947e-08
64150.000000000095 1.0856321536305581e-07
64200.000000000095 1.3079137179601834e-07
64250.000000000095 2.0023246456028154e-07
64300.000000000095 1.573909621765525e-07
64350.000000000095 1.384060743428774e-07
64400.000000000095 2.1713245935865883e-07
64450.000000000095 2.2727151960479383e-07
64500.000000000095 1.304579943839433e-07
64550.000000000095 2.035469326109373e-07
64600.000000000095 1.267792745302634e-07
64650.000000000095 1.7870757897447712e-07
64700.000000000095 1.0485124873903503e-07
64750.000000000095 1.2972985159673903e-07
64800.000000000095 1.2990443765926887e-07
64850.000000000095 1.1674656799796158e-07
64900.000000000095 1.37190519279688e-07
64950.000000000095 1.2154549552755482e-07
65000.000000000095 1.4571801411507398e-07
65050.000000000095 1.5656084329346296e-07
65100.000000000095 1.8426139690379076e-07
65150.000000000095 1.3679160678050073e-07
65200.000000000095 1.0872480917667705e-07
65250.000000000095 1.7169397989704366e-07
65300.000000000095 1.3476566100888944e-07
65350.000000000095 2.6442255438962783e-07
65400.000000000095 1.405445017902349e-07
65450.000000000095 1.4633100751746501e-07
65500.000000000095 1.6853833489668196e-07
65550.00000000009 1.1355465340857128e-07
65600.00000000009 1.3885781046631195e-07
65650.00000000009 1.4864083711323383e-07
65700.00000000009 1.3356428461290697e-07
65750.00000000009 1.1287678691509096e-07
65800.00000000009 1.5674911868684152e-07
65850.00000000009 1.8400868523734897e-07
65900.00000000009 1.1197414270762499e-07
65950.00000000009 9.178749601912735e-08
66000.00000000009 1.3486290884263517e-07
66050.00000000009 2.2617785784429506e-07
66100.00000000009 1.4801986449146128e-07
66150.00000000009 1.078433476008935e-07
66200.00000000009 1.1228252087181632e-07
66250.00000000009 1.0791520588689158e-07
66300.00000000009 5.8490139715516594e-08
66350.00000000009 8.460419705109719e-08
66400.00000000009 1.0360098969609542e-07
66450.00000000009 1.7298127483198868e-07
66500.00000000009 2.1772251471397493e-07
66550.00000000009 2.1511236214519952e-07
66600.00000000009 1.638493325078653e-07
66650.00000000009 1.6527042657217174e-07
66700.00000000009 1.390674617047514e-07
66750.00000000009 1.2631876016067062e-07
66800.00000000009 1.6440154007510783e-07
66850.00000000009 1.1711290423377667e-07
66900.00000000009 1.7787547761109288e-07
66950.00000000009 2.2609994949302582e-07
67000.00000000009 2.1186577117583397e-07
67050.00000000009 1.520670580068522e-07
67100.00000000009 1.2609830752088743e-07
67150.00000000009 1.364504932153832e-07
67200.00000000009 1.5234119371556818e-07
67250.00000000009 1.5587993447166068e-07
67300.00000000009 1.6865760329575663e-07
67350.00000000009 1.162939337830432e-07
67400.00000000009 2.2556000322299945e-07
67450.00000000009 1.7786250865322254e-07
67500.00000000009 1.5518973453469737e-07
67550.00000000009 1.8671506207433739e-07
67600.00000000009 2.8359780745618305e-07
67650.00000000009 2.1727285455142108e-07
67700.00000000009 1.7316502395234583e-07
67750.00000000009 1.5161605767048602e-07
67800.00000000009 1.96747553636539e-07
67850.00000000009 1.233929253161718e-07
67900.00000000009 1.56791391763524e-07
67950.00000000009 1.0954749065899922e-07
68000.00000000009 1.4721644782774428e-07
68050.00000000009 2.106545856107124e-07
68100.00000000009 2.1614124516465282e-07
68150.00000000009 1.6910465954708904e-07
68200.00000000009 1.826555937644757e-07
68250.00000000009 8.943505490105242e-08
68300.00000000009 1.6330305151804846e-07
68350.00000000009 9.82414714718288e-08
68400.00000000009 2.1689858289524115e-07
68450.00000000009 2.0988340887254463e-07
68500.00000000009 1.7791640987711717e-07
68550.00000000009 1.2536257437326127e-07
68600.00000000009 1.340147889906378e-07
68650.00000000009 9.420849803741955e-08
68700.00000000009 1.4694261561770378e-07
68750.00000000009 1.7753549439618775e-07
68800.00000000009 1.962787899019907e-07
68850.00000000009 1.0668031785100746e-07
68900.00000000009 2.368286021411752e-07
68950.00000000009 2.597486083871042e-07
69000.00000000009 2.4847111908252683e-07
69050.00000000009 1.5042036935484016e-07
69100.00000000009 2.393919777920393e-07
69150.00000000009 2.7796336315487617e-07
69200.00000000009 1.7348176812817151e-07
69250.00000000009 2.5582450859653854e-07
69300.00000000009 2.0832251060150097e-07
69350.00000000009 2.3400723323707058e-07
69400.00000000009 1.3491866433100268e-07
69450.00000000009 2.5225950785386953e-07
69500.00000000009 1.6008793726465098e-07
69550.00000000009 1.7906993203268445e-07
69600.00000000009 7.55116647465158e-08
69650.00000000009 1.608014877046279e-07
69700.00000000009 2.2749951102671335e-07
69750.00000000009 1.726028567205632e-07
69800.00000000009 2.1591688091896352e-07
69850.00000000009 2.3502315649232118e-07
69900.00000000009 1.5535757065086598e-07
69950.00000000009 1.8631721244446488e-07
70000.00000000009 1.5751187890967878e-07
70050.00000000009 2.319849487558769e-07
70100.00000000009 1.7828468665822312e-07
70150.00000000009 2.0853692923341133e-07
70200.00000000009 1.4956613450549287e-07
70250.00000000009 1.829192752975088e-07
70300.00000000009 2.2870430015587316e-07
70350.00000000009 1.737049914642143e-07
70400.00000000009 1.5894782814323326e-07
70450.00000000009 8.3266991225448e-08
70500.00000000009 1.2706927680250086e-07
70550.00000000009 1.333865072471918e-07
70600.00000000009 1.4552351676327697e-07
70650.00000000009 1.9671001844198804e-07
70700.00000000009 1.931238238036446e-07
70750.00000000009 2.337878404962851e-07
70800.00000000009 1.6076407495909048e-07
70850.00000000009 1.478810884540013e-07
70900.00000000009 1.5143328060321024e-07
70950.00000000009 2.209091255190356e-07
71000.00000000009 1.897824017131616e-07
71050.00000000009 2.0858083404151344e-07
71100.00000000009 1.848064027562593e-07
71150.00000000009 1.728571804148958e-07
71200.00000000009 1.4983621307935184e-07
71250.00000000009 1.773790924255449e-07
71300.00000000009 2.2161690498265175e-07
71350.00000000009 1.9541490926772824e-07
71400.00000000009 1.9373624222985013e-07
71450.00000000009 1.1815524072335688e-07
71500.00000000009 1.512210087726487e-07
71550.00000000009 1.561107631734684e-07
71600.00000000009 1.780485534700355e-07
71650.00000000009 1.5612346214316065e-07
71700.00000000009 1.2956723475404264e-07
71750.00000000009 1.734120408481635e-07
71800.00000000009 2.2084446134189823e-07
71850.00000000009 2.1426764405519267e-07
71900.00000000009 1.4168074666049365e-07
71950.00000000009 1.7274507927952198e-07
72000.00000000009 1.6301501148509243e-07
72050.00000000009 1.2073183293429685e-07
72100.00000000009 1.4422249781127525e-07
72150.00000000009 1.472016106479269e-07
72200.00000000009 1.729899882321598e-07
72250.00000000009 1.8813269946103736e-07
72300.00000000009 1.821287468419945e-07
72350.00000000009 1.6453360336199978e-07
72400.00000000009 1.495143355112385e-07
72450.00000000009 1.379791402805113e-07
72500.00000000009 1.544620539241383e-07
72550.00000000009 9.973412288276759e-08
72600.00000000009 9.967313676359933e-08
72650.00000000009 1.967206947490695e-07
72700.00000000009 1.8452918723731432e-07
72750.00000000009 1.5132945109889667e-07
72800.00000000009 1.4421031074061097e-07
72850.00000000009 1.4760433466660301e-07
72900.00000000009 1.8196787632303976e-07
72950.00000000009 1.6060017495629272e-07
73000.00000000009 1.680591464687753e-07
73050.00000000009 1.435535433334006e-07
73100.00000000009 1.3640541044463773e-07
73150.00000000009 2.2791339194276265e-07
73200.00000000009 1.4831287995280033e-07
73250.00000000009 1.6736974652061888e-07
73300.00000000009 1.6417786274732195e-07
73350.00000000009 1.2115039054200776e-07
73400.00000000009 1.5170699048844916e-07
73450.00000000009 1.0211325648077603e-07
73500.00000000009 1.2013345884086928e-07
73550.00000000009 1.502773847263612e-07
73600.00000000009 1.1640198422433007e-07
73650.00000000009 1.5545007026214878e-07
73700.00000000009 1.9025109408316884e-07
73750.00000000009 1.2181617618713903e-07
73800.00000000009 1.3674182940752114e-07
73850.00000000009 1.6460437492623052e-07
73900.00000000009 1.8149249948566183e-07
73950.00000000009 1.4936751800169027e-07
74000.00000000009 1.4301367200784785e-07
74050.00000000009 2.300935088081353e-07
74100.00000000009 1.4109684317391013e-07
74150.00000000009 1.6208341918066357e-07
74200.00000000009 1.440745716257721e-07
74250.00000000009 1.0358635609945476e-07
74300.00000000009 1.5031420474134373e-07
74350.00000000009 1.727302696784062e-07
74400.00000000009 1.431072648564415e-07
74450.00000000009 1.0556331261519293e-07
74500.00000000009 1.2054479128236448e-07
74550.00000000009 1.4536923760594357e-07
74600.00000000009 1.2634709837239666e-07
74650.00000000009 1.2363898089728095e-07
74700.00000000009 9.677885687940464e-08
74750.00000000009 1.317732332970755e-07
74800.00000000009 1.1895755906775325e-07
74850.00000000009 8.625485783327139e-08
74900.00000000009 1.8966430059067183e-07
74950.00000000009 1.852311940516848e-07
75000.00000000009 1.546641912350571e-07
75050.00000000009 1.3432958813603984e-07
75100.00000000009 2.0506325401874032e-07
75150.00000000009 1.685474193631755e-07
75200.00000000009 1.9408468083867743e-07
75250.00000000009 1.8671062992043363e-07
75300.00000000009 1.9194628279639335e-07
75350.00000000009 1.14334564407242e-07
75400.00000000009 1.8052974195398867e-07
75450.00000000009 1.6342953146873379e-07
75500.00000000009 1.5351837047759048e-07
75550.00000000009 1.8811685559817945e-07
75600.00000000009 2.3672223943220149e-07
75650.00000000009 1.6108711083408996e-07
75700.00000000009 1.5277254391715965e-07
75750.00000000009 1.1571958831403946e-07
75800.00000000009 1.6531582434729822e-07
75850.00000000009 1.9422010461469502e-07
75900.00000000009 1.615062697144092e-07
75950.00000000009 1.4090099642474447e-07
76000.00000000009 1.514808525614201e-07
76050.00000000009 1.6471691743292386e-07
76100.00000000009 1.429467035971848e-07
76150.00000000009 1.6985609922741188e-07
76200.00000000009 1.7588071162184976e-07
76250.00000000009 2.2903266301314535e-07
76300.00000000009 2.2623221979301965e-07
76350.00000000009 2.8908511331069773e-07
76400.00000000009 2.173198225949974e-07
76450.00000000009 1.9767685952120398e-07
76500.00000000009 1.7643395586799728e-07
76550.00000000009 1.6754913300709988e-07
76600.00000000009 8.762544331361704e-08
76650.00000000009 9.662454238799059e-08
76700.00000000009 1.14400927323027e-07
76750.00000000009 1.0176153547332788e-07
76800.00000000009 1.5180801833049875e-07
76850.00000000009 7.005651100573344e-08
76900.00000000009 8.398648319448079e-08
76950.00000000009 1.1851438059713909e-07
77000.00000000009 1.3147758734205913e-07
77050.00000000009 9.440303702492714e-08
77100.00000000009 9.505941432451856e-08
77150.00000000009 1.3306308363033848e-07
77200.00000000009 1.2421405726001121e-07
77250.00000000009 1.3382591305647034e-07
77300.00000000009 1.2631434713108906e-07
77350.00000000009 8.688437533446751e-08
77400.00000000009 7.611789892371726e-08
77450.00000000009 8.799753739056911e-08
77500.00000000009 1.0637979264591576e-07
77550.00000000009 1.185359933681523e-07
77600.00000000009 1.2506738169686795e-07
77650.00000000009 1.1960341616944798e-07
77700.00000000009 9.726539808755145e-08
77750.00000000009 1.4925363620707065e-07
77800.00000000009 1.2216321017379385e-07
77850.00000000009 1.760245099222605e-07
77900.00000000009 1.4971575153944523e-07
77950.00000000009 1.0067225710700943e-07
78000.00000000009 1.2683080861626173e-07
78050.00000000009 1.358847540305243e-07
78100.00000000009 1.024880094490187e-07
78150.00000000009 1.571175672154446e-07
78200.00000000009 1.6268669713893772e-07
78250.00000000009 1.8543156548558464e-07
78300.00000000009 1.771460870697379e-07
78350.00000000009 1.6385198478478884e-07
78400.00000000009 1.4383125986365692e-07
78450.00000000009 1.9338529111666527e-07
78500.00000000009 1.8225287284986029e-07
78550.00000000009 1.751510171439657e-07
78600.00000000009 1.5330453334842698e-07
78650.00000000009 7.789655313436632e-08
78700.00000000009 1.3846464131447886e-07
78750.00000000009 1.2953482388504378e-07
78800.00000000009 1.7091825039619728e-07
78850.00000000009 1.1647637760108223e-07
78900.00000000009 1.5205055814316596e-07
78950.00000000009 1.2767675952566368e-07
79000.00000000009 1.4097211468616354e-07
79050.00000000009 1.3712819502134928e-07
79100.00000000009 1.4231722772882052e-07
79150.00000000009 1.629107337712301e-07
79200.00000000009 1.9688477413839235e-07
79250.00000000009 1.6293567235830412e-07
79300.00000000009 1.1906203049531779e-07
79350.00000000009 1.7464377840139544e-07
79400.00000000009 1.4152160971212392e-07
79450.00000000009 1.6208756869423218e-07
79500.00000000009 2.247102495504976e-07
79550.00000000009 1.7839353528418674e-07
79600.00000000009 1.2410543579574574e-07
79650.00000000009 1.5267508722679872e-07
79700.00000000009 2.070897776216305e-07
79750.00000000009 1.8788201793867188e-07
79800.00000000009 1.6241835170921433e-07
79850.00000000009 1.5636257607118524e-07
79900.00000000009 2.424069594109815e-07
79950.00000000009 1.7286079650567674e-07
