# %ECSV 1.0
# ---
# datatype:
# - {name: wav, unit: Angstrom, datatype: float64}
# - {name: flux_nu, unit: erg / (cm2 Hz s), datatype: float64}
# schema: astropy-2.0
wav flux_nu
10000.000000000093 nan
10050.000000000093 1.2438285261077034e-07
10100.000000000093 1.516583097904327e-07
10150.000000000093 1.6379056603180707e-07
10200.000000000093 1.880925690230307e-07
10250.000000000093 2.061723469454257e-07
10300.000000000093 2.132618468221168e-07
10350.000000000093 2.5080459242598793e-07
10400.000000000093 2.8328297530445225e-07
10450.000000000093 2.860276634437389e-07
10500.000000000093 2.7378485728439057e-07
10550.000000000093 2.744180206593294e-07
10600.000000000093 2.8467974342293964e-07
10650.000000000093 3.132452593004519e-07
10700.000000000093 3.3358890486073916e-07
10750.000000000093 3.543483214920331e-07
10800.000000000093 3.611178572908441e-07
10850.000000000093 3.7721428530456415e-07
10900.000000000093 2.8316523432280265e-07
10950.000000000093 1.6855684118755504e-07
11000.000000000093 1.5085724100083945e-07
11050.000000000093 1.2364927654301447e-07
11100.000000000093 1.0943150581806672e-07
11150.000000000093 8.272438785681693e-08
11200.000000000093 7.58282499195545e-08
11250.000000000093 8.921919411228794e-08
11300.000000000093 9.153128482244006e-08
11350.000000000093 5.09000685911839e-08
11400.000000000093 8.370867867900372e-08
11450.000000000093 6.721162377384151e-08
11500.000000000093 7.136871992358516e-08
11550.000000000093 4.5728319099684035e-08
11600.000000000093 4.921053410951135e-08
11650.000000000093 6.48995330787377e-08
11700.000000000093 7.026479976237063e-08
11750.000000000093 3.92039486162638e-08
11800.000000000093 7.524416804610692e-08
11850.000000000093 1.0587727972834199e-07
11900.000000000093 1.0880541814095533e-07
11950.000000000093 1.4943930036423907e-07
12000.000000000093 1.7138558290478603e-07
12050.000000000093 2.0851947347880622e-07
12100.000000000093 2.437317025179586e-07
12150.000000000093 2.6417141039793385e-07
12200.000000000093 3.142228173298702e-07
12250.000000000093 3.5425451820699e-07
12300.000000000093 3.8119784187071456e-07
12350.000000000093 4.1001904210484683e-07
12400.000000000093 4.4153563199171004e-07
12450.000000000093 5.09065651481147e-07
12500.000000000093 5.463358672062625e-07
12550.000000000093 5.753920356817651e-07
12600.000000000093 5.696799577940155e-07
12650.000000000093 5.708439965234564e-07
12700.000000000093 5.938433217224268e-07
12750.000000000093 5.668559845341776e-07
12800.000000000093 5.7621201110586e-07
12850.000000000093 5.233680310068944e-07
12900.000000000093 4.738504540429533e-07
12950.000000000093 5.062826355127119e-07
13000.000000000093 4.760536242550658e-07
13050.000000000093 4.555825338170488e-07
13100.000000000093 4.035582108266323e-07
13150.000000000093 3.3873900376351334e-07
13200.000000000093 3.21871020792062e-07
13250.000000000093 2.5449271559741445e-07
13300.000000000093 1.3967738322101935e-07
13350.000000000093 5.7204742339916465e-08
13400.000000000093 4.103230754581397e-08
13450.000000000093 2.737094831932878e-08
13500.000000000093 1.881032516401408e-08
13550.000000000093 1.5845454965697773e-08
13600.000000000093 9.322578372425908e-09
13650.000000000093 2.0587383926027115e-08
13700.000000000093 1.896111557391075e-08
13750.000000000093 1.598098620572048e-08
13800.000000000093 1.8494217007157948e-08
13850.000000000093 1.6489436995893852e-08
13900.000000000093 1.6089685784728475e-08
13950.000000000093 1.4428271854800526e-08
14000.000000000093 1.2950617823972933e-08
14050.000000000093 1.5963667845151756e-08
14100.000000000093 1.5474738237457872e-08
14150.000000000093 1.9495094545971604e-08
14200.000000000093 1.780316764845534e-08
14250.000000000093 1.9174932562658208e-08
14300.000000000093 2.2907181945013043e-08
14350.000000000093 2.387059687647275e-08
14400.000000000093 2.9399439901624563e-08
14450.000000000093 3.0280178318088666e-08
14500.000000000093 4.662373823420668e-08
14550.000000000093 4.7906815228361834e-08
14600.000000000093 5.7400476884342125e-08
14650.000000000093 6.534486149416418e-08
14700.000000000093 5.2966390020640166e-08
14750.000000000093 6.548879866895251e-08
14800.000000000093 7.84131036452264e-08
14850.000000000093 7.739194720039161e-08
14900.000000000093 8.814409011479067e-08
14950.000000000093 9.466484406107781e-08
15000.000000000093 9.963796391363846e-08
15050.000000000093 1.2353571779277324e-07
15100.000000000093 1.3226716790775422e-07
15150.000000000093 1.4446710151548807e-07
15200.000000000093 1.271719499845325e-07
15250.000000000093 1.4797245078387416e-07
15300.000000000093 1.6887163623194667e-07
15350.000000000093 1.9248322900761033e-07
15400.000000000093 2.070969572285763e-07
15450.000000000093 2.338040065339458e-07
15500.000000000093 2.433093232503396e-07
15550.000000000093 2.7371549773971204e-07
15600.000000000093 2.8761577622478873e-07
15650.000000000093 2.926608987756129e-07
15700.000000000093 3.359654846800648e-07
15750.000000000093 3.579713691465058e-07
15800.000000000093 3.412579910094432e-07
15850.000000000093 3.771127818751295e-07
15900.000000000093 3.597007878930433e-07
15950.000000000093 3.5518263562856463e-07
16000.000000000093 3.39169993630429e-07
16050.000000000093 2.9223828681175355e-07
16100.000000000093 2.6274048424237386e-07
16150.000000000093 1.79978041736552e-07
16200.000000000093 1.419169681870203e-07
16250.000000000093 1.400658381535612e-07
16300.000000000093 1.238173733406654e-07
16350.000000000093 1.2571740457368133e-07
16400.000000000095 1.4216280203361286e-07
16450.000000000095 1.6187447609090688e-07
16500.000000000095 1.6941001080955824e-07
16550.000000000095 1.551175921134538e-07
16600.000000000095 1.4199516214677967e-07
16650.000000000095 1.2571051699300309e-07
16700.000000000095 5.560143391924921e-08
16750.000000000095 6.634978546777832e-08
16800.000000000095 1.0851072837233397e-07
16850.000000000095 1.1553023309084536e-07
16900.000000000095 9.742898846214083e-08
16950.000000000095 8.364651489850218e-08
17000.000000000095 7.120823756555429e-08
17050.000000000095 8.690425223479307e-08
17100.000000000095 1.0140484885932041e-07
17150.000000000095 7.623446586734689e-08
17200.000000000095 1.1149053946062042e-07
17250.000000000095 9.586185428932872e-08
17300.000000000095 7.760247941933091e-08
17350.000000000095 7.654076401346614e-08
17400.000000000095 7.255808806002042e-08
17450.000000000095 8.9928819153463e-08
17500.000000000095 1.057021089287627e-07
17550.000000000095 9.190859220270018e-08
17600.000000000095 7.968907981275036e-08
17650.000000000095 7.936759982582756e-08
17700.000000000095 5.78071873532063e-08
17750.000000000095 6.024212054422906e-08
17800.000000000095 7.850748627890617e-08
17850.000000000095 5.976387985214319e-08
17900.000000000095 6.480148741228951e-08
17950.000000000095 4.8106822704477955e-08
18000.000000000095 5.4424979404077216e-08
18050.000000000095 7.032531699599888e-08
18100.000000000095 6.041699286974542e-08
18150.000000000095 8.661113799706163e-08
18200.000000000095 6.661543054201149e-08
18250.000000000095 9.606858195919047e-08
18300.000000000095 7.824879801104097e-08
18350.000000000095 7.220397043637748e-08
18400.000000000095 6.565051402492222e-08
18450.000000000095 6.846776094927705e-08
18500.000000000095 8.259183817163123e-08
18550.000000000095 7.167669473118866e-08
18600.000000000095 6.168646253535191e-08
18650.000000000095 6.201325386774947e-08
18700.000000000095 7.087071015413541e-08
18750.000000000095 6.91573251622009e-08
18800.000000000095 1.0477770587447057e-07
18850.000000000095 1.203850677836704e-07
18900.000000000095 1.183068418212616e-07
18950.000000000095 1.4358457272495184e-07
19000.000000000095 1.3492731121563867e-07
19050.000000000095 1.1629744676330423e-07
19100.000000000095 1.4928719771851751e-07
19150.000000000095 1.47214526043066e-07
19200.000000000095 1.431182789959422e-07
19250.000000000095 1.4233778532917784e-07
19300.000000000095 1.313962871549646e-07
19350.000000000095 1.2667668960180704e-07
19400.000000000095 8.951516303137348e-08
19450.000000000095 1.3783208890029005e-07
19500.000000000095 1.2202496423029323e-07
19550.000000000095 1.0892029752937762e-07
19600.000000000095 1.3902520165136024e-07
19650.000000000095 1.4372028074958424e-07
19700.000000000095 1.4688781961929182e-07
19750.000000000095 1.391482271815857e-07
19800.000000000095 1.588140765776301e-07
19850.000000000095 1.7143593232323224e-07
19900.000000000095 1.3123281856492513e-07
19950.000000000095 1.9106741418105424e-07
20000.000000000095 1.9689326891395097e-07
20050.000000000095 2.0689779862585524e-07
20100.000000000095 2.138915139922119e-07
20150.000000000095 1.977179000081606e-07
20200.000000000095 2.402981227733221e-07
20250.000000000095 2.660593361015067e-07
20300.000000000095 2.321942524394368e-07
20350.000000000095 2.5838962434349445e-07
20400.000000000095 2.5815393371522847e-07
20450.000000000095 3.1043702762793944e-07
20500.000000000095 3.125207083959747e-07
20550.000000000095 2.891593163147194e-07
20600.000000000095 3.4237942435049297e-07
20650.000000000095 3.1163560958612865e-07
20700.000000000095 3.30470852689023e-07
20750.000000000095 3.71575991611218e-07
20800.000000000095 3.600111397196072e-07
20850.000000000095 3.4397328557368597e-07
20900.000000000095 3.6794024367947197e-07
20950.000000000095 3.363834586618521e-07
21000.000000000095 3.651313728969954e-07
21050.000000000095 3.3749604253132094e-07
21100.000000000095 3.3100706482469816e-07
21150.000000000095 3.1900399414327157e-07
21200.000000000095 3.10148982313961e-07
21250.000000000095 3.026060901240684e-07
21300.000000000095 2.633112481391864e-07
21350.000000000095 2.8047750731607547e-07
21400.000000000095 2.401751250977655e-07
21450.000000000095 2.175918936208644e-07
21500.000000000095 2.1615959532918528e-07
21550.000000000095 2.0109062589346698e-07
21600.000000000095 1.7957967997548062e-07
21650.000000000095 1.4568787891242723e-07
21700.000000000095 1.5856809218913082e-07
21750.000000000095 1.4756416815936746e-07
21800.000000000095 1.272130300775928e-07
21850.000000000095 1.0713750179230336e-07
21900.000000000095 9.015569490117477e-08
21950.000000000095 3.8645406518397124e-08
22000.000000000095 3.00423764554744e-08
22050.000000000095 1.7028463295602125e-08
22100.000000000095 2.4299618299143956e-08
22150.000000000095 3.4712115586071116e-08
22200.000000000095 3.5884038106560984e-08
22250.000000000095 3.077143777775732e-08
22300.000000000095 3.089859277998725e-08
22350.000000000095 2.766141009551957e-08
22400.000000000095 2.416719411228813e-08
22450.000000000095 2.2036962656996518e-08
22500.000000000095 2.2480754231677115e-08
22550.000000000095 1.0852104393824379e-08
22600.000000000095 1.696512252442857e-08
22650.000000000095 1.7887868848871828e-08
22700.000000000095 1.6345949784124604e-08
22750.000000000095 1.6766291747491203e-08
22800.000000000095 1.4105237869003388e-08
22850.000000000095 1.3031661525713568e-08
22900.000000000095 1.0354862404235211e-08
22950.000000000095 1.2804189210177035e-08
23000.000000000095 1.0977335644841918e-08
23050.000000000095 1.6271477628953933e-08
23100.000000000095 2.362376117554562e-08
23150.000000000095 2.7249328799135415e-08
23200.000000000095 1.1311024868591922e-08
23250.000000000095 9.707437312081035e-09
23300.000000000095 9.405888431700856e-09
23350.000000000095 8.749563358882627e-09
23400.000000000095 1.289527848286151e-08
23450.000000000095 1.1759454200155527e-08
23500.000000000095 1.0648096087023763e-08
23550.000000000095 1.6842859728416437e-08
23600.000000000095 1.554426093851095e-08
23650.000000000095 2.3519211111454612e-08
23700.000000000095 1.4060266834053374e-08
23750.000000000095 1.0369748055136278e-08
23800.000000000095 1.1643002134100373e-08
23850.000000000095 1.3355211377492979e-08
23900.000000000095 2.2512800266143007e-08
23950.000000000095 2.387634099532776e-08
24000.000000000095 2.645607233552588e-08
24050.000000000095 3.8157659974461706e-08
24100.000000000095 2.8944525566924187e-08
24150.000000000095 3.298124016799497e-08
24200.000000000095 3.5504298227231604e-08
24250.000000000095 2.461626736743641e-08
24300.000000000095 3.220747524278043e-08
24350.000000000095 2.7487778426110585e-08
24400.000000000095 4.164282439491449e-08
24450.000000000095 3.577552649130735e-08
24500.000000000095 4.3858300169007e-08
24550.000000000095 4.3471575308728224e-08
24600.000000000095 5.239248950483163e-08
24650.000000000095 5.498550333563807e-08
24700.000000000095 5.093947451701559e-08
24750.000000000095 4.158943881272454e-08
24800.000000000095 5.508207458422165e-08
24850.000000000095 6.862527921644683e-08
24900.000000000095 5.026328951465476e-08
24950.000000000095 7.163120539564183e-08
25000.000000000095 8.12625519169261e-08
25050.000000000095 6.78733951727968e-08
25100.000000000095 7.47556047755256e-08
25150.000000000095 5.014753639659288e-08
25200.000000000095 7.802032470616739e-08
25250.000000000095 6.010563696269813e-08
25300.000000000095 8.623292327637003e-08
25350.000000000095 4.7255794681556846e-08
25400.000000000095 8.443533999221605e-08
25450.000000000095 6.696556104056403e-08
25500.000000000095 6.201059421617269e-08
25550.000000000095 7.081179880204385e-08
25600.000000000095 4.452841845211346e-08
25650.000000000095 5.069294850858703e-08
25700.000000000095 7.505516141777643e-08
25750.000000000095 4.837899948960724e-08
25800.000000000095 6.593510737582837e-08
25850.000000000095 4.4494183300778485e-08
25900.000000000095 4.960523511400145e-08
25950.000000000095 4.939350427493951e-08
26000.000000000095 7.195078045452334e-08
26050.000000000095 6.571287868536256e-08
26100.000000000095 7.906311832992385e-08
26150.000000000095 6.103081319340405e-08
26200.000000000095 8.317403142962455e-08
26250.000000000095 9.034030132626904e-08
26300.000000000095 7.077347518234544e-08
26350.000000000095 1.0162778723032078e-07
26400.000000000095 1.1709156155213219e-07
26450.000000000095 1.138275249150725e-07
26500.000000000095 1.0612748781427179e-07
26550.000000000095 1.0680925211978862e-07
26600.000000000095 1.2334761282504638e-07
26650.000000000095 7.123441830843368e-08
26700.000000000095 6.267619344825896e-08
26750.000000000095 5.819404311778899e-08
26800.000000000095 8.204120200647789e-08
26850.000000000095 5.126614385344699e-08
26900.000000000095 8.989253057381445e-08
26950.000000000095 5.332541702228724e-08
27000.000000000095 1.0549137080095101e-07
27050.000000000095 9.466597601150538e-08
27100.000000000095 7.69375702859057e-08
27150.000000000095 1.2783384511521795e-07
27200.000000000095 8.289927298463352e-08
27250.000000000095 9.291039492764996e-08
27300.000000000095 1.5418394772203631e-07
27350.000000000095 1.176799501284283e-07
27400.000000000095 5.519180137751576e-08
27450.000000000095 1.6166661318505262e-07
27500.000000000095 1.3279543304284322e-07
27550.000000000095 1.059862568230655e-07
27600.000000000095 1.682210176336296e-07
27650.000000000095 8.664234472324238e-08
27700.000000000095 6.440897671940317e-08
27750.000000000095 1.5330540426085877e-07
27800.000000000095 8.820076284320156e-08
27850.000000000095 9.926957884002076e-08
27900.000000000095 1.2206986562520216e-07
27950.000000000095 1.0923769749118334e-07
28000.000000000095 1.4077514988033603e-07
28050.000000000095 7.197239371961341e-08
28100.000000000095 1.5142863561633386e-07
28150.000000000095 1.3564426368377404e-07
28200.000000000095 6.5417125654727e-08
28250.000000000095 1.5696642903498916e-07
28300.000000000095 2.0748741751921064e-07
28350.000000000095 7.379763467206731e-08
28400.000000000095 1.4968028940011633e-07
28450.000000000095 1.4085473635480119e-07
28500.000000000095 1.4280116785302e-07
28550.000000000095 6.5564810419939e-08
28600.000000000095 1.5507600294133036e-07
28650.000000000095 1.525427292624349e-07
28700.000000000095 1.3432337101707888e-07
28750.000000000095 1.7755346623815996e-07
28800.000000000095 1.3434776796444363e-07
28850.000000000095 2.0378641878086695e-07
28900.000000000095 9.40194502687836e-08
28950.000000000095 1.778901341740038e-07
29000.000000000095 1.1724910348975696e-07
29050.000000000095 1.4893355200203247e-07
29100.000000000095 8.83297836684941e-08
29150.000000000095 1.8103505220814237e-07
29200.000000000095 1.373151107634598e-07
29250.000000000095 1.9230413599605867e-07
29300.000000000095 1.1443334675618677e-07
29350.000000000095 2.6920608881185976e-07
29400.000000000095 1.8818416583927699e-07
29450.000000000095 1.722578339789412e-07
29500.000000000095 1.7502299497873336e-07
29550.000000000095 1.4881134250203203e-07
29600.000000000095 2.2516053991811953e-07
29650.000000000095 1.666845327231354e-07
29700.000000000095 1.667989731615259e-07
29750.000000000095 1.8713058929569576e-07
29800.000000000095 2.413408741086445e-07
29850.000000000095 2.2588914359483485e-07
29900.000000000095 1.8502151950478103e-07
29950.000000000095 1.5506417707442757e-07
30000.000000000095 2.073771248810056e-07
30050.000000000095 1.571360186562841e-07
30100.000000000095 1.683275816347592e-07
30150.000000000095 2.0561414382697144e-07
30200.000000000095 1.6321854337356433e-07
30250.000000000095 1.828977751539856e-07
30300.000000000095 1.7416844089757708e-07
30350.000000000095 1.3823990048767602e-07
30400.000000000095 1.5289202196612145e-07
30450.000000000095 1.343928332573282e-07
30500.000000000095 1.280131689680431e-07
30550.000000000095 1.2512480436348988e-07
30600.000000000095 1.24212047762994e-07
30650.000000000095 1.115734635016173e-07
30700.000000000095 1.0156847650161403e-07
30750.000000000095 8.680498944667794e-08
30800.000000000095 9.941529793892968e-08
30850.000000000095 8.666203863667628e-08
30900.000000000095 7.822949602954347e-08
30950.000000000095 6.958555303975204e-08
31000.000000000095 7.116924310625028e-08
31050.000000000095 6.730204153614038e-08
31100.000000000095 4.7432658405387396e-08
31150.000000000095 5.9456535444157484e-08
31200.000000000095 5.637010061129151e-08
31250.000000000095 4.677072479496839e-08
31300.000000000095 4.580808041226456e-08
31350.000000000095 4.4190682660954804e-08
31400.000000000095 3.049627285573628e-08
31450.000000000095 4.956814579354296e-08
31500.000000000095 3.259084848272996e-08
31550.000000000095 4.628822939667443e-08
31600.000000000095 3.0215466109506556e-08
31650.000000000095 3.5066912676585676e-08
31700.000000000095 3.460834831053938e-08
31750.000000000095 2.940522855271221e-08
31800.000000000095 3.063816978001123e-08
31850.000000000095 3.334390392376847e-08
31900.000000000095 2.8227462812182773e-08
31950.000000000095 3.203451841664076e-08
32000.000000000095 3.0882324961560466e-08
32050.000000000095 1.9789362872603693e-08
32100.000000000095 2.3255541696748788e-08
32150.000000000095 2.8237819578734387e-08
32200.000000000095 2.502751219029963e-08
32250.000000000095 3.111981258300172e-08
32300.000000000095 2.19086294828654e-08
32350.000000000095 3.267487558733531e-08
32400.000000000095 2.8579894046819502e-08
32450.000000000095 3.420331197577896e-08
32500.000000000095 2.5691859531192543e-08
32550.000000000095 3.296998155481197e-08
32600.000000000095 3.6678730716374906e-08
32650.000000000095 4.622862085408866e-08
32700.000000000095 3.4557867724913704e-08
32750.000000000095 4.8125893137636275e-08
32800.000000000095 3.317595228361502e-08
32850.000000000095 4.906520132449044e-08
32900.000000000095 4.9491742374431663e-08
32950.000000000095 5.6786744564021315e-08
33000.000000000095 5.0856008757578597e-08
33050.000000000095 4.6990347668704216e-08
33100.000000000095 2.381366192899661e-08
33150.000000000095 1.540551181503797e-08
33200.000000000095 1.4636496494757707e-08
33250.000000000095 6.960517656575358e-09
33300.000000000095 6.55228115371445e-09
33350.000000000095 1.0945259451935405e-08
33400.000000000095 1.4948340939010364e-08
33450.000000000095 1.8958531258282994e-08
33500.000000000095 2.2167331721349026e-08
33550.000000000095 2.2740683754844462e-08
33600.000000000095 3.612707204415889e-08
33650.000000000095 3.371732236209665e-08
33700.000000000095 3.40442437951422e-08
33750.000000000095 4.023122741608107e-08
33800.000000000095 3.843683585695331e-08
33850.000000000095 4.3667787539344324e-08
33900.000000000095 4.11108591971784e-08
33950.000000000095 4.113968298156874e-08
34000.000000000095 4.88385207255096e-08
34050.000000000095 2.7238730975300007e-08
34100.000000000095 4.8229112263758414e-08
34150.000000000095 3.9779784839434665e-08
34200.000000000095 4.692412323044549e-08
34250.000000000095 3.471299740032147e-08
34300.000000000095 3.1784161686401954e-08
34350.000000000095 3.808625713914726e-08
34400.000000000095 3.648443817011637e-08
34450.000000000095 4.694350358956826e-08
34500.000000000095 4.0295483409051536e-08
34550.000000000095 3.198741574101064e-08
34600.000000000095 4.5943673886040955e-08
34650.000000000095 3.767716805999802e-08
34700.000000000095 3.740913979945176e-08
34750.000000000095 3.342189674903204e-08
34800.000000000095 2.669579096780605e-08
34850.000000000095 3.590100004067592e-08
34900.000000000095 4.649489483671666e-08
34950.000000000095 3.82270729301989e-08
35000.000000000095 4.732128041360365e-08
35050.000000000095 4.247399321289121e-08
35100.000000000095 4.70955495208846e-08
35150.000000000095 4.468918576646335e-08
35200.000000000095 6.965868822583315e-08
35250.000000000095 5.58395385121208e-08
35300.000000000095 4.1739852122554095e-08
35350.000000000095 5.877491014328384e-08
35400.000000000095 5.6751492013835106e-08
35450.000000000095 5.267163220423315e-08
35500.000000000095 7.38447165584991e-08
35550.000000000095 6.880386374309543e-08
35600.000000000095 6.666282813440919e-08
35650.000000000095 6.250988329759288e-08
35700.000000000095 5.151233816618333e-08
35750.000000000095 8.533191653995031e-08
35800.000000000095 7.677166827810724e-08
35850.000000000095 5.854548133742272e-08
35900.000000000095 8.920377210459596e-08
35950.000000000095 7.275902803436595e-08
36000.000000000095 5.2552434660419385e-08
36050.000000000095 7.446749255052861e-08
36100.000000000095 7.597310589233421e-08
36150.000000000095 6.964784832553291e-08
36200.000000000095 7.202647290159138e-08
36250.000000000095 8.267773615254467e-08
36300.000000000095 8.626015463028176e-08
36350.000000000095 9.890715679810436e-08
36400.000000000095 1.0583329454407518e-07
36450.000000000095 1.0351356116743061e-07
36500.000000000095 1.2448579548682403e-07
36550.000000000095 9.850330765393925e-08
36600.000000000095 1.3010919374087368e-07
36650.000000000095 1.3140019192852218e-07
36700.000000000095 1.5445330406852942e-07
36750.000000000095 1.555705912431516e-07
36800.000000000095 1.4078199609378058e-07
36850.000000000095 1.411568660007386e-07
36900.000000000095 1.4490729953227438e-07
36950.000000000095 1.5769488390675031e-07
37000.000000000095 1.5242418877104555e-07
37050.000000000095 1.5803615665895707e-07
37100.000000000095 1.7683666612247727e-07
37150.000000000095 1.747533573867466e-07
37200.000000000095 1.50979975159286e-07
37250.000000000095 1.4736430587217068e-07
37300.000000000095 1.670104460762803e-07
37350.000000000095 1.7740518490644405e-07
37400.000000000095 1.9239305517283946e-07
37450.000000000095 1.9808438307223857e-07
37500.000000000095 1.5185165723997746e-07
37550.000000000095 2.3417759028342608e-07
37600.000000000095 2.280189607346214e-07
37650.000000000095 1.9395555845700136e-07
37700.000000000095 1.7961003658648665e-07
37750.000000000095 1.543410379067776e-07
37800.000000000095 1.707032864142098e-07
37850.000000000095 1.8454908367212422e-07
37900.000000000095 1.9418639462607905e-07
37950.000000000095 2.1276180620416312e-07
38000.000000000095 2.3997680427640354e-07
38050.000000000095 2.054383550307658e-07
38100.000000000095 2.2740227040690996e-07
38150.000000000095 2.6326373526390184e-07
38200.000000000095 2.80914396337103e-07
38250.000000000095 2.83522661372138e-07
38300.000000000095 3.161907558910482e-07
38350.000000000095 3.3060139666538535e-07
38400.000000000095 2.474025161590634e-07
38450.000000000095 2.606435473646794e-07
38500.000000000095 2.2915185519034905e-07
38550.000000000095 2.5124521666511593e-07
38600.000000000095 2.733070835563593e-07
38650.000000000095 3.6478144233231157e-07
38700.000000000095 2.859803104871615e-07
38750.000000000095 2.913605764757452e-07
38800.000000000095 2.7509666818637637e-07
38850.000000000095 3.605561732810082e-07
38900.000000000095 3.454002377092655e-07
38950.000000000095 3.3856078422703434e-07
39000.000000000095 4.04771414252228e-07
39050.000000000095 3.3354569481886287e-07
39100.000000000095 3.834424622624488e-07
39150.000000000095 3.499405790115449e-07
39200.000000000095 3.341465600810098e-07
39250.000000000095 4.131320444032934e-07
39300.000000000095 3.9318582427536266e-07
39350.000000000095 5.163325640550226e-07
39400.000000000095 4.7425582228938235e-07
39450.000000000095 4.5097632656123354e-07
39500.000000000095 3.5136285305155134e-07
39550.000000000095 3.836401072573679e-07
39600.000000000095 4.4452974135111425e-07
39650.000000000095 5.241362209445099e-07
39700.000000000095 4.078894183642654e-07
39750.000000000095 3.367547092426706e-07
39800.000000000095 4.730995773506649e-07
39850.000000000095 5.00206604383793e-07
39900.000000000095 4.6078327147943513e-07
39950.000000000095 4.907261691612e-07
40000.000000000095 5.363862871785495e-07
40050.000000000095 5.315450571483948e-07
40100.000000000095 4.393176037715551e-07
40150.000000000095 6.292054891184774e-07
40200.000000000095 6.288591541133125e-07
40250.000000000095 4.857260316870364e-07
40300.000000000095 5.828739855664613e-07
40350.000000000095 5.125509971778443e-07
40400.000000000095 5.750384074897579e-07
40450.000000000095 6.026647911039272e-07
40500.000000000095 5.86859594732232e-07
40550.000000000095 5.90805383119033e-07
40600.000000000095 5.955800043749373e-07
40650.000000000095 6.348535129537627e-07
40700.000000000095 7.384749838000292e-07
40750.000000000095 7.251517535760597e-07
40800.000000000095 5.565553641605227e-07
40850.000000000095 6.824124199658851e-07
40900.000000000095 5.301190000633193e-07
40950.000000000095 5.835800887272778e-07
41000.000000000095 6.625599196668517e-07
41050.000000000095 7.263533294172339e-07
41100.000000000095 6.058428758241247e-07
41150.000000000095 5.658078937208564e-07
41200.000000000095 7.193575834276727e-07
41250.000000000095 6.721291503769216e-07
41300.000000000095 5.892313174694343e-07
41350.000000000095 7.600098116389514e-07
41400.000000000095 6.945457207696157e-07
41450.000000000095 7.409484117137409e-07
41500.000000000095 6.164530820305818e-07
41550.000000000095 6.577911578660937e-07
41600.000000000095 7.783163977588535e-07
41650.000000000095 5.98574693585368e-07
41700.000000000095 6.572625685841514e-07
41750.000000000095 5.302486256161647e-07
41800.000000000095 7.29598503351792e-07
41850.000000000095 4.642992030306635e-07
41900.000000000095 6.219747210102954e-07
41950.000000000095 5.622784958209982e-07
42000.000000000095 6.159500766084918e-07
42050.000000000095 5.457978982609763e-07
42100.000000000095 5.976513281299461e-07
42150.000000000095 4.6781844914100446e-07
42200.000000000095 5.696080233634834e-07
42250.000000000095 4.577258721587179e-07
42300.000000000095 5.445772476178254e-07
42350.000000000095 5.356948311422008e-07
42400.000000000095 4.230182047762535e-07
42450.000000000095 3.9510649028516383e-07
42500.000000000095 4.262065412619522e-07
42550.000000000095 4.905100761882065e-07
42600.000000000095 4.283578267699685e-07
42650.000000000095 5.443243230122986e-07
42700.000000000095 4.558095670395877e-07
42750.000000000095 4.7558585976570757e-07
42800.000000000095 4.007744583763624e-07
42850.000000000095 4.3930109179948233e-07
42900.000000000095 4.6976946703129356e-07
42950.000000000095 4.285598851201276e-07
43000.000000000095 5.131394235896399e-07
43050.000000000095 3.9521980054686584e-07
43100.000000000095 4.825728541328665e-07
43150.000000000095 5.124112567835175e-07
43200.000000000095 5.186639462678661e-07
43250.000000000095 4.265528108440155e-07
43300.000000000095 5.301221890264467e-07
43350.000000000095 4.969334441617898e-07
43400.000000000095 5.373801368789359e-07
43450.000000000095 3.892349843012297e-07
43500.000000000095 3.9484823391967467e-07
43550.000000000095 4.1626934725072236e-07
43600.000000000095 5.233917051644124e-07
43650.000000000095 3.768032389519214e-07
43700.000000000095 5.624319570297673e-07
43750.000000000095 5.156998625162975e-07
43800.000000000095 4.1794970684686206e-07
43850.000000000095 5.280589071758303e-07
43900.000000000095 3.3157246145872083e-07
43950.000000000095 4.793852668663415e-07
44000.000000000095 3.667692557453517e-07
44050.000000000095 5.287495792579509e-07
44100.000000000095 5.165476791042936e-07
44150.000000000095 5.465946863064276e-07
44200.000000000095 4.482311390233846e-07
44250.000000000095 4.7537816281808244e-07
44300.000000000095 4.4471171348729227e-07
44350.000000000095 3.500078217691178e-07
44400.000000000095 4.468942274702769e-07
44450.000000000095 4.852558384077576e-07
44500.000000000095 4.30868975250319e-07
44550.000000000095 5.166313235305442e-07
44600.000000000095 4.196042275836952e-07
44650.000000000095 4.952864564382846e-07
44700.000000000095 4.487686117578524e-07
44750.000000000095 5.182641216912062e-07
44800.000000000095 4.653997956294695e-07
44850.000000000095 4.859205984960614e-07
44900.000000000095 3.851033026636717e-07
44950.000000000095 4.5207896805998875e-07
45000.000000000095 4.664270429685955e-07
45050.000000000095 4.7631558194391534e-07
45100.000000000095 4.2259270270777415e-07
45150.000000000095 4.6231465802307373e-07
45200.000000000095 3.991113810911549e-07
45250.000000000095 4.3319551367709714e-07
45300.000000000095 4.1848864578458554e-07
45350.000000000095 4.403233567646856e-07
45400.000000000095 4.2252570630818055e-07
45450.000000000095 4.2308417885642116e-07
45500.000000000095 4.0274926005134e-07
45550.000000000095 4.254372888470142e-07
45600.000000000095 4.338578615025928e-07
45650.000000000095 4.3307316399545285e-07
45700.000000000095 3.9670927254112024e-07
45750.000000000095 4.4031579787196135e-07
45800.000000000095 4.5047822717982316e-07
45850.000000000095 5.350281769173313e-07
45900.000000000095 5.18379632053419e-07
45950.000000000095 4.594707272184724e-07
46000.000000000095 4.688045801493444e-07
46050.000000000095 4.32463419203503e-07
46100.000000000095 4.485600654598521e-07
46150.000000000095 4.518447299070187e-07
46200.000000000095 4.052407627626443e-07
46250.000000000095 3.708443327656182e-07
46300.000000000095 5.055115495428479e-07
46350.000000000095 3.6806241661385315e-07
46400.000000000095 4.7302954216432897e-07
46450.000000000095 4.983424657444591e-07
46500.000000000095 4.3537680276995233e-07
46550.000000000095 4.4345612978166267e-07
46600.000000000095 4.6353837249648646e-07
46650.000000000095 5.831248945743057e-07
46700.000000000095 4.6738101486163867e-07
46750.000000000095 4.404466025680263e-07
46800.000000000095 3.748802179928161e-07
46850.000000000095 5.116794207392494e-07
46900.000000000095 4.774629263415333e-07
46950.000000000095 5.137759683726873e-07
47000.000000000095 4.7132380121781064e-07
47050.000000000095 5.382753276371233e-07
47100.000000000095 4.1668029822665804e-07
47150.000000000095 4.471443351445457e-07
47200.000000000095 5.119111157978524e-07
47250.000000000095 4.09923333118087e-07
47300.000000000095 4.187994818416879e-07
47350.000000000095 4.505195143049719e-07
47400.000000000095 5.347134424061906e-07
47450.000000000095 4.6212737762281426e-07
47500.000000000095 5.659831196907128e-07
47550.000000000095 4.3658173104182266e-07
47600.000000000095 4.993533058903593e-07
47650.000000000095 4.601925800642766e-07
47700.000000000095 4.769669426846788e-07
47750.000000000095 3.7126919620249075e-07
47800.000000000095 3.866856862615006e-07
47850.000000000095 3.010210565059943e-07
47900.000000000095 4.438742153106821e-07
47950.000000000095 4.1231353274133305e-07
48000.000000000095 5.651022134348607e-07
48050.000000000095 4.5659452597570264e-07
48100.000000000095 4.189521996937146e-07
48150.000000000095 4.041717239559337e-07
48200.000000000095 4.902636907277949e-07
48250.000000000095 4.3070576393107445e-07
48300.000000000095 5.614063022052702e-07
48350.000000000095 3.33878230734932e-07
48400.000000000095 4.0057769290466284e-07
48450.000000000095 4.0800910842144956e-07
48500.000000000095 5.374873700428719e-07
48550.000000000095 3.7195781920843774e-07
48600.000000000095 4.5927141797045344e-07
48650.000000000095 3.8020027554638397e-07
48700.000000000095 5.024881167315981e-07
48750.000000000095 4.035558966601412e-07
48800.000000000095 4.43366237393249e-07
48850.000000000095 3.901911634030946e-07
48900.000000000095 5.050897510118008e-07
48950.000000000095 4.423492747361646e-07
49000.000000000095 3.533579897764795e-07
49050.000000000095 4.977018803991912e-07
49100.000000000095 3.5207925962917795e-07
49150.000000000095 4.984046296340804e-07
49200.000000000095 4.821274977886909e-07
49250.000000000095 5.054629860338803e-07
49300.000000000095 4.81705808953291e-07
49350.000000000095 3.494637486024489e-07
49400.000000000095 3.829647691555802e-07
49450.000000000095 4.759245173285415e-07
49500.000000000095 4.337129793678464e-07
49550.000000000095 3.088892174971143e-07
49600.000000000095 4.1353317492656304e-07
49650.000000000095 4.094699019925411e-07
49700.000000000095 3.13900309364268e-07
49750.000000000095 3.908726744135183e-07
49800.000000000095 3.955774570748629e-07
49850.000000000095 5.228073441330676e-07
49900.000000000095 4.434506326596192e-07
49950.000000000095 4.383760828700163e-07
50000.000000000095 4.412028729521072e-07
50050.000000000095 4.852175073320848e-07
50100.000000000095 4.4337474168745445e-07
50150.000000000095 3.4570479629759334e-07
50200.000000000095 2.4113993475704943e-07
50250.000000000095 4.742581939673052e-07
50300.000000000095 3.9975382579648993e-07
50350.000000000095 4.505428905521018e-07
50400.000000000095 4.641525892428619e-07
50450.000000000095 3.789402825553381e-07
50500.000000000095 4.041241512035257e-07
50550.000000000095 4.3655746339334907e-07
50600.000000000095 4.130916656215308e-07
50650.000000000095 4.3610035722371105e-07
50700.000000000095 4.836985209990655e-07
50750.000000000095 5.074658751382188e-07
50800.000000000095 3.075077055659096e-07
50850.000000000095 3.443411173145878e-07
50900.000000000095 4.171385037508121e-07
50950.000000000095 4.653002800215759e-07
51000.000000000095 4.0918584183590243e-07
51050.000000000095 3.9170978806983626e-07
51100.000000000095 3.1778471188383194e-07
51150.000000000095 3.8337427110531055e-07
51200.000000000095 4.8920353469395e-07
51250.000000000095 4.334749791927053e-07
51300.000000000095 3.721389859448407e-07
51350.000000000095 4.1438778130736575e-07
51400.000000000095 3.3604142637762944e-07
51450.000000000095 2.9072484077094655e-07
51500.000000000095 2.9056237113190966e-07
51550.000000000095 4.2094606774693673e-07
51600.000000000095 3.371084464546592e-07
51650.000000000095 4.4504159195531083e-07
51700.000000000095 4.1439840503102464e-07
51750.000000000095 3.0602490037436556e-07
51800.000000000095 4.958802040627525e-07
51850.000000000095 3.7390350955484136e-07
51900.000000000095 4.945178023732081e-07
51950.000000000095 4.335795665926225e-07
52000.000000000095 2.1190379341990497e-07
52050.000000000095 3.6410913643516475e-07
52100.000000000095 3.7002144794694655e-07
52150.000000000095 2.858294737665625e-07
52200.000000000095 2.277721809239484e-07
52250.000000000095 2.8269353061058015e-07
52300.000000000095 4.2464542715803423e-07
52350.000000000095 4.3409041183833074e-07
52400.000000000095 2.949328340490052e-07
52450.000000000095 4.2261675796394906e-07
52500.000000000095 3.470815765985924e-07
52550.000000000095 4.1707144723415333e-07
52600.000000000095 3.175226431750876e-07
52650.000000000095 3.4555707524338937e-07
52700.000000000095 3.1743315542821816e-07
52750.000000000095 3.045515747349779e-07
52800.000000000095 2.994871726120468e-07
52850.000000000095 3.408696204931117e-07
52900.000000000095 2.662721610228042e-07
52950.000000000095 2.3884213968086633e-07
53000.000000000095 4.7430262046146485e-07
53050.000000000095 2.3330751409493156e-07
53100.000000000095 3.748226966585452e-07
53150.000000000095 4.5403096828024086e-07
53200.000000000095 2.776603469024668e-07
53250.000000000095 4.329820162650219e-07
53300.000000000095 4.160997840490581e-07
53350.000000000095 3.9570728528204094e-07
53400.000000000095 4.1777888251238605e-07
53450.000000000095 2.717362654594842e-07
53500.000000000095 2.216386466253718e-07
53550.000000000095 3.0366370435524286e-07
53600.000000000095 3.0751494704210646e-07
53650.000000000095 3.3035048482045835e-07
53700.000000000095 2.933361588350685e-07
53750.000000000095 3.1165844996885996e-07
53800.000000000095 2.8557078939488653e-07
53850.000000000095 3.64593888130719e-07
53900.000000000095 3.2412223534844884e-07
53950.000000000095 4.298713318596888e-07
54000.000000000095 2.933040698102589e-07
54050.000000000095 3.2837396709660296e-07
54100.000000000095 2.1536986904665543e-07
54150.000000000095 2.6450778591253045e-07
54200.000000000095 1.643807746678588e-07
54250.000000000095 1.6517402880146926e-07
54300.000000000095 2.739790922382535e-07
54350.000000000095 2.9517365327984505e-07
54400.000000000095 3.5573125707176135e-07
54450.000000000095 2.7493367882028125e-07
54500.000000000095 2.4934880139466133e-07
54550.000000000095 2.3267632108836262e-07
54600.000000000095 3.1033459344382603e-07
54650.000000000095 2.1629775939852182e-07
54700.000000000095 3.1945195713843824e-07
54750.000000000095 3.2613325464239865e-07
54800.000000000095 2.8071668708327916e-07
54850.000000000095 2.823282398927502e-07
54900.000000000095 3.3706551621458185e-07
54950.000000000095 4.077354910651732e-07
55000.000000000095 2.259677328184482e-07
55050.000000000095 3.1261186209445537e-07
55100.000000000095 2.3375061468470413e-07
55150.000000000095 2.2652536999954932e-07
55200.000000000095 2.5152033033582844e-07
55250.000000000095 2.8281600761359825e-07
55300.000000000095 2.142562580637777e-07
55350.000000000095 2.7089406054514725e-07
55400.000000000095 3.5440826197210213e-07
55450.000000000095 2.8521133622150883e-07
55500.000000000095 1.9479062967178087e-07
55550.000000000095 2.305755586243902e-07
55600.000000000095 1.8325957986300216e-07
55650.000000000095 1.6206490504836194e-07
55700.000000000095 2.5035446302352153e-07
55750.000000000095 2.4156076920686327e-07
55800.000000000095 2.2810290658668246e-07
55850.000000000095 1.8040539140993284e-07
55900.000000000095 2.860502760972334e-07
55950.000000000095 3.1424747841091904e-07
56000.000000000095 1.9388357861877098e-07
56050.000000000095 2.8038612865783387e-07
56100.000000000095 2.9866839265169424e-07
56150.000000000095 2.326767976241515e-07
56200.000000000095 2.4216833097969555e-07
56250.000000000095 2.163260608661218e-07
56300.000000000095 2.598155058348048e-07
56350.000000000095 2.5169589819369267e-07
56400.000000000095 2.3225426343300542e-07
56450.000000000095 1.9758843281087222e-07
56500.000000000095 1.3604197075879492e-07
56550.000000000095 1.69479168456533e-07
56600.000000000095 2.520342198699134e-07
56650.000000000095 2.3451012264044092e-07
56700.000000000095 2.52893199573547e-07
56750.000000000095 1.7417623192399248e-07
56800.000000000095 3.253560379198507e-07
56850.000000000095 2.579444640247934e-07
56900.000000000095 1.9765366460066865e-07
56950.000000000095 2.7605672138873483e-07
57000.000000000095 3.111003399180682e-07
57050.000000000095 2.498336064797918e-07
57100.000000000095 1.543325773362865e-07
57150.000000000095 2.007930416871211e-07
57200.000000000095 1.6436419922144428e-07
57250.000000000095 2.1637216903089423e-07
57300.000000000095 2.8023602477429553e-07
57350.000000000095 1.6100771281118513e-07
57400.000000000095 2.3597339288813256e-07
57450.000000000095 2.6100645153676533e-07
57500.000000000095 2.4514589092966717e-07
57550.000000000095 2.75527299463931e-07
57600.000000000095 2.992499181129749e-07
57650.000000000095 1.515507896427902e-07
57700.000000000095 1.8166547772201617e-07
57750.000000000095 2.370026162657257e-07
57800.000000000095 9.88867015158084e-08
57850.000000000095 3.214848155712495e-07
57900.000000000095 3.369583682484026e-07
57950.000000000095 2.8223253984817534e-07
58000.000000000095 1.7931010912350104e-07
58050.000000000095 2.5640464044919326e-07
58100.000000000095 2.5942623355759685e-07
58150.000000000095 1.947557056788342e-07
58200.000000000095 1.668487967417608e-07
58250.000000000095 1.9925752295835559e-07
58300.000000000095 1.2119806340482242e-07
58350.000000000095 1.7879556128694944e-07
58400.000000000095 2.314060401041709e-07
58450.000000000095 2.1254559981496836e-07
58500.000000000095 2.0269257969228033e-07
58550.000000000095 2.0421833915124435e-07
58600.000000000095 1.3118621754138046e-07
58650.000000000095 1.8213957805561197e-07
58700.000000000095 1.9458564435656646e-07
58750.000000000095 2.1959824417408112e-07
58800.000000000095 1.328465450471113e-07
58850.000000000095 2.337577700942065e-07
58900.000000000095 2.808116198942837e-07
58950.000000000095 1.8512012869087863e-07
59000.000000000095 2.679782091045082e-07
59050.000000000095 2.289870944887554e-07
59100.000000000095 2.707966441431667e-07
59150.000000000095 2.0629732005325972e-07
59200.000000000095 2.341067565477759e-07
59250.000000000095 2.6770544143195137e-07
59300.000000000095 2.624124006653379e-07
59350.000000000095 1.6747429948374883e-07
59400.000000000095 1.292902436611496e-07
59450.000000000095 2.1218995339054904e-07
59500.000000000095 1.5015631743650887e-07
59550.000000000095 2.293633314040028e-07
59600.000000000095 1.8450171399278753e-07
59650.000000000095 2.4453413095235496e-07
59700.000000000095 1.5459222035711075e-07
59750.000000000095 2.6111520893541727e-07
59800.000000000095 1.9028255817081983e-07
59850.000000000095 2.298432564641922e-07
59900.000000000095 1.4169445817033003e-07
59950.000000000095 1.653059259676721e-07
60000.000000000095 2.6419963332256326e-07
60050.000000000095 2.5261935429395334e-07
60100.000000000095 2.819167696931046e-07
60150.000000000095 2.2511352377391834e-07
60200.000000000095 2.1002401919794841e-07
60250.000000000095 2.3778983680789833e-07
60300.000000000095 2.703409016702525e-07
60350.000000000095 2.1140653010851424e-07
60400.000000000095 2.2766455284850857e-07
60450.000000000095 1.781960313977791e-07
60500.000000000095 1.1730434256371531e-07
60550.000000000095 2.8901555912044815e-07
60600.000000000095 2.6101299219416534e-07
60650.000000000095 2.3509517992257372e-07
60700.000000000095 2.1643726424473887e-07
60750.000000000095 1.809305395463537e-07
60800.000000000095 2.615379056344209e-07
60850.000000000095 3.0460054359273526e-07
60900.000000000095 3.0513132657003806e-07
60950.000000000095 2.982422259335752e-07
61000.000000000095 2.1072053849579678e-07
61050.000000000095 1.7947165174145374e-07
61100.000000000095 2.410895778883883e-07
61150.000000000095 1.1798120275000091e-07
61200.000000000095 2.782119259413761e-07
61250.000000000095 3.129216072944131e-07
61300.000000000095 2.686953688890507e-07
61350.000000000095 2.9230919309440297e-07
61400.000000000095 2.4750782499903774e-07
61450.000000000095 1.7274685495744163e-07
61500.000000000095 2.0686471876591565e-07
61550.000000000095 1.796641646726701e-07
61600.000000000095 1.4632504181231974e-07
61650.000000000095 2.2682050364356898e-07
61700.000000000095 1.4953066632070843e-07
61750.000000000095 2.1569134780060928e-07
61800.000000000095 2.20033821747705e-07
61850.000000000095 2.151534919094911e-07
61900.000000000095 2.532634242424177e-07
61950.000000000095 2.1234306006264234e-07
62000.000000000095 2.5364704040423367e-07
62050.000000000095 2.0413926261215235e-07
62100.000000000095 2.4739655869571545e-07
62150.000000000095 2.9195446497100624e-07
62200.000000000095 2.3397955682174315e-07
62250.000000000095 2.553484071896118e-07
62300.000000000095 3.049592107798893e-07
62350.000000000095 2.0462100240076186e-07
62400.000000000095 1.5212169094302952e-07
62450.000000000095 2.529305979855968e-07
62500.000000000095 2.7022751356022286e-07
62550.000000000095 2.723943089643732e-07
62600.000000000095 2.7068147420008526e-07
62650.000000000095 2.0275893326751534e-07
62700.000000000095 2.6327595129575007e-07
62750.000000000095 3.179671195844786e-07
62800.000000000095 2.401183609861928e-07
62850.000000000095 2.879727530579035e-07
62900.000000000095 2.3690902403362673e-07
62950.000000000095 2.4351716301599344e-07
63000.000000000095 2.3647869403454027e-07
63050.000000000095 2.8251368519967916e-07
63100.000000000095 2.523680880089199e-07
63150.000000000095 2.7015976495240673e-07
63200.000000000095 3.00695665279812e-07
63250.000000000095 1.6065250612037604e-07
63300.000000000095 2.5295846734816644e-07
63350.000000000095 2.570628346292175e-07
63400.000000000095 1.9928872825506166e-07
63450.000000000095 1.9166438164474874e-07
63500.000000000095 2.402082646721665e-07
63550.000000000095 2.2689153755173387e-07
63600.000000000095 2.3209908706463194e-07
63650.000000000095 1.869635119301412e-07
63700.000000000095 2.030913720220991e-07
63750.000000000095 2.291125537602562e-07
63800.000000000095 2.6782952365252e-07
63850.000000000095 2.2518117445402565e-07
63900.000000000095 2.166879957589161e-07
63950.000000000095 2.534413357654102e-07
64000.000000000095 2.1308953248230983e-07
64050.000000000095 2.0453208055893808e-07
64100.000000000095 1.1720263966559388e-07
64150.000000000095 1.438126872030988e-07
64200.000000000095 1.4050361747150466e-07
64250.000000000095 2.3059840561382648e-07
64300.000000000095 1.8422694856229453e-07
64350.000000000095 1.434172629049212e-07
64400.000000000095 2.0965609736588977e-07
64450.000000000095 2.0499669911684408e-07
64500.000000000095 1.752547000313037e-07
64550.000000000095 1.7925272804443417e-07
64600.000000000095 9.662422365818512e-08
64650.000000000095 1.6179654568055137e-07
64700.000000000095 1.2170353013449486e-07
64750.000000000095 1.6078160558039334e-07
64800.000000000095 1.5629511467641026e-07
64850.000000000095 1.388730167816018e-07
64900.000000000095 1.6037159651373643e-07
64950.000000000095 1.7777753539195732e-07
65000.000000000095 1.976997284458231e-07
65050.000000000095 1.468043888911062e-07
65100.000000000095 2.0893498886633875e-07
65150.000000000095 1.266349338446159e-07
65200.000000000095 1.4710292743475794e-07
65250.000000000095 2.2562038898343782e-07
65300.000000000095 1.7791493201116967e-07
65350.000000000095 2.22525326606898e-07
65400.000000000095 1.753554759273113e-07
65450.000000000095 2.1179103516692064e-07
65500.000000000095 2.2711860913583917e-07
65550.00000000009 1.6267111137429676e-07
65600.00000000009 1.9154640849435022e-07
65650.00000000009 2.180503471651422e-07
65700.00000000009 1.847987695493561e-07
65750.00000000009 1.7163267801775033e-07
65800.00000000009 2.210992896545236e-07
65850.00000000009 1.9144262367768365e-07
65900.00000000009 1.6992365886774712e-07
65950.00000000009 1.2089467470346802e-07
66000.00000000009 2.0175028062712567e-07
66050.00000000009 2.8301080927602026e-07
66100.00000000009 2.17364600773088e-07
66150.00000000009 1.4163462327269148e-07
66200.00000000009 1.590307729123334e-07
66250.00000000009 1.4373404715855381e-07
66300.00000000009 9.40193564589636e-08
66350.00000000009 1.2900065066646035e-07
66400.00000000009 1.4982771186451062e-07
66450.00000000009 2.0901013252871224e-07
66500.00000000009 2.820724577533054e-07
66550.00000000009 2.9378726643414406e-07
66600.00000000009 2.292547319293132e-07
66650.00000000009 1.9899476902442782e-07
66700.00000000009 1.9371224751539096e-07
66750.00000000009 1.7378701939901484e-07
66800.00000000009 2.2015844438233686e-07
66850.00000000009 1.762895705449169e-07
66900.00000000009 2.2373988487362975e-07
66950.00000000009 2.5653057994836526e-07
67000.00000000009 2.49513284573646e-07
67050.00000000009 2.2100582950566454e-07
67100.00000000009 1.8011944501375428e-07
67150.00000000009 1.781122228268539e-07
67200.00000000009 1.8177220061708034e-07
67250.00000000009 2.1513361281137603e-07
67300.00000000009 1.857439989875551e-07
67350.00000000009 1.3411994773516806e-07
67400.00000000009 2.2798530956765636e-07
67450.00000000009 1.935161182661306e-07
67500.00000000009 1.9020148248967192e-07
67550.00000000009 2.031962064802972e-07
67600.00000000009 2.7391413257951665e-07
67650.00000000009 2.478196181600112e-07
67700.00000000009 1.9828850989746767e-07
67750.00000000009 2.0680653611490935e-07
67800.00000000009 2.3462571099061271e-07
67850.00000000009 1.7295931560336784e-07
67900.00000000009 2.0094213878313535e-07
67950.00000000009 1.2915299674052478e-07
68000.00000000009 1.7783161004865864e-07
68050.00000000009 2.2508277371625246e-07
68100.00000000009 2.52024267235923e-07
68150.00000000009 2.1116548495731222e-07
68200.00000000009 1.871499105545739e-07
68250.00000000009 1.249829150337447e-07
68300.00000000009 1.757875289139422e-07
68350.00000000009 9.807179041006857e-08
68400.00000000009 2.697058049042072e-07
68450.00000000009 2.6122331357250486e-07
68500.00000000009 2.1864628539131235e-07
68550.00000000009 1.7741888226126141e-07
68600.00000000009 1.816789181098574e-07
68650.00000000009 1.422477672211212e-07
68700.00000000009 1.947511857439008e-07
68750.00000000009 2.2929423943253275e-07
68800.00000000009 2.2442868804777042e-07
68850.00000000009 1.3942365268993817e-07
68900.00000000009 2.6363222016074705e-07
68950.00000000009 2.498384384276982e-07
69000.00000000009 2.1985053230286203e-07
69050.00000000009 1.8527232740679794e-07
69100.00000000009 2.2464761499106525e-07
69150.00000000009 2.9310304174189844e-07
69200.00000000009 2.2267393211856536e-07
69250.00000000009 2.6696787901644075e-07
69300.00000000009 1.9340628924512564e-07
69350.00000000009 2.5601830529986997e-07
69400.00000000009 1.4551775003691347e-07
69450.00000000009 2.421903361092996e-07
69500.00000000009 2.013997885298545e-07
69550.00000000009 2.0872372736304518e-07
69600.00000000009 1.0909129330987955e-07
69650.00000000009 2.0608578071260297e-07
69700.00000000009 2.485168651984269e-07
69750.00000000009 1.7757393977301e-07
69800.00000000009 2.4454297763650375e-07
69850.00000000009 2.3250787119475774e-07
69900.00000000009 1.6556502891042562e-07
69950.00000000009 2.0170177713139757e-07
70000.00000000009 1.8758880382619374e-07
70050.00000000009 2.3745944452061062e-07
70100.00000000009 2.1254976439740337e-07
70150.00000000009 2.0473062822491884e-07
70200.00000000009 1.5266436828563426e-07
70250.00000000009 2.0594993829440766e-07
70300.00000000009 2.289167043437274e-07
70350.00000000009 1.650508613144804e-07
70400.00000000009 1.8994153293692807e-07
70450.00000000009 1.23728836495533e-07
70500.00000000009 1.4977223370237237e-07
70550.00000000009 1.7857395106219268e-07
70600.00000000009 1.626237421079876e-07
70650.00000000009 2.0134740917624605e-07
70700.00000000009 1.8919936823286506e-07
70750.00000000009 1.8581673343398978e-07
70800.00000000009 1.253445387533593e-07
70850.00000000009 1.6039885980986916e-07
70900.00000000009 1.3253266063703609e-07
70950.00000000009 2.2423339662027643e-07
71000.00000000009 1.7878384745847452e-07
71050.00000000009 1.754641445415047e-07
71100.00000000009 1.73548473153299e-07
71150.00000000009 2.0935034016954417e-07
71200.00000000009 1.7904366882982075e-07
71250.00000000009 1.7388328261062027e-07
71300.00000000009 2.1729308577055297e-07
71350.00000000009 2.1177456045439617e-07
71400.00000000009 2.1857808937883116e-07
71450.00000000009 1.329217112954036e-07
71500.00000000009 1.620635773086281e-07
71550.00000000009 1.664265854271102e-07
71600.00000000009 1.5849606240340837e-07
71650.00000000009 1.833247942301945e-07
71700.00000000009 1.577888171000791e-07
71750.00000000009 1.6125648979625899e-07
71800.00000000009 2.0597781760130802e-07
71850.00000000009 1.9017653129890328e-07
71900.00000000009 1.5498114367346684e-07
71950.00000000009 1.5116067138800868e-07
72000.00000000009 1.5307174963887886e-07
72050.00000000009 1.4395732803364414e-07
72100.00000000009 1.549955327506203e-07
72150.00000000009 1.0935765733447593e-07
72200.00000000009 1.3323587270960953e-07
72250.00000000009 1.5347062269222996e-07
72300.00000000009 1.644992221860553e-07
72350.00000000009 1.684774202784102e-07
72400.00000000009 1.2182048908876602e-07
72450.00000000009 1.2666113166207986e-07
72500.00000000009 1.5203738716792153e-07
72550.00000000009 8.781638083291644e-08
72600.00000000009 7.972756385318373e-08
72650.00000000009 1.6834889678504373e-07
72700.00000000009 1.7312048223510782e-07
72750.00000000009 1.471614771016177e-07
72800.00000000009 1.4424128890220064e-07
72850.00000000009 1.1887234341063524e-07
72900.00000000009 1.231133033715126e-07
72950.00000000009 1.5833077854349713e-07
73000.00000000009 1.6167980798498043e-07
73050.00000000009 1.398809733430351e-07
73100.00000000009 1.1711873996639036e-07
73150.00000000009 1.8116543957396652e-07
73200.00000000009 1.215343382226712e-07
73250.00000000009 1.2471549150325618e-07
73300.00000000009 1.4200174493554072e-07
73350.00000000009 1.3107951426221452e-07
73400.00000000009 1.4450947633444007e-07
73450.00000000009 1.0099409173358502e-07
73500.00000000009 1.0159700524033099e-07
73550.00000000009 1.2093827652212788e-07
73600.00000000009 1.0184385069380758e-07
73650.00000000009 1.3248769925324253e-07
73700.00000000009 1.5061847915525084e-07
73750.00000000009 1.0472882377247554e-07
73800.00000000009 1.270267439488616e-07
73850.00000000009 1.261251332777369e-07
73900.00000000009 1.416879275044476e-07
73950.00000000009 1.3136860380452786e-07
74000.00000000009 1.3209883259231992e-07
74050.00000000009 1.754778164347839e-07
74100.00000000009 1.0388954359744643e-07
74150.00000000009 1.4480917448505353e-07
74200.00000000009 1.2621612503891838e-07
74250.00000000009 9.059749955491461e-08
74300.00000000009 1.2312362472431714e-07
74350.00000000009 1.3915379544336958e-07
74400.00000000009 1.3932771017315704e-07
74450.00000000009 8.385048821296623e-08
74500.00000000009 1.082989309643197e-07
74550.00000000009 1.165098083976001e-07
74600.00000000009 1.377901625193043e-07
74650.00000000009 1.3976711931620282e-07
74700.00000000009 1.1237536823656559e-07
74750.00000000009 1.1859954846464279e-07
74800.00000000009 1.3090082920501115e-07
74850.00000000009 7.406721492986937e-08
74900.00000000009 1.4738304660687737e-07
74950.00000000009 1.6969569433246908e-07
75000.00000000009 1.3483693855521932e-07
75050.00000000009 1.1731168049893914e-07
75100.00000000009 1.725344983870959e-07
75150.00000000009 1.4736837841678266e-07
75200.00000000009 1.703742439147635e-07
75250.00000000009 1.2545698444943598e-07
75300.00000000009 1.574034752847795e-07
75350.00000000009 1.1017011577272237e-07
75400.00000000009 1.5568396053745907e-07
75450.00000000009 1.348298244920481e-07
75500.00000000009 1.1099547115410917e-07
75550.00000000009 1.8669562971971317e-07
75600.00000000009 1.8332780783423484e-07
75650.00000000009 1.195887844055859e-07
75700.00000000009 1.5103642336283167e-07
75750.00000000009 1.0862771264676868e-07
75800.00000000009 1.631016458721757e-07
75850.00000000009 2.095832171675659e-07
75900.00000000009 1.9344435079809702e-07
75950.00000000009 1.5112133310926467e-07
76000.00000000009 1.3732308595099513e-07
76050.00000000009 1.87239834794802e-07
76100.00000000009 1.4902583826933855e-07
76150.00000000009 1.9336516735881635e-07
76200.00000000009 1.9020567699467105e-07
76250.00000000009 2.009379619775503e-07
76300.00000000009 1.9644682779490942e-07
76350.00000000009 2.179579590574374e-07
76400.00000000009 1.887073089713022e-07
76450.00000000009 1.934931081242558e-07
76500.00000000009 1.350010792264454e-07
76550.00000000009 1.448834061763977e-07
76600.00000000009 9.426016118861272e-08
76650.00000000009 8.290311258696063e-08
76700.00000000009 1.07638858132135e-07
76750.00000000009 9.298383952619635e-08
76800.00000000009 1.2714384222785308e-07
76850.00000000009 5.752501935478067e-08
76900.00000000009 7.732010984149686e-08
76950.00000000009 9.835051254473034e-08
77000.00000000009 1.1166350373136476e-07
77050.00000000009 7.550474857883607e-08
77100.00000000009 8.751018790389711e-08
77150.00000000009 1.2760116551204748e-07
77200.00000000009 9.625204172422018e-08
77250.00000000009 1.1023113827268616e-07
77300.00000000009 1.0173810606657015e-07
77350.00000000009 8.167465741448342e-08
77400.00000000009 6.938384718579977e-08
77450.00000000009 6.921558576189139e-08
77500.00000000009 9.155305451261891e-08
77550.00000000009 1.0034564369665305e-07
77600.00000000009 1.0053033606935348e-07
77650.00000000009 1.051772220039717e-07
77700.00000000009 7.414094295520067e-08
77750.00000000009 1.119592039530793e-07
77800.00000000009 9.133351263572826e-08
77850.00000000009 1.295232049980948e-07
77900.00000000009 1.0460337408163927e-07
77950.00000000009 7.637890186056096e-08
78000.00000000009 8.916105437972028e-08
78050.00000000009 1.3005442030115218e-07
78100.00000000009 9.610780610007644e-08
78150.00000000009 1.242090363237644e-07
78200.00000000009 1.233048588746286e-07
78250.00000000009 1.2263709496424353e-07
78300.00000000009 1.3015719003032158e-07
78350.00000000009 1.1902771331843415e-07
78400.00000000009 1.2176288214414005e-07
78450.00000000009 1.4928449896035927e-07
78500.00000000009 1.2256046931350575e-07
78550.00000000009 1.4806424659414116e-07
78600.00000000009 1.2829365094457205e-07
78650.00000000009 8.144061320543702e-08
78700.00000000009 1.0194565789584485e-07
78750.00000000009 1.043697693282703e-07
78800.00000000009 1.3176930530441995e-07
78850.00000000009 1.1630956367996212e-07
78900.00000000009 1.288171855881034e-07
78950.00000000009 1.2192390018645517e-07
79000.00000000009 1.249447759826868e-07
79050.00000000009 1.0269394835455389e-07
79100.00000000009 1.0940563277184808e-07
79150.00000000009 1.2434998666966086e-07
79200.00000000009 1.624767939035578e-07
79250.00000000009 1.514081054314799e-07
79300.00000000009 1.0080634649637664e-07
79350.00000000009 1.317195965930818e-07
79400.00000000009 1.260145443871798e-07
79450.00000000009 1.1002789306178424e-07
79500.00000000009 1.7655669800722509e-07
79550.00000000009 1.4231266305036287e-07
79600.00000000009 1.1541230004996114e-07
79650.00000000009 1.348302692182374e-07
79700.00000000009 1.714432014420106e-07
79750.00000000009 1.5641668764887583e-07
79800.00000000009 1.3787636627938785e-07
79850.00000000009 1.3122628116899583e-07
79900.00000000009 1.748914153463917e-07
79950.00000000009 1.1242492460273991e-07
