# %ECSV 1.0
# ---
# datatype:
# - {name: wav, unit: Angstrom, datatype: float64}
# - {name: flux_nu, unit: erg / (cm2 Hz s), datatype: float64}
# schema: astropy-2.0
wav flux_nu
3000.0480007680403 nan
3050.0480007680403 0.0
3100.0480007680403 0.0
3150.0480007680403 0.0
3200.0480007680403 0.0
3250.0480007680403 0.0
3300.0480007680403 0.0
3350.0480007680403 0.0
3400.0480007680403 0.0
3450.0480007680403 0.0
3500.0480007680403 0.0
3550.0480007680403 0.0
3600.0480007680403 0.0
3650.0480007680403 0.0
3700.0480007680403 0.0
3750.0480007680403 0.0
3800.0480007680403 0.0
3850.0480007680403 0.0
3900.0480007680403 0.0
3950.0480007680403 0.0
4000.0480007680403 0.0
4050.0480007680403 0.0
4100.04800076804 0.0
4150.04800076804 0.0
4200.04800076804 0.0
4250.04800076804 0.0
4300.04800076804 0.0
4350.04800076804 0.0
4400.04800076804 0.0
4450.04800076804 0.0
4500.04800076804 0.0
4550.04800076804 0.0
4600.04800076804 0.0
4650.04800076804 0.0
4700.04800076804 0.0
4750.04800076804 0.0
4800.04800076804 0.0
4850.04800076804 0.0
4900.04800076804 0.0
4950.04800076804 0.0
5000.04800076804 1.7448149860407053e-12
5050.04800076804 4.3680791381779295e-12
5100.04800076804 4.992850138289873e-12
5150.04800076804 5.8270531994284975e-12
5200.04800076804 6.8316197108639795e-12
5250.04800076804 7.957977092756876e-12
5300.04800076804 9.251068970962859e-12
5350.04800076804 1.0736513297717366e-11
5400.04800076804 1.2371961624919323e-11
5450.04800076804 1.4292082383794318e-11
5500.04800076804 1.6506069731812832e-11
5550.04800076804 1.9010471142946566e-11
5600.04800076804 2.1755732913993595e-11
5650.04800076804 2.465867531352177e-11
5700.04800076804 2.7294253164007145e-11
5750.04800076804 3.019279422230341e-11
5800.04800076804 3.193499698372948e-11
5850.04800076804 3.049686067655981e-11
5900.04800076804 1.102530659515527e-11
5950.04800076804 1.9120792081049172e-11
6000.04800076804 4.88381431832611e-11
6050.04800076804 6.630892935728245e-11
6100.04800076804 8.210068776217942e-11
6150.04800076804 9.764505531949736e-11
6200.04800076804 1.1379159448347691e-10
6250.04800076804 1.3019333959540904e-10
6300.04800076804 1.49575469660986e-10
6350.04800076804 1.710098824554258e-10
6400.04800076804 1.9427319840497862e-10
6450.04800076804 2.0913215839795008e-10
6500.04800076804 2.3733507956473434e-10
6550.04800076804 2.72655644198193e-10
6600.04800076804 3.1400738678341884e-10
6650.04800076804 3.616415949130852e-10
6700.04800076804 4.204797589750048e-10
6750.04800076804 4.827873845871101e-10
6800.04800076804 5.485584117736819e-10
6850.04800076804 6.214819378730747e-10
6900.04800076804 6.218564771128193e-10
6950.04800076804 5.999299483152957e-10
7000.04800076804 6.853706241992241e-10
7050.04800076804 7.026837657539519e-10
7100.04800076804 7.499086027744542e-10
7150.04800076804 6.482520713556255e-10
7200.04800076804 6.216805213116843e-10
7250.04800076804 7.230506090002159e-10
7300.04800076804 7.751533425718108e-10
7350.04800076804 8.883015639708012e-10
7400.04800076804 9.893525320290343e-10
7450.04800076804 1.1618490460461854e-09
7500.04800076804 1.3055904352441639e-09
7550.04800076804 1.4596120318294553e-09
7600.04800076804 1.6064549178396912e-09
7650.04800076804 1.7284396655264483e-09
7700.04800076804 1.3402329911804623e-09
7750.04800076804 8.287454488611708e-10
7800.04800076804 2.032780769850359e-09
7850.04800076804 2.2107069713636507e-09
7900.04800076804 2.441624171642916e-09
7950.04800076804 2.668928776281871e-09
8000.04800076804 2.768704394098331e-09
8050.04800076804 2.879787304550074e-09
8100.04800076804 2.339049230404472e-09
8150.04800076804 2.266151442089154e-09
8200.04800076804 2.8752018546412868e-09
8250.04800076804 2.9429116221660972e-09
8300.04800076804 3.251996492205825e-09
8350.04800076804 3.063141842349295e-09
8400.04800076804 3.222617328648059e-09
8450.04800076804 3.657476979963212e-09
8500.04800076804 4.128756119594953e-09
8550.04800076804 4.6673660637296825e-09
8600.04800076804 5.237776289151176e-09
8650.04800076804 5.688695870992475e-09
8700.04800076804 5.701521130647018e-09
8750.04800076804 6.0585439088529154e-09
8800.04800076804 5.937549502642088e-09
8850.04800076804 4.559476953738505e-09
8900.04800076804 1.335835104202905e-09
8950.04800076804 1.7476524931477512e-09
9000.04800076804 1.1965461678043891e-09
9050.04800076804 3.1393261368392357e-09
9100.04800076804 3.7376412802608574e-09
9150.04800076804 3.6241141309244043e-09
9200.04800076804 5.2411540691719306e-09
9250.04800076804 4.766727008236916e-09
9300.04800076804 9.075344303608355e-10
9350.04800076804 1.004400464572902e-09
9400.04800076804 1.6618574506233504e-09
9450.04800076804 2.1287704394061933e-09
9500.04800076804 1.8145214851433808e-09
9550.04800076804 2.187567599923119e-09
9600.04800076804 1.8527927357029154e-09
9650.04800076804 2.3787155088790316e-09
9700.04800076804 3.3291804056400036e-09
9750.04800076804 3.133681801100698e-09
9800.04800076804 3.7179440642316744e-09
9850.04800076804 4.08697595612609e-09
9900.04800076804 5.3458174293508415e-09
9950.04800076804 4.961471901125476e-09
10000.04800076804 6.497602363145713e-09
10050.04800076804 6.840640495062956e-09
10100.04800076804 9.07937559063267e-09
10150.04800076804 1.0974445241092825e-08
10200.04800076804 1.3736807959308838e-08
10250.04800076804 1.6115488506893228e-08
10300.04800076804 1.8734324598358243e-08
10350.04800076804 2.2725064294200206e-08
10400.04800076804 2.8225823780303712e-08
10450.04800076804 3.1668649627293206e-08
10500.04800076804 3.518293307298872e-08
10550.04800076804 3.913674143679841e-08
10600.04800076804 4.013258514684793e-08
10650.04800076804 4.222791024857454e-08
10700.04800076804 4.1968337238208416e-08
10750.04800076804 4.250794742976944e-08
10800.04800076804 3.903387351186801e-08
10850.04800076804 3.49764961029785e-08
10900.04800076804 2.2976134550147373e-08
10950.04800076804 1.0629759881385623e-08
11000.04800076804 7.046780278575449e-09
11050.04800076804 4.380145301064835e-09
11100.04800076804 2.5387909079870512e-09
11150.04800076804 1.0885297739532628e-09
11200.04800076804 6.872318330227168e-10
11250.04800076804 8.660259711515584e-10
11300.04800076804 1.2628350142166537e-09
11350.04800076804 4.185190076930773e-10
11400.04800076804 9.682574980065513e-10
11450.04800076804 7.647794202724144e-10
11500.04800076804 4.741578585833835e-10
11550.04800076804 1.1649634059825734e-10
11600.04800076804 1.209928141991202e-10
11650.04800076804 3.8827972164350683e-10
11700.04800076804 4.2460930287867655e-10
11750.04800076804 6.297409000127132e-11
11800.04800076804 4.90081352499928e-10
11850.04800076804 1.0992954032397872e-09
11900.04800076804 1.2422066700934671e-09
11950.04800076804 2.0879743503922916e-09
12000.04800076804 4.018529532923711e-09
12050.04800076804 6.832984317512098e-09
12100.04800076804 1.1738473667489194e-08
12150.04800076804 1.7306804576685386e-08
12200.04800076804 2.319820634043647e-08
12250.04800076804 3.293129072721371e-08
12300.04800076804 4.333429595067583e-08
12350.04800076804 4.623078375164009e-08
12400.04800076804 6.235344989344276e-08
12450.04800076804 8.11546858306516e-08
12500.04800076804 9.099442877622681e-08
12550.04800076804 1.006172990941648e-07
12600.04800076804 9.869943465828893e-08
12650.04800076804 9.514663150322216e-08
12700.04800076804 9.387714181273616e-08
12750.04800076804 8.562596732345622e-08
12800.04800076804 7.874121886205805e-08
12850.04800076804 5.8490555403678933e-08
12900.04800076804 4.454815398175827e-08
12950.04800076804 3.914178852442633e-08
13000.04800076804 3.313391732684762e-08
13050.04800076804 2.340221757338492e-08
13100.04800076804 1.8757012596044605e-08
13150.04800076804 1.2581336173106734e-08
13200.04800076804 1.0774173804956369e-08
13250.04800076804 7.3776518429067085e-09
13300.04800076804 2.6523887693782487e-09
13350.04800076804 8.112645452010083e-10
13400.04800076804 5.416566297519237e-10
13450.04800076804 1.95889889927283e-10
13500.04800076804 8.987092308640634e-11
13550.04800076804 5.1759805229200866e-11
13600.04800076804 1.208172542091071e-11
13650.04800076804 7.658956452067748e-11
13700.04800076804 5.312478894554202e-11
13750.04800076804 5.719403284520002e-11
13800.04800076804 4.8310170872213385e-11
13850.04800076804 4.115417616345394e-11
13900.04800076804 4.841849587185685e-11
13950.04800076804 3.568042399977774e-11
14000.04800076804 3.9103791756688847e-11
14050.04800076804 6.477047519504588e-11
14100.04800076804 7.403378454967377e-11
14150.04800076804 1.400165519825994e-10
14200.04800076804 8.924102613207892e-11
14250.04800076804 1.2355006776255095e-10
14300.04800076804 2.8121893985268107e-10
14350.04800076804 2.9097938935515024e-10
14400.04800076804 3.4091347563274983e-10
14450.04800076804 4.2843700862182077e-10
14500.04800076804 1.0332690618517123e-09
14550.04800076804 1.1169344006714338e-09
14600.04800076804 1.731056722600218e-09
14650.04800076804 1.8767824834071657e-09
14700.04800076804 1.1804513322142615e-09
14750.04800076804 1.826615579593234e-09
14800.04800076804 2.5054281386900918e-09
14850.04800076804 2.7002185623345037e-09
14900.04800076804 3.2860198273673592e-09
14950.04800076804 4.428041642900096e-09
15000.04800076804 5.240566939163148e-09
15050.04800076804 5.809205692275957e-09
15100.04800076804 7.365411266954999e-09
15150.04800076804 7.554562862921492e-09
15200.04800076804 7.531978705654061e-09
15250.04800076804 1.1201322547382357e-08
15300.04800076804 1.3619709035156457e-08
15350.04800076804 1.7891422949842233e-08
15400.04800076804 2.0270331925788024e-08
15450.04800076804 2.2793187551361828e-08
15500.04800076804 2.4360257325143914e-08
15550.04800076804 2.9687238893397892e-08
15600.04800076804 3.3199990026187694e-08
15650.04800076804 3.344787854488635e-08
15700.04800076804 4.0184105174058694e-08
15750.04800076804 4.342543508413894e-08
15800.04800076804 4.183949542768462e-08
15850.04800076804 4.362314142203162e-08
15900.04800076804 3.514462593225014e-08
15950.04800076804 3.0247059156151684e-08
16000.04800076804 2.058135289089525e-08
16050.04800076804 1.1534724210439633e-08
16100.04800076804 7.530683114408917e-09
16150.04800076804 3.8050178866166345e-09
16200.04800076804 2.1974319750610816e-09
16250.04800076804 1.8927421872489853e-09
16300.04800076804 1.1247387994617106e-09
16350.04800076804 1.3332871806947795e-09
16400.04800076804 1.457156759392775e-09
16450.04800076804 1.606039082904367e-09
16500.04800076804 1.6157532522116563e-09
16550.04800076804 1.4764783125043627e-09
16600.04800076804 1.7003297564596823e-09
16650.04800076804 1.2029470069437841e-09
16700.04800076804 2.2225997100861383e-10
16750.04800076804 6.324165230738989e-10
16800.04800076804 1.1396568355711838e-09
16850.04800076804 1.3523214794700127e-09
16900.04800076804 7.996385219946839e-10
16950.04800076804 5.652444059051789e-10
17000.04800076804 3.4508165717638813e-10
17050.04800076804 5.2832317653368e-10
17100.04800076804 8.349381603909249e-10
17150.04800076804 4.32601833599533e-10
17200.04800076804 1.5081608147971248e-09
17250.04800076804 9.08552752329581e-10
17300.04800076804 5.446042099572577e-10
17350.04800076804 6.278420070864608e-10
17400.04800076804 8.503417648347169e-10
17450.04800076804 1.3054703062950504e-09
17500.04800076804 1.8592016592345512e-09
17550.04800076804 1.5392356899320194e-09
17600.04800076804 1.123384205459964e-09
17650.04800076804 9.7641426160918e-10
17700.04800076804 7.7120073427774e-10
17750.04800076804 7.997867336924473e-10
17800.04800076804 1.461423138248989e-09
17850.04800076804 8.793710808257221e-10
17900.04800076804 7.84014104568576e-10
17950.04800076804 4.631607077843195e-10
18000.04800076804 7.045926971255027e-10
18050.04800076804 9.999768430810516e-10
18100.04800076804 7.859623522191266e-10
18150.04800076804 1.2539785173514774e-09
18200.04800076804 7.418089043284811e-10
18250.04800076804 1.886725951864245e-09
18300.04800076804 8.864370272817678e-10
18350.04800076804 6.309517761948949e-10
18400.04800076804 4.643284663008961e-10
18450.04800076804 1.2469048441977205e-09
18500.04800076804 1.403415326288882e-09
18550.04800076804 9.55232792043754e-10
18600.04800076804 1.1804828365789465e-09
18650.04800076804 8.575708123084323e-10
18700.04800076804 5.207623878413786e-10
18750.04800076804 9.059262444039877e-10
18800.04800076804 3.029716340299065e-09
18850.04800076804 2.8052966033285686e-09
18900.04800076804 2.5564492576482484e-09
18950.04800076804 4.249848696980438e-09
19000.04800076804 2.095916736299482e-09
19050.04800076804 1.3621001774645653e-09
19100.04800076804 3.291997923857107e-09
19150.04800076804 1.8575214719634837e-09
19200.04800076804 2.9671149777415686e-09
19250.04800076804 2.4552442554634266e-09
19300.04800076804 1.6502432701524266e-09
19350.04800076804 2.0658451751850196e-09
19400.04800076804 1.2925511045997433e-09
19450.04800076804 2.7824554480372924e-09
19500.04800076804 2.3489946413881904e-09
19550.04800076804 1.99312718406065e-09
19600.04800076804 3.3300544591303123e-09
19650.04800076804 3.4629401159305656e-09
19700.04800076804 3.726769022987416e-09
19750.04800076804 4.50039528104921e-09
19800.04800076804 5.714359721086022e-09
19850.04800076804 7.3662956469511615e-09
19900.04800076804 6.029188913441504e-09
19950.04800076804 9.268045663210428e-09
20000.04800076804 9.701743016782923e-09
20050.04800076804 9.80188955602464e-09
20100.04800076804 1.156756363249929e-08
20150.04800076804 9.650654635495677e-09
20200.04800076804 1.1078153980073625e-08
20250.04800076804 1.4442167380545983e-08
20300.04800076804 1.3298265523591464e-08
20350.04800076804 1.545303983148275e-08
20400.04800076804 1.4003476497561744e-08
20450.04800076804 1.88180080767973e-08
20500.04800076804 1.8913025405299442e-08
20550.04800076804 1.874336429385017e-08
20600.04800076804 2.0823318637931607e-08
20650.04800076804 1.9626472493621746e-08
20700.04800076804 2.045950546743678e-08
20750.04800076804 2.1960404556363138e-08
20800.04800076804 2.0204133483691547e-08
20850.04800076804 2.0066251874458755e-08
20900.04800076804 2.0849498622283713e-08
20950.04800076804 1.821972612678736e-08
21000.04800076804 1.891973318788314e-08
21050.04800076804 1.6979859416672916e-08
21100.04800076804 1.5990331716966643e-08
21150.04800076804 1.546002149290433e-08
21200.04800076804 1.4439852311640704e-08
21250.04800076804 1.3196706943336116e-08
21300.04800076804 1.0451877423888987e-08
21350.04800076804 1.0581405987417631e-08
21400.04800076804 9.45418278932984e-09
21450.04800076804 7.4368926518211196e-09
21500.04800076804 7.681405876301646e-09
21550.04800076804 6.98106852422715e-09
21600.04800076804 5.800373208897867e-09
21650.04800076804 4.701606880404547e-09
21700.04800076804 4.7808396395534e-09
21750.04800076804 5.188563466416957e-09
21800.04800076804 4.424776376702531e-09
21850.04800076804 3.704971645002376e-09
21900.04800076804 2.8983078094625304e-09
21950.04800076804 7.252817177775311e-10
22000.04800076804 2.6245508819628344e-10
22050.04800076804 3.0302352555565965e-10
22100.04800076804 7.223879912447567e-10
22150.04800076804 9.56210065976279e-10
22200.04800076804 8.740694415017041e-10
22250.04800076804 7.878546789565563e-10
22300.04800076804 4.771517706018093e-10
22350.04800076804 5.521072612473072e-10
22400.04800076804 2.9099359197819237e-10
22450.04800076804 3.3919127288291506e-10
22500.04800076804 3.1755791804481524e-10
22550.04800076804 1.1224916061066997e-10
22600.04800076804 2.1370300199409565e-10
22650.04800076804 3.611601061159581e-10
22700.04800076804 1.7890983960716256e-10
22750.04800076804 2.1349066786673885e-10
22800.04800076804 2.129462785210781e-10
22850.04800076804 1.8177444536535232e-10
22900.04800076804 8.643059198626284e-11
22950.04800076804 8.899879185264306e-11
23000.04800076804 1.7604293598714955e-10
23050.04800076804 2.0371573649568086e-10
23100.04800076804 5.313843552463491e-10
23150.04800076804 6.672465552336435e-10
23200.04800076804 8.856040982480556e-11
23250.04800076804 7.285957148700001e-11
23300.04800076804 1.2975152878896111e-10
23350.04800076804 9.983797684399463e-11
23400.04800076804 2.0443589138716334e-10
23450.04800076804 1.383438863167288e-10
23500.04800076804 1.0831862669322297e-10
23550.04800076804 2.368266034759637e-10
23600.04800076804 2.2806875727040508e-10
23650.04800076804 4.802846973710579e-10
23700.04800076804 1.342585966431863e-10
23750.04800076804 6.751293400916215e-11
23800.04800076804 2.566144754459969e-10
23850.04800076804 2.117301518098366e-10
23900.04800076804 4.539076624543402e-10
23950.04800076804 4.1735057957286054e-10
24000.04800076804 6.0872672720904e-10
24050.04800076804 9.221037775215403e-10
24100.04800076804 7.225621636390759e-10
24150.04800076804 9.171914607842337e-10
24200.04800076804 7.94249092779558e-10
24250.04800076804 4.3585962691766534e-10
24300.04800076804 9.153829568324791e-10
24350.04800076804 6.797219644568761e-10
24400.04800076804 1.2494009556958074e-09
24450.04800076804 1.3256068817090855e-09
24500.04800076804 1.4221212881203026e-09
24550.04800076804 1.921930028508027e-09
24600.04800076804 2.4429957876686593e-09
24650.04800076804 2.5695927778993165e-09
24700.04800076804 2.1245980346097837e-09
24750.04800076804 2.0882578034954896e-09
24800.04800076804 2.332328901362061e-09
24850.04800076804 3.369066483385376e-09
24900.04800076804 1.8115006124533557e-09
24950.04800076804 3.003395636704751e-09
25000.04800076804 3.6741633004182323e-09
25050.04800076804 2.2963727605133085e-09
25100.04800076804 2.916384896933811e-09
25150.04800076804 1.5574514682637474e-09
25200.04800076804 2.5243127353394876e-09
25250.04800076804 1.1394920227941347e-09
25300.04800076804 1.99028579227136e-09
25350.04800076804 7.871276420884266e-10
25400.04800076804 1.955178470290674e-09
25450.04800076804 9.144503107367704e-10
25500.04800076804 7.625732268261104e-10
25550.04800076804 1.4204505670634797e-09
25600.04800076804 3.1055843055720245e-10
25650.04800076804 4.2431907399509886e-10
25700.04800076804 6.632624445963746e-10
25750.04800076804 2.745195105303629e-10
25800.04800076804 9.805828029657e-10
25850.04800076804 2.360176897369874e-10
25900.04800076804 3.770066173509936e-10
25950.04800076804 1.3972015044930174e-10
26000.04800076804 8.465520986092871e-10
26050.04800076804 2.12505818704675e-10
26100.04800076804 7.561133727230202e-10
26150.04800076804 4.378037871856751e-10
26200.04800076804 4.849481501232648e-10
26250.04800076804 1.9050596280165332e-09
26300.04800076804 6.939355711665208e-10
26350.04800076804 2.2892043501987732e-09
26400.04800076804 3.1257450134427333e-09
26450.04800076804 2.9747667829104133e-09
26500.04800076804 3.515144447319774e-09
26550.04800076804 1.2764522477426086e-09
26600.04800076804 1.250005069679934e-09
26650.04800076804 3.6620900575550395e-10
26700.04800076804 1.340837213664563e-10
26750.04800076804 2.3721522871935736e-10
26800.04800076804 4.6141415686668863e-10
26850.04800076804 2.8647738295988207e-10
26900.04800076804 1.1517107151077106e-09
26950.04800076804 4.133094993653982e-10
27000.04800076804 1.5817223223182568e-09
27050.04800076804 1.5628139619201364e-09
27100.04800076804 5.564535577193654e-10
27150.04800076804 2.223722701427899e-09
27200.04800076804 4.49622767059086e-10
27250.04800076804 1.1147617266031378e-09
27300.04800076804 6.05954264984895e-09
27350.04800076804 2.535573055448148e-09
27400.04800076804 2.1033946203922695e-10
27450.04800076804 3.5224992932835544e-09
27500.04800076804 4.261348963545733e-09
27550.04800076804 9.362463670939792e-10
27600.04800076804 2.371585812967837e-09
27650.04800076804 6.973295402486341e-10
27700.04800076804 5.107630784413186e-10
27750.04800076804 2.752035071712993e-09
27800.04800076804 9.831393764400873e-10
27850.04800076804 1.3030399018098359e-09
27900.04800076804 1.7125824869098048e-09
27950.04800076804 3.341502342382332e-09
28000.04800076804 2.9421353417752564e-09
28050.04800076804 6.901988066120593e-10
28100.04800076804 4.523358691091769e-09
28150.04800076804 2.682322963943342e-09
28200.04800076804 6.702825772213852e-10
28250.04800076804 4.848307932673035e-09
28300.04800076804 7.45235552317415e-09
28350.04800076804 1.1991037318144802e-09
28400.04800076804 4.014881962141834e-09
28450.04800076804 6.8037074956312525e-09
28500.04800076804 3.827416719614627e-09
28550.04800076804 8.977312927392816e-10
28600.04800076804 5.420952539527983e-09
28650.04800076804 5.808029208276941e-09
28700.04800076804 4.8347092232941785e-09
28750.04800076804 9.0763447414552e-09
28800.04800076804 6.952166214597514e-09
28850.04800076804 9.315861508820582e-09
28900.04800076804 3.800847811767787e-09
28950.04800076804 1.2028620332273123e-08
29000.04800076804 6.624952707651716e-09
29050.04800076804 8.218743250467712e-09
29100.04800076804 5.152446147844063e-09
29150.04800076804 1.2461503731510322e-08
29200.04800076804 7.975651343040235e-09
29250.04800076804 1.1268493724035581e-08
29300.04800076804 6.868972574366911e-09
29350.04800076804 2.7706927057929656e-08
29400.04800076804 8.530063016927174e-09
29450.04800076804 1.0387960784772377e-08
29500.04800076804 1.4579712687450666e-08
29550.04800076804 9.288900841233434e-09
29600.04800076804 1.609759295639717e-08
29650.04800076804 1.718663085000829e-08
29700.04800076804 8.913241041056621e-09
29750.04800076804 1.3402943378885013e-08
29800.04800076804 1.673651871823435e-08
29850.04800076804 2.071690937960673e-08
29900.04800076804 2.0439653631860948e-08
29950.04800076804 1.473195131741669e-08
30000.04800076804 9.25517966567025e-09
30050.04800076804 1.0407772265873024e-08
30100.04800076804 1.582247695422742e-08
30150.04800076804 1.8746313174751902e-08
30200.04800076804 1.2936135045025991e-08
30250.04800076804 2.384968571123986e-08
30300.04800076804 2.1006700015331516e-08
30350.04800076804 1.5265605424052277e-08
30400.04800076804 2.072153935192674e-08
30450.04800076804 1.577310178977748e-08
30500.04800076804 1.3955232917851307e-08
30550.04800076804 1.2026783438992718e-08
30600.04800076804 1.9143178328601256e-08
30650.04800076804 1.5267952370653074e-08
30700.04800076804 1.1816192569159062e-08
30750.04800076804 1.2834404045261428e-08
30800.04800076804 1.0510084985946516e-08
30850.04800076804 1.2209984925374693e-08
30900.04800076804 1.043469198158301e-08
30950.04800076804 6.818864251025094e-09
31000.04800076804 8.830394349655006e-09
31050.04800076804 7.828419645860811e-09
31100.04800076804 4.893112524074586e-09
31150.04800076804 6.5234751561758e-09
31200.04800076804 7.173366240385595e-09
31250.04800076804 4.944997498556046e-09
31300.04800076804 3.887553631552652e-09
31350.04800076804 5.058804263675832e-09
31400.04800076804 2.3775729044768377e-09
31450.04800076804 4.9424182447385074e-09
31500.04800076804 2.269929806788501e-09
31550.04800076804 3.3397972732548796e-09
31600.04800076804 1.8429244146697816e-09
31650.04800076804 2.046684291372885e-09
31700.04800076804 2.4068579058500916e-09
31750.04800076804 1.0255323736823375e-09
31800.04800076804 2.3785701902025234e-09
31850.04800076804 1.0571328851769426e-09
31900.04800076804 1.6397369242057331e-09
31950.04800076804 1.1217291193633354e-09
32000.04800076804 1.265299290823733e-09
32050.04800076804 7.598432992084843e-10
32100.04800076804 7.341009448910859e-10
32150.04800076804 1.0626164102254337e-09
32200.04800076804 6.145469659276067e-10
32250.04800076804 1.7187842512753076e-09
32300.04800076804 4.6177212016742154e-10
32350.04800076804 1.6015935218303824e-09
32400.04800076804 5.900368691945172e-10
32450.04800076804 1.014040934980223e-09
32500.04800076804 6.914025271978862e-10
32550.04800076804 1.1484167518274563e-09
32600.04800076804 8.277805025603656e-10
32650.04800076804 2.052878203901607e-09
32700.04800076804 1.2372704702381728e-09
32750.04800076804 2.7208112733878012e-09
32800.04800076804 1.4726113884331432e-09
32850.04800076804 3.7466067771174884e-09
32900.04800076804 3.1617312459549735e-09
32950.04800076804 4.291921476123332e-09
33000.04800076804 2.5265358461289173e-09
33050.04800076804 2.8942706869198492e-09
33100.04800076804 9.180501997126624e-10
33150.04800076804 1.27734786352678e-11
33200.04800076804 5.626385491169114e-11
33250.04800076804 4.325323837480253e-11
33300.04800076804 9.800368775331899e-11
33350.04800076804 3.513952658941146e-10
33400.04800076804 8.184140470583895e-10
33450.04800076804 8.386016560495821e-10
33500.04800076804 1.877411194793228e-09
33550.04800076804 1.2660078171062896e-09
33600.04800076804 1.9715648065858508e-09
33650.04800076804 1.4855078436581118e-09
33700.04800076804 1.2229113702876845e-09
33750.04800076804 2.345549201986466e-09
33800.04800076804 8.334790491932333e-10
33850.04800076804 1.6167296987010232e-09
33900.04800076804 1.746892659309176e-09
33950.04800076804 1.6452776677161246e-09
34000.04800076804 2.709700272999857e-09
34050.04800076804 7.025491220657812e-10
34100.04800076804 2.3360977554908083e-09
34150.04800076804 1.387685507504416e-09
34200.04800076804 2.1358333282469754e-09
34250.04800076804 1.4845277178407277e-09
34300.04800076804 1.41967687753169e-09
34350.04800076804 2.385785495155672e-09
34400.04800076804 1.4862618787388425e-09
34450.04800076804 2.8297817171107768e-09
34500.04800076804 1.2519489636497927e-09
34550.04800076804 1.112981314299815e-09
34600.04800076804 3.3275274548787352e-09
34650.04800076804 1.1283865086131064e-09
34700.04800076804 1.6830055800448734e-09
34750.04800076804 1.2593894787901593e-09
34800.04800076804 1.4446730641428765e-09
34850.04800076804 2.4074704053623082e-09
34900.04800076804 2.1528288914096106e-09
34950.04800076804 1.7775111034537778e-09
35000.04800076804 3.73241455042929e-09
35050.04800076804 2.4558814361665624e-09
35100.04800076804 3.980174055846136e-09
35150.04800076804 3.297362090505114e-09
35200.04800076804 5.008980307707632e-09
35250.04800076804 4.700128291965972e-09
35300.04800076804 3.3141539517261814e-09
35350.04800076804 5.078319095706849e-09
35400.04800076804 4.349269036289247e-09
35450.04800076804 3.824661370949661e-09
35500.04800076804 9.770665014890883e-09
35550.04800076804 5.637891185850516e-09
35600.04800076804 7.005435227167597e-09
35650.04800076804 6.936591885532583e-09
35700.04800076804 4.75627966086753e-09
35750.04800076804 1.0961895958100803e-08
35800.04800076804 6.685675631109719e-09
35850.04800076804 4.1556792327393425e-09
35900.04800076804 7.532742591343457e-09
35950.04800076804 6.239429575394735e-09
36000.04800076804 2.70078703453646e-09
36050.04800076804 6.072260376712184e-09
36100.04800076804 5.617930721207976e-09
36150.04800076804 7.048777450752278e-09
36200.04800076804 6.178557583833973e-09
36250.04800076804 8.134147140416585e-09
36300.04800076804 8.523243686103026e-09
36350.04800076804 7.471855502490418e-09
36400.04800076804 1.258457801935458e-08
36450.04800076804 1.0944446026625207e-08
36500.04800076804 1.3206172502129588e-08
36550.04800076804 1.3611666401837052e-08
36600.04800076804 1.628734601490477e-08
36650.04800076804 1.6884561634689226e-08
36700.04800076804 2.1516053307781997e-08
36750.04800076804 2.162646186961574e-08
36800.04800076804 1.7304332112119595e-08
36850.04800076804 1.3665032931798139e-08
36900.04800076804 1.810800170954967e-08
36950.04800076804 1.861392869599493e-08
37000.04800076804 1.750457869399079e-08
37050.04800076804 2.192102277274486e-08
37100.04800076804 2.323330531870144e-08
37150.04800076804 2.227821886314347e-08
37200.04800076804 1.638054788056129e-08
37250.04800076804 1.622130643708079e-08
37300.04800076804 1.585833701273632e-08
37350.04800076804 2.404321480859597e-08
37400.04800076804 2.4173911657064123e-08
37450.04800076804 2.084180024115855e-08
37500.04800076804 1.8873155990679812e-08
37550.04800076804 3.0302149461112865e-08
37600.04800076804 3.8021056103343285e-08
37650.04800076804 2.4455785099908444e-08
37700.04800076804 2.845329249341103e-08
37750.04800076804 1.8450341409887653e-08
37800.04800076804 2.1956762212525324e-08
37850.04800076804 1.825284590818054e-08
37900.04800076804 2.2970474582310182e-08
37950.04800076804 2.904185223370585e-08
38000.04800076804 3.688656529240488e-08
38050.04800076804 3.6265120262387314e-08
38100.04800076804 3.6306078302518525e-08
38150.04800076804 4.265637618859147e-08
38200.04800076804 4.1014320619173635e-08
38250.04800076804 4.330892099777272e-08
38300.04800076804 6.604564925420444e-08
38350.04800076804 5.9218670132890876e-08
38400.04800076804 3.2024854350438524e-08
38450.04800076804 3.032805055423267e-08
38500.04800076804 1.5812371717232204e-08
38550.04800076804 2.5955518260711083e-08
38600.04800076804 3.426849672724985e-08
38650.04800076804 5.016158956693894e-08
38700.04800076804 3.8173806708193334e-08
38750.04800076804 4.236198252021862e-08
38800.04800076804 3.312873238920892e-08
38850.04800076804 5.6084832538268753e-08
38900.04800076804 5.50305865431819e-08
38950.04800076804 4.236976835297368e-08
39000.04800076804 6.53503416769616e-08
39050.04800076804 4.6800241093669935e-08
39100.04800076804 6.437706856483478e-08
39150.04800076804 5.221070865762671e-08
39200.04800076804 4.22352721391033e-08
39250.04800076804 6.075074276699027e-08
39300.04800076804 5.9518310059145204e-08
39350.04800076804 9.242376025962661e-08
39400.04800076804 6.639659687193609e-08
39450.04800076804 7.114310859285578e-08
39500.04800076804 6.586160397884738e-08
39550.04800076804 5.898046468427069e-08
39600.04800076804 7.917041297409874e-08
39650.04800076804 9.764493430236156e-08
39700.04800076804 6.298374766537721e-08
39750.04800076804 4.627942540436648e-08
39800.04800076804 5.963855452750376e-08
39850.04800076804 8.169968540078517e-08
39900.04800076804 8.818680807466744e-08
39950.04800076804 8.134776390717469e-08
40000.04800076804 1.034511832005867e-07
40050.04800076804 8.756867875546001e-08
40100.04800076804 5.219661178830034e-08
40150.04800076804 1.0922415998754882e-07
40200.04800076804 1.0633342973334208e-07
40250.04800076804 9.2632057056675e-08
40300.04800076804 1.1630411539137995e-07
40350.04800076804 7.300729138764583e-08
40400.04800076804 1.0264225823842122e-07
40450.04800076804 8.728203801992504e-08
40500.04800076804 1.2968846863304952e-07
40550.04800076804 1.1332073091290385e-07
40600.04800076804 1.0627455076045211e-07
40650.04800076804 1.0689380185757258e-07
40700.04800076804 1.5655984044634337e-07
40750.04800076804 1.40576720570931e-07
40800.04800076804 9.54993521647981e-08
40850.04800076804 1.630545107940988e-07
40900.04800076804 1.1988512262124052e-07
40950.04800076804 1.0464093256822384e-07
41000.04800076804 1.333479127160625e-07
41050.04800076804 1.6589119672248491e-07
41100.04800076804 9.04968159530758e-08
41150.04800076804 8.288259574807582e-08
41200.04800076804 1.7666882695412222e-07
41250.04800076804 1.3476769350364204e-07
41300.04800076804 1.216484497980741e-07
41350.04800076804 1.818057708163543e-07
41400.04800076804 1.4583516491083387e-07
41450.04800076804 1.691452305706677e-07
41500.04800076804 1.2116999125940385e-07
41550.04800076804 1.196976633558881e-07
41600.04800076804 1.6961771751493696e-07
41650.04800076804 1.5574824038689026e-07
41700.04800076804 1.4546339946536782e-07
41750.04800076804 1.3170676067697994e-07
41800.04800076804 1.8050593609138257e-07
41850.04800076804 1.1842909505109879e-07
41900.04800076804 1.308551871282992e-07
41950.04800076804 1.4334606422722256e-07
42000.04800076804 1.7320042427606103e-07
42050.04800076804 1.5929518505430803e-07
42100.04800076804 1.8368761866920393e-07
42150.04800076804 1.4444569023532485e-07
42200.04800076804 1.687179996209133e-07
42250.04800076804 1.3410986364560026e-07
42300.04800076804 1.5140367368965672e-07
42350.04800076804 1.7039901242104505e-07
42400.04800076804 1.5228468000468546e-07
42450.04800076804 1.6608860990183927e-07
42500.04800076804 1.4635427050753345e-07
42550.04800076804 1.5111850600117544e-07
42600.04800076804 1.3951998972163402e-07
42650.04800076804 2.2979058892117934e-07
42700.04800076804 1.2951124373401073e-07
42750.04800076804 1.4004221335307736e-07
42800.04800076804 1.3333080974080963e-07
42850.04800076804 1.592843191320125e-07
42900.04800076804 1.8302835661242818e-07
42950.04800076804 1.524806879810008e-07
43000.04800076804 2.0176711295725125e-07
43050.04800076804 1.0122846386929763e-07
43100.04800076804 1.3165592502227698e-07
43150.04800076804 1.654209156915824e-07
43200.04800076804 1.9069015616017346e-07
43250.04800076804 2.1770559585997253e-07
43300.04800076804 2.3375902709973126e-07
43350.04800076804 1.404833888227984e-07
43400.04800076804 1.8194462167460812e-07
43450.04800076804 1.142026726934917e-07
43500.04800076804 1.1846259338949612e-07
43550.04800076804 1.463495676996488e-07
43600.04800076804 1.933205824866791e-07
43650.04800076804 1.1305582671837462e-07
43700.04800076804 2.2245096878970076e-07
43750.04800076804 2.1836338362189953e-07
43800.04800076804 1.5371713173270647e-07
43850.04800076804 1.8251254398970437e-07
43900.04800076804 1.386667563250697e-07
43950.04800076804 1.1456036433863963e-07
44000.04800076804 8.802745714906001e-08
44050.04800076804 1.92102689156224e-07
44100.04800076804 2.0673710098485246e-07
44150.04800076804 2.0601249794526466e-07
44200.04800076804 1.6419281355548855e-07
44250.04800076804 1.2680019337243632e-07
44300.04800076804 1.1742073435331997e-07
44350.04800076804 1.1202273410959431e-07
44400.04800076804 1.1354276688689833e-07
44450.04800076804 1.4168594663231733e-07
44500.04800076804 1.2107778977799965e-07
44550.04800076804 1.6677499660501866e-07
44600.04800076804 1.2168911001960267e-07
44650.04800076804 1.3927769521523413e-07
44700.04800076804 1.083030701167428e-07
44750.04800076804 1.327942217238193e-07
44800.04800076804 1.0255577847342147e-07
44850.04800076804 1.24660441448363e-07
44900.04800076804 8.47452712273159e-08
44950.04800076804 8.685110043649436e-08
45000.04800076804 1.0173598788200907e-07
45050.04800076804 1.0237394987824991e-07
45100.04800076804 9.355395938952209e-08
45150.04800076804 8.630766159546053e-08
45200.04800076804 5.338002292332464e-08
45250.04800076804 6.392686171007716e-08
45300.04800076804 7.561211766267722e-08
45350.04800076804 7.79977255848509e-08
45400.04800076804 6.28330099752275e-08
45450.04800076804 6.201740377248063e-08
45500.04800076804 6.474866503246006e-08
45550.04800076804 7.254088560505482e-08
45600.04800076804 6.09119016414698e-08
45650.04800076804 5.8165611802344e-08
45700.04800076804 6.121169336716768e-08
45750.04800076804 5.5883025217987135e-08
45800.04800076804 5.242067781676929e-08
45850.04800076804 8.488419176488797e-08
45900.04800076804 8.952078925774077e-08
45950.04800076804 5.1623527523165325e-08
46000.04800076804 7.714688740562581e-08
46050.04800076804 7.776270491915364e-08
46100.04800076804 5.44956219504699e-08
46150.04800076804 7.211533712363662e-08
46200.04800076804 6.59621601197432e-08
46250.04800076804 2.95950773468422e-08
46300.04800076804 8.517107464028347e-08
46350.04800076804 5.655050149204123e-08
46400.04800076804 7.563040906518158e-08
46450.04800076804 1.031845914055612e-07
46500.04800076804 7.030947756719928e-08
46550.04800076804 7.147906108807026e-08
46600.04800076804 8.204494759791799e-08
46650.04800076804 1.7544825463042422e-07
46700.04800076804 1.0518120408205401e-07
46750.04800076804 7.705131954740842e-08
46800.04800076804 4.375311488110191e-08
46850.04800076804 1.2120398704109387e-07
46900.04800076804 9.663518667279932e-08
46950.04800076804 1.2353096011107475e-07
47000.04800076804 6.775018384480952e-08
47050.04800076804 1.231578386049165e-07
47100.04800076804 4.434258978145976e-08
47150.04800076804 6.628915187948167e-08
47200.04800076804 9.934471641457089e-08
47250.04800076804 5.610949251016246e-08
47300.04800076804 5.9065740778340346e-08
47350.04800076804 5.991807685087475e-08
47400.04800076804 1.1784931027655498e-07
47450.04800076804 5.755175794733763e-08
47500.04800076804 1.330097862350598e-07
47550.04800076804 6.379285747257507e-08
47600.04800076804 1.1300256160169547e-07
47650.04800076804 5.662635557275926e-08
47700.04800076804 1.0457570613478113e-07
47750.04800076804 4.2118210048221435e-08
47800.04800076804 7.193232994916105e-08
47850.04800076804 4.063481510188979e-08
47900.04800076804 6.321452210860789e-08
47950.04800076804 6.527671120117868e-08
48000.04800076804 1.4235107023320346e-07
48050.04800076804 8.045629785286678e-08
48100.04800076804 7.789376881728359e-08
48150.04800076804 7.458791958364011e-08
48200.04800076804 1.0184689159810688e-07
48250.04800076804 7.349321294285561e-08
48300.04800076804 1.5572697474578574e-07
48350.04800076804 6.0928376013384e-08
48400.04800076804 5.097720641962459e-08
48450.04800076804 6.907404016240834e-08
48500.04800076804 1.302076806178711e-07
48550.04800076804 6.176742363211725e-08
48600.04800076804 1.0633358038690357e-07
48650.04800076804 8.010783026472749e-08
48700.04800076804 1.1730591995054368e-07
48750.04800076804 7.819553275840415e-08
48800.04800076804 1.2088125060757344e-07
48850.04800076804 8.625965532813308e-08
48900.04800076804 1.1800615692246368e-07
48950.04800076804 9.00476450572706e-08
49000.04800076804 6.08039763850335e-08
49050.04800076804 1.1627826918366018e-07
49100.04800076804 8.253733547371364e-08
49150.04800076804 1.3313146355968733e-07
49200.04800076804 1.1411977147197157e-07
49250.04800076804 1.5010471212078332e-07
49300.04800076804 1.064195202683058e-07
49350.04800076804 6.745087133123259e-08
49400.04800076804 8.21792429113005e-08
49450.04800076804 1.0736624433661569e-07
49500.04800076804 8.303376964701403e-08
49550.04800076804 3.060958065162845e-08
49600.04800076804 7.731583442816263e-08
49650.04800076804 9.31537148336234e-08
49700.04800076804 8.019019161850094e-08
49750.04800076804 1.220417320206362e-07
49800.04800076804 7.494365295411604e-08
49850.04800076804 1.5910032346787312e-07
49900.04800076804 1.2493496060436268e-07
49950.04800076804 1.2734839143664135e-07
50000.04800076804 1.227097022814473e-07
50050.04800076804 1.390293285990189e-07
50100.04800076804 1.2403651038119244e-07
50150.04800076804 5.742095230401167e-08
50200.04800076804 2.190174424176849e-08
50250.04800076804 9.21881836413819e-08
50300.04800076804 6.647413693211205e-08
50350.04800076804 1.1795612444418281e-07
50400.04800076804 1.2446232253565048e-07
50450.04800076804 1.037827940053638e-07
50500.04800076804 1.3144031903519441e-07
50550.04800076804 1.195615304173331e-07
50600.04800076804 1.1474619443689637e-07
50650.04800076804 1.2773184817931425e-07
50700.04800076804 1.5960466357744105e-07
50750.04800076804 1.3000230874977285e-07
50800.04800076804 5.153706661308538e-08
50850.04800076804 3.721718462779354e-08
50900.04800076804 1.2085288948523293e-07
50950.04800076804 1.2415273298532963e-07
51000.04800076804 8.917579165033028e-08
51050.04800076804 1.0911686097128077e-07
51100.04800076804 4.0701918743107156e-08
51150.04800076804 7.097629738180621e-08
51200.04800076804 1.5607668956954706e-07
51250.04800076804 1.1053676865649983e-07
51300.04800076804 8.169758277764738e-08
51350.04800076804 9.611085001009898e-08
51400.04800076804 4.367309956474202e-08
51450.04800076804 3.654854400950754e-08
51500.04800076804 3.326273122381986e-08
51550.04800076804 8.816867928236234e-08
51600.04800076804 6.874183884162973e-08
51650.04800076804 1.000226252010238e-07
51700.04800076804 9.471415919108698e-08
51750.04800076804 6.285759248249896e-08
51800.04800076804 1.300242366201836e-07
51850.04800076804 1.0187238704130812e-07
51900.04800076804 1.3046826530437402e-07
51950.04800076804 8.712580371976254e-08
52000.04800076804 1.5355944681983466e-08
52050.04800076804 5.179176313447472e-08
52100.04800076804 3.9759234052829757e-08
52150.04800076804 2.457787165120985e-08
52200.04800076804 3.644348135328859e-08
52250.04800076804 6.465488080635789e-08
52300.04800076804 1.0766707382274447e-07
52350.04800076804 4.8726240035989106e-08
52400.04800076804 4.094933588822864e-08
52450.04800076804 1.0443489514832807e-07
52500.04800076804 9.254562986673764e-08
52550.04800076804 9.201628087745242e-08
52600.04800076804 6.536717089524888e-08
52650.04800076804 6.848571029942183e-08
52700.04800076804 6.385036088492199e-08
52750.04800076804 3.803081599092163e-08
52800.04800076804 4.532097955811914e-08
52850.04800076804 5.962706335638177e-08
52900.04800076804 3.28297141830905e-08
52950.04800076804 3.62103909420078e-08
53000.04800076804 9.967361776800943e-08
53050.04800076804 2.915200817575754e-08
53100.04800076804 9.387744241647902e-08
53150.04800076804 1.1461040936429976e-07
53200.04800076804 4.8515652841098394e-08
53250.04800076804 1.0994951834952563e-07
53300.04800076804 1.084246018903574e-07
53350.04800076804 1.0331983225087827e-07
53400.04800076804 8.77047434764436e-08
53450.04800076804 2.4897798320096084e-08
53500.04800076804 9.841909671710773e-09
53550.04800076804 2.192036060928373e-08
53600.04800076804 5.391648647050611e-08
53650.04800076804 5.5727696311986114e-08
53700.04800076804 4.394363619917109e-08
53750.04800076804 4.382904371180655e-08
53800.04800076804 4.108715658849363e-08
53850.04800076804 5.85713689873942e-08
53900.04800076804 7.373425470279537e-08
53950.04800076804 8.991804904463533e-08
54000.04800076804 5.480154130758284e-08
54050.04800076804 6.291075653118066e-08
54100.04800076804 1.8078453214339997e-08
54150.04800076804 2.9358649679491523e-08
54200.04800076804 6.901011995443663e-09
54250.04800076804 1.3761163712048992e-08
54300.04800076804 3.7427180595537774e-08
54350.04800076804 4.909733487091787e-08
54400.04800076804 4.924063165074685e-08
54450.04800076804 3.932455214793223e-08
54500.04800076804 3.307662530186044e-08
54550.04800076804 3.106251997675526e-08
54600.04800076804 3.65785380071551e-08
54650.04800076804 8.458240824778257e-09
54700.04800076804 4.0969108809172556e-08
54750.04800076804 4.049551683640882e-08
54800.04800076804 2.331430096279781e-08
54850.04800076804 3.6580446351802565e-08
54900.04800076804 5.4294438014890624e-08
54950.04800076804 7.7878646849307e-08
55000.04800076804 2.1974475306080843e-08
55050.04800076804 4.626035735782026e-08
55100.04800076804 4.752776619932154e-08
55150.04800076804 2.4721066236611783e-08
55200.04800076804 2.3771801601503502e-08
55250.04800076804 3.597813015820173e-08
55300.04800076804 2.1968668372633318e-08
55350.04800076804 4.999136183035561e-08
55400.04800076804 5.973456236937323e-08
55450.04800076804 3.140765686155206e-08
55500.04800076804 1.2643193268693409e-08
55550.04800076804 1.524995297406542e-08
55600.04800076804 2.177609692688246e-08
55650.04800076804 2.0841045541415382e-08
55700.04800076804 2.308277647632054e-08
55750.04800076804 2.2254867753081582e-08
55800.04800076804 1.0621989890410211e-08
55850.04800076804 1.4214735758378196e-08
55900.04800076804 3.811668906695817e-08
55950.04800076804 5.1850528786309196e-08
56000.04800076804 1.7205481324609712e-08
56050.04800076804 2.5944201398987874e-08
56100.04800076804 3.89250441557964e-08
56150.04800076804 1.8161148035617438e-08
56200.04800076804 2.635028989025887e-08
56250.04800076804 3.871857073703292e-08
56300.04800076804 2.9691857521271967e-08
56350.04800076804 2.2855273534148012e-08
56400.04800076804 8.4217747369504e-09
56450.04800076804 7.970733501607804e-09
56500.04800076804 1.6026317502928882e-08
56550.04800076804 9.048831533840812e-09
56600.04800076804 3.30314641010415e-08
56650.04800076804 3.5386539139725476e-08
56700.04800076804 3.003762641708543e-08
56750.04800076804 9.416559337812265e-09
56800.04800076804 3.047545575441597e-08
56850.04800076804 2.9039572877369078e-08
56900.04800076804 1.3525529905185095e-08
56950.04800076804 3.344310216526373e-08
57000.04800076804 4.2474396645062376e-08
57050.04800076804 1.8353575220818032e-08
57100.04800076804 6.298106160809829e-09
57150.04800076804 1.0909184106254054e-08
57200.04800076804 9.54775268864862e-09
57250.04800076804 1.2692730671905596e-08
57300.04800076804 2.4831611281507018e-08
57350.04800076804 1.0537848803926922e-08
57400.04800076804 2.551766033338045e-08
57450.04800076804 1.550409638518865e-08
57500.04800076804 1.679319031226652e-08
57550.04800076804 2.499805029857598e-08
57600.04800076804 2.3671234600509615e-08
57650.04800076804 4.631830113245424e-09
57700.04800076804 8.200361785646079e-09
57750.04800076804 1.619699928491466e-08
57800.04800076804 6.329541891466553e-09
57850.04800076804 5.106970056441376e-08
57900.04800076804 5.555293730359606e-08
57950.04800076804 5.3278430249077e-08
58000.04800076804 1.6320235759383393e-08
58050.04800076804 3.015804593503552e-08
58100.04800076804 3.012531229509765e-08
58150.04800076804 1.7798855904506144e-08
58200.04800076804 4.772528101738319e-09
58250.04800076804 8.176454628665153e-09
58300.04800076804 7.842732235671287e-09
58350.04800076804 1.180211044100165e-08
58400.04800076804 2.6076126832606807e-08
58450.04800076804 2.747496992745188e-08
58500.04800076804 2.4791974309449544e-08
58550.04800076804 2.369014574209646e-08
58600.04800076804 9.073686516652396e-09
58650.04800076804 1.210786770977728e-08
58700.04800076804 1.8088097746916714e-08
58750.04800076804 1.4389819352092083e-08
58800.04800076804 2.5730642805840427e-09
58850.04800076804 1.1556101884307481e-08
58900.04800076804 1.74911230386525e-08
58950.04800076804 6.878070633621154e-09
59000.04800076804 1.810956140730971e-08
59050.04800076804 2.64608534406516e-08
59100.04800076804 2.4371833653067542e-08
59150.04800076804 1.7646680648496696e-08
59200.04800076804 2.2839931371996508e-08
59250.04800076804 2.4778497469826883e-08
59300.04800076804 1.8538567282775973e-08
59350.04800076804 3.921237704045103e-09
59400.04800076804 3.84024535227174e-09
59450.04800076804 1.956336430831966e-08
59500.04800076804 9.844828003695267e-09
59550.04800076804 2.1639049060636788e-08
59600.04800076804 2.728134049189053e-08
59650.04800076804 1.442295473316721e-08
59700.04800076804 9.435770631639942e-09
59750.04800076804 2.9873209772358605e-08
59800.04800076804 1.4442836887059704e-08
59850.04800076804 2.0907204266057524e-08
59900.04800076804 6.818678401175946e-09
59950.04800076804 1.450750461369385e-08
60000.04800076804 3.926098278589408e-08
60050.04800076804 3.337775461915321e-08
60100.04800076804 3.0122705740665316e-08
60150.04800076804 1.3710158098728902e-08
60200.04800076804 2.7233148469086026e-08
60250.04800076804 3.664844151402658e-08
60300.04800076804 3.550576779763833e-08
60350.04800076804 2.283950991043233e-08
60400.04800076804 2.336303202205405e-08
60450.04800076804 5.86534740023256e-09
60500.04800076804 2.143764328017494e-09
60550.04800076804 2.0326919949483724e-08
60600.04800076804 2.7339470315785462e-08
60650.04800076804 1.6757528154966516e-08
60700.04800076804 1.0736082027113522e-08
60750.04800076804 6.0783157527132645e-09
60800.04800076804 2.5154505528364475e-08
60850.04800076804 5.1031337600766886e-08
60900.04800076804 4.800898472801893e-08
60950.04800076804 3.7847399573700053e-08
61000.04800076804 2.9853393087326085e-08
61050.04800076804 1.2064181769702121e-08
61100.04800076804 1.536614092072217e-08
61150.04800076804 4.737561502380123e-09
61200.04800076804 2.6659913219917305e-08
61250.04800076804 3.978770349281999e-08
61300.04800076804 3.70520982922674e-08
61350.04800076804 5.205027756476051e-08
61400.04800076804 2.082253076903901e-08
61450.04800076804 6.736179250032959e-09
61500.04800076804 1.3426023258128918e-08
61550.04800076804 2.041524412684894e-08
61600.04800076804 8.597105549766167e-09
61650.04800076804 2.1576962081247383e-08
61700.04800076804 2.024515353741834e-08
61750.04800076804 2.2546599559239423e-08
61800.04800076804 2.2108358487364772e-08
61850.04800076804 7.368763959628756e-09
61900.04800076804 3.3060686789735675e-08
61950.04800076804 2.8009351714181986e-08
62000.04800076804 4.5337121312525955e-08
62050.04800076804 3.6492312847924675e-08
62100.04800076804 2.9244621830678352e-08
62150.04800076804 4.588238382078968e-08
62200.04800076804 3.802103765346889e-08
62250.04800076804 3.380564983487916e-08
62300.04800076804 6.676625196618683e-08
62350.04800076804 4.741942025390799e-08
62400.04800076804 1.679371127724473e-08
62450.04800076804 3.1760813790442926e-08
62500.04800076804 6.196138711662018e-08
62550.04800076804 4.945788521267102e-08
62600.04800076804 5.9228035131122435e-08
62650.04800076804 3.9238821226712846e-08
62700.04800076804 3.8639127082905014e-08
62750.04800076804 5.609865661457607e-08
62800.04800076804 3.218336661943629e-08
62850.04800076804 5.263155801954007e-08
62900.04800076804 3.261587304841509e-08
62950.04800076804 6.109604971073989e-08
63000.04800076804 4.152640965154127e-08
63050.04800076804 6.816873307512567e-08
63100.04800076804 6.456186655608943e-08
63150.04800076804 5.119247055282586e-08
63200.04800076804 5.693616177158512e-08
63250.04800076804 3.443259293143881e-08
63300.04800076804 4.151926875545055e-08
63350.04800076804 3.875834931406993e-08
63400.04800076804 1.5614546865061857e-08
63450.04800076804 8.54486072138031e-09
63500.04800076804 3.008849968151609e-08
63550.04800076804 3.847207838265465e-08
63600.04800076804 4.0489262561077255e-08
63650.04800076804 2.3735728564992318e-08
63700.04800076804 9.140931328601297e-09
63750.04800076804 2.1345729966128573e-08
63800.04800076804 5.129256911903923e-08
63850.04800076804 3.528898522659325e-08
63900.04800076804 1.2857955101450793e-08
63950.04800076804 3.171245804205662e-08
64000.04800076804 3.4620185153988205e-08
64050.04800076804 1.412016744484004e-08
64100.04800076804 3.740285532489963e-09
64150.04800076804 5.966789843764633e-09
64200.04800076804 6.661329947631553e-09
64250.04800076804 2.038533132906901e-08
64300.04800076804 1.4722081549127165e-08
64350.04800076804 1.0191860177898157e-08
64400.04800076804 2.6503638585453917e-08
64450.04800076804 3.2970136541205826e-08
64500.04800076804 1.1813079358864073e-08
64550.04800076804 2.324247358879959e-08
64600.04800076804 8.303381486463667e-09
64650.04800076804 2.133542967003287e-08
64700.04800076804 6.618691919129348e-09
64750.04800076804 1.3794654650845306e-08
64800.04800076804 9.87104329439452e-09
64850.04800076804 5.753640332967808e-09
64900.04800076804 5.494104781223053e-09
64950.04800076804 5.908981418120062e-09
65000.04800076804 9.30097493676133e-09
65050.04800076804 1.3826268678501e-08
65100.04800076804 2.4537942530937704e-08
65150.04800076804 8.594400527838885e-09
65200.04800076804 5.0909763930873325e-09
65250.04800076804 1.9613266828753917e-08
65300.04800076804 1.5591962580231908e-08
65350.04800076804 3.980093832731034e-08
65400.04800076804 1.5857911678339133e-08
65450.04800076804 1.7351445051649883e-08
65500.04800076804 2.2210106621409614e-08
65550.04800076805 8.87840659635059e-09
65600.04800076805 1.9614085757360855e-08
65650.04800076805 1.3303357917025703e-08
65700.04800076805 1.1974239284109315e-08
65750.04800076805 7.939178567255594e-09
65800.04800076805 1.69667844171407e-08
65850.04800076805 2.1760097111347936e-08
65900.04800076805 6.746789169298052e-09
65950.04800076805 1.1151213465794328e-08
66000.04800076805 1.5787396426988265e-08
66050.04800076805 3.7735906334879364e-08
66100.04800076805 1.8391267901088613e-08
66150.04800076805 1.4370500257023636e-08
66200.04800076805 1.4344640432499243e-08
66250.04800076805 1.0197147095192889e-08
66300.04800076805 3.748301722279855e-09
66350.04800076805 3.6759099344063037e-09
66400.04800076805 7.358341481685328e-09
66450.04800076805 2.1453247519732746e-08
66500.04800076805 3.185656114945702e-08
66550.04800076805 3.543895149393002e-08
66600.04800076805 2.6126280431394507e-08
66650.04800076805 1.6536837445839122e-08
66700.04800076805 1.401660371700035e-08
66750.04800076805 1.3527588539714473e-08
66800.04800076805 1.7526443263231734e-08
66850.04800076805 1.0247634264993456e-08
66900.04800076805 3.6425458959638676e-08
66950.04800076805 3.612097266077953e-08
67000.04800076805 3.52723481835024e-08
67050.04800076805 2.0731696550021002e-08
67100.04800076805 1.1094713170239038e-08
67150.04800076805 1.2381577434139101e-08
67200.04800076805 2.0881845282648887e-08
67250.04800076805 2.088221144483537e-08
67300.04800076805 2.8964012902054726e-08
67350.04800076805 1.3491779014019615e-08
67400.04800076805 3.620796953367475e-08
67450.04800076805 2.178941410546485e-08
67500.04800076805 2.0082314908510865e-08
67550.04800076805 3.772661354432983e-08
67600.04800076805 6.513528377257992e-08
67650.04800076805 4.803285208343448e-08
67700.04800076805 2.5423984094009634e-08
67750.04800076805 1.780622502933002e-08
67800.04800076805 2.753801645573503e-08
67850.04800076805 1.1531917107185652e-08
67900.04800076805 1.4977169632308457e-08
67950.04800076805 1.1654113691956631e-08
68000.04800076805 2.4003452855518767e-08
68050.04800076805 3.37317730544889e-08
68100.04800076805 4.975446119832064e-08
68150.04800076805 3.8289440193110854e-08
68200.04800076805 3.044980639160542e-08
68250.04800076805 6.72925630033329e-09
68300.04800076805 2.8540391597473025e-08
68350.04800076805 1.5321615019189425e-08
68400.04800076805 5.487124589027351e-08
68450.04800076805 4.4033319254104816e-08
68500.04800076805 2.8500768010645745e-08
68550.04800076805 1.191413601791557e-08
68600.04800076805 1.2352295520949114e-08
68650.04800076805 6.0027169285972765e-09
68700.04800076805 1.605771933912504e-08
68750.04800076805 2.7526676521769634e-08
68800.04800076805 3.164586754203321e-08
68850.04800076805 1.0831224249380394e-08
68900.04800076805 4.488876996230179e-08
68950.04800076805 4.003864011225736e-08
69000.04800076805 2.8497355833353826e-08
69050.04800076805 1.4736645328071492e-08
69100.04800076805 4.3761057799305995e-08
69150.04800076805 6.249725558783155e-08
69200.04800076805 4.015015467727062e-08
69250.04800076805 5.8251414553581555e-08
69300.04800076805 2.908683459279664e-08
69350.04800076805 6.088875927903345e-08
69400.04800076805 1.881963323364289e-08
69450.04800076805 5.161160675855983e-08
69500.04800076805 2.6209669522951943e-08
69550.04800076805 2.166722157574665e-08
69600.04800076805 6.078733801727653e-09
69650.04800076805 1.9874709682854415e-08
69700.04800076805 3.9591146588534645e-08
69750.04800076805 2.6483646211454298e-08
69800.04800076805 4.225323247912943e-08
69850.04800076805 3.987801300054757e-08
69900.04800076805 2.2987506177895324e-08
69950.04800076805 2.5288828233999956e-08
70000.04800076805 2.886358081041656e-08
70050.04800076805 5.690691693348752e-08
70100.04800076805 3.977814946468112e-08
70150.04800076805 2.9694175815149715e-08
70200.04800076805 1.9545360672611826e-08
70250.04800076805 3.190753476956091e-08
70300.04800076805 5.182507002945929e-08
70350.04800076805 3.4668735104922245e-08
70400.04800076805 1.9888314523249812e-08
70450.04800076805 4.340668323287867e-09
70500.04800076805 1.6758183843532996e-08
70550.04800076805 1.7710862845059613e-08
70600.04800076805 1.5870773775813425e-08
70650.04800076805 4.0441029778376146e-08
70700.04800076805 3.921759848391869e-08
70750.04800076805 5.0052725728956984e-08
70800.04800076805 2.2377335011016732e-08
70850.04800076805 2.6867943651716478e-08
70900.04800076805 2.832165524401719e-08
70950.04800076805 4.768380850021827e-08
71000.04800076805 3.981655399778788e-08
71050.04800076805 3.921874662761424e-08
71100.04800076805 2.455402958426825e-08
71150.04800076805 2.6479974289797455e-08
71200.04800076805 2.258827750915654e-08
71250.04800076805 3.065469464768961e-08
71300.04800076805 4.658856474303582e-08
71350.04800076805 5.102385041978404e-08
71400.04800076805 4.091224240798418e-08
71450.04800076805 1.6806821132870255e-08
71500.04800076805 1.816425027823027e-08
71550.04800076805 2.4690507090975952e-08
71600.04800076805 2.4360141260082356e-08
71650.04800076805 2.012718824505178e-08
71700.04800076805 1.397431477614249e-08
71750.04800076805 2.643913743801335e-08
71800.04800076805 4.103206949383542e-08
71850.04800076805 3.8473250911196424e-08
71900.04800076805 2.1193094879038084e-08
71950.04800076805 2.5359608199911797e-08
72000.04800076805 2.5701665307715923e-08
72050.04800076805 1.4991701881010592e-08
72100.04800076805 1.5231311513249307e-08
72150.04800076805 1.2030294680433402e-08
72200.04800076805 2.7729996640158053e-08
72250.04800076805 3.32981188520015e-08
72300.04800076805 2.5205726574865693e-08
72350.04800076805 3.27649101966946e-08
72400.04800076805 2.272809234586901e-08
72450.04800076805 1.8422579503488984e-08
72500.04800076805 2.592630381962904e-08
72550.04800076805 9.995129126370712e-09
72600.04800076805 1.5996114982632767e-08
72650.04800076805 3.33794065464202e-08
72700.04800076805 2.4128017124366653e-08
72750.04800076805 2.3118799698064014e-08
72800.04800076805 1.4596773186326996e-08
72850.04800076805 1.6550360381136088e-08
72900.04800076805 3.2851477702522037e-08
72950.04800076805 2.520780035708597e-08
73000.04800076805 2.5350863043632188e-08
73050.04800076805 1.3755987957682302e-08
73100.04800076805 1.593109898192824e-08
73150.04800076805 3.916762458966451e-08
73200.04800076805 1.3452308175830652e-08
73250.04800076805 2.137301246198187e-08
73300.04800076805 1.7224314887954816e-08
73350.04800076805 1.1672229533343059e-08
73400.04800076805 2.1085171071183714e-08
73450.04800076805 1.1248265576090266e-08
73500.04800076805 8.74927219084302e-09
73550.04800076805 1.8060746516663394e-08
73600.04800076805 1.3146540163645034e-08
73650.04800076805 1.9514301617368998e-08
73700.04800076805 1.9510722290357725e-08
73750.04800076805 7.603204724867017e-09
73800.04800076805 1.7344098413462018e-08
73850.04800076805 2.1722244017644615e-08
73900.04800076805 1.543656638126388e-08
73950.04800076805 1.5395803597803046e-08
74000.04800076805 8.475957588266435e-09
74050.04800076805 2.9141112701187322e-08
74100.04800076805 1.8755780944011144e-08
74150.04800076805 1.824021781520857e-08
74200.04800076805 1.1967779874419593e-08
74250.04800076805 2.8206249208142196e-09
74300.04800076805 1.6338694857740585e-08
74350.04800076805 2.6473978135574666e-08
74400.04800076805 2.563743328279075e-08
74450.04800076805 9.571363521311483e-09
74500.04800076805 7.0726313268638615e-09
74550.04800076805 1.4435351276634854e-08
74600.04800076805 1.694280770010295e-08
74650.04800076805 1.7406696952072954e-08
74700.04800076805 1.0906143151702232e-08
74750.04800076805 7.302447216554738e-09
74800.04800076805 1.193140086255818e-08
74850.04800076805 8.627403472336496e-09
74900.04800076805 2.37172105704867e-08
74950.04800076805 2.5648531297587314e-08
75000.04800076805 1.1629594522964913e-08
75050.04800076805 4.236330990395726e-09
75100.04800076805 2.399064947924741e-08
75150.04800076805 2.614241511959863e-08
75200.04800076805 2.954914198417534e-08
75250.04800076805 2.8788794252885655e-08
75300.04800076805 2.2124405364211217e-08
75350.04800076805 8.857182243827977e-09
75400.04800076805 2.955848710753277e-08
75450.04800076805 2.577279918668536e-08
75500.04800076805 2.280556024605338e-08
75550.04800076805 2.7315983665438354e-08
75600.04800076805 3.301406255267701e-08
75650.04800076805 1.6551636673913417e-08
75700.04800076805 2.8494684516083622e-08
75750.04800076805 1.3954794775051942e-08
75800.04800076805 2.6851713089262032e-08
75850.04800076805 3.3682425334880177e-08
75900.04800076805 3.315762970373732e-08
75950.04800076805 1.5182184732458684e-08
76000.04800076805 3.078723524491522e-08
76050.04800076805 3.4594946885620535e-08
76100.04800076805 2.8199948434821056e-08
76150.04800076805 3.419157121806765e-08
76200.04800076805 3.242468161523522e-08
76250.04800076805 2.1341616946878432e-08
76300.04800076805 4.246716132440773e-08
76350.04800076805 5.47711454805811e-08
76400.04800076805 4.379443957351728e-08
76450.04800076805 3.693234195394536e-08
76500.04800076805 2.2197111579507156e-08
76550.04800076805 1.175214877715438e-08
76600.04800076805 2.9212594727584995e-09
76650.04800076805 3.2841756026117574e-09
76700.04800076805 4.930513693732425e-09
76750.04800076805 4.80871250251158e-09
76800.04800076805 1.007261097067915e-08
76850.04800076805 2.48381041426698e-09
76900.04800076805 2.9010321952001444e-09
76950.04800076805 8.873501028627952e-09
77000.04800076805 1.2553141961746878e-08
77050.04800076805 4.445546453309935e-09
77100.04800076805 5.0784212302921865e-09
77150.04800076805 1.557567022769406e-08
77200.04800076805 9.202805302035763e-09
77250.04800076805 9.577547902735087e-09
77300.04800076805 1.3634008635874627e-08
77350.04800076805 5.383292102124756e-09
77400.04800076805 5.686140484543135e-09
77450.04800076805 1.1262659557083974e-08
77500.04800076805 1.1405568231102326e-08
77550.04800076805 1.0898212106523045e-08
77600.04800076805 5.975752436182414e-09
77650.04800076805 8.721134075314938e-09
77700.04800076805 5.5984945647130255e-09
77750.04800076805 1.577136887206977e-08
77800.04800076805 1.6363167320139245e-08
77850.04800076805 3.0233530608301734e-08
77900.04800076805 1.597279744308753e-08
77950.04800076805 4.516373645940058e-09
78000.04800076805 1.0537880918280476e-08
78050.04800076805 1.5679462968280472e-08
78100.04800076805 1.4059627681304903e-08
78150.04800076805 2.7603543837149956e-08
78200.04800076805 2.4751748803957925e-08
78250.04800076805 2.517422151734433e-08
78300.04800076805 1.6276989268502837e-08
78350.04800076805 2.2547137212959605e-08
78400.04800076805 1.0846695600553435e-08
78450.04800076805 2.496387060332515e-08
78500.04800076805 2.6354325269044964e-08
78550.04800076805 3.765875906100645e-08
78600.04800076805 2.8180160892881957e-08
78650.04800076805 4.99168574670687e-09
78700.04800076805 1.0681197547531606e-08
78750.04800076805 1.4071702811380251e-08
78800.04800076805 1.960060004641213e-08
78850.04800076805 7.36776868507069e-09
78900.04800076805 1.8075071776345173e-08
78950.04800076805 2.5365844280226617e-08
79000.04800076805 2.0681252036991864e-08
79050.04800076805 1.5434140263626977e-08
79100.04800076805 1.666813573613346e-08
79150.04800076805 1.8499104024473918e-08
79200.04800076805 2.4533833175127463e-08
79250.04800076805 1.445611773824134e-08
79300.04800076805 9.76343421910957e-09
79350.04800076805 1.6499461181583263e-08
79400.04800076805 1.2406202312079524e-08
79450.04800076805 2.765036111313181e-08
79500.04800076805 4.33980390105765e-08
79550.04800076805 2.8543370835365742e-08
79600.04800076805 1.5071136808430973e-08
79650.04800076805 2.4546943774440205e-08
79700.04800076805 2.4153183742716092e-08
79750.04800076805 2.4316906536431433e-08
79800.04800076805 1.0743129773954136e-08
79850.04800076805 2.2079371974994467e-08
79900.04800076805 4.2317310565309565e-08
79950.04800076805 2.6130964313795504e-08
