# %ECSV 1.0
# ---
# datatype:
# - {name: wav, unit: Angstrom, datatype: float64}
# - {name: flux_nu, unit: erg / (cm2 Hz s), datatype: float64}
# meta: {C/O: '1.00', Kzz: '1.0000E+05', Teff: '2300.', Y: '0.28', '[Fe/H]': '0.50', f_hole: '1.00', f_rain: '0.00', grav: '562.'}
# schema: astropy-2.0
wav flux_nu
4000.0559999999996 nan
4050.0559999999996 2.5966233542233816e-08
4100.056 2.7371037478021468e-08
4150.056 2.207415566405262e-08
4200.056 1.6436391298189308e-08
4250.056 1.4200402279013894e-08
4300.056 9.364913356793629e-09
4350.056 9.748273067100139e-09
4400.056 9.539853867763259e-09
4450.056 5.381661362560489e-09
4500.056 5.791837769090909e-09
4550.056 7.217151776217991e-09
4600.056 5.878413054779065e-09
4650.056 4.5284123268601385e-09
4700.056 5.516758298640962e-09
4750.056 7.050065081277843e-09
4800.056 4.4607262451309765e-09
4850.056 5.797002179271965e-09
4900.056 1.1748448193498684e-08
4950.056 1.4215964571130462e-08
5000.056 6.4337173568094815e-09
5050.056 9.256248595662085e-09
5100.056 1.8126777557214158e-08
5150.056 2.0264300300756182e-08
5200.056 1.0919229154790376e-08
5250.056 1.537472295969877e-08
5300.056 1.9131873149700535e-08
5350.056 1.913265333240267e-08
5400.056 2.166955818469971e-08
5450.056 1.72319576386975e-08
5500.056 1.3612426556198378e-08
5550.056 1.8465432535299176e-08
5600.056 1.5136651813501116e-08
5650.056 1.3293771239100735e-08
5700.056 1.635342917270107e-08
5750.056 1.5958100865198745e-08
5800.056 1.607377646319943e-08
5850.056 8.62908803470021e-09
5900.056 1.1513216830069698e-09
5950.056 1.0406482044200105e-08
6000.056 1.9296409723499248e-08
6050.056 3.059378381700218e-08
6100.056 4.0093263354000574e-08
6150.056 4.093921101699315e-08
6200.056 2.389817452480065e-08
6250.056 2.6143432086002038e-08
6300.056 3.7485431873000975e-08
6350.056 4.8242317473002456e-08
6400.056 5.922063755900255e-08
6450.056 7.580820756498283e-08
6500.056 7.650847662698302e-08
6550.056 9.451328087498022e-08
6600.056 8.14092790120067e-08
6650.056 6.567982345000788e-08
6700.056 4.968376126166928e-08
6750.056 5.964939438500606e-08
6800.056 6.647816522200256e-08
6850.056 8.233123639399754e-08
6900.056 1.0512072399400037e-07
6950.056 1.4117315102898892e-07
7000.056 2.1936703421497558e-07
7050.056 2.0595083921002154e-07
7100.056 1.0461045347199124e-07
7150.056 8.010321452501001e-08
7200.056 1.134963789289938e-07
7250.056 1.6883609535601959e-07
7300.056 2.8014169018005126e-07
7350.056 4.195560955499927e-07
7400.056 5.489860092600468e-07
7450.056 6.060331455499402e-07
7500.056 6.750384066400158e-07
7550.056 7.535375675600251e-07
7600.056 5.006822902709722e-07
7650.056 1.414773514960113e-07
7700.056 8.472972274296057e-08
7750.056 2.836362155500467e-07
7800.056 3.5299362887448017e-07
7850.056 3.982228141599898e-07
7900.056 4.577166656200669e-07
7950.056 4.769075497162499e-07
8000.056 5.854777459399098e-07
8050.056 8.503934553399061e-07
8100.056 1.1932555532502367e-06
8150.056 1.6153470825600486e-06
8200.056 1.1288150647638517e-06
8250.056 1.3779305999199114e-06
8300.056 1.1141609870203401e-06
8350.056 1.180720381560392e-06
8400.056 1.1922804627401915e-06
8450.056 7.011984229198577e-07
8500.056 6.231230117542379e-07
8550.056 7.881904227900568e-07
8600.056 9.63962329839649e-07
8650.056 1.2279036697698742e-06
8700.056 1.405852375150263e-06
8750.056 1.7046789740701563e-06
8800.056 2.180315599570415e-06
8850.056 2.0713653908302187e-06
8900.056 1.445433899870018e-06
8950.056 1.5804094876677529e-06
9000.056 1.9412475840602486e-06
9050.056 2.0775937843495105e-06
9100.056 2.5902550425401594e-06
9150.056 3.0007793035700258e-06
9200.056 2.894809846550616e-06
9250.056 2.0260206924799075e-06
9300.056 1.7342741319001497e-06
9350.056 1.9226440991896943e-06
9400.056 2.1073809032805896e-06
9450.056 2.345843969159309e-06
9500.056 2.776284424369769e-06
9550.056 3.0885237759005177e-06
9600.056 3.32767271160072e-06
9650.056 3.729098376391005e-06
9700.056 4.018651271779627e-06
9750.056 3.2505785905900884e-06
9800.056 3.5276562721097453e-06
9850.056 3.4405522221998386e-06
9900.056 3.160853701209963e-06
9950.056 3.0872088114102436e-06
10000.056 3.1165669338597894e-06
10050.056 3.009560628099923e-06
10100.056 3.5466668657912777e-06
10150.056 3.4731963468397206e-06
10200.056 3.7445576552794352e-06
10250.056 3.6708009256687147e-06
10300.056 3.6534850383394573e-06
10350.056 4.0723469277396e-06
10400.056 4.309725244750007e-06
10450.056 4.589124374940662e-06
10500.056 4.661286707068943e-06
10550.056 4.803951604990507e-06
10600.056 5.104124665840527e-06
10650.056 5.206749125729409e-06
10700.056 5.45579979118023e-06
10750.056 5.766737886690405e-06
10800.056 6.049290839999489e-06
10850.056 6.330783293879873e-06
10900.056 6.3089211807995636e-06
10950.056 6.1714258942984334e-06
11000.056 5.890092825300249e-06
11050.056 4.5442521879597e-06
11100.056 4.929436563910852e-06
11150.056 5.1884492848796435e-06
11200.056 5.272245055550308e-06
11250.056 5.810310913629992e-06
11300.056 5.866524532450134e-06
11350.056 5.5868261499099306e-06
11400.056 4.414433943579954e-06
11450.056 5.958840539568914e-06
11500.056 6.50471094254936e-06
11550.056 6.407674691460078e-06
11600.056 6.593435608738833e-06
11650.056 6.773695485640752e-06
11700.056 5.61152377444991e-06
11750.056 5.7977448057296005e-06
11800.056 5.80171245084025e-06
11850.056 6.875352328280193e-06
11900.056 7.066085665518699e-06
11950.056 6.996244978199714e-06
12000.056 6.700501206100462e-06
12050.056 7.209564840700407e-06
12100.056 7.1833420872998744e-06
12150.056 7.675376584599796e-06
12200.056 7.762166612899848e-06
12250.056 8.098350011399378e-06
12300.056 8.229103251800932e-06
12350.056 8.297781273500467e-06
12400.056 7.6718265152993e-06
12450.056 6.540852417890092e-06
12500.056 7.052661237598814e-06
12550.056 7.050443893890128e-06
12600.056 7.608542857200044e-06
12650.056 7.898458824099475e-06
12700.056 8.124171093099451e-06
12750.056 8.20004765870029e-06
12800.056 8.658799186398975e-06
12850.056 8.533557439500232e-06
12900.056 8.404202090999245e-06
12950.056 8.628653088799006e-06
13000.056 8.857056148399139e-06
13050.056 8.999286675299477e-06
13100.056 8.991240696999254e-06
13150.056 9.072684566199644e-06
13200.056 8.853658094399548e-06
13250.056 8.44302207766015e-06
13300.056 7.704044763118877e-06
13350.056 5.55013694774074e-06
13400.056 5.375137888397925e-06
13450.056 4.928685643257805e-06
13500.056 4.919399100017451e-06
13550.056 4.730983212880138e-06
13600.056 4.41536459871899e-06
13650.056 4.6859761250739945e-06
13700.056 4.371234740065437e-06
13750.056 4.447670410749052e-06
13800.056 4.866184542535035e-06
13850.056 4.844282878980455e-06
13900.056 4.678211262036131e-06
13950.056 4.504455874646841e-06
14000.056 4.26400588291016e-06
14050.056 4.349636948260189e-06
14100.056 4.0002445968925455e-06
14150.056 3.995447187992374e-06
14200.056 3.7995255422365474e-06
14250.056 3.772245698991124e-06
14300.056 3.816948194419363e-06
14350.056 3.857806408880407e-06
14400.056 3.991268054370293e-06
14450.056 4.162580635660274e-06
14500.056 4.400671642719586e-06
14550.056 4.423452935379916e-06
14600.056 4.566397906861117e-06
14650.056 4.4996461203685115e-06
14700.056 4.23229288496947e-06
14750.056 4.4237226255306576e-06
14800.056 4.484287021230927e-06
14850.056 4.749813852529088e-06
14900.056 4.755158146499667e-06
14950.056 4.791116937080844e-06
15000.056 4.889303200370692e-06
15050.056 5.253491506109126e-06
15100.056 5.215844863560657e-06
15150.056 5.3020591402803485e-06
15200.056 5.550253452139674e-06
15250.056 5.544682532199772e-06
15300.056 5.756794527499912e-06
15350.056 5.901764617300236e-06
15400.056 6.0120955860000435e-06
15450.056 6.208544411600396e-06
15500.056 6.292502560299183e-06
15550.056 6.5362520844997145e-06
15600.056 6.524300290100768e-06
15650.056 6.731870001299963e-06
15700.056 7.054243111001893e-06
15750.056 7.240959730599374e-06
15800.056 7.3222070940009034e-06
15850.056 7.093958865800595e-06
15900.056 7.251941281400739e-06
15950.056 7.365552213600006e-06
16000.056 7.482465498499564e-06
16050.056 7.697492301300577e-06
16100.056 7.845207936100296e-06
16150.056 7.787803737400355e-06
16200.056 7.986765984699581e-06
16250.056 8.006710168999905e-06
16300.056 8.090408266000123e-06
16350.056 8.4268662962995e-06
16400.056 8.337255826301215e-06
16450.056 8.549047995600555e-06
16500.056 8.7191385243006e-06
16550.056 9.042406276399383e-06
16600.056 8.760031021600533e-06
16650.056 9.301695373100877e-06
16700.056 9.066486060698568e-06
16750.056 9.194286795099363e-06
16800.056 9.38385798320033e-06
16850.056 9.419000667899349e-06
16900.056 9.224800117000304e-06
16950.056 9.183725081299017e-06
17000.056 9.15074645180109e-06
17050.056 9.03080208990056e-06
17100.056 8.68535707620029e-06
17150.056 8.547925121300044e-06
17200.056 8.06070652249968e-06
17250.056 7.780919908899877e-06
17300.056 7.929932005199076e-06
17350.056 7.619246958590429e-06
17400.056 7.725241252360066e-06
17450.056 7.328980519386997e-06
17500.056 7.09784271443903e-06
17550.056 7.006963470830591e-06
17600.056 6.7803368935202595e-06
17650.056 6.8979340231288175e-06
17700.056 6.210191540778907e-06
17750.056 6.061986260559958e-06
17800.056 5.958093894211272e-06
17850.056 5.743700497600768e-06
17900.056 5.734581897569979e-06
17950.056 5.596774484909264e-06
18000.056 5.243113682030533e-06
18050.056 5.306475625602093e-06
18100.056 5.124585837309923e-06
18150.056 5.4980855668116374e-06
18200.056 4.86982670102014e-06
18250.056 5.404582824998998e-06
18300.056 5.232237879129611e-06
18350.056 5.0691783102000895e-06
18400.056 4.964787734140013e-06
18450.056 4.58764985177238e-06
18500.056 4.705573141750735e-06
18550.056 4.507073763280173e-06
18600.056 3.923083510098079e-06
18650.056 4.46193476232102e-06
18700.056 4.738082567240761e-06
18750.056 4.537217742001833e-06
18800.056 4.595680238511803e-06
18850.056 5.140586922489528e-06
18900.056 4.963542422198271e-06
18950.056 4.969899340219637e-06
19000.056 5.247567155869002e-06
19050.056 5.136318307570116e-06
19100.056 5.194009180291693e-06
19150.056 5.374651967439725e-06
19200.056 5.333515263951475e-06
19250.056 5.136312139718812e-06
19300.056 5.3342217128691605e-06
19350.056 5.436414389499682e-06
19400.056 5.048050173498795e-06
19450.056 5.411657984000791e-06
19500.056 5.441933822389444e-06
19550.056 4.927689005280957e-06
19600.056 5.448239026679308e-06
19650.056 5.343431862477148e-06
19700.056 5.3808493273704e-06
19750.056 5.082904863090303e-06
19800.056 5.29261165820936e-06
19850.056 5.246324262681475e-06
19900.056 4.915438416721593e-06
19950.056 5.401419764729776e-06
20000.056 4.872819569390734e-06
20050.056 5.133187822391383e-06
20100.056 5.214429396017175e-06
20150.056 5.132515875961121e-06
20200.056 5.224153491338631e-06
20250.056 5.392705563760064e-06
20300.056 5.401837741230532e-06
20350.056 5.430707016719451e-06
20400.056 5.401114584257458e-06
20450.056 5.625409212799532e-06
20500.056 5.601678824250153e-06
20550.056 5.7186757940997085e-06
20600.056 5.933522346380601e-06
20650.056 5.787749862781059e-06
20700.056 5.9939512567001895e-06
20750.056 6.019552593499195e-06
20800.056 6.210000779900193e-06
20850.056 6.189245303000016e-06
20900.056 6.41478281159983e-06
20950.056 6.463308476299611e-06
21000.056 6.6867447905995874e-06
21050.056 6.714406835000228e-06
21100.056 6.757532825500048e-06
21150.056 7.024016390700345e-06
21200.056 7.018144509500503e-06
21250.056 7.264173752399262e-06
21300.056 7.0952170608999e-06
21350.056 7.462658573300458e-06
21400.056 7.292666426800363e-06
21450.056 7.851037531200083e-06
21500.056 7.52994424990032e-06
21550.056 7.711777333899542e-06
21600.056 7.904821402500644e-06
21650.056 7.900156372900435e-06
21700.056 8.150748819199612e-06
21750.056 8.04130224319997e-06
21800.056 8.075597844199701e-06
21850.056 8.164542144399796e-06
21900.056 8.34599283550073e-06
21950.056 8.260757155200398e-06
22000.056 8.534363783199509e-06
22050.056 8.198022644799257e-06
22100.056 8.434584844099713e-06
22150.056 8.615395179400621e-06
22200.056 8.445858113201281e-06
22250.056 8.872181433000467e-06
22300.056 8.777860497699646e-06
22350.056 8.60772739790034e-06
22400.056 8.959632918600218e-06
22450.056 8.862790589099101e-06
22500.056 8.986488150199734e-06
22550.056 8.925960824598856e-06
22600.056 8.895950345799634e-06
22650.056 8.928084778701412e-06
22700.056 8.917322077101408e-06
22750.056 9.151219057999387e-06
22800.056 8.894432997600087e-06
22850.056 9.033488475700686e-06
22900.056 9.212073820399405e-06
22950.056 7.168339445140814e-06
23000.056 7.951628620320466e-06
23050.056 8.184398401378775e-06
23100.056 7.926702123009915e-06
23150.056 8.095904496560891e-06
23200.056 8.098605944340102e-06
23250.056 6.804470490848419e-06
23300.056 7.330968386720256e-06
23350.056 7.465737890579958e-06
23400.056 7.3040818607302575e-06
23450.056 7.506119394130183e-06
23500.056 7.2891650161685254e-06
23550.056 6.48909724818204e-06
23600.056 6.70216181441142e-06
23650.056 7.156975987228952e-06
23700.056 7.073501740368241e-06
23750.056 7.051514639840739e-06
23800.056 6.953122012421111e-06
23850.056 5.973601986630581e-06
23900.056 6.418403161859482e-06
23950.056 6.594006334841758e-06
24000.056 6.2325479639789495e-06
24050.056 6.13165512986116e-06
24100.056 5.7032208247883175e-06
24150.056 5.565824227130744e-06
24200.056 5.627720060788416e-06
24250.056 5.548100046000522e-06
24300.056 5.287401070700314e-06
24350.056 5.050277606460104e-06
24400.056 5.406137997949771e-06
24450.056 5.013549212069955e-06
24500.056 4.650863753800368e-06
24550.056 4.590223306029778e-06
24600.056 4.5832459180108475e-06
24650.056 4.948409127689764e-06
24700.056 4.312810847180008e-06
24750.056 4.1237711826109285e-06
24800.056 4.034619887130364e-06
24850.056 4.539480064460257e-06
24900.056 3.7444625971221134e-06
24950.056 4.46722109173945e-06
25000.056 4.000957153840303e-06
25050.056 3.4277209977008787e-06
25100.056 3.973844834059817e-06
25150.056 3.5347353203100768e-06
25200.056 3.7650379371594013e-06
25250.056 3.632954864368957e-06
25300.056 3.749348279240331e-06
25350.056 3.3339386011499504e-06
25400.056 3.5371641351514836e-06
25450.056 3.3618849812801087e-06
25500.056 3.52431622945126e-06
25550.056 3.342447667070142e-06
25600.056 3.4284342705401564e-06
25650.056 3.152590169089927e-06
25700.056 3.7314118577485134e-06
25750.056 3.004543639640579e-06
25800.056 3.542369040370562e-06
25850.056 3.3676001369997e-06
25900.056 3.5588049395109213e-06
25950.056 3.294264135460497e-06
26000.056 3.4725054252708556e-06
26050.056 3.814481655580048e-06
26100.056 3.6225606899107682e-06
26150.056 3.686470844878976e-06
26200.056 3.4852668167302934e-06
26250.056 3.55043722216084e-06
26300.056 3.610326045679861e-06
26350.056 3.5149154842896046e-06
26400.056 3.605480649059335e-06
26450.056 3.5472354346604215e-06
26500.056 3.7030482181988395e-06
26550.056 3.7984548906991734e-06
26600.056 4.217218057029012e-06
26650.056 3.5902958518291754e-06
26700.056 3.637313826289687e-06
26750.056 3.459561269228566e-06
26800.056 3.698124064428879e-06
26850.056 3.2845151282105032e-06
26900.056 3.871849762960028e-06
26950.056 2.8960464175202146e-06
27000.056 3.6633066991208805e-06
27050.056 3.2042016820894472e-06
27100.056 3.2107716705094774e-06
27150.056 3.3405624752198425e-06
27200.056 3.324150822770729e-06
27250.056 3.0510652221415067e-06
27300.056 3.312355344660206e-06
27350.056 3.258609305308765e-06
27400.056 2.9193243438500908e-06
27450.056 3.4964714601187156e-06
27500.056 3.2185956410902824e-06
27550.056 3.1994882128199563e-06
27600.056 3.4565720910195882e-06
27650.056 2.9339071682496856e-06
27700.056 2.9281769541303285e-06
27750.056 3.5236443221280384e-06
27800.056 2.787720834099949e-06
27850.056 3.0250274728588156e-06
27900.056 3.0174908203800845e-06
27950.056 3.3838577957296776e-06
28000.056 3.255877693850831e-06
28050.056 2.682221201260592e-06
28100.056 3.4765369966416923e-06
28150.056 2.9237306522901247e-06
28200.056 2.5890554146501988e-06
28250.056 3.054603030679993e-06
28300.056 3.4135326602908503e-06
28350.056 2.9479503516588887e-06
28400.056 2.999984520330078e-06
28450.056 2.9927482550494663e-06
28500.056 3.076253125169461e-06
28550.056 2.5103317191291673e-06
28600.056 3.3966344419903413e-06
28650.056 3.223617360539672e-06
28700.056 2.904714998659412e-06
28750.056 3.1623803398997048e-06
28800.056 3.1160853613705327e-06
28850.056 3.192484732000274e-06
28900.056 2.7327177680202777e-06
28950.056 3.5252752376895143e-06
29000.056 2.9325724153790977e-06
29050.056 3.0462743803999556e-06
29100.056 2.6086414629202053e-06
29150.056 3.1882190136201887e-06
29200.056 2.9141393747503167e-06
29250.056 3.1253539395299767e-06
29300.056 2.7823667643487277e-06
29350.056 3.437195364079603e-06
29400.056 2.9691861323098395e-06
29450.056 2.915487054039874e-06
29500.056 3.1042720793897e-06
29550.056 3.0019119801203298e-06
29600.056 3.166901950659977e-06
29650.056 3.0873940409699474e-06
29700.056 2.815836386999847e-06
29750.056 3.3822015340210757e-06
29800.056 3.3132554330598112e-06
29850.056 3.176891522999638e-06
29900.056 2.903014602260738e-06
29950.056 3.4177724813694382e-06
30000.056 3.3530501714890128e-06
30050.056 3.1740335269000054e-06
30100.056 2.657803397229362e-06
30150.056 3.796276913699771e-06
30200.056 3.4644675427502427e-06
30250.056 3.281514861250639e-06
30300.056 3.291955513899778e-06
30350.056 3.2534131458606225e-06
30400.056 3.7316414707004982e-06
30450.056 3.0436718491203685e-06
30500.056 2.989034000380418e-06
30550.056 3.828529876600639e-06
30600.056 3.6273048287003465e-06
30650.056 3.6158060434002016e-06
30700.056 3.3730953541699354e-06
30750.056 3.29951570556011e-06
30800.056 3.874582419970996e-06
30850.056 3.4145347436000157e-06
30900.056 3.4154558767997653e-06
30950.056 3.3261916022303183e-06
31000.056 3.785780809899915e-06
31050.056 3.3398721738000922e-06
31100.056 3.608186731899982e-06
31150.056 3.6655369141996425e-06
31200.056 3.72134693549963e-06
31250.056 4.0036768304007265e-06
31300.056 3.58478707409978e-06
31350.056 3.560313336220001e-06
31400.056 3.7172667901005627e-06
31450.056 3.7215695425201976e-06
31500.056 3.8184659207004895e-06
31550.056 3.513836370999941e-06
31600.056 3.698625389659837e-06
31650.056 3.8553667326998716e-06
31700.056 3.903823816299925e-06
31750.056 3.5185278491000956e-06
31800.056 3.912706024900288e-06
31850.056 4.241561845299933e-06
31900.056 4.120004875499661e-06
31950.056 3.50875537499971e-06
32000.056 3.699647163900737e-06
32050.056 4.150373916700441e-06
32100.056 4.203882591799623e-06
32150.056 4.155338707900039e-06
32200.056 4.007500896299959e-06
32250.056 3.831056346000149e-06
32300.056 4.106954521900097e-06
32350.056 4.361738626800578e-06
32400.056 3.984090364499942e-06
32450.056 3.869507958600327e-06
32500.056 4.196176323200201e-06
32550.056 4.529495033000129e-06
32600.056 4.419025849799734e-06
32650.056 4.311435659501049e-06
32700.056 4.146023841800137e-06
32750.056 4.306247147500028e-06
32800.056 3.993822773000427e-06
32850.056 4.606286689999724e-06
32900.056 4.451794070400123e-06
32950.056 3.971968531199871e-06
33000.056 4.286455060100242e-06
33050.056 4.3509884656995115e-06
33100.056 4.439846835198974e-06
33150.056 4.427794141400216e-06
33200.056 4.188137685400674e-06
33250.056 4.462230711000295e-06
33300.056 4.801849022400321e-06
33350.056 4.4960621470002355e-06
33400.056 4.186610293799596e-06
33450.056 4.525022579398842e-06
33500.056 4.525464021700243e-06
33550.056 4.441174865899383e-06
33600.056 4.512088139100639e-06
33650.056 4.602998980800843e-06
33700.056 4.750948366799404e-06
33750.056 4.706448401800212e-06
33800.056 4.605484967900026e-06
33850.056 4.5011724219000996e-06
33900.056 4.980487184699483e-06
33950.056 4.504871659399504e-06
34000.056 4.551028115899145e-06
34050.056 4.671876507300107e-06
34100.056 4.8728922771005405e-06
34150.056 4.77642993019945e-06
34200.056 4.572363123599447e-06
34250.056 5.018013332299348e-06
34300.056 4.715084689899543e-06
34350.056 4.8650481438994955e-06
34400.056 4.620583260999526e-06
34450.056 4.551306177100117e-06
34500.056 4.772385461000909e-06
34550.056 4.6485253860997585e-06
34600.056 4.773582352799901e-06
34650.056 4.825906388099916e-06
34700.056 4.665151948699394e-06
34750.056 4.970093653800281e-06
34800.056 5.03671980159963e-06
34850.056 4.6407533536999865e-06
34900.056 4.924589306100336e-06
34950.056 4.811821537699173e-06
35000.056 4.69614562069949e-06
35050.056 5.155668839400642e-06
35100.056 4.976521954999197e-06
35150.056 4.911184637599609e-06
35200.056 4.9826359608997476e-06
35250.056 4.569315600700438e-06
35300.056 4.959123416300458e-06
35350.056 5.134988172599665e-06
35400.056 4.879076234899749e-06
35450.056 4.7993827727002454e-06
35500.056 5.069949314100037e-06
35550.056 4.914365501699876e-06
35600.056 4.8079783241992045e-06
35650.056 5.203440766200552e-06
35700.056 4.828576793800337e-06
35750.056 4.888557757299665e-06
35800.056 5.071227021099673e-06
35850.056 5.128498308099796e-06
35900.056 5.258901330199536e-06
35950.056 5.1010108053995565e-06
36000.056 4.742079476399486e-06
36050.056 5.24473571220025e-06
36100.056 5.418756762799914e-06
36150.056 4.896212589800418e-06
36200.056 5.25591583179952e-06
36250.056 4.956814416299297e-06
36300.056 5.5284857411007405e-06
36350.056 5.2977484209993015e-06
36400.056 5.1715403233998955e-06
36450.056 5.496762959899665e-06
36500.056 5.14608426160032e-06
36550.056 5.063090285800561e-06
36600.056 5.086530140800453e-06
36650.056 5.265423035800516e-06
36700.056 5.52071423730013e-06
36750.056 5.097298902800579e-06
36800.056 5.262959253899619e-06
36850.056 5.3626659196000196e-06
36900.056 5.376272423100679e-06
36950.056 5.368130124300093e-06
37000.056 5.423575711800104e-06
37050.056 5.5499572101998665e-06
37100.056 5.326483881600406e-06
37150.056 5.312503216999071e-06
37200.056 5.4944763850000905e-06
37250.056 5.521361668000274e-06
37300.056 5.533101441400902e-06
37350.056 5.253101921800547e-06
37400.056 5.5121577635997575e-06
37450.056 5.456929389400346e-06
37500.056 5.63667608859972e-06
37550.056 5.46553375689919e-06
37600.056 5.707967013399388e-06
37650.056 5.303697659699561e-06
37700.056 5.431323802300179e-06
37750.056 5.677871055399232e-06
37800.056 5.762244713699912e-06
37850.056 5.590935765299784e-06
37900.056 5.668904550200386e-06
37950.056 5.711450190300262e-06
38000.056 5.620390292800639e-06
38050.056 5.624671772200408e-06
38100.056 5.469567554200212e-06
38150.056 5.781018647299332e-06
38200.056 5.869230853799358e-06
38250.056 5.541690200300606e-06
38300.056 5.47581649479992e-06
38350.056 5.664405032399997e-06
38400.056 5.730325515299823e-06
38450.056 5.7335296291005225e-06
38500.056 5.6310862230997515e-06
38550.056 5.677659736300397e-06
38600.056 6.055426590699756e-06
38650.056 5.427827362000192e-06
38700.056 5.516501500800687e-06
38750.056 5.78401111629997e-06
38800.056 5.6620819850007654e-06
38850.056 5.724043121200238e-06
38900.056 5.500745569699967e-06
38950.056 5.742415246199669e-06
39000.056 5.653362977900106e-06
39050.056 5.705095555499951e-06
39100.056 5.442278064699944e-06
39150.056 5.576397101800236e-06
39200.056 5.7032501110002e-06
39250.056 5.692203095599349e-06
39300.056 5.7072651762991215e-06
39350.056 5.657866306400507e-06
39400.056 5.547022421800153e-06
39450.056 5.60992947439982e-06
39500.056 5.524624805899839e-06
39550.056 5.423179093399052e-06
39600.056 5.815713858200306e-06
39650.056 5.377948172400172e-06
39700.056 5.5483910429999465e-06
39750.056 5.5862516503994895e-06
39800.056 5.303201345700276e-06
39850.056 5.461592751799758e-06
39900.056 5.323803978999692e-06
39950.056 5.543860985099794e-06
40000.056 5.257870982999688e-06
40050.056 4.965340254799882e-06
40100.056 5.29296001469983e-06
40150.056 4.965725202099196e-06
40200.056 5.2123932462997325e-06
40250.056 5.146602752298639e-06
40300.056 4.853847491200267e-06
40350.056 5.054206685400248e-06
40400.056 5.137100312300074e-06
40450.056 4.774891656600825e-06
40500.056 4.568434600899997e-06
40550.056 5.166922714299648e-06
40600.056 4.704788288500336e-06
40650.056 4.884000667500965e-06
40700.056 5.110998277500249e-06
40750.056 4.557110020198844e-06
40800.056 4.525883907800492e-06
40850.056 4.309386492300926e-06
40900.056 4.2412017926006276e-06
40950.056 4.5642682846000045e-06
41000.056 4.707690618900283e-06
41050.056 4.619891522399187e-06
41100.056 4.39551442330041e-06
41150.056 4.692712121600201e-06
41200.056 4.421006901800072e-06
41250.056 4.5166489035002154e-06
41300.056 4.04420586819964e-06
41350.056 4.605027619200242e-06
41400.056 4.387976767899994e-06
41450.056 4.256822035900035e-06
41500.056 4.533024392400134e-06
41550.056 4.495168880400111e-06
41600.056 4.585646720199923e-06
41650.056 4.147382286600532e-06
41700.056 4.031695319199668e-06
41750.056 4.2753948506999596e-06
41800.056 4.115757148399687e-06
41850.056 3.864045735100507e-06
41900.056 4.327161820899489e-06
41950.056 3.887966241800606e-06
42000.056 4.076953425600256e-06
42050.056 3.821792159498929e-06
42100.056 4.14169749220033e-06
42150.056 3.5239589556990647e-06
42200.056 3.6465408993301666e-06
42250.056 3.9212676270997394e-06
42300.056 3.491270915300026e-06
42350.056 3.9205674759006815e-06
42400.056 3.55569656760035e-06
42450.056 3.125700169200251e-06
42500.056 3.315417773700349e-06
42550.056 3.4496674371998614e-06
42600.056 3.3808775869004925e-06
42650.056 3.126433990398796e-06
42700.056 3.4464875605008677e-06
42750.056 3.2519657835999145e-06
42800.056 3.2589416340006004e-06
42850.056 3.420780255999828e-06
42900.056 3.3422947277002106e-06
42950.056 3.0540685316988123e-06
43000.056 3.1763394118999178e-06
43050.056 3.114861231601247e-06
43100.056 3.2335836346997902e-06
43150.056 3.3025119699005763e-06
43200.056 3.19060884110005e-06
43250.056 3.1505711801003116e-06
43300.056 3.269938671100252e-06
43350.056 3.035882138299673e-06
43400.056 3.0175781426999235e-06
43450.056 3.0853405025007613e-06
43500.056 2.9940980459994115e-06
43550.056 3.084718403199983e-06
43600.056 3.1794478795001426e-06
43650.056 2.898142093840335e-06
43700.056 2.853192177999632e-06
43750.056 2.9233023614001367e-06
43800.056 2.787250937600179e-06
43850.056 2.879751178800503e-06
43900.056 2.9423301169599274e-06
43950.056 2.8066332540004143e-06
44000.056 2.6440463181003333e-06
44050.056 2.670524810900153e-06
44100.056 2.719604022700537e-06
44150.056 2.898932780599535e-06
44200.056 2.6993602045500132e-06
44250.056 2.6483307781998915e-06
44300.056 2.5879291911004614e-06
44350.056 2.5799730551001155e-06
44400.056 2.6167547017999603e-06
44450.056 2.7752346760001543e-06
44500.056 2.7839942411003566e-06
44550.056 2.5046658982594065e-06
44600.056 2.5715825484402774e-06
44650.056 2.735754437420128e-06
44700.056 2.562806218600191e-06
44750.056 2.696690746719606e-06
44800.056 2.727954613459936e-06
44850.056 2.7507016562001677e-06
44900.056 2.606823731700387e-06
44950.056 2.4226013894599878e-06
45000.056 2.6589091293999555e-06
45050.056 2.6071788174996714e-06
45100.056 2.7370275870998563e-06
45150.056 2.637098252989987e-06
45200.056 2.4460116375999066e-06
45250.056 2.5112795969796886e-06
45300.056 2.6148552567000736e-06
45350.056 2.7233125521996245e-06
45400.056 2.629574379620345e-06
45450.056 2.441465192999617e-06
45500.056 2.481572852599854e-06
45550.056 2.7244399706196983e-06
45600.056 2.5986480090999516e-06
45650.056 2.383883095499423e-06
45700.056 2.590103122400324e-06
45750.056 2.516060244609879e-06
45800.056 2.4928831807199503e-06
45850.056 2.806455891100043e-06
45900.056 2.7256972368600236e-06
45950.056 2.469139752779939e-06
46000.056 2.7888718354600237e-06
46050.056 2.848589667110684e-06
46100.056 2.472324351140149e-06
46150.056 2.5249971999699333e-06
46200.056 2.780055449050616e-06
46250.056 2.3887368468999307e-06
46300.056 2.889040217779895e-06
46350.056 2.4277108749697734e-06
46400.056 2.6311280685197155e-06
46450.056 2.560762662880539e-06
46500.056 2.4800083483099367e-06
46550.056 2.778298251279878e-06
46600.056 2.5806669214998256e-06
46650.056 3.0419510435599636e-06
46700.056 2.8924691516407815e-06
46750.056 2.493052993859941e-06
46800.056 2.7171799002204365e-06
46850.056 2.769172336400053e-06
46900.056 2.6907728889795212e-06
46950.056 2.919908411560186e-06
47000.056 2.7057156563500205e-06
47050.056 2.7893393705997425e-06
47100.056 2.56252057160006e-06
47150.056 2.7198010189804596e-06
47200.056 2.667757340340688e-06
47250.056 2.634693602099328e-06
47300.056 2.7076979397293087e-06
47350.056 2.387216245239566e-06
47400.056 2.7423755707393694e-06
47450.056 2.8222693278798575e-06
47500.056 2.6281279821993915e-06
47550.056 2.625460206929519e-06
47600.056 2.8334709008998628e-06
47650.056 2.2113179310794443e-06
47700.056 2.8219307485800047e-06
47750.056 2.15202169496064e-06
47800.056 2.815439499699769e-06
47850.056 2.2828005532592346e-06
47900.056 2.8865218977001243e-06
47950.056 2.2435986080005853e-06
48000.056 3.0170841787000446e-06
48050.056 2.396995907050441e-06
48100.056 2.5609830513700002e-06
48150.056 2.3724908068402385e-06
48200.056 2.8548379541606233e-06
48250.056 2.423262922899788e-06
48300.056 2.9978207218998095e-06
48350.056 2.176829052719476e-06
48400.056 2.796008564789943e-06
48450.056 2.4648827181901992e-06
48500.056 2.9734735239200258e-06
48550.056 2.248554416610014e-06
48600.056 2.849215126599742e-06
48650.056 2.2454741541599833e-06
48700.056 2.690673501500072e-06
48750.056 2.081638372450333e-06
48800.056 2.947637720820171e-06
48850.056 2.2608725867395933e-06
48900.056 2.791464391200101e-06
48950.056 2.5855498981602345e-06
49000.056 2.53969188977989e-06
49050.056 2.6211976593997696e-06
49100.056 2.509339821260133e-06
49150.056 2.506474403980018e-06
49200.056 2.6074535495198847e-06
49250.056 2.5066907374001462e-06
49300.056 2.3387128570296158e-06
49350.056 2.348307095199978e-06
49400.056 2.7509426327003525e-06
49450.056 2.4150957571005743e-06
49500.056 2.4662615992003865e-06
49550.056 2.2868925243999203e-06
49600.056 2.3658163682703716e-06
49650.056 2.442260273000326e-06
49700.056 2.149090584799763e-06
49750.056 2.955270102299518e-06
49800.056 2.4516265311600415e-06
49850.056 2.8240806033000477e-06
49900.056 2.3727912495201073e-06
49950.056 2.498995556799359e-06
50000.056 2.396777421199444e-06
50050.056 2.5060700249401106e-06
50100.056 2.5468430753998173e-06
50150.056 2.3325043398799472e-06
50200.056 2.1609953098001543e-06
50250.056 2.3095576082102203e-06
50300.056 2.259097635299673e-06
50350.056 2.490766284669933e-06
50400.056 2.3796401447000494e-06
50450.056 2.2757355304602464e-06
50500.056 2.853239224900379e-06
50550.056 2.386106113039817e-06
50600.056 2.490250724700182e-06
50650.056 2.3901403089005827e-06
50700.056 2.582448692859365e-06
50750.056 2.535983108460292e-06
50800.056 2.113014676959846e-06
50850.056 2.3985669844003263e-06
50900.056 2.3937156041999293e-06
50950.056 2.5178727625503983e-06
51000.056 2.7756183188602745e-06
51050.056 2.256222944780355e-06
51100.056 2.256734187349897e-06
51150.056 2.52953064258009e-06
51200.056 2.3269670743798516e-06
51250.056 2.565921552650091e-06
51300.056 2.262403681060585e-06
51350.056 2.479492926699806e-06
51400.056 2.4072936993993675e-06
51450.056 1.8291441474497467e-06
51500.056 2.4729297027299912e-06
51550.056 2.8079625313002425e-06
51600.056 2.0150002391699016e-06
51650.056 2.4292887004996654e-06
51700.056 2.17831634753931e-06
51750.056 2.1986102610901377e-06
51800.056 2.4703552817996812e-06
51850.056 2.48350312159982e-06
51900.056 2.5791476393002886e-06
51950.056 2.3277359089997386e-06
52000.056 2.145376315149992e-06
52050.056 2.463773108839803e-06
52100.056 2.385873546899519e-06
52150.056 2.3888898996603143e-06
52200.056 2.2897591155701206e-06
52250.056 2.2648589270999608e-06
52300.056 2.3585661406999755e-06
52350.056 2.620897122580244e-06
52400.056 2.049228813250061e-06
52450.056 2.2948140941999956e-06
52500.056 2.453112972619361e-06
52550.056 2.276475590699466e-06
52600.056 2.395069948120118e-06
52650.056 2.661720803280465e-06
52700.056 2.322163764160075e-06
52750.056 1.978788037909829e-06
52800.056 2.1926947426001978e-06
52850.056 2.103741295719941e-06
52900.056 2.354827395400229e-06
52950.056 2.2431429304996154e-06
53000.056 2.477441253759672e-06
53050.056 2.3782981885196517e-06
53100.056 2.1097240446595607e-06
53150.056 2.5161121656004798e-06
53200.056 1.932156813590385e-06
53250.056 2.5620257945999293e-06
53300.056 2.4764931533007407e-06
53350.056 2.515870865799762e-06
53400.056 2.2265290696001526e-06
53450.056 2.151418806000047e-06
53500.056 1.9805611312396653e-06
53550.056 2.4243534805999346e-06
53600.056 2.4186038727603824e-06
53650.056 2.1178912408705238e-06
53700.056 2.182129448480523e-06
53750.056 2.458771800499777e-06
53800.056 2.3896661501103692e-06
53850.056 2.4557185556992025e-06
53900.056 1.9459944826605326e-06
53950.056 2.4253793243998305e-06
54000.056 2.517753999460051e-06
54050.056 2.0480526145602396e-06
54100.056 2.012003535139815e-06
54150.056 2.1790049816401163e-06
54200.056 2.022474306280052e-06
54250.056 2.2138055522000553e-06
54300.056 1.934884851079621e-06
54350.056 2.159753986659736e-06
54400.056 2.4418469300998273e-06
54450.056 2.3203578580694254e-06
54500.056 2.191891180799907e-06
54550.056 2.1417925376999058e-06
54600.056 2.189793145129884e-06
54650.056 2.0973123077996763e-06
54700.056 2.2084724766802892e-06
54750.056 2.3324136022001872e-06
54800.056 2.0401751719298967e-06
54850.056 2.1431682061996158e-06
54900.056 2.1859934731004973e-06
54950.056 2.2697445018002247e-06
55000.056 2.228018904100148e-06
55050.056 2.4998360762298947e-06
55100.056 2.086137495699975e-06
55150.056 2.05763306100965e-06
55200.056 2.0696588692297416e-06
55250.056 1.8753405628994016e-06
55300.056 2.0579668405998556e-06
55350.056 2.180507440450329e-06
55400.056 2.2684191016002096e-06
55450.056 2.2478947091694806e-06
55500.056 1.875521544320096e-06
55550.056 2.1552831546997102e-06
55600.056 2.171929968649987e-06
55650.056 1.9181060507901996e-06
55700.056 2.111714380999852e-06
55750.056 2.34600617079991e-06
55800.056 2.033582189430016e-06
55850.056 1.9559731896895975e-06
55900.056 2.072140273539987e-06
55950.056 2.5098558724001074e-06
56000.056 1.921265989719528e-06
56050.056 2.281408159819847e-06
56100.056 2.163171538409793e-06
56150.056 1.928745581790274e-06
56200.056 2.1218505013397033e-06
56250.056 1.8979731592600495e-06
56300.056 2.251864597089853e-06
56350.056 2.4019180933001526e-06
56400.056 2.3349483073000338e-06
56450.056 2.0618046141000633e-06
56500.056 1.9249621219601363e-06
56550.056 1.9548579111802177e-06
56600.056 2.194783789039681e-06
56650.056 1.9259551071500694e-06
56700.056 2.344794519300695e-06
56750.056 1.9647152507800064e-06
56800.056 1.9890516920703328e-06
56850.056 1.956498913310326e-06
56900.056 2.1613488397598277e-06
56950.056 2.047053995760067e-06
57000.056 2.0316670193002993e-06
57050.056 2.4751680649999535e-06
57100.056 1.7831625134898546e-06
57150.056 2.079305442929978e-06
57200.056 1.8653520009600971e-06
57250.056 2.084988704309946e-06
57300.056 2.026246874200237e-06
57350.056 1.7473020079199927e-06
57400.056 2.104210965949971e-06
57450.056 2.0743950128598673e-06
57500.056 2.3976727282999417e-06
57550.056 2.172491964520128e-06
57600.056 2.477359830699502e-06
57650.056 1.777605407390067e-06
57700.056 2.021698885220239e-06
57750.056 2.12776515329993e-06
57800.056 1.7626599281794666e-06
57850.056 2.0688510588001297e-06
57900.056 2.2128044502000947e-06
57950.056 1.9645488704597903e-06
58000.056 1.9842957656000542e-06
58050.056 2.139940364109994e-06
58100.056 2.3423711594496554e-06
58150.056 2.069784183700339e-06
58200.056 1.80062711926004e-06
58250.056 2.189915416599949e-06
58300.056 1.6672592464197877e-06
58350.056 1.8974163354899686e-06
58400.056 1.9331247225902772e-06
58450.056 1.990878503800125e-06
58500.056 2.0437240902001327e-06
58550.056 2.1499936291003355e-06
58600.056 2.0055572419297806e-06
58650.056 2.103827612659835e-06
58700.056 2.087097743079593e-06
58750.056 2.0589242876000305e-06
58800.056 1.7994420896403344e-06
58850.056 1.953370133230025e-06
58900.056 2.1786630405900226e-06
58950.056 1.946352834209379e-06
59000.056 1.9186997139098786e-06
59050.056 1.9063389694298113e-06
59100.056 2.0822010075897786e-06
59150.056 2.2039741294901213e-06
59200.056 2.1142450660801655e-06
59250.056 2.2873434782002226e-06
59300.056 2.1773954245204323e-06
59350.056 2.0864160657000996e-06
59400.056 1.8980875756797169e-06
59450.056 1.966220713140115e-06
59500.056 1.8175290287198283e-06
59550.056 2.1473642100598822e-06
59600.056 2.0609209042799326e-06
59650.056 2.299398290219965e-06
59700.056 1.7983562673101626e-06
59750.056 2.164560445549785e-06
59800.056 2.128724118350012e-06
59850.056 1.98613356905999e-06
59900.056 2.0173102201796963e-06
59950.056 1.995471019240476e-06
60000.056 2.342166838800165e-06
60050.056 2.1212783042200892e-06
60100.056 2.2617543418998103e-06
60150.056 2.099552377079776e-06
60200.056 2.180494358779903e-06
60250.056 2.047403067620183e-06
60300.056 1.9273260215298064e-06
60350.056 1.9246525988698657e-06
60400.056 2.0932219600998133e-06
60450.056 1.9208749264898116e-06
60500.056 1.6911086052902064e-06
60550.056 1.908719216200237e-06
60600.056 2.1675160401001025e-06
60650.056 2.2187799032799485e-06
60700.056 2.1576585925001156e-06
60750.056 2.100164218859868e-06
60800.056 2.3110732381798428e-06
60850.056 2.338150150600034e-06
60900.056 2.07315162702051e-06
60950.056 2.2094579293895783e-06
61000.056 1.9645218462302916e-06
61050.056 2.0837780945598102e-06
61100.056 2.2016694585000717e-06
61150.056 1.6414857190597006e-06
61200.056 2.108275248240093e-06
61250.056 2.3246740826999086e-06
61300.056 2.5136705455001026e-06
61350.056 2.230305705200179e-06
61400.056 2.4201130769998787e-06
61450.056 1.9752944758603787e-06
61500.056 2.2525175465800388e-06
61550.056 2.0741951044798725e-06
61600.056 1.9271982770804596e-06
61650.056 2.2941093892996386e-06
61700.056 1.9012294451798421e-06
61750.056 2.0981269379994214e-06
61800.056 2.398489380400473e-06
61850.056 2.047261798699736e-06
61900.056 2.2091582333001867e-06
61950.056 2.356733180800306e-06
62000.056 2.094941881760047e-06
62050.056 2.1338599136895803e-06
62100.056 2.2297445289007164e-06
62150.056 2.275647505040271e-06
62200.056 1.9785819197596977e-06
62250.056 2.3860054626001404e-06
62300.056 2.321861448060057e-06
62350.056 2.2636566077001484e-06
62400.056 1.9423563447804073e-06
62450.056 2.0456877860000323e-06
62500.056 2.2874890541998164e-06
62550.056 2.2095645132200015e-06
62600.056 2.207518925500257e-06
62650.056 2.035464702019977e-06
62700.056 2.124982026100029e-06
62750.056 2.2082480691998605e-06
62800.056 2.0198377045495902e-06
62850.056 2.418949161260308e-06
62900.056 2.085054853669455e-06
62950.056 2.201959868999942e-06
63000.056 2.1636367472001796e-06
63050.056 2.3869101979399753e-06
63100.056 2.29952304719999e-06
63150.056 1.9802855726399144e-06
63200.056 2.2124480336001443e-06
63250.056 2.196421096599888e-06
63300.056 2.2061517877002814e-06
63350.056 2.2356161565002195e-06
63400.056 2.0832733106998953e-06
63450.056 2.1307129111001334e-06
63500.056 2.0926241684999316e-06
63550.056 1.8883531853497618e-06
63600.056 2.2822875892003546e-06
63650.056 2.159981781200319e-06
63700.056 2.1848056542998494e-06
63750.056 2.0604849832000186e-06
63800.056 1.9307166059402447e-06
63850.056 1.9885950283899465e-06
63900.056 1.9609006788399783e-06
63950.056 2.2323527188000605e-06
64000.056 2.1490706332999767e-06
64050.056 2.1236230836997685e-06
64100.056 1.5008087229498502e-06
64150.056 1.8487323064999642e-06
64200.056 1.8473205638400062e-06
64250.056 2.2994914360799117e-06
64300.056 1.8445998173399844e-06
64350.056 1.839315681510042e-06
64400.056 2.028654395480029e-06
64450.056 1.957354545060121e-06
64500.056 1.7109794403298096e-06
64550.056 1.9219185524804745e-06
64600.056 1.6912166467101372e-06
64650.056 2.0611694836001345e-06
64700.056 1.4739055172694924e-06
64750.056 1.5636010262702048e-06
64800.056 1.397696933270172e-06
64850.056 1.636328608479891e-06
64900.056 1.6618385000802867e-06
64950.056 1.5916765657098826e-06
65000.056 1.7372547368999208e-06
65050.056 1.6335806159603414e-06
65100.056 1.7066500119997716e-06
65150.056 1.7016885397599094e-06
65200.056 1.642065404129809e-06
65250.056 1.5500325928097307e-06
65300.056 1.6537075539800357e-06
65350.056 1.7964487978198628e-06
65400.056 1.4868838683597171e-06
65450.056 1.6236454572298856e-06
65500.056 1.6129715767097764e-06
65550.056 1.5347138436098013e-06
65600.056 1.575218317080043e-06
65650.056 1.4427282935797286e-06
65700.056 1.5693746481200331e-06
65750.056 1.5657627114702907e-06
65800.056 1.681367521200032e-06
65850.056 1.655377782159428e-06
65900.056 1.4113675991403909e-06
65950.056 1.0768885531899275e-06
66000.056 1.4143248444595766e-06
66050.056 1.6439877413205545e-06
66100.056 1.5109695027401394e-06
66150.056 1.462654128019637e-06
66200.056 1.2179382823601482e-06
66250.056 1.4208316499302988e-06
66300.056 1.1913077269300047e-06
66350.056 1.311276547440603e-06
66400.056 1.39951821932956e-06
66450.056 1.52953504373977e-06
66500.056 1.7131799999199832e-06
66550.056 1.4416750485796255e-06
66600.056 1.398494303250254e-06
66650.056 1.4283043161998362e-06
66700.056 1.4968871906201202e-06
66750.056 1.5026472608000386e-06
66800.056 1.5082166511202913e-06
66850.056 1.3391102503307815e-06
66900.056 1.2702497063805203e-06
66950.056 1.5871560857403236e-06
67000.056 1.6248364557993339e-06
67050.056 1.490544380449778e-06
67100.056 1.6419545682401127e-06
67150.056 1.4068336817594975e-06
67200.056 1.4427129841603237e-06
67250.056 1.5057657732599916e-06
67300.056 1.4731603429601585e-06
67350.056 1.521532448619622e-06
67400.056 1.6889898382199923e-06
67450.056 1.5396079945599388e-06
67500.056 1.4544181428300588e-06
67550.056 1.5012465011199296e-06
67600.056 1.6301738785999797e-06
67650.056 1.5595121440396067e-06
67700.056 1.4565818674695783e-06
67750.056 1.4013306525499993e-06
67800.056 1.446462006340152e-06
67850.056 1.3267808723396924e-06
67900.056 1.5464283333097448e-06
67950.056 1.410724123150145e-06
68000.056 1.447438372459397e-06
68050.056 1.6244317444095407e-06
68100.056 1.4546432403600694e-06
68150.056 1.257838734289718e-06
68200.056 1.3874783724397272e-06
68250.056 1.3613046943301972e-06
68300.056 1.285992934939788e-06
68350.056 1.243310832799935e-06
68400.056 1.4026403847699e-06
68450.056 1.6312448670600031e-06
68500.056 1.4785002152300969e-06
68550.056 1.3280999287100385e-06
68600.056 1.4683207206900623e-06
68650.056 1.3023603048093669e-06
68700.056 1.3227512703998702e-06
68750.056 1.492851956280092e-06
68800.056 1.499087684359976e-06
68850.056 1.3497664455999351e-06
68900.056 1.494715100200256e-06
68950.056 1.4673770556996844e-06
69000.056 1.565874724779778e-06
69050.056 1.355844338799472e-06
69100.056 1.4600468690197637e-06
69150.056 1.664369512900024e-06
69200.056 1.2052652203803243e-06
69250.056 1.4822485737398533e-06
69300.056 1.5180203563503037e-06
69350.056 1.518612583579927e-06
69400.056 1.451428070499672e-06
69450.056 1.619848121040427e-06
69500.056 1.4090807090600966e-06
69550.056 1.4536233307401684e-06
69600.056 1.2488874119002556e-06
69650.056 1.4863231303001028e-06
69700.056 1.4159663170698226e-06
69750.056 1.4997249537394422e-06
69800.056 1.4774413407303195e-06
69850.056 1.5650931951002536e-06
69900.056 1.4811881546701849e-06
69950.056 1.765254466490324e-06
70000.056 1.3358336700299498e-06
70050.056 1.4847399306101044e-06
70100.056 1.2385339173999778e-06
70150.056 1.4803256606999433e-06
70200.056 1.2819311472602707e-06
70250.056 1.3785615865697563e-06
70300.056 1.4545591731898781e-06
70350.056 1.4705948237901531e-06
70400.056 1.6542780830499756e-06
70450.056 1.3169311637501645e-06
70500.056 1.4115453082596541e-06
70550.056 1.1787760715201629e-06
70600.056 1.5605279072300254e-06
70650.056 1.4189588174300582e-06
70700.056 1.4436086519206492e-06
70750.056 1.3382558913502523e-06
70800.056 1.4624359499803104e-06
70850.056 1.3653011527599358e-06
70900.056 1.436510919059698e-06
70950.056 1.373781308470096e-06
71000.056 1.4505482005697987e-06
71050.056 1.4390483182003818e-06
71100.056 1.4116963888002634e-06
71150.056 1.3730293095196112e-06
71200.056 1.3324851889298368e-06
71250.056 1.437264285600102e-06
71300.056 1.4024013354400715e-06
71350.056 1.4334047952000696e-06
71400.056 1.3248639862403395e-06
71450.056 1.3564901740995401e-06
71500.056 1.5016454582099666e-06
71550.056 1.4784763035599002e-06
71600.056 1.5272127030997963e-06
71650.056 1.5093137712001827e-06
71700.056 1.3895840622598746e-06
71750.056 1.4969676876400378e-06
71800.056 1.642420109640037e-06
71850.056 1.7032617639001639e-06
71900.056 1.2418651822901798e-06
71950.056 1.5244509709601061e-06
72000.056 1.3736898996101009e-06
72050.056 1.3158480992502803e-06
72100.056 1.4498794716900458e-06
72150.056 1.4901927809700272e-06
72200.056 1.488126655300114e-06
72250.056 1.3975857612703076e-06
72300.056 1.3901455210800907e-06
72350.056 1.3495700217793622e-06
72400.056 1.5687348905303134e-06
72450.056 1.4230657408896658e-06
72500.056 1.4898202739596712e-06
72550.056 1.281031060600324e-06
72600.056 1.39320932608053e-06
72650.056 1.5014641878800763e-06
72700.056 1.4334035187795163e-06
72750.056 1.3972660048394218e-06
72800.056 1.4164940378101476e-06
72850.056 1.449270489810363e-06
72900.056 1.4718622023100864e-06
72950.056 1.2670602592599723e-06
73000.056 1.3515008663192692e-06
73050.056 1.3774296943802594e-06
73100.056 1.5484397243001145e-06
73150.056 1.5447732937196168e-06
73200.056 1.5482369763896336e-06
73250.056 1.4976016608500765e-06
73300.056 1.4579362606796932e-06
73350.056 1.1444698813000577e-06
73400.056 1.2857928810904321e-06
73450.056 1.2360841168999891e-06
73500.056 1.5796234332298198e-06
73550.056 1.324574865739901e-06
73600.056 1.3304975340495795e-06
73650.056 1.4234904207997871e-06
73700.056 1.3313062169698724e-06
73750.056 1.3745216579198221e-06
73800.056 1.1779433945599867e-06
73850.056 1.4928271826602533e-06
73900.056 1.5028524150796399e-06
73950.056 1.4800658757098344e-06
74000.056 1.4349642156399666e-06
74050.056 1.4314266295195394e-06
74100.056 1.4142483367998047e-06
74150.056 1.4312039630901294e-06
74200.056 1.3684551372201658e-06
74250.056 1.4530919803996893e-06
74300.056 1.3069596519500578e-06
74350.056 1.2865640965899056e-06
74400.056 1.184678043330396e-06
74450.056 1.5506686368005956e-06
74500.056 1.4633230090500973e-06
74550.056 1.5915252398998847e-06
74600.056 1.2405873620597018e-06
74650.056 1.2370538107500842e-06
74700.056 1.3499356546597914e-06
74750.056 1.3829358800401236e-06
74800.056 1.2606865395801746e-06
74850.056 1.7176232828098012e-06
74900.056 1.4263948735396086e-06
74950.056 1.317053545770082e-06
75000.056 1.3387263752698436e-06
75050.056 1.4357467591195409e-06
75100.056 1.4579973806702933e-06
75150.056 1.4321297243000615e-06
75200.056 1.4895445903999834e-06
75250.056 1.4333399540495525e-06
75300.056 1.204634269929957e-06
75350.056 1.279997683919803e-06
75400.056 1.3295999278902903e-06
75450.056 1.3316094863005919e-06
75500.056 1.4730732351597997e-06
75550.056 1.3075449410601282e-06
75600.056 1.5866469006801262e-06
75650.056 1.4823191476000897e-06
75700.056 1.2866014698797854e-06
75750.056 1.28032984614986e-06
75800.056 1.2964329271102148e-06
75850.056 1.3027590811700012e-06
75900.056 1.2842654930301497e-06
75950.056 1.3192343573200914e-06
76000.056 1.1039937537198895e-06
76050.056 1.2752376290599552e-06
76100.056 1.3017183634000913e-06
76150.056 1.2287265293198703e-06
76200.056 1.2357701204602387e-06
76250.056 1.3869269769000096e-06
76300.056 1.2144600005800237e-06
76350.056 1.276496690040091e-06
76400.056 1.3604191421297886e-06
76450.056 1.31660321880076e-06
76500.056 1.4090329625704914e-06
76550.056 1.3318411597099108e-06
76600.056 1.2377913545600269e-06
76650.056 1.281833424809907e-06
76700.056 1.2808900771202151e-06
76750.056 1.360648697300059e-06
76800.056 1.328843878480309e-06
76850.056 1.3975206184303787e-06
76900.056 1.3923163077800038e-06
76950.056 1.2756229959302e-06
77000.056 1.3223574058701034e-06
77050.056 1.451310519199905e-06
77100.056 1.0523996078901726e-06
77150.056 1.3300604366298641e-06
77200.056 1.3363298812701922e-06
77250.056 1.275028464769536e-06
77300.056 1.2360951162799581e-06
77350.056 1.2089193246598547e-06
77400.056 1.2290699920896997e-06
77450.056 1.124488213840066e-06
77500.056 1.2688985969499123e-06
77550.056 1.2870618755895872e-06
77600.056 1.2251700218902432e-06
77650.056 1.1513186753596057e-06
77700.056 1.3132405520298265e-06
77750.056 1.2066961828995563e-06
77800.056 1.3187187339402858e-06
77850.056 1.335363655749735e-06
77900.056 1.3313759579499409e-06
77950.056 1.247698689570213e-06
78000.056 1.2864105062395446e-06
78050.056 1.1139232247298381e-06
78100.056 1.1786227403401273e-06
78150.056 1.2859061691903229e-06
78200.056 1.3118210417601442e-06
78250.056 1.363844731299792e-06
78300.056 1.2998444069498153e-06
78350.056 1.1870386471801933e-06
78400.056 1.331785420700162e-06
78450.056 1.3875313021997212e-06
78500.056 1.4107474149198612e-06
78550.056 1.2067544724800778e-06
78600.056 1.245354031980051e-06
78650.056 1.1184888307097275e-06
78700.056 1.2601722428199174e-06
78750.056 1.2138534354001192e-06
78800.056 1.156702228230323e-06
78850.056 1.0971860030398239e-06
78900.056 1.1733405338600358e-06
78950.056 1.0071645735599053e-06
79000.056 1.2164688612003321e-06
79050.056 1.1873251102697398e-06
79100.056 1.1736273191197967e-06
79150.056 1.1972240500701944e-06
79200.056 1.3315726260996336e-06
79250.056 1.1506300806901316e-06
79300.056 1.2476366845101038e-06
79350.056 1.3102682375802708e-06
79400.056 1.3206672758399362e-06
79450.056 1.1304787171497057e-06
79500.056 1.355086854559997e-06
79550.056 1.1312818207303052e-06
79600.056 1.0949058236397847e-06
79650.056 1.1323208916700838e-06
79700.056 1.1480626604197895e-06
79750.056 1.2681649633201425e-06
79800.056 1.0965203822501594e-06
79850.056 1.132078733920355e-06
79900.056 1.1561082161599929e-06
79950.056 1.2696968796096237e-06
