# %ECSV 1.0
# ---
# datatype:
# - {name: wav, unit: Angstrom, datatype: float64}
# - {name: flux_nu, unit: erg / (cm2 Hz s), datatype: float64}
# meta: {C/O: '1.00', Kzz: '1.0000E+05', Teff: '650.', Y: '0.28', '[Fe/H]': '0.50', f_hole: '1.00', f_rain: '0.00', grav: '100.'}
# schema: astropy-2.0
wav flux_nu
4000.0559999999996 nan
4050.0559999999996 2.961274775179207e-15
4100.056 3.831539826200077e-13
4150.056 3.301030922200057e-12
4200.056 2.932025805332281e-12
4250.056 1.6310511559100327e-11
4300.056 2.7751813913000692e-11
4350.056 3.699222115900087e-11
4400.056 4.727468904300046e-11
4450.056 6.338778387699978e-11
4500.056 6.785438366500115e-11
4550.056 6.803728361791495e-11
4600.056 3.352526674171983e-11
4650.056 2.1136941095999654e-11
4700.056 1.0863147094999917e-11
4750.056 2.5511453346999547e-12
4800.056 5.686560800899934e-13
4850.056 1.7671445704999832e-13
4900.056 8.549976328799949e-14
4950.056 4.722239677099969e-14
5000.056 2.253727200899979e-14
5050.056 1.2055809731600009e-14
5100.056 1.1136944074500054e-14
5150.056 1.1082309638000096e-14
5200.056 1.1152612728000023e-14
5250.056 1.1211277187999999e-14
5300.056 1.1392632051999995e-14
5350.056 1.1778715738000011e-14
5400.056 1.2278507458899987e-14
5450.056 1.2927527227000046e-14
5500.056 1.367460012100014e-14
5550.056 1.446168830400005e-14
5600.056 1.5202468503999974e-14
5650.056 1.5750210121999973e-14
5700.056 1.581322901700002e-14
5750.056 1.528771455999999e-14
5800.056 1.3642462048999981e-14
5850.056 9.89334541939986e-15
5900.056 3.4038804555240446e-15
5950.056 1.8780810238500665e-14
6000.056 3.789908385699932e-14
6050.056 6.660343460600156e-14
6100.056 1.0755977673700119e-13
6150.056 1.6482926538000138e-13
6200.056 2.4664146394000157e-13
6250.056 3.5916190293000125e-13
6300.056 5.262163144700021e-13
6350.056 7.620533213600057e-13
6400.056 1.0925752225600093e-12
6450.056 1.5095265747499614e-12
6500.056 2.164942942279984e-12
6550.056 3.1032764017400015e-12
6600.056 4.424880347400124e-12
6650.056 6.236267117900048e-12
6700.056 8.067694552940087e-12
6750.056 1.1510682478500055e-11
6800.056 1.4309544634000088e-11
6850.056 1.549132994000001e-11
6900.056 1.3783819365400296e-11
6950.056 1.1574225921399812e-11
7000.056 1.1556578007200196e-11
7050.056 1.2209060062999723e-11
7100.056 1.3191953463199807e-11
7150.056 1.2480937832270707e-11
7200.056 1.1743707220984781e-11
7250.056 1.157962855700225e-11
7300.056 1.090960418002176e-11
7350.056 1.051363667655558e-11
7400.056 1.0249924926000486e-11
7450.056 1.0016849265800454e-11
7500.056 9.633913391799846e-12
7550.056 9.05818690989992e-12
7600.056 8.299757917999971e-12
7650.056 3.1561264692848914e-12
7700.056 2.4565035212180906e-12
7750.056 9.298601036800107e-12
7800.056 1.3375077884619894e-11
7850.056 2.065366553159997e-11
7900.056 2.8659047631599424e-11
7950.056 3.3771734752280154e-11
8000.056 5.2915554288000613e-11
8050.056 7.02683748320022e-11
8100.056 8.268289051799107e-11
8150.056 1.0286185011815978e-10
8200.056 1.4564336508687606e-10
8250.056 1.7976347004511516e-10
8300.056 2.2997098457086046e-10
8350.056 2.7275672361287616e-10
8400.056 3.349173966876037e-10
8450.056 4.292189263929816e-10
8500.056 4.873569861879587e-10
8550.056 6.420480550300079e-10
8600.056 8.091278064800117e-10
8650.056 9.67903909770023e-10
8700.056 1.108334934790015e-09
8750.056 1.29608138660001e-09
8800.056 1.4478494292600496e-09
8850.056 1.4056381229999566e-09
8900.056 7.14514893007824e-10
8950.056 8.275578463175629e-10
9000.056 7.554330244642436e-10
9050.056 1.6363354911075824e-09
9100.056 1.9956566696825297e-09
9150.056 2.194780526772823e-09
9200.056 2.9550721151577316e-09
9250.056 2.9677778003142496e-09
9300.056 1.0772817447658624e-09
9350.056 1.259716488189833e-09
9400.056 1.903078831235808e-09
9450.056 2.391478076285812e-09
9500.056 2.1784711899329036e-09
9550.056 2.5487801252079085e-09
9600.056 2.4427628517462647e-09
9650.056 3.0014629867068356e-09
9700.056 3.976656094353085e-09
9750.056 4.069435027025666e-09
9800.056 4.546367836236735e-09
9850.056 5.1143571314781944e-09
9900.056 6.482386161059451e-09
9950.056 6.423431062480986e-09
10000.056 7.520311679018281e-09
10050.056 8.932308577770505e-09
10100.056 1.1356096584098533e-08
10150.056 1.3324878132998997e-08
10200.056 1.5554505767201072e-08
10250.056 1.7975316348855335e-08
10300.056 2.174149647249808e-08
10350.056 2.4982281633699966e-08
10400.056 3.121681546879999e-08
10450.056 3.580544343649423e-08
10500.056 4.048295430640049e-08
10550.056 4.5757942941001307e-08
10600.056 4.8426550776497254e-08
10650.056 5.16340624916019e-08
10700.056 5.174536909371202e-08
10750.056 5.413397142734121e-08
10800.056 5.371834841957346e-08
10850.056 4.892532907251876e-08
10900.056 3.412942639209928e-08
10950.056 1.6943587422598446e-08
11000.056 1.2886691994195395e-08
11050.056 8.772600416094348e-09
11100.056 5.6055885914183836e-09
11150.056 2.6742977637994785e-09
11200.056 1.9378220033637697e-09
11250.056 2.3221657316207527e-09
11300.056 3.0815233663364467e-09
11350.056 1.1579605533161863e-09
11400.056 2.4817475896174793e-09
11450.056 1.9688156905618776e-09
11500.056 1.2432659152365762e-09
11550.056 3.113326088814526e-10
11600.056 3.645943387356987e-10
11650.056 1.0180478355257949e-09
11700.056 1.0955930847612355e-09
11750.056 1.799751910156852e-10
11800.056 1.2147987102534426e-09
11850.056 2.3952151045921015e-09
11900.056 2.921601866309285e-09
11950.056 4.844633014466279e-09
12000.056 7.97962658294235e-09
12050.056 1.2692043986747483e-08
12100.056 1.952364538358316e-08
12150.056 2.843822457631326e-08
12200.056 3.633778748090134e-08
12250.056 4.8977380332321615e-08
12300.056 6.433226090979217e-08
12350.056 6.860905586898054e-08
12400.056 8.818099616559489e-08
12450.056 1.0089787280221062e-07
12500.056 1.0998018033800526e-07
12550.056 1.2381499945530853e-07
12600.056 1.416973511776089e-07
12650.056 1.365011324096964e-07
12700.056 1.355255938667584e-07
12750.056 1.225289813395677e-07
12800.056 1.1371981814946443e-07
12850.056 8.569893616883546e-08
12900.056 6.673541682579571e-08
12950.056 6.069915326392733e-08
13000.056 5.3058665207298656e-08
13050.056 3.9564984616269824e-08
13100.056 3.4129184037500054e-08
13150.056 2.431824110055649e-08
13200.056 1.972958741645472e-08
13250.056 1.3727876664665611e-08
13300.056 5.3442124935698905e-09
13350.056 1.4634918740302573e-09
13400.056 1.050432410404018e-09
13450.056 4.4233447210320904e-10
13500.056 2.433991504293747e-10
13550.056 1.3939744840986875e-10
13600.056 4.064513798086732e-11
13650.056 1.743385790866762e-10
13700.056 1.2600996142371082e-10
13750.056 1.2913821154633787e-10
13800.056 1.2169158630149538e-10
13850.056 9.009093998412447e-11
13900.056 1.0876925603901237e-10
13950.056 8.394630714181218e-11
14000.056 9.237698758407511e-11
14050.056 1.3595492470244315e-10
14100.056 1.5841947301492713e-10
14150.056 2.5787097600269346e-10
14200.056 1.9143174970010559e-10
14250.056 2.5589967764675505e-10
14300.056 4.741867315100087e-10
14350.056 5.370424380188209e-10
14400.056 6.378347068832922e-10
14450.056 8.053485557559209e-10
14500.056 1.605992525732278e-09
14550.056 1.949491318974245e-09
14600.056 2.6062189744802897e-09
14650.056 2.503035102119975e-09
14700.056 1.7795713626333445e-09
14750.056 1.8774176499188147e-09
14800.056 3.0700330618188593e-09
14850.056 3.6230182960892576e-09
14900.056 4.032663916236094e-09
14950.056 4.388419529189771e-09
15000.056 6.23457936051446e-09
15050.056 6.29932523875791e-09
15100.056 6.7620608201738134e-09
15150.056 7.452210365596459e-09
15200.056 8.903979031712136e-09
15250.056 1.3957927234814821e-08
15300.056 1.701452283557467e-08
15350.056 2.0254744841378777e-08
15400.056 2.4655085897076572e-08
15450.056 2.9153413141439572e-08
15500.056 3.1766478945631534e-08
15550.056 3.916653329526932e-08
15600.056 4.2791853012660244e-08
15650.056 4.91410736793811e-08
15700.056 6.022182959701744e-08
15750.056 6.654264864269294e-08
15800.056 6.575757294360975e-08
15850.056 7.04825037698076e-08
15900.056 5.923122099880218e-08
15950.056 5.0956900242489054e-08
16000.056 3.403382230690508e-08
16050.056 1.742764527705879e-08
16100.056 1.0590806209508954e-08
16150.056 5.821385438354048e-09
16200.056 3.2810874670612816e-09
16250.056 2.395395415514848e-09
16300.056 1.6146690083701482e-09
16350.056 1.8272120003588185e-09
16400.056 2.3351047435971342e-09
16450.056 2.2477887385316667e-09
16500.056 2.1937353861617267e-09
16550.056 2.2981714285121185e-09
16600.056 2.4369470935445033e-09
16650.056 1.9509955816268233e-09
16700.056 3.897315185785192e-10
16750.056 8.421730529761499e-10
16800.056 1.5732744729014575e-09
16850.056 1.8916555245687158e-09
16900.056 1.1626254287723559e-09
16950.056 7.507244819652947e-10
17000.056 4.790449803942082e-10
17050.056 9.043787308280353e-10
17100.056 1.405516800614611e-09
17150.056 8.24492667785368e-10
17200.056 2.1084873587369935e-09
17250.056 1.6665472218244259e-09
17300.056 1.0176654210197995e-09
17350.056 9.805519789457968e-10
17400.056 1.4178016570286564e-09
17450.056 1.974247751464297e-09
17500.056 2.584390584159546e-09
17550.056 2.467211546804144e-09
17600.056 1.9272467179255355e-09
17650.056 1.9372341751482788e-09
17700.056 1.374138515705428e-09
17750.056 1.4748152982654273e-09
17800.056 2.949061518727896e-09
17850.056 1.7188081706691954e-09
17900.056 1.3166068866813084e-09
17950.056 1.1182177077203043e-09
18000.056 1.5438583918112405e-09
18050.056 1.6395695565649502e-09
18100.056 2.0101194100587403e-09
18150.056 2.282149678140054e-09
18200.056 1.514658674077779e-09
18250.056 3.761513074318307e-09
18300.056 1.7961234756646176e-09
18350.056 1.3751470323378988e-09
18400.056 1.3146447349747993e-09
18450.056 2.4942783562216875e-09
18500.056 2.643231411325878e-09
18550.056 1.9258802992517598e-09
18600.056 2.0173270163828588e-09
18650.056 1.797691791970039e-09
18700.056 1.1275186018188662e-09
18750.056 2.0976491906136183e-09
18800.056 4.7254864294005075e-09
18850.056 5.282547728168135e-09
18900.056 4.767032169441822e-09
18950.056 7.813178551971896e-09
19000.056 4.031413315677556e-09
19050.056 2.699632227635481e-09
19100.056 5.405208382307786e-09
19150.056 3.249624041210809e-09
19200.056 4.670367581907352e-09
19250.056 3.29653517987002e-09
19300.056 2.602026189744217e-09
19350.056 2.206058010939263e-09
19400.056 1.8516633046441741e-09
19450.056 3.6345061940111194e-09
19500.056 3.246401653400919e-09
19550.056 2.321477511076183e-09
19600.056 4.277139998727931e-09
19650.056 4.388432315157529e-09
19700.056 4.624744234725518e-09
19750.056 6.866313865481969e-09
19800.056 6.040965603038488e-09
19850.056 8.797104303000629e-09
19900.056 7.465178789859808e-09
19950.056 1.2385215689055898e-08
20000.056 1.3067978604824382e-08
20050.056 1.273860223887001e-08
20100.056 1.8405835731821355e-08
20150.056 1.4093211902630001e-08
20200.056 1.5112630059012457e-08
20250.056 2.222234758366261e-08
20300.056 2.3525934742059036e-08
20350.056 2.7870754075516322e-08
20400.056 2.5048492447885e-08
20450.056 3.473176957228652e-08
20500.056 4.0449646724865916e-08
20550.056 4.029947877453362e-08
20600.056 4.5817135915078756e-08
20650.056 4.908103467345103e-08
20700.056 5.1604823857410905e-08
20750.056 5.6153651076595514e-08
20800.056 5.555123038171471e-08
20850.056 5.440647132500704e-08
20900.056 5.696016624142163e-08
20950.056 5.2116126651396734e-08
21000.056 4.8149345892551833e-08
21050.056 4.7704156516890486e-08
21100.056 4.1933901102956856e-08
21150.056 4.176998156458024e-08
21200.056 3.627438725357487e-08
21250.056 3.189467004743352e-08
21300.056 2.393458345731046e-08
21350.056 2.4196694597016145e-08
21400.056 2.155530567991057e-08
21450.056 1.777281728787603e-08
21500.056 1.548269918543501e-08
21550.056 1.3538772356613126e-08
21600.056 1.0715403990405863e-08
21650.056 8.367076892443973e-09
21700.056 8.055806199900097e-09
21750.056 7.3252341145869955e-09
21800.056 5.766333232394961e-09
21850.056 5.261049092847242e-09
21900.056 3.376489110023826e-09
21950.056 1.5373549278793092e-09
22000.056 4.4346003913442307e-10
22050.056 3.194438868122468e-10
22100.056 8.196647998405278e-10
22150.056 1.1956776323140187e-09
22200.056 1.3746843573054772e-09
22250.056 1.0353746050290047e-09
22300.056 7.168962265256454e-10
22350.056 7.711177632888174e-10
22400.056 4.2758599280577647e-10
22450.056 4.381966436914171e-10
22500.056 3.6104591554490193e-10
22550.056 2.737657148583272e-10
22600.056 2.578313601954162e-10
22650.056 3.604235653142129e-10
22700.056 2.817796539875211e-10
22750.056 2.897332347331487e-10
22800.056 2.7696655539972586e-10
22850.056 2.3019280407052084e-10
22900.056 1.7557610568481828e-10
22950.056 1.6947704235013625e-10
23000.056 2.4232807859235693e-10
23050.056 3.1680600182734737e-10
23100.056 8.555227308711742e-10
23150.056 1.0034814007451652e-09
23200.056 1.1549858200232532e-10
23250.056 1.9307922566256255e-10
23300.056 1.9931710443646909e-10
23350.056 2.3749598851475635e-10
23400.056 2.5953048033626965e-10
23450.056 2.0772028637847515e-10
23500.056 2.23828148950003e-10
23550.056 3.317880084515981e-10
23600.056 4.150395374698622e-10
23650.056 6.667994144992242e-10
23700.056 2.713299047275558e-10
23750.056 2.0173506686791603e-10
23800.056 3.9504097273356825e-10
23850.056 3.872540401809638e-10
23900.056 6.926708611231644e-10
23950.056 6.573554982369772e-10
24000.056 8.677630233953532e-10
24050.056 1.1910138595521469e-09
24100.056 1.123033297685979e-09
24150.056 1.4400294007189896e-09
24200.056 1.2199693818442788e-09
24250.056 9.842684133213048e-10
24300.056 1.3909615034689634e-09
24350.056 1.1915299188161825e-09
24400.056 1.9743996214202092e-09
24450.056 2.1023774542083326e-09
24500.056 2.087983402347417e-09
24550.056 2.840087505286289e-09
24600.056 2.862617108247903e-09
24650.056 4.032560802583846e-09
24700.056 2.6462051585449844e-09
24750.056 3.3457653336752472e-09
24800.056 3.365925909168705e-09
24850.056 4.826376125192947e-09
24900.056 2.7513030892917383e-09
24950.056 5.1985058676772356e-09
25000.056 4.840161832092471e-09
25050.056 3.42961891591608e-09
25100.056 4.9757973343996045e-09
25150.056 2.885515732991327e-09
25200.056 4.122842091070227e-09
25250.056 2.3139271455815105e-09
25300.056 3.6922965144129123e-09
25350.056 1.884640349598495e-09
25400.056 4.044053131728585e-09
25450.056 1.7483557631817555e-09
25500.056 1.6877024381819616e-09
25550.056 2.3500419959168116e-09
25600.056 1.5461191041358952e-09
25650.056 1.0623960516182086e-09
25700.056 1.906506835757349e-09
25750.056 6.846610060054402e-10
25800.056 2.13656865627021e-09
25850.056 7.337622812702224e-10
25900.056 1.0186634901254342e-09
25950.056 4.680632494344365e-10
26000.056 2.2350135950532275e-09
26050.056 7.412380886472982e-10
26100.056 1.8205757442992594e-09
26150.056 1.1847605114924813e-09
26200.056 1.4975367281310064e-09
26250.056 3.770146426299789e-09
26300.056 1.7499685611728802e-09
26350.056 4.8530688737048855e-09
26400.056 5.258654358642025e-09
26450.056 5.435152429656466e-09
26500.056 6.951676328168849e-09
26550.056 2.33138904666455e-09
26600.056 3.3085091872687084e-09
26650.056 1.008580635608796e-09
26700.056 8.348676820680559e-10
26750.056 6.622195822832534e-10
26800.056 1.4316294971605328e-09
26850.056 7.951497380737815e-10
26900.056 2.501146703890184e-09
26950.056 1.117485160748836e-09
27000.056 4.022478430354047e-09
27050.056 3.375459489702386e-09
27100.056 1.4369653112054996e-09
27150.056 5.028017257659735e-09
27200.056 1.486440687607903e-09
27250.056 2.6766810712788067e-09
27300.056 9.0815180348948e-09
27350.056 5.050007578354206e-09
27400.056 7.238835407082645e-10
27450.056 6.4124854279723745e-09
27500.056 6.545329879821662e-09
27550.056 1.8617181412737294e-09
27600.056 4.071478202854197e-09
27650.056 1.5366170477910558e-09
27700.056 1.2035483257557922e-09
27750.056 4.7825141426325136e-09
27800.056 1.6195618454853772e-09
27850.056 2.3543036175289783e-09
27900.056 2.4218269713262535e-09
27950.056 5.54205304496237e-09
28000.056 4.362270845413043e-09
28050.056 9.613612183770995e-10
28100.056 4.958863781819604e-09
28150.056 3.2712390932723412e-09
28200.056 1.3149640892341534e-09
28250.056 5.792848339498097e-09
28300.056 6.858864252894602e-09
28350.056 1.8724995681582276e-09
28400.056 4.259575311320705e-09
28450.056 6.420106959857304e-09
28500.056 4.5020719053449145e-09
28550.056 1.4105663146424452e-09
28600.056 7.176931090969021e-09
28650.056 5.834265847520185e-09
28700.056 5.672022152847393e-09
28750.056 9.106055948708357e-09
28800.056 5.759898868497192e-09
28850.056 7.937406713156621e-09
28900.056 3.997984075195264e-09
28950.056 9.171822714473013e-09
29000.056 6.930532246201082e-09
29050.056 8.365099793428802e-09
29100.056 5.895374051207244e-09
29150.056 9.453579480459135e-09
29200.056 7.60154794047712e-09
29250.056 1.2331314860299e-08
29300.056 5.49213897919396e-09
29350.056 1.8287472928362763e-08
29400.056 8.376058227684612e-09
29450.056 9.304165352316887e-09
29500.056 1.1891943677068206e-08
29550.056 8.733353093861492e-09
29600.056 1.1558339471213483e-08
29650.056 1.4364898216035158e-08
29700.056 7.637322539804668e-09
29750.056 1.3171870205578501e-08
29800.056 1.299280988727155e-08
29850.056 1.533286790982039e-08
29900.056 1.3546538410184604e-08
29950.056 1.2258615372879918e-08
30000.056 1.7110773281974973e-09
30050.056 3.615469547992736e-09
30100.056 5.359825635474679e-09
30150.056 1.1063498336134463e-08
30200.056 8.447684182495074e-09
30250.056 1.7839968457000284e-08
30300.056 1.7815837392571058e-08
30350.056 1.1700188000048535e-08
30400.056 1.8677983484247682e-08
30450.056 1.1505249997909058e-08
30500.056 1.1084978651824915e-08
30550.056 1.0968841212372957e-08
30600.056 1.5950969532402984e-08
30650.056 1.0667278966256497e-08
30700.056 9.2193333302529e-09
30750.056 1.3037423942392277e-08
30800.056 9.130633238243976e-09
30850.056 9.804014616846325e-09
30900.056 6.269357599637317e-09
30950.056 7.406254810123451e-09
31000.056 6.2175882989694985e-09
31050.056 6.105876844100579e-09
31100.056 4.573171605697604e-09
31150.056 6.971129834405752e-09
31200.056 7.573845517265626e-09
31250.056 5.373525501611374e-09
31300.056 4.25444284001747e-09
31350.056 5.381809628877119e-09
31400.056 3.99910350221411e-09
31450.056 4.2204173568506575e-09
31500.056 2.843724878823157e-09
31550.056 3.4819221507242266e-09
31600.056 2.2713494710537255e-09
31650.056 2.3219756298275883e-09
31700.056 2.5022584666098602e-09
31750.056 1.6060079710263109e-09
31800.056 2.5612018633394284e-09
31850.056 1.2700764661904882e-09
31900.056 1.7864353154078974e-09
31950.056 1.1425993378557892e-09
32000.056 1.4652398686541788e-09
32050.056 1.7094770160338316e-09
32100.056 1.6055989364356522e-09
32150.056 1.839217085855491e-09
32200.056 1.2678436501668075e-09
32250.056 2.241680617721636e-09
32300.056 1.2572907741979658e-09
32350.056 2.166756578079556e-09
32400.056 1.1495901293310697e-09
32450.056 1.9640028074042594e-09
32500.056 1.3337400731666257e-09
32550.056 1.572472826234207e-09
32600.056 1.8399604159246796e-09
32650.056 3.499860075515976e-09
32700.056 2.3110525517437015e-09
32750.056 4.0545007633749996e-09
32800.056 3.4072529399504346e-09
32850.056 4.633145627473511e-09
32900.056 4.74378693794543e-09
32950.056 5.355451574080744e-09
33000.056 3.941010568483314e-09
33050.056 4.293037651002349e-09
33100.056 1.488914968257232e-09
33150.056 5.919104767730856e-11
33200.056 1.4209919646372418e-10
33250.056 8.312663313619355e-11
33300.056 1.707278731517301e-10
33350.056 4.714223434582139e-10
33400.056 9.67449724878813e-10
33450.056 1.3839294362333193e-09
33500.056 2.9435529067526673e-09
33550.056 1.6475147035738223e-09
33600.056 3.4621509454773395e-09
33650.056 3.2268499369946204e-09
33700.056 2.47328683311459e-09
33750.056 4.319425990269241e-09
33800.056 2.219309951967273e-09
33850.056 3.3808196740134165e-09
33900.056 2.8230453127844985e-09
33950.056 2.749812185852781e-09
34000.056 4.23255265776629e-09
34050.056 1.46014041399136e-09
34100.056 3.9659065880373865e-09
34150.056 2.6310582157234255e-09
34200.056 3.5255401485330674e-09
34250.056 3.0589785606134635e-09
34300.056 2.74220566178157e-09
34350.056 2.78242490011768e-09
34400.056 1.8978686171132206e-09
34450.056 3.343791822226556e-09
34500.056 2.8288249983937506e-09
34550.056 1.8048428476402918e-09
34600.056 4.306794803060514e-09
34650.056 2.1803722328102516e-09
34700.056 3.814245369297459e-09
34750.056 3.173267915244571e-09
34800.056 2.8003790135622663e-09
34850.056 3.943608336285622e-09
34900.056 3.4557948922452637e-09
34950.056 4.478370054978178e-09
35000.056 7.710214528396824e-09
35050.056 3.759283577248247e-09
35100.056 6.232645216285565e-09
35150.056 5.147221903898429e-09
35200.056 5.847276661297053e-09
35250.056 8.337532280012954e-09
35300.056 5.515452664961111e-09
35350.056 5.919581728639734e-09
35400.056 6.7397334522812935e-09
35450.056 4.519620181820213e-09
35500.056 1.1129762439276403e-08
35550.056 9.341303501484147e-09
35600.056 7.662491072156507e-09
35650.056 8.583970851371666e-09
35700.056 8.09565455553053e-09
35750.056 1.1491600324725508e-08
35800.056 1.440949981006661e-08
35850.056 7.229808157363005e-09
35900.056 9.816890387187266e-09
35950.056 9.913340253541042e-09
36000.056 1.0115017911971609e-08
36050.056 8.310006779703691e-09
36100.056 8.742115035598538e-09
36150.056 1.086588495548422e-08
36200.056 1.1779904168783085e-08
36250.056 1.0443251731470975e-08
36300.056 1.4731635342948255e-08
36350.056 1.2255946034856309e-08
36400.056 1.3258081958470853e-08
36450.056 1.647272535416032e-08
36500.056 1.8468737275450522e-08
36550.056 1.7986012769004957e-08
36600.056 2.215495263049481e-08
36650.056 2.0121088555779957e-08
36700.056 2.1942867264628945e-08
36750.056 2.4516262164810384e-08
36800.056 2.440299764719993e-08
36850.056 2.0218349977046362e-08
36900.056 2.6141850466189956e-08
36950.056 2.7248955925034336e-08
37000.056 2.3336107909963947e-08
37050.056 2.5861110391766067e-08
37100.056 2.840541351345189e-08
37150.056 2.2505498199324715e-08
37200.056 2.970943304209009e-08
37250.056 2.776076249335573e-08
37300.056 2.381833384289269e-08
37350.056 2.8113964264232508e-08
37400.056 4.246192903808395e-08
37450.056 2.733955093380902e-08
37500.056 2.8546668970386628e-08
37550.056 3.715605906045471e-08
37600.056 4.392178906004757e-08
37650.056 2.593902040579962e-08
37700.056 4.511330585410432e-08
37750.056 3.0589355124210626e-08
37800.056 3.2621754811447386e-08
37850.056 2.073749489021473e-08
37900.056 2.6681137599133806e-08
37950.056 3.715691996205866e-08
38000.056 4.2771531975820376e-08
38050.056 4.3069847749958116e-08
38100.056 4.48510889165979e-08
38150.056 5.164976015669943e-08
38200.056 5.4432369699617175e-08
38250.056 4.9986457836597824e-08
38300.056 6.989330485478487e-08
38350.056 6.948229064691822e-08
38400.056 3.892127571089808e-08
38450.056 3.7611819688460404e-08
38500.056 2.4676657972727015e-08
38550.056 4.3749172411617804e-08
38600.056 4.516899149535259e-08
38650.056 4.3627797584288763e-08
38700.056 4.370599312852105e-08
38750.056 4.9467648683728876e-08
38800.056 4.470621531632303e-08
38850.056 4.782462813208709e-08
38900.056 6.495228457837944e-08
38950.056 4.813440019630788e-08
39000.056 5.8691776253135176e-08
39050.056 4.848601411960787e-08
39100.056 5.7746820872895646e-08
39150.056 5.945472583403686e-08
39200.056 5.877003615777075e-08
39250.056 7.174245890869119e-08
39300.056 5.4189413815669824e-08
39350.056 8.326226937740448e-08
39400.056 6.085125251737064e-08
39450.056 7.068987207567984e-08
39500.056 7.26638975278476e-08
39550.056 6.65102428890107e-08
39600.056 7.676531341589311e-08
39650.056 8.153291864518228e-08
39700.056 8.059885689941618e-08
39750.056 6.200895106226231e-08
39800.056 7.245486604149134e-08
39850.056 9.85314936010048e-08
39900.056 9.834026227600791e-08
39950.056 7.635225969587765e-08
40000.056 1.1217986575723114e-07
40050.056 9.492297471399379e-08
40100.056 6.964359287331716e-08
40150.056 9.804474817954781e-08
40200.056 1.0359492722615612e-07
40250.056 1.0633112516335712e-07
40300.056 1.0293709663651532e-07
40350.056 1.0067349504438296e-07
40400.056 1.23219407298079e-07
40450.056 9.590859523445353e-08
40500.056 1.2621275248497358e-07
40550.056 1.2391581933527453e-07
40600.056 1.1803909670201796e-07
40650.056 9.630433644712842e-08
40700.056 1.4686340357198972e-07
40750.056 1.1566170141498728e-07
40800.056 9.086511099214187e-08
40850.056 1.6237530991005064e-07
40900.056 1.4635582914221697e-07
40950.056 1.3245415992180814e-07
41000.056 1.3040086360929622e-07
41050.056 1.7230024299595635e-07
41100.056 1.4463737814601048e-07
41150.056 9.654758810302493e-08
41200.056 1.72857737308891e-07
41250.056 1.3511775891347604e-07
41300.056 1.2805068584796453e-07
41350.056 1.8358381644701476e-07
41400.056 1.6290271448402423e-07
41450.056 1.8228218586599174e-07
41500.056 1.396899622839264e-07
41550.056 1.3857216531903302e-07
41600.056 1.6653270885026716e-07
41650.056 1.7725106742929232e-07
41700.056 1.6326187309292564e-07
41750.056 1.6526290162898104e-07
41800.056 1.9201292167302037e-07
41850.056 1.4693892553599118e-07
41900.056 1.5742382959472188e-07
41950.056 1.5226312484003446e-07
42000.056 1.4616138689881488e-07
42050.056 1.3940809021351759e-07
42100.056 1.863370011767773e-07
42150.056 1.5005355039240327e-07
42200.056 1.39812961555109e-07
42250.056 1.4057052117597658e-07
42300.056 1.4137512675062772e-07
42350.056 1.755471916740265e-07
42400.056 1.7388333424404718e-07
42450.056 1.579942063970484e-07
42500.056 1.5035037431598238e-07
42550.056 1.4439595027697085e-07
42600.056 1.5437536402523753e-07
42650.056 1.96813021731926e-07
42700.056 1.5664052196807005e-07
42750.056 1.5674625227199825e-07
42800.056 1.796968460500358e-07
42850.056 1.978514011569316e-07
42900.056 2.0904280752806627e-07
42950.056 1.7271689737695658e-07
43000.056 1.9063142765003137e-07
43050.056 1.292158784474449e-07
43100.056 1.6770136786795745e-07
43150.056 1.5770928434582145e-07
43200.056 2.0064470450600157e-07
43250.056 2.3626153063101315e-07
43300.056 2.323954968559998e-07
43350.056 1.5524212748996604e-07
43400.056 1.8821307003098304e-07
43450.056 1.59877887709829e-07
43500.056 1.5046640293161286e-07
43550.056 1.599179444376471e-07
43600.056 2.2478266385402897e-07
43650.056 1.6972901647830543e-07
43700.056 2.234775062820443e-07
43750.056 2.0853968198203165e-07
43800.056 1.957004147765744e-07
43850.056 1.7237171200901544e-07
43900.056 1.798111249239852e-07
43950.056 1.2745067426299645e-07
44000.056 1.2497170899639346e-07
44050.056 2.2372222965401238e-07
44100.056 2.6782842932601155e-07
44150.056 2.448013038529702e-07
44200.056 2.206383092169916e-07
44250.056 1.6112420160301395e-07
44300.056 1.3758443337412763e-07
44350.056 1.576595180022163e-07
44400.056 1.5416481064349284e-07
44450.056 2.0496583422795914e-07
44500.056 2.064848463700541e-07
44550.056 2.6006091661196754e-07
44600.056 2.172003615435194e-07
44650.056 2.1879170076274823e-07
44700.056 1.558889787940033e-07
44750.056 2.1580143251904235e-07
44800.056 1.7742681762182048e-07
44850.056 2.1522404851303326e-07
44900.056 1.8432905724081256e-07
44950.056 2.1178900978000733e-07
45000.056 2.243183462019929e-07
45050.056 2.1595593508299076e-07
45100.056 2.0531195466399736e-07
45150.056 2.102366414109607e-07
45200.056 1.7132636389301744e-07
45250.056 1.8888693654893116e-07
45300.056 1.626136961480351e-07
45350.056 1.6809753337761965e-07
45400.056 2.7055029571502245e-07
45450.056 2.3146418372499944e-07
45500.056 2.4428460593981364e-07
45550.056 2.6845714129391515e-07
45600.056 2.6261843171004483e-07
45650.056 2.0913808623088726e-07
45700.056 1.7409492794770514e-07
45750.056 1.682741083515005e-07
45800.056 2.753268503299961e-07
45850.056 2.6592531319699137e-07
45900.056 2.8499339875599734e-07
45950.056 2.3691311514798949e-07
46000.056 2.6885195494951173e-07
46050.056 2.2376761516701963e-07
46100.056 2.8329597801997407e-07
46150.056 2.1307362073500042e-07
46200.056 1.9702377520699498e-07
46250.056 1.2061382149088382e-07
46300.056 2.2726734671800696e-07
46350.056 2.216559155390284e-07
46400.056 2.0417731150500777e-07
46450.056 1.9247641743923784e-07
46500.056 2.1605168224305544e-07
46550.056 1.523775162654961e-07
46600.056 2.00167600193585e-07
46650.056 2.8283212733599413e-07
46700.056 2.0008791423396936e-07
46750.056 1.416104149090053e-07
46800.056 1.0584318662961279e-07
46850.056 2.866931391960574e-07
46900.056 2.5053183406198247e-07
46950.056 2.464021019149929e-07
47000.056 2.340286190010396e-07
47050.056 2.0638297492452094e-07
47100.056 1.4634133802472426e-07
47150.056 1.9003001358422672e-07
47200.056 2.288644518380031e-07
47250.056 1.66400347503987e-07
47300.056 1.215809271719931e-07
47350.056 2.635647567839767e-07
47400.056 2.295209960519785e-07
47450.056 2.2882080911388573e-07
47500.056 2.6541449365976623e-07
47550.056 2.3349281073000853e-07
47600.056 2.2674941394399562e-07
47650.056 2.1011159444925244e-07
47700.056 2.0239972890481677e-07
47750.056 1.5094541392920565e-07
47800.056 1.5055194195500949e-07
47850.056 1.0493127841581226e-07
47900.056 1.3954529160297326e-07
47950.056 1.979225493980259e-07
48000.056 2.7645449306005306e-07
48050.056 2.4913765658000135e-07
48100.056 1.353082856168161e-07
48150.056 2.017110412760106e-07
48200.056 1.6665658103320303e-07
48250.056 1.7765852270801454e-07
48300.056 2.472702027499306e-07
48350.056 1.5965781764801394e-07
48400.056 8.371366195227931e-08
48450.056 1.549744152841493e-07
48500.056 2.0695967723896077e-07
48550.056 1.8458689823140653e-07
48600.056 2.0111051640500258e-07
48650.056 2.247733487119763e-07
48700.056 1.8079337166449607e-07
48750.056 1.2309134181107364e-07
48800.056 2.479388068249902e-07
48850.056 1.4988691841697396e-07
48900.056 2.2376248999939114e-07
48950.056 1.4583861898201872e-07
49000.056 7.953559489462426e-08
49050.056 1.816563092229814e-07
49100.056 2.1450342968864553e-07
49150.056 1.6814907360036907e-07
49200.056 2.4049260628704605e-07
49250.056 2.277360631250369e-07
49300.056 1.9888777565700138e-07
49350.056 1.0543783462572018e-07
49400.056 1.4442310934797315e-07
49450.056 1.5573968822505064e-07
49500.056 1.2354287261688684e-07
49550.056 5.342139099650712e-08
49600.056 1.0611227427822635e-07
49650.056 1.5356934085599414e-07
49700.056 1.4952137393794895e-07
49750.056 1.7188013581297266e-07
49800.056 1.3522358203653164e-07
49850.056 2.166046986910608e-07
49900.056 1.704069354867759e-07
49950.056 1.704862362070071e-07
50000.056 1.4879194993597098e-07
50050.056 1.8116205580600485e-07
50100.056 1.4259166820500942e-07
50150.056 9.009403648998415e-08
50200.056 3.399615267170868e-08
50250.056 1.205340131769827e-07
50300.056 8.818038013161309e-08
50350.056 1.7864602280102243e-07
50400.056 1.5948279593758775e-07
50450.056 1.2442806858241114e-07
50500.056 1.656237357880235e-07
50550.056 1.5126821596901508e-07
50600.056 1.237921428939635e-07
50650.056 1.7930032625103853e-07
50700.056 1.859839494939267e-07
50750.056 1.368126080328195e-07
50800.056 7.264041046159349e-08
50850.056 5.869468874302417e-08
50900.056 1.7316404109999954e-07
50950.056 1.2923543936801462e-07
51000.056 1.3148447339890814e-07
51050.056 1.4246352095299222e-07
51100.056 7.034633337412289e-08
51150.056 9.761095023183301e-08
51200.056 1.9959177652998689e-07
51250.056 1.2421098562487195e-07
51300.056 1.0016784621624934e-07
51350.056 1.0407263665679218e-07
51400.056 5.3357880886501674e-08
51450.056 4.416612654777648e-08
51500.056 4.6534205946999095e-08
51550.056 1.2531776683160814e-07
51600.056 8.85373361959238e-08
51650.056 9.64890813429761e-08
51700.056 1.0876652472838657e-07
51750.056 7.544305886726354e-08
51800.056 1.1689953568498035e-07
51850.056 1.0581684176499282e-07
51900.056 1.5188298730900383e-07
51950.056 1.0705111363899046e-07
52000.056 2.7809704304792005e-08
52050.056 7.064913574691148e-08
52100.056 5.141147982299526e-08
52150.056 4.025198399330554e-08
52200.056 5.6711523222800504e-08
52250.056 7.80649633737225e-08
52300.056 1.139800213609939e-07
52350.056 6.635003556974194e-08
52400.056 5.275856113440546e-08
52450.056 1.1881392013400642e-07
52500.056 1.039612600706701e-07
52550.056 1.044254945779813e-07
52600.056 8.455520610020655e-08
52650.056 9.200529178571121e-08
52700.056 7.759123580229698e-08
52750.056 4.628063798499719e-08
52800.056 6.379028612861104e-08
52850.056 7.009233942777513e-08
52900.056 5.174632332412457e-08
52950.056 6.33385051906036e-08
53000.056 9.190640982501862e-08
53050.056 4.3167284171489235e-08
53100.056 7.877298950497414e-08
53150.056 1.016936446430118e-07
53200.056 4.77603252898799e-08
53250.056 9.579653148800554e-08
53300.056 1.1062976016196957e-07
53350.056 9.607191156439962e-08
53400.056 7.562067283298918e-08
53450.056 3.743673657799035e-08
53500.056 1.583312755708627e-08
53550.056 3.140420597779773e-08
53600.056 7.060789598840572e-08
53650.056 5.545132795581995e-08
53700.056 5.309669335409722e-08
53750.056 5.199688388185195e-08
53800.056 5.3109776671210836e-08
53850.056 7.764140706996987e-08
53900.056 6.391892063240046e-08
53950.056 8.412697289250064e-08
54000.056 5.96713031088989e-08
54050.056 7.958111891219913e-08
54100.056 2.7307518401096045e-08
54150.056 4.1081627659230424e-08
54200.056 1.3218224915106606e-08
54250.056 2.755142497640341e-08
54300.056 3.426597949371537e-08
54350.056 5.1541027345942546e-08
54400.056 5.741332519798172e-08
54450.056 5.258683192955971e-08
54500.056 5.383507429317387e-08
54550.056 4.4866098619902887e-08
54600.056 4.72107407410963e-08
54650.056 1.444857762141748e-08
54700.056 5.6597123689894065e-08
54750.056 5.252915850979331e-08
54800.056 3.057961421730126e-08
54850.056 3.833645142170676e-08
54900.056 4.971958427138468e-08
54950.056 7.214872460418967e-08
55000.056 3.7107914726293115e-08
55050.056 4.566368669598135e-08
55100.056 5.249871672441451e-08
55150.056 3.3861326381704405e-08
55200.056 3.460041584393727e-08
55250.056 4.1028337586847316e-08
55300.056 3.160966373272697e-08
55350.056 5.390518433608227e-08
55400.056 4.861786079990354e-08
55450.056 3.6807938247632525e-08
55500.056 1.740272798056317e-08
55550.056 2.348753420765583e-08
55600.056 3.788942845639983e-08
55650.056 2.623049264706883e-08
55700.056 3.433660392130694e-08
55750.056 2.8426986597095583e-08
55800.056 1.752467261454222e-08
55850.056 1.5261150670695876e-08
55900.056 3.701449892987137e-08
55950.056 5.625998201778004e-08
56000.056 2.61987473299136e-08
56050.056 2.862531165226576e-08
56100.056 4.1549855212510026e-08
56150.056 2.8393578555304117e-08
56200.056 2.4898896978419662e-08
56250.056 4.2724252652108346e-08
56300.056 3.628852781129072e-08
56350.056 2.91051235756039e-08
56400.056 1.4694570618636969e-08
56450.056 1.651912248480727e-08
56500.056 2.9611513968139317e-08
56550.056 1.3506439086000539e-08
56600.056 3.262978392604054e-08
56650.056 4.4730365383805536e-08
56700.056 3.7423090384600073e-08
56750.056 1.7737833734319655e-08
56800.056 2.3493973008303844e-08
56850.056 3.031224134000764e-08
56900.056 1.737560437729648e-08
56950.056 3.75257931179578e-08
57000.056 4.252623994870036e-08
57050.056 2.821121430118901e-08
57100.056 1.0111416224459298e-08
57150.056 2.3051023777583296e-08
57200.056 1.557658205390004e-08
57250.056 1.8737694190568136e-08
57300.056 2.6511553140725332e-08
57350.056 1.57873614809689e-08
57400.056 3.952211230342455e-08
57450.056 2.227078829834426e-08
57500.056 2.2368651887734708e-08
57550.056 2.955971970821962e-08
57600.056 2.1850499747215462e-08
57650.056 8.842399760281182e-09
57700.056 1.6190720943897573e-08
57750.056 2.8654988038642348e-08
57800.056 1.6286334648170584e-08
57850.056 4.3536693893613294e-08
57900.056 4.906175170470684e-08
57950.056 5.1030340087400814e-08
58000.056 2.1163653852788558e-08
58050.056 3.507091631609307e-08
58100.056 3.0250108583097856e-08
58150.056 2.638708559888185e-08
58200.056 9.872432862509994e-09
58250.056 1.3665404816225447e-08
58300.056 1.0806336906321755e-08
58350.056 1.7914101764185922e-08
58400.056 2.4593404891797673e-08
58450.056 3.303029727880788e-08
58500.056 3.463744283780166e-08
58550.056 3.0547208580697786e-08
58600.056 1.4820152742152615e-08
58650.056 2.4030093051557526e-08
58700.056 2.247873371555831e-08
58750.056 2.6525149034197032e-08
58800.056 4.763501022396785e-09
58850.056 1.8337309387201967e-08
58900.056 1.884004776775179e-08
58950.056 1.2594003081593222e-08
59000.056 2.463448353333199e-08
59050.056 2.0644114058095385e-08
59100.056 2.850655619456835e-08
59150.056 2.4827166375816314e-08
59200.056 2.829188496209879e-08
59250.056 3.459248939480723e-08
59300.056 3.2318256401200114e-08
59350.056 8.436462282459505e-09
59400.056 9.195233660166541e-09
59450.056 3.0782155480925465e-08
59500.056 1.6507914824775036e-08
59550.056 1.7892340898839813e-08
59600.056 3.68498845508022e-08
59650.056 2.2820630829461915e-08
59700.056 1.58619159854994e-08
59750.056 4.564149389958213e-08
59800.056 2.278999942499786e-08
59850.056 3.08773873715983e-08
59900.056 1.5268340223035584e-08
59950.056 2.1887197739218408e-08
60000.056 3.846698178774035e-08
60050.056 4.0291524712318116e-08
60100.056 4.2412669244988287e-08
60150.056 1.892550270108457e-08
60200.056 2.7739151659095603e-08
60250.056 3.642890703678451e-08
60300.056 3.52564473723013e-08
60350.056 2.3841249950210363e-08
60400.056 3.2630362617484826e-08
60450.056 9.767826608706516e-09
60500.056 4.746179704141822e-09
60550.056 2.164205600240208e-08
60600.056 3.091640467160442e-08
60650.056 2.5211036714870196e-08
60700.056 1.9439986762199272e-08
60750.056 1.120673842131527e-08
60800.056 2.5770293186293216e-08
60850.056 3.9518105500748316e-08
60900.056 3.508836261741909e-08
60950.056 2.2892797207248193e-08
61000.056 3.602057150338023e-08
61050.056 1.787114589149684e-08
61100.056 2.178745460390524e-08
61150.056 8.804641924621799e-09
61200.056 2.903892589930541e-08
61250.056 2.2952035564898912e-08
61300.056 1.9619991897608143e-08
61350.056 3.7991047449561556e-08
61400.056 1.5373376271809133e-08
61450.056 1.2459128911951488e-08
61500.056 1.0027098481759947e-08
61550.056 1.970659484029321e-08
61600.056 1.0326514925215017e-08
61650.056 1.2955723592893164e-08
61700.056 1.855419971983503e-08
61750.056 1.706908903374849e-08
61800.056 2.274628716714332e-08
61850.056 8.433005449438193e-09
61900.056 3.231495971621309e-08
61950.056 2.7857303327462315e-08
62000.056 2.195401117846276e-08
62050.056 3.446504563820099e-08
62100.056 2.0512843915454842e-08
62150.056 2.762252017803804e-08
62200.056 2.8941464688886526e-08
62250.056 2.8776744571547424e-08
62300.056 4.035363008668861e-08
62350.056 4.102639922130237e-08
62400.056 2.680554031500202e-08
62450.056 2.6795469665097755e-08
62500.056 3.864578985221449e-08
62550.056 4.243598257798676e-08
62600.056 3.0789290509411244e-08
62650.056 2.755601942280309e-08
62700.056 2.8794303246703504e-08
62750.056 4.081886841537117e-08
62800.056 3.799409418169165e-08
62850.056 3.115170077971609e-08
62900.056 4.028819880318065e-08
62950.056 4.910361938060707e-08
63000.056 2.5193940496949057e-08
63050.056 6.168068634101077e-08
63100.056 6.844199990998177e-08
63150.056 4.143217779749975e-08
63200.056 4.330704562730586e-08
63250.056 4.16751983395997e-08
63300.056 2.883708450109517e-08
63350.056 4.4470208151212395e-08
63400.056 2.063615001175308e-08
63450.056 1.2664037292264106e-08
63500.056 5.090411522440795e-08
63550.056 4.670206777168391e-08
63600.056 3.0170435568415695e-08
63650.056 3.2988361778700453e-08
63700.056 1.7755054613694677e-08
63750.056 3.091177615979479e-08
63800.056 4.046758422170802e-08
63850.056 3.356730951609854e-08
63900.056 2.198369947801412e-08
63950.056 2.5213118755716102e-08
64000.056 4.137087602227789e-08
64050.056 1.9286246610293866e-08
64100.056 8.213563633002354e-09
64150.056 1.071035801779839e-08
64200.056 9.691468352720933e-09
64250.056 2.9742559544603174e-08
64300.056 2.1882846892392315e-08
64350.056 1.545862171399539e-08
64400.056 2.8811522498302528e-08
64450.056 2.7032076564279944e-08
64500.056 1.7680407426100964e-08
64550.056 2.8584413637001466e-08
64600.056 2.0041389511704156e-08
64650.056 2.8764122360297198e-08
64700.056 1.0770163686398263e-08
64750.056 1.6664910792496812e-08
64800.056 1.1723211196601928e-08
64850.056 8.61926467930462e-09
64900.056 1.0294986259213573e-08
64950.056 8.537655842689381e-09
65000.056 1.2598173185407795e-08
65050.056 2.3804849524593655e-08
65100.056 1.860090117684239e-08
65150.056 2.0011519223597742e-08
65200.056 1.038882082025975e-08
65250.056 2.0128097091288252e-08
65300.056 2.325892127669821e-08
65350.056 3.8995400868304474e-08
65400.056 1.7989578734502465e-08
65450.056 2.081315050363607e-08
65500.056 2.8676990204699944e-08
65550.056 1.3646099411843927e-08
65600.056 2.7907806137057715e-08
65650.056 2.184291914971763e-08
65700.056 1.810015901730677e-08
65750.056 1.2662829075606451e-08
65800.056 2.055418588459715e-08
65850.056 3.7225871718991576e-08
65900.056 1.185653451580052e-08
65950.056 1.2445693996161651e-08
66000.056 1.4555937014623127e-08
66050.056 3.428035499221817e-08
66100.056 2.226091571201708e-08
66150.056 1.9152677312003768e-08
66200.056 2.058239345180613e-08
66250.056 1.378443801157725e-08
66300.056 1.0232023348962171e-08
66350.056 6.985187444201066e-09
66400.056 1.2270236333496918e-08
66450.056 2.729762477050506e-08
66500.056 3.93962957636228e-08
66550.056 3.3589446034995464e-08
66600.056 2.845213951960842e-08
66650.056 2.2386626509411104e-08
66700.056 1.912726358891226e-08
66750.056 3.0999267749690645e-08
66800.056 2.4307318816796557e-08
66850.056 1.5425440509283588e-08
66900.056 3.797743551072658e-08
66950.056 3.8829805124728935e-08
67000.056 4.7966352265023884e-08
67050.056 1.9538096712893984e-08
67100.056 2.0665437522802424e-08
67150.056 1.9566738688487628e-08
67200.056 3.196619117520293e-08
67250.056 2.9307425641906653e-08
67300.056 3.917920282850176e-08
67350.056 2.374561564866413e-08
67400.056 3.803237468459861e-08
67450.056 2.8849437957506683e-08
67500.056 1.7069964082593278e-08
67550.056 3.5505234250126e-08
67600.056 5.9530321548993344e-08
67650.056 4.626951295533715e-08
67700.056 2.9172305804476135e-08
67750.056 2.2775308105895407e-08
67800.056 2.6901895454877837e-08
67850.056 1.997768379140306e-08
67900.056 2.1671540087801645e-08
67950.056 2.120220225579642e-08
68000.056 3.977970850259504e-08
68050.056 2.652443566608738e-08
68100.056 3.464216149721721e-08
68150.056 3.287985828768835e-08
68200.056 3.0045292324698985e-08
68250.056 1.6665700617394026e-08
68300.056 3.650782810959466e-08
68350.056 3.2027026520987613e-08
68400.056 4.294746038778468e-08
68450.056 4.7806759290824096e-08
68500.056 3.402536292657701e-08
68550.056 1.6999379516601504e-08
68600.056 2.037411421830431e-08
68650.056 1.0553357905387083e-08
68700.056 2.2949306013308182e-08
68750.056 3.140765993100307e-08
68800.056 2.9345997877381608e-08
68850.056 2.1642735739187768e-08
68900.056 5.78345075647979e-08
68950.056 5.332989779902163e-08
69000.056 3.0895460774761926e-08
69050.056 1.9991141650498545e-08
69100.056 5.608424964499028e-08
69150.056 6.094960736703441e-08
69200.056 4.153210894571257e-08
69250.056 5.574689380078736e-08
69300.056 5.047890172420489e-08
69350.056 5.209989408549106e-08
69400.056 2.5894009415092655e-08
69450.056 4.719193811199604e-08
69500.056 3.815094411488932e-08
69550.056 3.484531454540649e-08
69600.056 1.0864942109742374e-08
69650.056 3.078695761801508e-08
69700.056 4.7105717441692964e-08
69750.056 3.0214616849207155e-08
69800.056 4.1062803571992034e-08
69850.056 4.545979414512959e-08
69900.056 4.0609432319489805e-08
69950.056 3.8256777400014983e-08
70000.056 3.257065585488863e-08
70050.056 5.970884280543747e-08
70100.056 3.6037315912813544e-08
70150.056 3.307858867940245e-08
70200.056 2.9783173248598477e-08
70250.056 3.359190219139165e-08
70300.056 4.775460286109336e-08
70350.056 4.664943086449117e-08
70400.056 2.982492042899608e-08
70450.056 1.1020890556303332e-08
70500.056 2.874001853860781e-08
70550.056 2.3027161629395213e-08
70600.056 2.3894952444001216e-08
70650.056 3.260298813600097e-08
70700.056 3.359113267240258e-08
70750.056 5.721144837104377e-08
70800.056 3.3864390121791754e-08
70850.056 2.770338135369509e-08
70900.056 4.843994270799444e-08
70950.056 4.652995865201328e-08
71000.056 3.565421882398308e-08
71050.056 4.303857076729925e-08
71100.056 2.7276743903709362e-08
71150.056 2.6036460855086447e-08
71200.056 3.198738266381123e-08
71250.056 4.568505765600738e-08
71300.056 4.065559370379701e-08
71350.056 5.203525207860694e-08
71400.056 4.5873726992970606e-08
71450.056 2.4022910743503502e-08
71500.056 2.7146254801587537e-08
71550.056 2.4112403539602422e-08
71600.056 3.5875475868998885e-08
71650.056 2.76554964047032e-08
71700.056 1.9778735176398985e-08
71750.056 3.035126241100326e-08
71800.056 4.3061931362604806e-08
71850.056 3.761371965258751e-08
71900.056 3.0144935124483494e-08
71950.056 3.780949312898233e-08
72000.056 3.379589249121884e-08
72050.056 2.2168606994999507e-08
72100.056 2.4251071075403213e-08
72150.056 3.526042555208952e-08
72200.056 2.7589579881804268e-08
72250.056 4.779808690502102e-08
72300.056 2.6485515308113102e-08
72350.056 3.6216263369593595e-08
72400.056 3.125600832401064e-08
72450.056 2.993211158097664e-08
72500.056 3.673395096191566e-08
72550.056 1.4985921799908333e-08
72600.056 3.131477441200298e-08
72650.056 3.660888655401458e-08
72700.056 2.3733424047893103e-08
72750.056 3.4869427588593825e-08
72800.056 1.9471300361407362e-08
72850.056 2.09036164374063e-08
72900.056 4.109199515200516e-08
72950.056 2.7145990784713147e-08
73000.056 2.728065832268112e-08
73050.056 1.796715492781023e-08
73100.056 2.527837124360934e-08
73150.056 4.2328322649688475e-08
73200.056 1.8658866548193436e-08
73250.056 2.637954498939339e-08
73300.056 1.6472911108697544e-08
73350.056 1.609572156099647e-08
73400.056 2.8426610947495633e-08
73450.056 1.7414443844600783e-08
73500.056 1.904435234420184e-08
73550.056 2.5813124341099894e-08
73600.056 2.311441061528275e-08
73650.056 2.5781334183703687e-08
73700.056 1.8246723029784314e-08
73750.056 1.3803441297788559e-08
73800.056 2.1499923362214872e-08
73850.056 2.638030666958248e-08
73900.056 2.0005631232196267e-08
73950.056 2.2868690338315046e-08
74000.056 1.2934610006899045e-08
74050.056 3.370150919251547e-08
74100.056 2.901094681728231e-08
74150.056 2.7647543479991006e-08
74200.056 1.4819071662090802e-08
74250.056 9.581517555697789e-09
74300.056 2.244085111439147e-08
74350.056 2.995591911441515e-08
74400.056 2.9537126761599817e-08
74450.056 1.6908587488890536e-08
74500.056 1.3732747574500239e-08
74550.056 2.0350902923908562e-08
74600.056 1.4169404942103605e-08
74650.056 1.726069801450827e-08
74700.056 1.8980934931109294e-08
74750.056 1.2491007983293124e-08
74800.056 1.679181252190145e-08
74850.056 3.019126696660583e-08
74900.056 3.506679733248024e-08
74950.056 2.4412617695393567e-08
75000.056 2.3468326812801494e-08
75050.056 1.0240242320602806e-08
75100.056 3.417632506442056e-08
75150.056 3.79917924142063e-08
75200.056 3.1518748981195023e-08
75250.056 3.512936970318551e-08
75300.056 3.293490406460422e-08
75350.056 1.4297967346498513e-08
75400.056 4.4077209049002784e-08
75450.056 3.959119756400856e-08
75500.056 2.94454284666065e-08
75550.056 2.6007897626807697e-08
75600.056 4.117787443780768e-08
75650.056 2.9171209019802625e-08
75700.056 4.003410621798529e-08
75750.056 3.1831508681235657e-08
75800.056 3.184629361108556e-08
75850.056 4.072590355753036e-08
75900.056 3.872740094279205e-08
75950.056 2.8278066325592028e-08
76000.056 3.877680599527526e-08
76050.056 3.6958370958484515e-08
76100.056 3.6019501991589904e-08
76150.056 4.056582921698621e-08
76200.056 3.3257899526019845e-08
76250.056 3.287303389309272e-08
76300.056 5.1144480230984004e-08
76350.056 6.351367137302593e-08
76400.056 4.667829336501903e-08
76450.056 4.762593979700591e-08
76500.056 4.0238642778003023e-08
76550.056 1.9129601028693226e-08
76600.056 6.548431973399878e-09
76650.056 9.335173112898755e-09
76700.056 9.1794807989977e-09
76750.056 9.86473402760298e-09
76800.056 1.6334076503601494e-08
76850.056 1.349978248591188e-08
76900.056 1.6478894521795133e-08
76950.056 1.1081943674201406e-08
77000.056 1.7719040068194173e-08
77050.056 9.727404381695534e-09
77100.056 1.5029744147301052e-08
77150.056 1.983920456769923e-08
77200.056 1.248899067109802e-08
77250.056 1.6200643071900828e-08
77300.056 2.0699704185494907e-08
77350.056 1.3766444102989722e-08
77400.056 1.6174582830304444e-08
77450.056 2.106124782559221e-08
77500.056 2.075200550249819e-08
77550.056 2.0057144478906613e-08
77600.056 1.633855414870005e-08
77650.056 1.9100253877904407e-08
77700.056 2.379507836637874e-08
77750.056 2.1452881539010844e-08
77800.056 2.770449408670753e-08
77850.056 3.591724344600405e-08
77900.056 2.120577638308769e-08
77950.056 1.7865850784702927e-08
78000.056 2.546875874499709e-08
78050.056 1.5903118504798627e-08
78100.056 2.1953479533306656e-08
78150.056 2.733835750171848e-08
78200.056 3.8074790356987264e-08
78250.056 2.932728123381068e-08
78300.056 1.9538200328193206e-08
78350.056 2.7349863605415065e-08
78400.056 2.4934174888789586e-08
78450.056 2.5753297008812012e-08
78500.056 4.246550252149341e-08
78550.056 3.7367550245587644e-08
78600.056 3.7605173070496796e-08
78650.056 1.993912407670151e-08
78700.056 2.3445853524202876e-08
78750.056 2.8349817884604877e-08
78800.056 2.6098033409792833e-08
78850.056 1.9434944098689434e-08
78900.056 2.8634232824612893e-08
78950.056 3.451635752799853e-08
79000.056 3.011395497760101e-08
79050.056 2.3013248171002557e-08
79100.056 3.0106617103299685e-08
79150.056 2.4602542744610277e-08
79200.056 3.0015645910000865e-08
79250.056 2.1783133876606636e-08
79300.056 2.9106865748489237e-08
79350.056 3.3776803479100296e-08
79400.056 1.9360086964407643e-08
79450.056 3.2666516797905005e-08
79500.056 4.649726885299482e-08
79550.056 4.3656571524222805e-08
79600.056 3.053970708581177e-08
79650.056 4.172121447098861e-08
79700.056 3.061610557280185e-08
79750.056 3.141954171350011e-08
79800.056 2.3854899027122662e-08
79850.056 4.157932766880771e-08
79900.056 4.8157102671198336e-08
79950.056 6.086104854500294e-08
