# %ECSV 1.0
# ---
# datatype:
# - {name: wav, unit: Angstrom, datatype: float64}
# - {name: flux_nu, unit: erg / (cm2 Hz s), datatype: float64}
# meta: {C/O: '1.00', Kzz: '1.0000E+05', Teff: '300.', Y: '0.28', '[Fe/H]': '0.00', f_hole: '1.00', f_rain: '0.00', grav: '562.'}
# schema: astropy-2.0
wav flux_nu
4000.0559999999996 nan
4050.0559999999996 8.115516540650173e-19
4100.056 2.162012213260031e-17
4150.056 1.114958238540009e-16
4200.056 1.6556253824500094e-16
4250.056 6.917447255400048e-16
4300.056 1.4482514091000063e-15
4350.056 2.5844430751000095e-15
4400.056 4.261845660100015e-15
4450.056 6.698179655100021e-15
4500.056 1.0417333796700034e-14
4550.056 1.4202931931000004e-14
4600.056 1.2895486464000007e-14
4650.056 1.2701699875999991e-14
4700.056 1.089571387379998e-14
4750.056 8.069926648799978e-15
4800.056 5.9306231243999825e-15
4850.056 3.902893951499983e-15
4900.056 2.789018710799993e-15
4950.056 2.1350135741999946e-15
5000.056 1.3322168263099918e-15
5050.056 8.149306038399989e-16
5100.056 8.365487586300024e-16
5150.056 9.365439940400006e-16
5200.056 1.0663821331700017e-15
5250.056 1.1774996267000013e-15
5300.056 1.3039914652000017e-15
5350.056 1.4507332402000015e-15
5400.056 1.5710198526000018e-15
5450.056 1.7429167209000038e-15
5500.056 1.953773447400002e-15
5550.056 2.1820343354000023e-15
5600.056 2.3840515573000023e-15
5650.056 2.5443529706000008e-15
5700.056 2.5674621824000025e-15
5750.056 2.6330574747000004e-15
5800.056 2.4819030592999954e-15
5850.056 1.7171111495899785e-15
5900.056 4.859744750314201e-16
5950.056 3.1910470444000636e-15
6000.056 6.7301662591000345e-15
6050.056 1.220608574420009e-14
6100.056 2.0309028275000145e-14
6150.056 3.177102976800019e-14
6200.056 4.726572730100023e-14
6250.056 6.471402946100019e-14
6300.056 9.050060227300031e-14
6350.056 1.241553973560004e-13
6400.056 1.669073852500007e-13
6450.056 1.9222238615999914e-13
6500.056 2.5252811297000283e-13
6550.056 3.5558660339999763e-13
6600.056 5.043994838200065e-13
6650.056 7.46722273150005e-13
6700.056 1.0021736229800056e-12
6750.056 1.4377043503000074e-12
6800.056 1.6756272329000024e-12
6850.056 1.5919613564999963e-12
6900.056 1.1073095728799882e-12
6950.056 6.870524484400065e-13
7000.056 7.732838142199861e-13
7050.056 7.702569833000014e-13
7100.056 8.760870771799968e-13
7150.056 6.068672236477814e-13
7200.056 3.6089018383899534e-13
7250.056 4.10088713674979e-13
7300.056 4.240116755490228e-13
7350.056 6.336405033770018e-13
7400.056 8.87380778750009e-13
7450.056 1.2644980997300193e-12
7500.056 1.590630266900003e-12
7550.056 1.8231411792000032e-12
7600.056 1.9264634974e-12
7650.056 1.2090977851799816e-12
7700.056 1.2935274953800228e-12
7750.056 2.4118376532000167e-12
7800.056 2.9461558735000135e-12
7850.056 3.4881903003999807e-12
7900.056 4.139833603200012e-12
7950.056 4.785020787700007e-12
8000.056 5.774367946000018e-12
8050.056 6.63915462380003e-12
8100.056 4.238631843819861e-12
8150.056 2.034417714807171e-12
8200.056 5.42079513363604e-12
8250.056 5.757727903295262e-12
8300.056 5.9502684632799115e-12
8350.056 7.164442651610028e-12
8400.056 1.0321247721600285e-11
8450.056 1.6751131067000137e-11
8500.056 2.1969735429000085e-11
8550.056 2.8500214734000377e-11
8600.056 3.5738072131000254e-11
8650.056 4.0856105796000164e-11
8700.056 4.100505978800008e-11
8750.056 4.296361975400013e-11
8800.056 4.041300770499966e-11
8850.056 2.9749530597998786e-11
8900.056 3.8646524947995695e-12
8950.056 1.2083887421230688e-12
9000.056 1.2438234828484492e-12
9050.056 8.452130670224968e-12
9100.056 9.05544252526233e-12
9150.056 1.1933162299666408e-11
9200.056 2.3918659194877304e-11
9250.056 1.6263675852878267e-11
9300.056 4.35884277959488e-14
9350.056 4.840229227020019e-14
9400.056 1.3032267535941557e-12
9450.056 3.8283316310977257e-13
9500.056 3.654072677070379e-13
9550.056 3.0401265182580773e-13
9600.056 6.31247184597892e-13
9650.056 1.906122139123052e-12
9700.056 1.2206558358455424e-11
9750.056 9.845349831839467e-12
9800.056 1.3953840021163323e-11
9850.056 2.0664282298629756e-11
9900.056 3.447116893740203e-11
9950.056 3.8998024518001345e-11
10000.056 3.321804012086771e-11
10050.056 3.215210726899915e-11
10100.056 2.587233670799992e-11
10150.056 1.4033221594399503e-11
10200.056 4.531282975510176e-12
10250.056 5.2666312949600456e-12
10300.056 1.0466129794789394e-11
10350.056 4.259922116440266e-12
10400.056 1.0994836081700487e-11
10450.056 1.681307304439888e-11
10500.056 2.3823065056600473e-11
10550.056 3.432607313400027e-11
10600.056 3.8901944470000315e-11
10650.056 3.7016560202999774e-11
10700.056 2.977822700499971e-11
10750.056 2.6591842038999513e-11
10800.056 2.3220979172000335e-11
10850.056 1.9321274979299948e-11
10900.056 1.5385342495699557e-11
10950.056 8.927088835199923e-12
11000.056 4.50924713583955e-12
11050.056 1.6071119555401531e-12
11100.056 4.197200727473703e-13
11150.056 7.926807326097257e-14
11200.056 3.358217648210581e-14
11250.056 3.4598009674990586e-14
11300.056 1.1403918305658918e-13
11350.056 2.2136238581714033e-14
11400.056 2.873748307880751e-13
11450.056 1.0760077109466134e-13
11500.056 1.2055694174868267e-13
11550.056 2.69840292073361e-14
11600.056 6.585182337052915e-15
11650.056 6.510161126694252e-14
11700.056 1.2226764318500108e-13
11750.056 4.743515385149043e-14
11800.056 2.754485078377324e-13
11850.056 2.9356199944101817e-13
11900.056 3.609673811170026e-13
11950.056 5.603598238800258e-13
12000.056 7.523229581090753e-13
12050.056 1.1543200803000234e-12
12100.056 1.2633064723189396e-12
12150.056 1.804373279712057e-12
12200.056 2.0923026050599868e-12
12250.056 3.972055821039061e-12
12300.056 7.635792161800439e-12
12350.056 1.007624868230028e-11
12400.056 1.739487606270013e-11
12450.056 3.0640145171000705e-11
12500.056 3.9087562270999806e-11
12550.056 4.3249154809000774e-11
12600.056 6.650516102000283e-11
12650.056 1.0540857189800159e-10
12700.056 1.2348169611699887e-10
12750.056 8.918322037400062e-11
12800.056 5.861045623299754e-11
12850.056 3.0031598774998515e-11
12900.056 1.8402597125900307e-11
12950.056 1.3939629208950303e-11
13000.056 1.5867856271801606e-11
13050.056 8.804592145029511e-12
13100.056 9.600899115659212e-12
13150.056 4.09402970139247e-12
13200.056 5.001403015700245e-12
13250.056 5.521320627665695e-12
13300.056 1.4969087439706076e-12
13350.056 7.880570380110432e-13
13400.056 1.4845220328956991e-13
13450.056 1.5149919687635762e-14
13500.056 1.8192346611464473e-15
13550.056 1.1490743744039818e-16
13600.056 1.050793196069962e-17
13650.056 1.1656368327142776e-16
13700.056 4.282481195819261e-17
13750.056 6.212825059539415e-16
13800.056 6.988057372841929e-16
13850.056 1.086412551364782e-16
13900.056 5.175960998966674e-16
13950.056 3.1591921344426908e-16
14000.056 1.1857231166804206e-15
14050.056 1.2470253235272836e-15
14100.056 1.2467736137733308e-15
14150.056 7.227485527998825e-15
14200.056 5.3471588210065e-15
14250.056 1.0731692344013515e-14
14300.056 5.4215952371492547e-14
14350.056 3.6301796083865077e-14
14400.056 3.445019923525193e-14
14450.056 1.043693586429715e-13
14500.056 2.994494406850402e-13
14550.056 5.312032354815999e-13
14600.056 1.044368827800642e-12
14650.056 2.329965475839713e-13
14700.056 7.852072311461236e-14
14750.056 2.6149923925312927e-14
14800.056 2.414404201430309e-14
14850.056 2.377830450168536e-14
14900.056 1.8946970158750296e-14
14950.056 8.810257817112968e-15
15000.056 4.957644304883733e-14
15050.056 1.0286191618420608e-13
15100.056 2.3914103440489392e-14
15150.056 5.2458759917862594e-15
15200.056 5.313791700482081e-14
15250.056 1.336491325412596e-13
15300.056 2.484477636897396e-13
15350.056 3.57670043876298e-13
15400.056 4.1627346466611055e-13
15450.056 7.852926400741198e-13
15500.056 1.3898995911428357e-12
15550.056 4.303318996032122e-12
15600.056 1.0081301105109122e-11
15650.056 2.419525533850336e-11
15700.056 5.128987849200217e-11
15750.056 7.249033827400161e-11
15800.056 9.8812963521001e-11
15850.056 1.3375620241200791e-10
15900.056 1.5254787368599876e-10
15950.056 1.8636123310000014e-10
16000.056 1.6891338680999838e-10
16050.056 1.1930439394599525e-10
16100.056 6.411446980400014e-11
16150.056 2.868991076599702e-11
16200.056 8.502620146260315e-12
16250.056 3.041283050452606e-12
16300.056 1.1422759470897522e-12
16350.056 1.1227339686106858e-12
16400.056 1.2071618767802673e-12
16450.056 1.4913232274976933e-12
16500.056 9.899778674778782e-13
16550.056 1.178900162343864e-12
16600.056 4.8903730398170125e-12
16650.056 2.1015276981017806e-12
16700.056 3.092289386339436e-13
16750.056 1.2942647159438523e-12
16800.056 2.159163430365502e-12
16850.056 2.087190528155065e-12
16900.056 5.982237855219886e-13
16950.056 3.88709896858395e-13
17000.056 1.3790392261244804e-13
17050.056 3.029436235542335e-13
17100.056 8.864714734724709e-13
17150.056 4.880103353311471e-13
17200.056 2.2803556456311233e-12
17250.056 3.7521783423407355e-13
17300.056 3.139511279432328e-13
17350.056 5.679232715428431e-13
17400.056 1.4195719995090208e-12
17450.056 1.919732343103488e-12
17500.056 3.364776854758249e-12
17550.056 2.714518489799736e-12
17600.056 2.6719260198704e-12
17650.056 1.3480207122286066e-12
17700.056 1.1900038281206172e-12
17750.056 7.92698032502721e-13
17800.056 1.9798529108892846e-12
17850.056 7.128817659757159e-13
17900.056 3.953340478441553e-13
17950.056 2.2618431541510943e-13
18000.056 4.950786534531586e-13
18050.056 1.6039770536419674e-13
18100.056 1.64628550264173e-13
18150.056 7.181110045195581e-14
18200.056 5.061999551820096e-14
18250.056 2.8500010562297004e-13
18300.056 1.431710165968711e-14
18350.056 1.388082772519091e-14
18400.056 4.5490936522712844e-15
18450.056 9.263798131786918e-14
18500.056 7.537190835898093e-14
18550.056 2.1809316846945545e-14
18600.056 6.656896636761187e-14
18650.056 4.8864925835350513e-14
18700.056 1.591234830660228e-15
18750.056 3.7867745690722986e-15
18800.056 2.1955457487308056e-13
18850.056 1.5483367722676146e-13
18900.056 2.4710267308060333e-13
18950.056 2.995560354628023e-13
19000.056 2.3201989234965856e-14
19050.056 9.726878013676392e-15
19100.056 5.541121929787054e-14
19150.056 1.931939828722828e-14
19200.056 6.30097089061998e-14
19250.056 4.164317643677443e-14
19300.056 1.8088904298271928e-14
19350.056 2.36643766356179e-14
19400.056 1.3333124129970078e-14
19450.056 1.5390532635537673e-14
19500.056 1.429689491379054e-14
19550.056 4.677937554696071e-14
19600.056 1.090201223854167e-13
19650.056 7.845773558276736e-14
19700.056 1.4594184591467066e-13
19750.056 1.871438090848233e-13
19800.056 9.848326320651017e-14
19850.056 1.3307137847176742e-13
19900.056 2.649762548178654e-13
19950.056 3.178277039918831e-13
20000.056 3.741576460556286e-13
20050.056 2.656401486180713e-13
20100.056 4.286757463678442e-13
20150.056 2.9571236284819473e-13
20200.056 1.8201659303934686e-13
20250.056 4.518612419444804e-13
20300.056 5.675358205495822e-13
20350.056 6.060348268412322e-13
20400.056 5.808508767959768e-13
20450.056 9.567673747532074e-13
20500.056 1.0022860861000246e-12
20550.056 1.0532925802599435e-12
20600.056 1.0990347897801465e-12
20650.056 1.1477805718698883e-12
20700.056 1.1747195506299736e-12
20750.056 1.1427880116299856e-12
20800.056 1.0606056679099272e-12
20850.056 1.092066010980004e-12
20900.056 1.0516682989799956e-12
20950.056 9.811502810100022e-13
21000.056 9.243654810499972e-13
21050.056 9.32318542739992e-13
21100.056 9.119714379299984e-13
21150.056 9.262959788300043e-13
21200.056 9.360443349600206e-13
21250.056 9.640336046099672e-13
21300.056 9.484467217700087e-13
21350.056 9.631793034199614e-13
21400.056 1.0560862763400728e-12
21450.056 9.250556404380444e-13
21500.056 8.619055029495381e-13
21550.056 8.858313703640961e-13
21600.056 8.308381081666596e-13
21650.056 6.986544485523602e-13
21700.056 6.32480327851307e-13
21750.056 6.553549281962142e-13
21800.056 4.726298781822793e-13
21850.056 4.398572311410679e-13
21900.056 3.262622640024728e-13
21950.056 1.3251154968531926e-13
22000.056 8.265708735394518e-15
22050.056 2.0559377059323436e-14
22100.056 7.704255341235074e-14
22150.056 4.385016427309986e-14
22200.056 3.922949861595986e-14
22250.056 3.093180073123523e-14
22300.056 9.049108635007594e-15
22350.056 1.8093572404395766e-14
22400.056 5.1423141779183094e-15
22450.056 1.1509654922387422e-14
22500.056 7.660210752529444e-15
22550.056 2.349780901211395e-15
22600.056 1.5266991895999508e-15
22650.056 2.1743472124752617e-15
22700.056 3.2415297668129425e-15
22750.056 8.084216100877635e-15
22800.056 1.1075159641687584e-14
22850.056 6.066111570482491e-15
22900.056 3.715822450573418e-15
22950.056 2.1332234059766565e-15
23000.056 2.4468246846626446e-15
23050.056 1.6917926920375221e-15
23100.056 6.017672601203078e-14
23150.056 6.085474173698609e-14
23200.056 9.036787458043409e-16
23250.056 9.786284242570213e-15
23300.056 5.835276516293938e-15
23350.056 8.629891196453918e-15
23400.056 7.138481438542501e-15
23450.056 2.2481342997836874e-15
23500.056 2.332030382713182e-15
23550.056 7.892558526196007e-15
23600.056 3.005956410495747e-14
23650.056 4.104604508056766e-14
23700.056 2.807435026018058e-15
23750.056 5.165256339117078e-15
23800.056 5.150208693297385e-14
23850.056 2.042814649446785e-14
23900.056 5.945195516664804e-14
23950.056 1.8255654520910982e-14
24000.056 7.866286372245713e-14
24050.056 8.234075407715093e-14
24100.056 1.5301133221496993e-13
24150.056 2.2502203761346437e-13
24200.056 1.4314630894081713e-13
24250.056 9.58826860572462e-14
24300.056 2.876445349196146e-13
24350.056 2.288349253334807e-13
24400.056 6.488259968903844e-13
24450.056 7.179471320823175e-13
24500.056 5.964704856883745e-13
24550.056 1.2804726968515792e-12
24600.056 1.7230551933058933e-12
24650.056 2.4536542216147094e-12
24700.056 1.8813412347644253e-12
24750.056 2.8079413818143153e-12
24800.056 2.4229046990184516e-12
24850.056 3.2073118618110085e-12
24900.056 1.761552031964453e-12
24950.056 2.78509677078735e-12
25000.056 4.000275622217064e-12
25050.056 2.023449725148254e-12
25100.056 3.2133350153668098e-12
25150.056 1.31875419271139e-12
25200.056 2.1506201172283276e-12
25250.056 6.967893793739173e-13
25300.056 6.341983733236245e-13
25350.056 3.2184022917434646e-13
25400.056 8.432796873844343e-13
25450.056 1.6981875847040042e-13
25500.056 1.264403244980204e-13
25550.056 4.516818464205953e-13
25600.056 1.599294072387095e-13
25650.056 4.888342809316847e-14
25700.056 3.009601229940394e-14
25750.056 1.0771985557333079e-14
25800.056 5.643291014027402e-14
25850.056 8.50113856380412e-15
25900.056 1.0594123661237968e-14
25950.056 4.102151935671057e-15
26000.056 3.3154287134263414e-14
26050.056 5.272915489868047e-15
26100.056 1.8148249988897928e-14
26150.056 8.203578689450943e-15
26200.056 1.071932193891647e-14
26250.056 6.778029597095e-14
26300.056 1.2918074480837857e-14
26350.056 2.2737493011668707e-13
26400.056 5.741261950396515e-13
26450.056 2.056710707189336e-13
26500.056 7.518865454985784e-13
26550.056 4.8717513763407405e-14
26600.056 3.909764861926011e-14
26650.056 8.496436707371862e-15
26700.056 8.881334846621203e-15
26750.056 1.2801133947313238e-14
26800.056 4.526348349728975e-14
26850.056 2.954903603293673e-14
26900.056 1.174963176376189e-13
26950.056 2.905611077100964e-14
27000.056 1.515069507986617e-13
27050.056 3.217263291577831e-13
27100.056 1.787164969972802e-14
27150.056 2.304639275114547e-13
27200.056 2.020145799221064e-14
27250.056 6.42878631169802e-14
27300.056 8.843732390068124e-13
27350.056 1.9459132981673697e-13
27400.056 1.7198353480784473e-14
27450.056 3.2001368690305557e-13
27500.056 4.4937878753351147e-13
27550.056 6.727006755893623e-14
27600.056 2.1897443142999103e-13
27650.056 5.867832653292157e-14
27700.056 7.42611685022834e-14
27750.056 4.4050340323555037e-13
27800.056 1.4220154169938616e-13
27850.056 3.288869968703257e-13
27900.056 5.039560308843459e-13
27950.056 8.087995403884303e-13
28000.056 1.1399366148903274e-12
28050.056 8.293716762261548e-14
28100.056 1.4694241167086255e-12
28150.056 1.0090281627101315e-12
28200.056 1.5757468962206805e-13
28250.056 1.9546195637157242e-12
28300.056 1.8380677944742316e-12
28350.056 1.8168180769204975e-13
28400.056 1.124998096881404e-12
28450.056 2.0911511293774356e-12
28500.056 7.355767981289834e-13
28550.056 1.7761855682466442e-13
28600.056 2.1380544026774692e-12
28650.056 6.434784791293685e-13
28700.056 2.039233162096327e-12
28750.056 3.772158780233559e-12
28800.056 6.574975547513531e-13
28850.056 5.30728958508103e-12
28900.056 1.6462394253358466e-12
28950.056 2.044122814680427e-12
29000.056 1.0405491903834052e-12
29050.056 2.40403233974709e-12
29100.056 6.59064853415312e-13
29150.056 6.941888501483635e-13
29200.056 7.023501035783581e-12
29250.056 2.9377128999653574e-12
29300.056 1.8260413476951668e-12
29350.056 5.7361474932245524e-12
29400.056 3.5220616867653604e-12
29450.056 6.526844782823814e-13
29500.056 8.240019516424878e-12
29550.056 1.781181139448904e-12
29600.056 1.5746541323048368e-12
29650.056 1.1795686508799976e-11
29700.056 1.1563546553746418e-12
29750.056 7.630572576316457e-12
29800.056 2.7101049904449278e-12
29850.056 1.1343688054762597e-11
29900.056 3.307596798631858e-12
29950.056 3.579018219347762e-12
30000.056 2.316977102333655e-14
30050.056 7.046840283812195e-13
30100.056 3.398192232326473e-12
30150.056 1.1309015850207619e-11
30200.056 7.450767564694146e-12
30250.056 1.0230009371833121e-11
30300.056 1.569865006793684e-11
30350.056 1.8786236127221097e-12
30400.056 1.9210879928605035e-11
30450.056 1.9586027592699153e-11
30500.056 3.545220639754575e-12
30550.056 3.685416117188461e-12
30600.056 1.2559590728003676e-10
30650.056 3.8661428353814554e-11
30700.056 8.496756185750232e-12
30750.056 2.896834234372194e-11
30800.056 5.070570248812595e-11
30850.056 4.349798356738776e-11
30900.056 1.8957630576825838e-11
30950.056 1.1307576206208478e-11
31000.056 1.7657098381364773e-11
31050.056 5.716121728412649e-12
31100.056 3.860825949485075e-12
31150.056 1.1860957611601593e-11
31200.056 6.442213274484789e-11
31250.056 2.4299818043314063e-11
31300.056 7.191090006576184e-12
31350.056 5.2073957947725e-11
31400.056 2.720549941005887e-11
31450.056 2.7143820112849664e-11
31500.056 7.12485598828513e-12
31550.056 1.760042182746099e-11
31600.056 1.3950350812890996e-11
31650.056 9.528021292996204e-12
31700.056 6.569542874456769e-12
31750.056 2.8730003973046786e-12
31800.056 5.43285776489165e-12
31850.056 6.448811318183756e-13
31900.056 1.926064851201554e-12
31950.056 8.629618073388934e-13
32000.056 4.773470736987333e-13
32050.056 5.363106827557278e-13
32100.056 4.783117099482527e-13
32150.056 3.3236360988025263e-13
32200.056 1.1734520126036802e-13
32250.056 2.945035543686614e-13
32300.056 5.4981667640542906e-14
32350.056 2.156976353907999e-13
32400.056 1.2544454239356984e-14
32450.056 1.2804639174900053e-13
32500.056 1.1651295006725695e-14
32550.056 1.1697123135092872e-13
32600.056 6.99744350575058e-15
32650.056 2.4577863337539586e-13
32700.056 1.3244899241234472e-14
32750.056 8.350449504442786e-13
32800.056 2.4742505486435207e-13
32850.056 2.982433431180728e-12
32900.056 1.9343302924369403e-12
32950.056 2.579491334753691e-12
33000.056 5.185336393004069e-13
33050.056 2.81912756577225e-13
33100.056 3.6708266277834014e-14
33150.056 5.5030757264084925e-17
33200.056 5.062435559615391e-15
33250.056 1.0697330759996111e-14
33300.056 3.4608688486687405e-13
33350.056 3.7480118471700137e-13
33400.056 2.350279340845507e-12
33450.056 1.833235596782738e-13
33500.056 1.948343641908542e-12
33550.056 1.9823456006257787e-13
33600.056 7.680455624667266e-13
33650.056 8.917739402985012e-13
33700.056 8.98810372505731e-14
33750.056 1.0587829619181725e-12
33800.056 3.229277641684739e-14
33850.056 4.730278677493858e-13
33900.056 4.856396160784742e-13
33950.056 5.753733489638682e-13
34000.056 1.6834963808910147e-12
34050.056 2.5330770339642696e-13
34100.056 2.1059525430999964e-12
34150.056 5.362503058509733e-13
34200.056 3.0296097494355113e-12
34250.056 9.058501703186212e-13
34300.056 1.5398724462448385e-12
34350.056 9.615943924748146e-12
34400.056 9.2801322095015e-13
34450.056 6.5580543344369716e-12
34500.056 1.5143333128378576e-12
34550.056 5.58445845714738e-12
34600.056 2.9326483746714094e-11
34650.056 9.16267997827284e-13
34700.056 1.5612330310874054e-11
34750.056 6.024667619940803e-12
34800.056 3.5720938099462654e-12
34850.056 1.972573292022971e-11
34900.056 1.3580396031079659e-12
34950.056 3.219087960920074e-11
35000.056 2.8434908455113243e-11
35050.056 3.459424335365528e-11
35100.056 6.441726053057146e-11
35150.056 5.3686364928625e-11
35200.056 4.692295602946402e-11
35250.056 9.805933297744163e-11
35300.056 1.5810667174578425e-11
35350.056 9.96113370043079e-12
35400.056 6.0288875093907924e-12
35450.056 6.2076744523983864e-12
35500.056 3.6600071013004957e-11
35550.056 2.633526170694115e-11
35600.056 5.464255399453012e-11
35650.056 7.417429965183632e-11
35700.056 8.986908140231254e-11
35750.056 7.500294573187032e-11
35800.056 2.1883794594885632e-11
35850.056 1.3387616837507619e-11
35900.056 1.9426838463093658e-11
35950.056 5.158518683734685e-11
36000.056 6.394405626945e-11
36050.056 4.2924817381912366e-11
36100.056 4.0434943538475877e-11
36150.056 2.4018432919305594e-10
36200.056 1.6325281670557506e-10
36250.056 7.044941555539815e-11
36300.056 2.936110987916498e-10
36350.056 1.5793293953573103e-10
36400.056 2.4766958998197777e-10
36450.056 1.5165586322358572e-10
36500.056 1.4291365442253854e-10
36550.056 4.766545907724484e-10
36600.056 5.274421412389335e-10
36650.056 1.9971670084554518e-10
36700.056 3.2389648098063195e-10
36750.056 5.620576807882166e-10
36800.056 6.814559762855282e-10
36850.056 2.07231768719912e-10
36900.056 2.683755995940186e-10
36950.056 7.628484196457621e-10
37000.056 4.445082135149214e-10
37050.056 7.893380917232442e-10
37100.056 1.5144174228240378e-10
37150.056 3.484752957916104e-10
37200.056 1.1465981661600802e-09
37250.056 5.076861184295767e-10
37300.056 1.942573452628255e-10
37350.056 3.919714921895293e-10
37400.056 7.511958792731953e-10
37450.056 2.455033315907734e-10
37500.056 3.3609691554504457e-10
37550.056 1.3841426650125511e-09
37600.056 2.646705916003846e-09
37650.056 3.307721020509344e-10
37700.056 7.924550970311753e-10
37750.056 6.490459271879588e-10
37800.056 6.03426872208382e-10
37850.056 3.159194786845857e-10
37900.056 3.1131036289186885e-10
37950.056 6.444133814837317e-10
38000.056 5.217907893150419e-10
38050.056 1.3335936744129448e-09
38100.056 1.8930958559175892e-09
38150.056 2.517933531708057e-09
38200.056 1.3137869326497387e-09
38250.056 2.336818604039149e-09
38300.056 4.532119263333421e-09
38350.056 2.400733198291496e-09
38400.056 5.977190329992878e-10
38450.056 1.4693515026013128e-10
38500.056 1.76966414630483e-10
38550.056 1.0993787273901359e-09
38600.056 1.6098018966697195e-09
38650.056 1.3379429890418026e-09
38700.056 8.350468878588725e-10
38750.056 1.2850281489401385e-09
38800.056 1.132033813003072e-09
38850.056 1.4897225542202675e-09
38900.056 1.7213065097387336e-09
38950.056 8.971807739202472e-10
39000.056 2.1743502993856026e-09
39050.056 5.752156708532714e-10
39100.056 1.276469187147608e-09
39150.056 2.5899843643710455e-09
39200.056 1.7477880364899291e-09
39250.056 2.467484201290164e-09
39300.056 1.4634654216990103e-09
39350.056 4.033599350299988e-09
39400.056 1.6916409510368817e-09
39450.056 3.2067370264448764e-09
39500.056 3.6992640878498467e-09
39550.056 1.0429540275018653e-09
39600.056 2.6754535338081717e-09
39650.056 5.0318637329998705e-09
39700.056 4.512734589530304e-09
39750.056 1.1510266871658836e-09
39800.056 1.0430555154197783e-09
39850.056 4.81876338870059e-09
39900.056 6.349366589700261e-09
39950.056 1.8095568999501429e-09
40000.056 3.826484525860026e-09
40050.056 4.694980830383724e-09
40100.056 8.586916410958419e-10
40150.056 3.6145805224203176e-09
40200.056 4.7135427349995146e-09
40250.056 5.670909055148988e-09
40300.056 5.814192522800625e-09
40350.056 2.1235265630221283e-09
40400.056 3.2023057514973576e-09
40450.056 1.205690358373289e-09
40500.056 5.257170159150237e-09
40550.056 5.446230254778742e-09
40600.056 6.08337622149983e-09
40650.056 3.485638110465102e-09
40700.056 6.850351317479647e-09
40750.056 4.6437446710594424e-09
40800.056 2.200174962363556e-09
40850.056 9.348670127601333e-09
40900.056 9.061084320199054e-09
40950.056 5.386049865498318e-09
41000.056 4.156981676173517e-09
41050.056 1.06282421493e-08
41100.056 8.803303185879364e-09
41150.056 1.8303697716227885e-09
41200.056 9.96441509582136e-09
41250.056 8.683630627678393e-09
41300.056 9.508174272501372e-09
41350.056 1.4431217635000017e-08
41400.056 1.0049933112299323e-08
41450.056 1.3230341955999692e-08
41500.056 6.202837266552688e-09
41550.056 5.561479063481299e-09
41600.056 6.542130895967474e-09
41650.056 1.231705106090143e-08
41700.056 1.8494129313998854e-08
41750.056 1.2887475258300124e-08
41800.056 1.4188518492000063e-08
41850.056 1.0241938397978865e-08
41900.056 7.411102678377929e-09
41950.056 7.056809441799387e-09
42000.056 2.126189561722185e-09
42050.056 3.578186978540473e-09
42100.056 5.957342836829866e-09
42150.056 7.522580548539593e-09
42200.056 9.527011965699816e-09
42250.056 7.2460313788512e-09
42300.056 5.750943836299446e-09
42350.056 1.2457925170900394e-08
42400.056 1.6173392107800968e-08
42450.056 1.8361097039001122e-08
42500.056 1.9651771844999495e-08
42550.056 1.681961494299942e-08
42600.056 1.2919133387902724e-08
42650.056 1.950055166959789e-08
42700.056 7.4032772558587475e-09
42750.056 1.5181471683202045e-08
42800.056 2.4099732429000514e-08
42850.056 2.4751551677997922e-08
42900.056 2.354607074500105e-08
42950.056 1.823410251540075e-08
43000.056 2.1297645924199537e-08
43050.056 1.0120871533499265e-08
43100.056 1.704556436660052e-08
43150.056 1.6648557937100287e-08
43200.056 2.2851830150000936e-08
43250.056 3.0550621843000576e-08
43300.056 2.6236878624999204e-08
43350.056 1.520064552249904e-08
43400.056 2.1514475193500576e-08
43450.056 1.3794016933600144e-08
43500.056 1.1492799274700621e-08
43550.056 1.4083855601400836e-08
43600.056 2.579438566100012e-08
43650.056 1.3678948229999066e-08
43700.056 2.5514357478504037e-08
43750.056 2.9014429666998548e-08
43800.056 2.280893929279948e-08
43850.056 2.035030121830187e-08
43900.056 1.4057986420799901e-08
43950.056 1.0857025195199494e-08
44000.056 1.1247960194999829e-08
44050.056 2.640586438200202e-08
44100.056 3.518711364000046e-08
44150.056 3.0689055920998894e-08
44200.056 2.9928249615000366e-08
44250.056 1.7035718898998833e-08
44300.056 1.0751054144400265e-08
44350.056 1.088522482860051e-08
44400.056 1.1903995627599783e-08
44450.056 2.2150689109702193e-08
44500.056 1.9196828715200542e-08
44550.056 2.7068327708000228e-08
44600.056 2.0031641700500223e-08
44650.056 2.2343033211999195e-08
44700.056 1.5563220650798153e-08
44750.056 2.174800848300171e-08
44800.056 1.3575673853700177e-08
44850.056 1.9879494461000812e-08
44900.056 1.9210149218999484e-08
44950.056 2.3461707491001823e-08
45000.056 2.7981007710999892e-08
45050.056 2.3803175928198064e-08
45100.056 2.1456644500701488e-08
45150.056 1.8803042148699056e-08
45200.056 1.2043198311300354e-08
45250.056 1.4889943949898481e-08
45300.056 1.4496808024100934e-08
45350.056 9.546544954701419e-09
45400.056 3.030614436900116e-08
45450.056 2.3879682659202406e-08
45500.056 2.9854779386001276e-08
45550.056 3.1834301349996375e-08
45600.056 2.7726008023001208e-08
45650.056 2.4614562018998233e-08
45700.056 1.2955064524398792e-08
45750.056 1.1075844941701074e-08
45800.056 2.862861929400058e-08
45850.056 2.167267771540125e-08
45900.056 3.183202317199944e-08
45950.056 3.159245656099835e-08
46000.056 2.999099973800148e-08
46050.056 2.33186490471023e-08
46100.056 3.3817014202998357e-08
46150.056 2.022254682739995e-08
46200.056 1.4470723204398029e-08
46250.056 4.723199943539944e-09
46300.056 1.824346737170137e-08
46350.056 2.046861988210146e-08
46400.056 2.134892670900054e-08
46450.056 1.6181825257248806e-08
46500.056 2.0869502196201416e-08
46550.056 1.0829103027598809e-08
46600.056 1.0757691754278934e-08
46650.056 1.962487196700091e-08
46700.056 1.4096852554798302e-08
46750.056 4.786570592260589e-09
46800.056 2.8009237187596277e-09
46850.056 1.5717092301502553e-08
46900.056 2.366331438999967e-08
46950.056 2.4653750933999445e-08
47000.056 2.5705485075000976e-08
47050.056 1.4691318057996536e-08
47100.056 1.2180939590100245e-08
47150.056 1.815459214520187e-08
47200.056 2.0091013009999166e-08
47250.056 7.561120708718281e-09
47300.056 5.3086114476116855e-09
47350.056 1.9677180286001465e-08
47400.056 2.3034651249999467e-08
47450.056 1.2490989476100468e-08
47500.056 2.4459443730001608e-08
47550.056 2.2886145508000195e-08
47600.056 1.532911675304825e-08
47650.056 1.8844936693759173e-08
47700.056 1.4820319232021752e-08
47750.056 1.1361077397299938e-08
47800.056 6.915633637400028e-09
47850.056 2.207733510090448e-09
47900.056 4.418992402410134e-09
47950.056 1.5151340640101286e-08
48000.056 1.9481451545898466e-08
48050.056 1.4382042574600097e-08
48100.056 6.8673924502400906e-09
48150.056 1.3780331564400719e-08
48200.056 7.471079680238864e-09
48250.056 1.2687385217500334e-08
48300.056 1.7501329116999716e-08
48350.056 9.50970125409864e-09
48400.056 1.4680922050745443e-09
48450.056 3.097329761910799e-09
48500.056 7.036112744738894e-09
48550.056 9.001348982881912e-09
48600.056 1.8813388397000394e-08
48650.056 2.2508613312999577e-08
48700.056 1.622660393540122e-08
48750.056 1.36625108642003e-08
48800.056 1.7625639840000187e-08
48850.056 7.5071612586289e-09
48900.056 6.591781853739227e-09
48950.056 3.0965065844798495e-09
49000.056 2.031911219979571e-09
49050.056 7.522268576509224e-09
49100.056 1.168218316536192e-08
49150.056 1.0073487805109894e-08
49200.056 1.79750538470013e-08
49250.056 1.898178503599987e-08
49300.056 1.4395471082998744e-08
49350.056 5.0292083333910505e-09
49400.056 6.867933190228637e-09
49450.056 5.046948917161031e-09
49500.056 3.764806746669229e-09
49550.056 5.113012556609952e-10
49600.056 1.5807999111223341e-09
49650.056 6.993092329200852e-09
49700.056 1.030534506289958e-08
49750.056 6.8481364037295985e-09
49800.056 3.592737881910121e-09
49850.056 1.1042924162501205e-08
49900.056 1.3125010453399832e-08
49950.056 1.1967265032299542e-08
50000.056 5.727478173569817e-09
50050.056 6.282464632780927e-09
50100.056 5.790615522199598e-09
50150.056 1.753154535359625e-09
50200.056 2.2960826755908707e-10
50250.056 1.550971350650006e-09
50300.056 1.1575251623082725e-09
50350.056 6.390736299000762e-09
50400.056 9.478818498499706e-09
50450.056 8.347339762700281e-09
50500.056 1.194400869300043e-08
50550.056 1.3031878383700083e-08
50600.056 7.448902606548501e-09
50650.056 1.245251906440093e-08
50700.056 1.071098347009946e-08
50750.056 5.5374025612996366e-09
50800.056 1.189471568005676e-09
50850.056 4.687030047932138e-10
50900.056 4.472173839400605e-09
50950.056 5.878572853899449e-09
51000.056 3.6275679077997233e-09
51050.056 7.54534584859924e-09
51100.056 2.6785919586599984e-09
51150.056 1.7597446804704647e-09
51200.056 8.290565743800378e-09
51250.056 7.108310910799289e-09
51300.056 4.151706127320122e-09
51350.056 2.5737577060604303e-09
51400.056 5.213020227121147e-10
51450.056 4.812785490308598e-10
51500.056 4.958858388081805e-10
51550.056 2.5410115720004886e-09
51600.056 3.7853119540003735e-09
51650.056 5.88047022090003e-09
51700.056 4.4346205556491244e-09
51750.056 3.271743323030734e-09
51800.056 7.05453228179993e-09
51850.056 5.283758132499709e-09
51900.056 4.127862344599948e-09
51950.056 1.682450637709658e-09
52000.056 1.7090343684096133e-10
52050.056 8.248367975800572e-10
52100.056 4.025741729479095e-10
52150.056 2.2525050713007517e-10
52200.056 1.1458035163300392e-09
52250.056 2.3031043160403045e-09
52300.056 2.308169131599777e-09
52350.056 4.4407494254894835e-10
52400.056 5.447461264100177e-10
52450.056 2.9789223494703606e-09
52500.056 2.0011137699428335e-09
52550.056 3.884716361699751e-09
52600.056 3.7261940221704186e-09
52650.056 4.649019230699889e-09
52700.056 2.268927618289764e-09
52750.056 5.241813084938156e-10
52800.056 1.2011470835302246e-09
52850.056 1.4785010847996808e-09
52900.056 3.6055149120585354e-10
52950.056 7.128124295401463e-10
53000.056 2.0965937050000934e-09
53050.056 6.870749554259318e-10
53100.056 3.52579721520036e-09
53150.056 3.6028428888198827e-09
53200.056 1.5353556575399457e-09
53250.056 2.873888541279878e-09
53300.056 2.7841700766803483e-09
53350.056 2.3715340252999547e-09
53400.056 1.320560167819818e-09
53450.056 3.4633281564991597e-10
53500.056 9.206267116048196e-11
53550.056 1.5740652065000104e-10
53600.056 6.72616741002179e-10
53650.056 1.4792174465200847e-09
53700.056 1.225825419279839e-09
53750.056 1.1213616521698404e-09
53800.056 9.586319584900573e-10
53850.056 2.172267590179818e-09
53900.056 2.9698526839000217e-09
53950.056 2.104238203489887e-09
54000.056 1.6328574361702289e-09
54050.056 1.5859917609997994e-09
54100.056 3.471541103179846e-10
54150.056 3.430193163300056e-10
54200.056 8.643029087087619e-11
54250.056 1.6300392332702756e-10
54300.056 4.107771255390471e-10
54350.056 8.341236849300353e-10
54400.056 6.336723735668731e-10
54450.056 5.03739307946133e-10
54500.056 8.253238919401285e-10
54550.056 6.37017328939915e-10
54600.056 3.5828605332992944e-10
54650.056 6.669903831538953e-11
54700.056 3.7266966917704157e-10
54750.056 4.0551759879994955e-10
54800.056 2.298921576470566e-10
54850.056 3.689948138910765e-10
54900.056 5.079815064460356e-10
54950.056 1.2830070908257826e-09
55000.056 5.609469779799447e-10
55050.056 5.285806755540499e-10
55100.056 8.419427783402235e-10
55150.056 3.5869411273877954e-10
55200.056 2.6161927201800365e-10
55250.056 3.1949883407207806e-10
55300.056 3.101640640986185e-10
55350.056 4.706220710340047e-10
55400.056 3.5546173013697644e-10
55450.056 4.270089081039106e-10
55500.056 1.7746119640701147e-10
55550.056 1.0854690512498402e-10
55600.056 2.5565647180703666e-10
55650.056 2.1446251697057522e-10
55700.056 2.3681296382702657e-10
55750.056 1.2386201730727627e-10
55800.056 6.699258103581263e-11
55850.056 9.20942823039922e-11
55900.056 2.799233724637545e-10
55950.056 4.3633230063216766e-10
56000.056 1.907314426407137e-10
56050.056 1.6872357853195308e-10
56100.056 2.4491086039252066e-10
56150.056 1.2708602569099222e-10
56200.056 1.4684112106878374e-10
56250.056 4.48405987487003e-10
56300.056 2.452257217479366e-10
56350.056 6.49391856256088e-11
56400.056 6.21212213519933e-11
56450.056 6.266710286122223e-11
56500.056 1.8261424153112653e-10
56550.056 6.311708108769828e-11
56600.056 1.3890884951320556e-10
56650.056 1.0241432231178271e-10
56700.056 1.0646288442019601e-10
56750.056 1.1043227312899507e-10
56800.056 5.0534779879171504e-11
56850.056 1.3862738121041766e-10
56900.056 7.74570489292984e-11
56950.056 2.0515836506914995e-10
57000.056 2.7419110788918267e-10
57050.056 2.4133253844194036e-10
57100.056 3.185889405701839e-11
57150.056 1.1883182249663577e-10
57200.056 5.5695063438755246e-11
57250.056 1.0613249895699935e-10
57300.056 6.411021624185067e-11
57350.056 5.7837932545680063e-11
57400.056 1.4150291087467527e-10
57450.056 5.073310364158078e-11
57500.056 2.968037163050691e-11
57550.056 3.8824354918834235e-11
57600.056 2.1162783473496098e-11
57650.056 4.559677394355837e-11
57700.056 1.0087102826998764e-10
57750.056 1.1259815015962202e-10
57800.056 9.79662623859581e-11
57850.056 1.3512802389771294e-10
57900.056 3.7927481252000744e-10
57950.056 2.0742138459170376e-10
58000.056 4.5283655524874146e-11
58050.056 1.1617478461557935e-10
58100.056 4.826601888645657e-11
58150.056 6.477560195877305e-11
58200.056 3.946015672679789e-11
58250.056 3.647079032048325e-11
58300.056 2.48687608851107e-11
58350.056 3.2492946540634246e-11
58400.056 5.117632155622673e-11
58450.056 1.8745961301000823e-10
58500.056 1.7384451380996727e-10
58550.056 4.953437873540156e-11
58600.056 4.299141211149209e-11
58650.056 1.1006506569898742e-10
58700.056 2.708018385397134e-11
58750.056 1.3396221454998812e-10
58800.056 2.9800438906466776e-11
58850.056 3.8924210184741594e-11
58900.056 2.7042890532078338e-11
58950.056 4.904981462518636e-11
59000.056 6.400946964019948e-11
59050.056 3.1496047538535725e-11
59100.056 1.0855951958411714e-11
59150.056 4.3194177530175684e-11
59200.056 1.5855541794601038e-10
59250.056 2.1480555417201568e-10
59300.056 1.8047245935397706e-10
59350.056 5.903947323600043e-11
59400.056 4.954535553262131e-11
59450.056 8.024448997500055e-11
59500.056 1.0899155792687524e-10
59550.056 1.08036543487706e-10
59600.056 8.592368976610103e-11
59650.056 1.695924571579346e-11
59700.056 7.775225060501703e-11
59750.056 2.331350500379962e-10
59800.056 1.0734403656866857e-10
59850.056 9.442221299701768e-11
59900.056 8.311234059400293e-11
59950.056 7.079941049556269e-11
60000.056 1.301380087163599e-10
60050.056 2.6538035977500513e-10
60100.056 2.0919408581198495e-10
60150.056 5.465979978858213e-11
60200.056 3.0282626690163845e-11
60250.056 1.4038116416648872e-10
60300.056 1.0612703445683362e-10
60350.056 1.1666466713977264e-10
60400.056 1.4514234535996605e-10
60450.056 4.811943522299251e-11
60500.056 2.9903377070075186e-11
60550.056 9.123164792254157e-11
60600.056 9.620361502097724e-11
60650.056 9.827018072446736e-11
60700.056 5.029293595718604e-11
60750.056 1.6541842587854015e-11
60800.056 6.421065122705078e-11
60850.056 1.110198184958938e-10
60900.056 6.306327649819465e-11
60950.056 3.0581529950744196e-11
61000.056 1.1237157117035591e-10
61050.056 6.114574715908934e-11
61100.056 4.5820232749080295e-11
61150.056 3.2337258549184527e-11
61200.056 9.024495142740825e-11
61250.056 5.33529180353979e-11
61300.056 2.343947816382267e-11
61350.056 7.448851184511305e-11
61400.056 3.66187829593998e-11
61450.056 1.3099996683101327e-11
61500.056 6.887918743936696e-12
61550.056 2.0910359910100085e-11
61600.056 2.1371758079502006e-11
61650.056 1.3098205816442333e-11
61700.056 4.796984119033428e-11
61750.056 3.405931451231045e-11
61800.056 4.3256190722791084e-11
61850.056 1.954500518050126e-11
61900.056 1.284433443910185e-10
61950.056 4.810741351691229e-11
62000.056 2.9555850291836255e-11
62050.056 1.8493020167354526e-10
62100.056 3.160813440238186e-11
62150.056 1.1649007248870978e-10
62200.056 1.2493831381862404e-10
62250.056 1.5386452981807252e-10
62300.056 2.330616738400217e-10
62350.056 4.63200225396005e-10
62400.056 2.395246632376121e-10
62450.056 1.6295435976192677e-10
62500.056 2.880688550585404e-10
62550.056 7.712729960190196e-10
62600.056 1.1924856952781208e-10
62650.056 7.83205088911042e-11
62700.056 3.6003971490875145e-11
62750.056 2.2465275114112504e-10
62800.056 1.8057802612000428e-10
62850.056 7.852480466978072e-11
62900.056 4.15511195148122e-10
62950.056 5.374634706518668e-10
63000.056 8.493003101806382e-11
63050.056 7.733423981402924e-10
63100.056 1.0507572879179007e-09
63150.056 9.657051417600838e-10
63200.056 5.080306466928926e-10
63250.056 3.0580212024998593e-10
63300.056 3.22098748064537e-11
63350.056 1.1768177552204402e-10
63400.056 1.255184104419665e-10
63450.056 3.2510187179561916e-11
63500.056 2.5854887749607417e-10
63550.056 3.650978698199446e-10
63600.056 7.039253441235215e-11
63650.056 2.2507935754205406e-10
63700.056 1.3571720826497564e-10
63750.056 1.2488971470342072e-10
63800.056 2.8205073431692174e-10
63850.056 2.908148092959385e-10
63900.056 1.0061821874999007e-10
63950.056 5.611637684962354e-11
64000.056 1.5390765756215693e-10
64050.056 2.113913253681162e-11
64100.056 7.548260732401461e-11
64150.056 8.588983086190819e-11
64200.056 4.732642232349051e-11
64250.056 2.328819440553392e-10
64300.056 1.793878547354593e-10
64350.056 7.43767217860299e-11
64400.056 1.9444737731458125e-10
64450.056 1.8598989378901812e-10
64500.056 2.3963706879500024e-10
64550.056 2.045679948760054e-10
64600.056 9.28368093020503e-11
64650.056 1.7365245013944478e-10
64700.056 6.144212432272374e-11
64750.056 1.2809151111006584e-10
64800.056 3.860697215715264e-11
64850.056 8.619112427700471e-11
64900.056 4.8038021413882706e-11
64950.056 5.113191947559056e-11
65000.056 6.392358774570524e-11
65050.056 1.282670620241663e-10
65100.056 8.57442340215249e-11
65150.056 1.0977169655021008e-10
65200.056 6.360240824320073e-11
65250.056 4.579615735706709e-11
65300.056 1.0280725195150074e-10
65350.056 1.877896670605705e-10
65400.056 1.155830381696856e-10
65450.056 1.674449490730819e-10
65500.056 1.7985029232052098e-10
65550.056 1.1379555863101245e-10
65600.056 2.3226099699008126e-10
65650.056 2.0720624951211594e-10
65700.056 1.4461636628972355e-10
65750.056 1.1341343533786454e-10
65800.056 1.6940046412124866e-10
65850.056 3.9914783856995403e-10
65900.056 1.1596678015696322e-10
65950.056 6.303414560470974e-11
66000.056 8.55626257634911e-11
66050.056 1.612906818221537e-10
66100.056 1.6912621625896567e-10
66150.056 1.8524402966919759e-10
66200.056 3.665050777899885e-10
66250.056 1.2898918500679074e-10
66300.056 1.7070507211603596e-10
66350.056 1.0962768451700892e-10
66400.056 1.4839777878104683e-10
66450.056 3.2094555235003784e-10
66500.056 3.4036335362908256e-10
66550.056 3.0348522779293804e-10
66600.056 2.825392814609457e-10
66650.056 8.474549939960639e-11
66700.056 1.3717894565712302e-10
66750.056 2.6650168230297634e-10
66800.056 1.9294897580600556e-10
66850.056 1.250850228447604e-10
66900.056 4.3871001710662346e-10
66950.056 2.3160730742705887e-10
67000.056 6.087513544201533e-10
67050.056 3.46524691771994e-10
67100.056 2.9351470367003546e-10
67150.056 3.329390416359841e-10
67200.056 4.45258765249956e-10
67250.056 4.667022171941454e-10
67300.056 6.050703506899247e-10
67350.056 1.1256222761434537e-10
67400.056 3.5510772711060027e-10
67450.056 3.2975475037484986e-10
67500.056 3.151018636470635e-10
67550.056 9.966042295202707e-10
67600.056 1.4774403022998207e-09
67650.056 7.9267111153157e-10
67700.056 6.645984005618048e-10
67750.056 4.0843708750008907e-10
67800.056 2.687172097216171e-10
67850.056 3.0129622406200616e-10
67900.056 2.504288094820057e-10
67950.056 2.970321005809884e-10
68000.056 6.265681857019323e-10
68050.056 2.42246112593973e-10
68100.056 5.710072549721529e-10
68150.056 7.404433664698597e-10
68200.056 3.774009213568029e-10
68250.056 2.1444544530300313e-10
68300.056 6.232554314900754e-10
68350.056 7.229721943799386e-10
68400.056 1.0241684061800513e-09
68450.056 1.1512015386399088e-09
68500.056 5.981376216798767e-10
68550.056 3.1040849983197894e-10
68600.056 2.389559652610276e-10
68650.056 2.131020892980228e-10
68700.056 3.8989726932010025e-10
68750.056 5.85652642549983e-10
68800.056 3.640677722998288e-10
68850.056 4.408756113999146e-10
68900.056 1.351262009120068e-09
68950.056 1.4643518254199364e-09
69000.056 4.2604045288187027e-10
69050.056 3.830553377100236e-10
69100.056 1.1409055703300582e-09
69150.056 1.7985806113304156e-09
69200.056 2.0406676630201544e-09
69250.056 1.6137301284197384e-09
69300.056 1.7857440478302971e-09
69350.056 1.8224003159198564e-09
69400.056 7.72585015309103e-10
69450.056 1.4698582077494788e-09
69500.056 9.807038859100298e-10
69550.056 6.558819514699874e-10
69600.056 2.185767350639908e-10
69650.056 6.680066355501211e-10
69700.056 1.1467145636900024e-09
69750.056 5.268298480019894e-10
69800.056 1.4823874073099376e-09
69850.056 1.4418067936803106e-09
69900.056 8.861678119847859e-10
69950.056 8.585009809153215e-10
70000.056 1.0550401805099489e-09
70050.056 2.152442106800389e-09
70100.056 1.637445540233657e-09
70150.056 1.1174021896800367e-09
70200.056 7.736765277797959e-10
70250.056 6.868420234701172e-10
70300.056 1.2419953563971942e-09
70350.056 1.4351273035999057e-09
70400.056 6.345039239698934e-10
70450.056 2.593163135190672e-10
70500.056 7.066213829301645e-10
70550.056 7.257462373200113e-10
70600.056 8.195096828600783e-10
70650.056 1.3065733234599065e-09
70700.056 2.0905775037004054e-09
70750.056 3.034223851900098e-09
70800.056 9.890988675795572e-10
70850.056 1.538600207100416e-09
70900.056 1.81339181015975e-09
70950.056 2.7312410770005476e-09
71000.056 2.5986351749000846e-09
71050.056 2.631529145989709e-09
71100.056 1.9015725596398066e-09
71150.056 8.977368736198053e-10
71200.056 9.224249845298409e-10
71250.056 2.200189222280418e-09
71300.056 3.1436676639997376e-09
71350.056 2.6042168412998638e-09
71400.056 1.8059142869996655e-09
71450.056 6.187937551199493e-10
71500.056 9.036845039499541e-10
71550.056 9.67023973549998e-10
71600.056 9.39842771639875e-10
71650.056 5.386302314610018e-10
71700.056 5.28688001310058e-10
71750.056 1.2795982521003322e-09
71800.056 1.9125968716798654e-09
71850.056 2.317780111700124e-09
71900.056 1.627550758579835e-09
71950.056 1.889877935559493e-09
72000.056 1.4160371736200354e-09
72050.056 6.297983936818411e-10
72100.056 7.710858234001197e-10
72150.056 1.340800266419813e-09
72200.056 1.4242532646001054e-09
72250.056 3.2073188069001166e-09
72300.056 8.811419917808749e-10
72350.056 1.809317660990058e-09
72400.056 1.376502172559987e-09
72450.056 1.3599055382194558e-09
72500.056 1.690139165309879e-09
72550.056 3.8527775400313214e-10
72600.056 6.077758954960669e-10
72650.056 1.2081881565204215e-09
72700.056 5.471051873957843e-10
72750.056 7.795063366799327e-10
72800.056 2.898466681760237e-10
72850.056 5.315979980922517e-10
72900.056 1.8178109460000381e-09
72950.056 6.217356400759001e-10
73000.056 6.844277580317703e-10
73050.056 2.045831349589937e-10
73100.056 2.6563351779424096e-10
73150.056 1.1600418318299003e-09
73200.056 2.370358189464681e-10
73250.056 3.5053941308795805e-10
73300.056 1.900899836208277e-10
73350.056 1.8670042140172713e-10
73400.056 4.815761585600743e-10
73450.056 2.109184913899513e-10
73500.056 1.1214711785542778e-10
73550.056 2.822563358340792e-10
73600.056 3.569625927698526e-10
73650.056 1.9580347265996347e-10
73700.056 1.5985491174638975e-10
73750.056 5.464837784153645e-11
73800.056 1.9084948407857231e-10
73850.056 2.720985133598857e-10
73900.056 7.362333072442503e-11
73950.056 1.3457292865848648e-10
74000.056 3.9576328228647055e-11
74050.056 2.4437716276811153e-10
74100.056 3.4812416656196523e-10
74150.056 2.0469083673893464e-10
74200.056 4.956068190831486e-11
74250.056 1.5735879838811368e-11
74300.056 1.6891869065636735e-10
74350.056 2.919151722910641e-10
74400.056 1.7681608618332214e-10
74450.056 5.4753997160122765e-11
74500.056 2.3946118684659148e-11
74550.056 6.931708322215436e-11
74600.056 1.704369898940481e-10
74650.056 2.2613038499798032e-10
74700.056 1.5062743886204233e-10
74750.056 2.644288195855704e-11
74800.056 4.0454608646886857e-11
74850.056 2.2316922197206344e-10
74900.056 2.735471318569143e-10
74950.056 1.7060899357493426e-10
75000.056 8.438700673186452e-11
75050.056 5.554520919338789e-12
75100.056 1.0330249294763863e-10
75150.056 2.9511467788005447e-10
75200.056 3.3505243188996653e-10
75250.056 1.5217524251590466e-10
75300.056 7.735771748899844e-11
75350.056 1.3501507154784797e-11
75400.056 1.526420232210417e-10
75450.056 3.7061064533005096e-10
75500.056 3.223486517319502e-10
75550.056 1.6627474106927328e-10
75600.056 1.479703212579597e-10
75650.056 6.358840503250408e-11
75700.056 4.052459743400801e-10
75750.056 5.589105056701963e-10
75800.056 4.969224303496105e-10
75850.056 4.0248392043381237e-10
75900.056 3.3068484218587754e-10
75950.056 9.315288108557245e-11
76000.056 5.879355938100925e-10
76050.056 9.151006221499083e-10
76100.056 6.306229488414398e-10
76150.056 6.341243997399813e-10
76200.056 3.40892022479933e-10
76250.056 5.6948927550070114e-11
76300.056 3.248199023100621e-10
76350.056 5.217070108200146e-10
76400.056 3.6168335506796694e-10
76450.056 2.5947679281001887e-10
76500.056 1.500743224639754e-10
76550.056 3.4114102295904757e-11
76600.056 6.265543048363816e-12
76650.056 9.769208083020361e-12
76700.056 1.3476292704021808e-11
76750.056 2.004538688172508e-11
76800.056 4.096985188895166e-11
76850.056 4.61875554889198e-11
76900.056 7.995534243677926e-11
76950.056 6.250318170523406e-11
77000.056 2.1325536011997612e-10
77050.056 4.089537933559331e-11
77100.056 8.384482047059049e-11
77150.056 1.6850994731818484e-10
77200.056 6.971311815900894e-11
77250.056 3.5130007476068114e-11
77300.056 2.1435701006599685e-10
77350.056 1.544537591039002e-10
77400.056 2.940840747801724e-10
77450.056 7.078622608198885e-10
77500.056 3.789204264289563e-10
77550.056 1.2820478876377815e-10
77600.056 2.6448496666371154e-11
77650.056 4.7804472970621165e-11
77700.056 2.1135218735397258e-10
77750.056 3.190689072463688e-10
77800.056 5.033682636200327e-10
77850.056 4.2838724927990883e-10
77900.056 9.590369723163542e-11
77950.056 2.6327277435770178e-11
78000.056 1.0989908843558229e-10
78050.056 1.319800937496788e-10
78100.056 2.8689600617905363e-10
78150.056 5.220795959172411e-10
78200.056 7.498309297699395e-10
78250.056 2.9409475186188867e-10
78300.056 4.9240974223215874e-11
78350.056 1.7547385978405566e-10
78400.056 8.367659480893952e-11
78450.056 1.506725751434664e-10
78500.056 4.695817658043028e-10
78550.056 7.806679006199777e-10
78600.056 4.5626673308991196e-10
78650.056 7.259979006625777e-11
78700.056 8.385761497665938e-11
78750.056 2.1785754284596643e-10
78800.056 9.125191859874131e-11
78850.056 6.280740224167874e-11
78900.056 1.6242480689188207e-10
78950.056 4.272808246100414e-10
79000.056 2.0480062069531626e-10
79050.056 1.8545030816947167e-10
79100.056 3.2059224139006314e-10
79150.056 1.4533653671815162e-10
79200.056 2.0740108439899505e-10
79250.056 9.068613797277659e-11
79300.056 1.4049155258181213e-10
79350.056 2.0698415504899553e-10
79400.056 8.422982117457521e-11
79450.056 4.768708530100723e-10
79500.056 9.36444426570084e-10
79550.056 6.963501665198256e-10
79600.056 2.2295766938365846e-10
79650.056 6.294979005198964e-10
79700.056 2.1760028382100219e-10
79750.056 2.3454732705140017e-10
79800.056 1.996585880117906e-10
79850.056 5.500005960871202e-10
79900.056 1.5121484915503266e-09
79950.056 1.910072714399896e-09
