# %ECSV 1.0
# ---
# datatype:
# - {name: wav, unit: Angstrom, datatype: float64}
# - {name: flux_nu, unit: erg / (cm2 Hz s), datatype: float64}
# meta: {C/O: '1.00', Kzz: '1.0000E+05', Teff: '2400.', Y: '0.28', '[Fe/H]': '0.00', f_hole: '1.00', f_rain: '0.00', grav: '562.'}
# schema: astropy-2.0
wav flux_nu
4000.0559999999996 nan
4050.0559999999996 3.956635783730329e-08
4100.056 4.485402901212158e-08
4150.056 4.006732437688309e-08
4200.056 3.200591225008828e-08
4250.056 2.8838207533792315e-08
4300.056 2.037631986635837e-08
4350.056 2.0453520225651025e-08
4400.056 2.090935337485757e-08
4450.056 1.1917822814101528e-08
4500.056 1.1657531320882415e-08
4550.056 1.4693233501465937e-08
4600.056 1.134598098528805e-08
4650.056 8.240006371749114e-09
4700.056 1.0362396141931993e-08
4750.056 1.2824071523165427e-08
4800.056 6.660395429272551e-09
4850.056 9.091298364604023e-09
4900.056 1.9754917649617483e-08
4950.056 2.3850787475620198e-08
5000.056 8.334275752938963e-09
5050.056 1.3553012889363839e-08
5100.056 2.6307758853946045e-08
5150.056 2.7122086117396977e-08
5200.056 1.4171160912080477e-08
5250.056 2.3044636931167948e-08
5300.056 2.9352763489900387e-08
5350.056 2.8617829832003688e-08
5400.056 3.1774284129099774e-08
5450.056 2.3360006862895963e-08
5500.056 1.665147530569757e-08
5550.056 2.3566373053299903e-08
5600.056 1.715271704560171e-08
5650.056 1.3365882182801301e-08
5700.056 1.734487514970163e-08
5750.056 1.7535071968598392e-08
5800.056 1.7264104501199412e-08
5850.056 8.92683114550047e-09
5900.056 1.3485875587827068e-09
5950.056 9.233851762500158e-09
6000.056 1.834959327799897e-08
6050.056 3.295618691500329e-08
6100.056 4.824112964599978e-08
6150.056 4.879485588788993e-08
6200.056 2.1152562187001373e-08
6250.056 2.2820730197503072e-08
6300.056 3.683425404700194e-08
6350.056 5.1841850397003926e-08
6400.056 6.799810209100409e-08
6450.056 9.336462594397121e-08
6500.056 9.624078967497154e-08
6550.056 1.2471175921097106e-07
6600.056 1.0026801212401049e-07
6650.056 7.042745439101046e-08
6700.056 4.6159406556194735e-08
6750.056 5.630624099200792e-08
6800.056 6.396085138100158e-08
6850.056 8.052443231099498e-08
6900.056 1.0615428012900187e-07
6950.056 1.6188333561099419e-07
7000.056 3.105930572039658e-07
7050.056 2.9931616116503135e-07
7100.056 1.1042622837199144e-07
7150.056 7.263493088801235e-08
7200.056 1.1658359298199238e-07
7250.056 2.0158270917703485e-07
7300.056 3.7886061825008157e-07
7350.056 6.036666955949903e-07
7400.056 8.168774572800861e-07
7450.056 9.152432061199969e-07
7500.056 1.0144631513600496e-06
7550.056 1.0957365043900282e-06
7600.056 6.715874257749611e-07
7650.056 1.624741172950001e-07
7700.056 8.966002910904707e-08
7750.056 3.257713587870588e-07
7800.056 4.3678754084091637e-07
7850.056 5.174809015299887e-07
7900.056 6.386077925500925e-07
7950.056 7.043722386574812e-07
8000.056 9.181970343498624e-07
8050.056 1.3278731187799385e-06
8100.056 1.7788491305802783e-06
8150.056 2.2390272427500096e-06
8200.056 1.4228587611578105e-06
8250.056 1.930055672089864e-06
8300.056 1.6030735467104124e-06
8350.056 1.7035101711404457e-06
8400.056 1.7135777596402494e-06
8450.056 9.615343702798506e-07
8500.056 8.386884372893531e-07
8550.056 1.1182107432900644e-06
8600.056 1.4251341371795314e-06
8650.056 1.8451433577497823e-06
8700.056 2.0298906353801004e-06
8750.056 2.3851189038002563e-06
8800.056 2.9700080111204395e-06
8850.056 2.7487127149301457e-06
8900.056 1.922356596700164e-06
8950.056 2.11735552002669e-06
9000.056 2.59872802102027e-06
9050.056 2.707572034169444e-06
9100.056 3.3286913012801207e-06
9150.056 3.802357523210048e-06
9200.056 3.7240406284207736e-06
9250.056 2.818664514369985e-06
9300.056 2.4605107825602423e-06
9350.056 2.6983262916997384e-06
9400.056 2.927294008300642e-06
9450.056 3.2685654456891865e-06
9500.056 3.797121742099888e-06
9550.056 4.126456211800383e-06
9600.056 4.427482954000687e-06
9650.056 4.8536984806009e-06
9700.056 5.170098549899693e-06
9750.056 4.340867316900055e-06
9800.056 4.612042271399717e-06
9850.056 4.493415863699878e-06
9900.056 3.824833831919855e-06
9950.056 3.5528959512202495e-06
10000.056 3.5787819371198293e-06
10050.056 3.520594301619814e-06
10100.056 4.154571597981284e-06
10150.056 4.080039807779855e-06
10200.056 4.386419847929449e-06
10250.056 4.280117968578634e-06
10300.056 4.184673940709508e-06
10350.056 4.6695446587498045e-06
10400.056 4.9888538879999765e-06
10450.056 5.251308757660699e-06
10500.056 5.421742212108828e-06
10550.056 5.644380462010351e-06
10600.056 6.012847635460328e-06
10650.056 6.00806694217948e-06
10700.056 6.176242155400241e-06
10750.056 6.495305488710396e-06
10800.056 6.798795935639475e-06
10850.056 7.09050168840986e-06
10900.056 7.151415314199601e-06
10950.056 7.110867343698628e-06
11000.056 6.847447684800209e-06
11050.056 5.5532784313997445e-06
11100.056 5.959700379800855e-06
11150.056 6.276823991039621e-06
11200.056 6.354184065320293e-06
11250.056 6.954110406370121e-06
11300.056 6.9791871704000205e-06
11350.056 6.684711543899857e-06
11400.056 4.977152193249896e-06
11450.056 7.093922805399163e-06
11500.056 7.759796081999532e-06
11550.056 7.661045209159895e-06
11600.056 7.889167018399026e-06
11650.056 8.00162557670066e-06
11700.056 6.592739512269899e-06
11750.056 6.855015349159452e-06
11800.056 6.884854522640392e-06
11850.056 8.205660594400159e-06
11900.056 8.49447286429885e-06
11950.056 8.219239545799794e-06
12000.056 7.771156685700434e-06
12050.056 8.40424574800022e-06
12100.056 8.323245912899828e-06
12150.056 8.914192794099715e-06
12200.056 8.913822639599826e-06
12250.056 9.297560365299609e-06
12300.056 9.408549919600815e-06
12350.056 9.416127399900385e-06
12400.056 8.652257471699447e-06
12450.056 7.515085447320083e-06
12500.056 8.053917118398752e-06
12550.056 8.062156495250124e-06
12600.056 8.881092113400027e-06
12650.056 9.108825314899521e-06
12700.056 9.379304215599558e-06
12750.056 9.47936613790008e-06
12800.056 9.917860990799113e-06
12850.056 9.758927737600288e-06
12900.056 9.5650534523992e-06
12950.056 9.755427482599387e-06
13000.056 1.0040073188499242e-05
13050.056 1.0232019282799603e-05
13100.056 1.0248675862799506e-05
13150.056 1.0357930630399678e-05
13200.056 1.0149284088099698e-05
13250.056 9.7316197296001e-06
13300.056 9.035683037828855e-06
13350.056 6.680750181230817e-06
13400.056 6.53127248085024e-06
13450.056 6.070590266573875e-06
13500.056 6.022394713074533e-06
13550.056 5.8482277240040865e-06
13600.056 5.600913370299122e-06
13650.056 5.981628201789948e-06
13700.056 5.689985869270597e-06
13750.056 5.854136302889036e-06
13800.056 6.325240091130935e-06
13850.056 6.245985994519433e-06
13900.056 5.990985341586137e-06
13950.056 5.7975634322500065e-06
14000.056 5.520014437990245e-06
14050.056 5.668583057971145e-06
14100.056 5.214339409330654e-06
14150.056 5.263718495200295e-06
14200.056 4.997611697070501e-06
14250.056 4.9628816975391275e-06
14300.056 5.029810465529254e-06
14350.056 5.105230896940388e-06
14400.056 5.240114472180202e-06
14450.056 5.43336384538035e-06
14500.056 5.709568149189605e-06
14550.056 5.727313467289818e-06
14600.056 5.948919319981149e-06
14650.056 5.856939856398243e-06
14700.056 5.528707808839467e-06
14750.056 5.762851830070706e-06
14800.056 5.825549519630949e-06
14850.056 6.1541411929790435e-06
14900.056 6.135232568509558e-06
14950.056 6.177394305400925e-06
15000.056 6.301597896000632e-06
15050.056 6.748606495899103e-06
15100.056 6.67590132080061e-06
15150.056 6.698078839900363e-06
15200.056 7.068098599499618e-06
15250.056 7.069625578799835e-06
15300.056 7.295055111399968e-06
15350.056 7.488270266600187e-06
15400.056 7.593821154500017e-06
15450.056 7.810758908200376e-06
15500.056 7.907238081599317e-06
15550.056 8.172222710999639e-06
15600.056 8.175632549000811e-06
15650.056 8.394707828499941e-06
15700.056 8.744310253701819e-06
15750.056 8.955198141499285e-06
15800.056 9.045037542100822e-06
15850.056 8.53568955650077e-06
15900.056 8.739584418700571e-06
15950.056 8.816819174600013e-06
16000.056 8.946992560899657e-06
16050.056 9.164719175400722e-06
16100.056 9.334247620300225e-06
16150.056 9.164091547100247e-06
16200.056 9.418606579799707e-06
16250.056 9.331380893999906e-06
16300.056 9.440550825300102e-06
16350.056 9.830278311899518e-06
16400.056 9.674789212501003e-06
16450.056 9.934227369400612e-06
16500.056 1.0110318574200341e-05
16550.056 1.0476079742299333e-05
16600.056 1.0118452217500378e-05
16650.056 1.0687639288700828e-05
16700.056 1.0397129737198729e-05
16750.056 1.048349837969947e-05
16800.056 1.0683097695400117e-05
16850.056 1.077175651509935e-05
16900.056 1.0528305938900412e-05
16950.056 1.049512966479893e-05
17000.056 1.0491204984500943e-05
17050.056 1.0375502826700626e-05
17100.056 1.0040879149700273e-05
17150.056 9.925751429900312e-06
17200.056 9.396256460699626e-06
17250.056 9.056723989999848e-06
17300.056 9.190762433898968e-06
17350.056 8.920408320600622e-06
17400.056 8.913183868779915e-06
17450.056 8.528035666897064e-06
17500.056 8.279313674899358e-06
17550.056 8.119566923430884e-06
17600.056 7.8904441334603e-06
17650.056 8.00624713553905e-06
17700.056 7.2007494362287824e-06
17750.056 7.1005134040297494e-06
17800.056 6.949854202791409e-06
17850.056 6.67455335900062e-06
17900.056 6.705522350800176e-06
17950.056 6.561456020859428e-06
18000.056 6.180849991380578e-06
18050.056 6.241001692251862e-06
18100.056 6.05840361076966e-06
18150.056 6.4721634339317645e-06
18200.056 5.747495127270047e-06
18250.056 6.400115561089033e-06
18300.056 6.183775695379616e-06
18350.056 6.0460796745300395e-06
18400.056 5.9033757260000935e-06
18450.056 5.451336052102328e-06
18500.056 5.617081611080663e-06
18550.056 5.361236405129969e-06
18600.056 4.703455718008265e-06
18650.056 5.319652713191051e-06
18700.056 5.648662845660837e-06
18750.056 5.4138139835618574e-06
18800.056 5.518639115361807e-06
18850.056 6.125093955819427e-06
18900.056 5.904929384758173e-06
18950.056 5.974489859809529e-06
19000.056 6.265473275048961e-06
19050.056 6.123912168610149e-06
19100.056 6.2272332697916266e-06
19150.056 6.402175648609872e-06
19200.056 6.355440893111486e-06
19250.056 6.143330331818921e-06
19300.056 6.388719393449244e-06
19350.056 6.479699033419479e-06
19400.056 5.962975675228936e-06
19450.056 6.440878865130715e-06
19500.056 6.482170087809512e-06
19550.056 5.856094476610926e-06
19600.056 6.418888097869233e-06
19650.056 6.314496378977187e-06
19700.056 6.34158426651032e-06
19750.056 5.9698450355102755e-06
19800.056 6.2292098568793225e-06
19850.056 6.2070773455509345e-06
19900.056 5.792882081711611e-06
19950.056 6.354274257679664e-06
20000.056 5.759659133030748e-06
20050.056 6.103827143831261e-06
20100.056 6.093869206447092e-06
20150.056 6.069897725821229e-06
20200.056 6.167973689158796e-06
20250.056 6.320756489329887e-06
20300.056 6.3520137707006065e-06
20350.056 6.410042275199267e-06
20400.056 6.39587971089739e-06
20450.056 6.5788216879992685e-06
20500.056 6.611360918799939e-06
20550.056 6.727435585199616e-06
20600.056 6.952761845300467e-06
20650.056 6.788541099900792e-06
20700.056 7.0344672374003135e-06
20750.056 7.046144272999248e-06
20800.056 7.264725411000023e-06
20850.056 7.206289865900044e-06
20900.056 7.485428008599932e-06
20950.056 7.52561371789953e-06
21000.056 7.733275740199635e-06
21050.056 7.807382516900201e-06
21100.056 7.819112977800029e-06
21150.056 8.083899433000247e-06
21200.056 8.109052841500403e-06
21250.056 8.353876627199338e-06
21300.056 8.173156342000026e-06
21350.056 8.555975701700399e-06
21400.056 8.368645345300251e-06
21450.056 8.961336315800056e-06
21500.056 8.609618611300292e-06
21550.056 8.811466819099558e-06
21600.056 8.998771602900545e-06
21650.056 8.991448907600314e-06
21700.056 9.232832761499684e-06
21750.056 9.10882922230003e-06
21800.056 9.154838115599656e-06
21850.056 9.227869965999779e-06
21900.056 9.403290803900662e-06
21950.056 9.314054035600278e-06
22000.056 9.556786047399577e-06
22050.056 9.118364032499337e-06
22100.056 9.36309439269972e-06
22150.056 9.61014818440053e-06
22200.056 9.446584531001009e-06
22250.056 9.854629145400456e-06
22300.056 9.749197881899827e-06
22350.056 9.561373172300241e-06
22400.056 9.882627757300094e-06
22450.056 9.776738493699331e-06
22500.056 9.87373815429984e-06
22550.056 9.831987240999127e-06
22600.056 9.80391476389971e-06
22650.056 9.782180971001145e-06
22700.056 9.767102307301136e-06
22750.056 9.998489627899487e-06
22800.056 9.730053851700034e-06
22850.056 9.871666479200527e-06
22900.056 1.0001273940199546e-05
22950.056 7.886222769500794e-06
23000.056 8.648109269180371e-06
23050.056 8.897512051548836e-06
23100.056 8.650854832759974e-06
23150.056 8.850541036840651e-06
23200.056 8.797610786300225e-06
23250.056 7.469769044168553e-06
23300.056 8.012386121730132e-06
23350.056 8.169462231679992e-06
23400.056 8.014327485800271e-06
23450.056 8.203276492400431e-06
23500.056 8.088174683198795e-06
23550.056 7.191080085701883e-06
23600.056 7.390879927921339e-06
23650.056 7.875244148798943e-06
23700.056 7.76189701505846e-06
23750.056 7.790781269500769e-06
23800.056 7.692637422620878e-06
23850.056 6.676495886440554e-06
23900.056 7.125677611579757e-06
23950.056 7.314897910101609e-06
24000.056 6.932340961468722e-06
24050.056 6.828878922531123e-06
24100.056 6.392620165688472e-06
24150.056 6.243991604680733e-06
24200.056 6.279746205198552e-06
24250.056 6.1916725299903705e-06
24300.056 5.967743060900387e-06
24350.056 5.654220121240165e-06
24400.056 6.0378901514998585e-06
24450.056 5.612146712629974e-06
24500.056 5.251816308290537e-06
24550.056 5.155260989610061e-06
24600.056 5.151876600460767e-06
24650.056 5.550963889619956e-06
24700.056 4.847501928990056e-06
24750.056 4.635798887990807e-06
24800.056 4.575042719850178e-06
24850.056 5.122532366570352e-06
24900.056 4.211581895671994e-06
24950.056 5.0133372924395475e-06
25000.056 4.528149973660433e-06
25050.056 3.8606372912908845e-06
25100.056 4.499539675259776e-06
25150.056 4.030449147119879e-06
25200.056 4.262709227939606e-06
25250.056 4.102873813748964e-06
25300.056 4.260691585410441e-06
25350.056 3.7857240068599393e-06
25400.056 4.0267185376514655e-06
25450.056 3.818896946990048e-06
25500.056 4.007724807401265e-06
25550.056 3.837066627100107e-06
25600.056 3.908241035400036e-06
25650.056 3.6062560315397844e-06
25700.056 4.2905300400585575e-06
25750.056 3.4359800679506166e-06
25800.056 4.0519523832605195e-06
25850.056 3.87927486418966e-06
25900.056 4.0676966849310276e-06
25950.056 3.7723728776206285e-06
26000.056 4.011486513970876e-06
26050.056 4.322757163479965e-06
26100.056 4.181116321580715e-06
26150.056 4.232102268589006e-06
26200.056 4.011038682930285e-06
26250.056 4.129487643810667e-06
26300.056 4.165297969269758e-06
26350.056 4.120516506979737e-06
26400.056 4.195499342229498e-06
26450.056 4.133809836290295e-06
26500.056 4.317524835898909e-06
26550.056 4.416741625809265e-06
26600.056 4.897217985259111e-06
26650.056 4.1674082989691915e-06
26700.056 4.23894804082976e-06
26750.056 3.9680055980184926e-06
26800.056 4.264855386118985e-06
26850.056 3.726756518970582e-06
26900.056 4.441272200179904e-06
26950.056 3.3150003791501195e-06
27000.056 4.1912417463106775e-06
27050.056 3.6595142846994447e-06
27100.056 3.676597488229383e-06
27150.056 3.820204149019912e-06
27200.056 3.806359040570652e-06
27250.056 3.4757478550014455e-06
27300.056 3.828256699840366e-06
27350.056 3.7184784456387663e-06
27400.056 3.323541091010004e-06
27450.056 4.025708437438773e-06
27500.056 3.7011528968803383e-06
27550.056 3.639110458449843e-06
27600.056 3.976327228549635e-06
27650.056 3.3855761770797495e-06
27700.056 3.3438822755702773e-06
27750.056 4.063432103428155e-06
27800.056 3.2488869038300164e-06
27850.056 3.464718782708985e-06
27900.056 3.4717840057999263e-06
27950.056 3.915476599709712e-06
28000.056 3.719584918140892e-06
28050.056 3.065057748740657e-06
28100.056 3.999119856501678e-06
28150.056 3.3674131481501074e-06
28200.056 2.9915604408801205e-06
28250.056 3.5442255894599426e-06
28300.056 3.942442976990896e-06
28350.056 3.3380168681489243e-06
28400.056 3.477081758680117e-06
28450.056 3.48253025090951e-06
28500.056 3.5521087443294427e-06
28550.056 2.8501729878591733e-06
28600.056 3.9368546653303875e-06
28650.056 3.6929880472597532e-06
28700.056 3.315239420319538e-06
28750.056 3.629382950259705e-06
28800.056 3.5994708387205264e-06
28850.056 3.6496847628702865e-06
28900.056 3.088194162940232e-06
28950.056 4.024328111419577e-06
29000.056 3.4018923412291004e-06
29050.056 3.5532143579000826e-06
29100.056 3.0103699022102796e-06
29150.056 3.705613480400103e-06
29200.056 3.3521792817202706e-06
29250.056 3.5539794330798905e-06
29300.056 3.181369949448834e-06
29350.056 3.945082662699663e-06
29400.056 3.4311496123198435e-06
29450.056 3.3462089468499166e-06
29500.056 3.5400104166796915e-06
29550.056 3.449766764500328e-06
29600.056 3.661085479899959e-06
29650.056 3.501428512259945e-06
29700.056 3.278635419809862e-06
29750.056 3.847627792500974e-06
29800.056 3.799539590129737e-06
29850.056 3.5973004097596356e-06
29900.056 3.319239285880844e-06
29950.056 3.917982270399441e-06
30000.056 3.8148463972690295e-06
30050.056 3.6201682364000707e-06
30100.056 3.0886420958293103e-06
30150.056 4.29899547299983e-06
30200.056 3.9403579637502294e-06
30250.056 3.7347005925005614e-06
30300.056 3.6960952664997728e-06
30350.056 3.758357673300673e-06
30400.056 4.250417499700467e-06
30450.056 3.4748789853004103e-06
30500.056 3.428398588540405e-06
30550.056 4.307429052600553e-06
30600.056 4.074466511500333e-06
30650.056 4.085569677000225e-06
30700.056 3.7869779252398867e-06
30750.056 3.762893254700079e-06
30800.056 4.3942221385009885e-06
30850.056 3.883945435700033e-06
30900.056 3.8241130715997925e-06
30950.056 3.7713366083502575e-06
31000.056 4.296644067299933e-06
31050.056 3.890983555200119e-06
31100.056 4.047583071700013e-06
31150.056 4.120474128599598e-06
31200.056 4.153009365699597e-06
31250.056 4.5283777126007405e-06
31300.056 4.040681099499782e-06
31350.056 4.014926475320009e-06
31400.056 4.204785986800561e-06
31450.056 4.200607974300199e-06
31500.056 4.309290284900398e-06
31550.056 3.967021154199921e-06
31600.056 4.178455921499856e-06
31650.056 4.356023814799801e-06
31700.056 4.364204706899929e-06
31750.056 4.019989015200019e-06
31800.056 4.378766123900276e-06
31850.056 4.7357014037999425e-06
31900.056 4.618431667399605e-06
31950.056 4.028109675099778e-06
32000.056 4.171822159200654e-06
32050.056 4.6334732641004846e-06
32100.056 4.71781409509962e-06
32150.056 4.673648323299958e-06
32200.056 4.493273637699979e-06
32250.056 4.333191000800132e-06
32300.056 4.604135123200057e-06
32350.056 4.890556149700643e-06
32400.056 4.486656763699912e-06
32450.056 4.384248766000321e-06
32500.056 4.714107094000163e-06
32550.056 5.0512840530001e-06
32600.056 4.9384849928997015e-06
32650.056 4.822202565600956e-06
32700.056 4.6689824971001515e-06
32750.056 4.8096538992000044e-06
32800.056 4.478661662800423e-06
32850.056 5.118903258699729e-06
32900.056 4.97266082170016e-06
32950.056 4.512351939799853e-06
33000.056 4.833272358800228e-06
33050.056 4.883371089299525e-06
33100.056 4.9300429992990035e-06
33150.056 4.945032623300156e-06
33200.056 4.726867770800646e-06
33250.056 5.011463612500425e-06
33300.056 5.365043486400273e-06
33350.056 5.042704552100135e-06
33400.056 4.702977707199575e-06
33450.056 5.01861655359891e-06
33500.056 5.080450117500178e-06
33550.056 4.953323580099422e-06
33600.056 5.048021018400565e-06
33650.056 5.124892746300848e-06
33700.056 5.268650430199404e-06
33750.056 5.2180327507002195e-06
33800.056 5.092398741500065e-06
33850.056 5.055496622700147e-06
33900.056 5.554884070799478e-06
33950.056 5.076973611699482e-06
34000.056 5.0961648083991895e-06
34050.056 5.24363202880009e-06
34100.056 5.363917427900566e-06
34150.056 5.2831481648993915e-06
34200.056 5.112963351699488e-06
34250.056 5.569466940799349e-06
34300.056 5.261233264099611e-06
34350.056 5.3950139781995615e-06
34400.056 5.21058009059957e-06
34450.056 5.031813150600217e-06
34500.056 5.375030686400903e-06
34550.056 5.2039054534997795e-06
34600.056 5.306394446799825e-06
34650.056 5.388924264199949e-06
34700.056 5.263215845599385e-06
34750.056 5.558357887700264e-06
34800.056 5.553552384299691e-06
34850.056 5.189655908399917e-06
34900.056 5.454286947300278e-06
34950.056 5.3657580664992485e-06
35000.056 5.242878160199538e-06
35050.056 5.774110830400649e-06
35100.056 5.532187938999315e-06
35150.056 5.495327268999596e-06
35200.056 5.5162471864998186e-06
35250.056 5.166420124700513e-06
35300.056 5.537778891000456e-06
35350.056 5.687601199899716e-06
35400.056 5.428247746199714e-06
35450.056 5.390620864800193e-06
35500.056 5.659711366700079e-06
35550.056 5.512131941799838e-06
35600.056 5.378156278899203e-06
35650.056 5.780970186100547e-06
35700.056 5.424896357500309e-06
35750.056 5.457216304999644e-06
35800.056 5.672766635899692e-06
35850.056 5.684389127299911e-06
35900.056 5.8495227786995805e-06
35950.056 5.663002234099556e-06
36000.056 5.337783329299481e-06
36050.056 5.827026701600248e-06
36100.056 6.007673691999883e-06
36150.056 5.4227126072004405e-06
36200.056 5.818016826799567e-06
36250.056 5.549920034899359e-06
36300.056 6.089823525300619e-06
36350.056 5.8135078882993255e-06
36400.056 5.75447381669993e-06
36450.056 6.083299801299694e-06
36500.056 5.705869627100295e-06
36550.056 5.662303671700561e-06
36600.056 5.624032195500425e-06
36650.056 5.826104001600501e-06
36700.056 6.108115394000055e-06
36750.056 5.614187856000562e-06
36800.056 5.82408480059974e-06
36850.056 5.959703336100003e-06
36900.056 5.922559367300617e-06
36950.056 5.9133757481000885e-06
37000.056 5.979415993700012e-06
37050.056 6.119440343199823e-06
37100.056 5.8824979989004356e-06
37150.056 5.884894506699111e-06
37200.056 6.021473801700045e-06
37250.056 6.068781261100182e-06
37300.056 6.0984009634008475e-06
37350.056 5.7891218222005265e-06
37400.056 6.0541935828998355e-06
37450.056 5.974342451500285e-06
37500.056 6.201632854399726e-06
37550.056 6.016316465699208e-06
37600.056 6.253903514199465e-06
37650.056 5.863917972699635e-06
37700.056 6.031534000600141e-06
37750.056 6.192770625299311e-06
37800.056 6.273854296799889e-06
37850.056 6.148773162899842e-06
37900.056 6.1976302291003624e-06
37950.056 6.232941183900254e-06
38000.056 6.184299347200534e-06
38050.056 6.16081961900039e-06
38100.056 6.008721686000209e-06
38150.056 6.304287728399463e-06
38200.056 6.367245480299475e-06
38250.056 6.0545708678005375e-06
38300.056 5.994349174899939e-06
38350.056 6.178345694900008e-06
38400.056 6.256141295699848e-06
38450.056 6.2747866934004445e-06
38500.056 6.14563903639978e-06
38550.056 6.202883718500388e-06
38600.056 6.5681292281998045e-06
38650.056 5.963913052600158e-06
38700.056 6.031983056000675e-06
38750.056 6.298717290199945e-06
38800.056 6.176186503600762e-06
38850.056 6.249097549900147e-06
38900.056 6.003121893199975e-06
38950.056 6.255695158399802e-06
39000.056 6.16526300040008e-06
39050.056 6.217867782699957e-06
39100.056 5.952921694099988e-06
39150.056 6.082892938100208e-06
39200.056 6.195396363700173e-06
39250.056 6.18946888859944e-06
39300.056 6.205934528999233e-06
39350.056 6.140412934700451e-06
39400.056 6.056292069100131e-06
39450.056 6.117143348599892e-06
39500.056 6.006992795599846e-06
39550.056 5.909722878799128e-06
39600.056 6.286304139300209e-06
39650.056 5.856983555700172e-06
39700.056 6.005759965099979e-06
39750.056 6.076973336799538e-06
39800.056 5.763839327000273e-06
39850.056 5.941395594899788e-06
39900.056 5.788488455799693e-06
39950.056 6.001177690699791e-06
40000.056 5.716608681499695e-06
40050.056 5.451687394999913e-06
40100.056 5.753018300099864e-06
40150.056 5.439954874399183e-06
40200.056 5.682796773199799e-06
40250.056 5.568835174298701e-06
40300.056 5.346162020200305e-06
40350.056 5.497467031900126e-06
40400.056 5.559485254700123e-06
40450.056 5.1991904590006975e-06
40500.056 5.015276124700023e-06
40550.056 5.598521818799638e-06
40600.056 5.1031479558003325e-06
40650.056 5.339145274600841e-06
40700.056 5.553156393800178e-06
40750.056 4.99808095179887e-06
40800.056 4.964769509000402e-06
40850.056 4.722635860400939e-06
40900.056 4.6722094607005885e-06
40950.056 4.9690321574e-06
41000.056 5.109803925000213e-06
41050.056 5.047121592399186e-06
41100.056 4.794494109200278e-06
41150.056 5.10474293290017e-06
41200.056 4.852723753800093e-06
41250.056 4.934744923500198e-06
41300.056 4.457106162499663e-06
41350.056 5.003158761300202e-06
41400.056 4.7764721418000425e-06
41450.056 4.683870822100053e-06
41500.056 4.937993828900178e-06
41550.056 4.887213063000124e-06
41600.056 4.9290429306999756e-06
41650.056 4.556546713900466e-06
41700.056 4.442526445999678e-06
41750.056 4.7595313657000245e-06
41800.056 4.633629280999849e-06
41850.056 4.288987835000476e-06
41900.056 4.777767949699443e-06
41950.056 4.544847407100372e-06
42000.056 4.6514020999003055e-06
42050.056 4.352655147499008e-06
42100.056 4.718260942800293e-06
42150.056 4.1738690848994965e-06
42200.056 4.216911333400186e-06
42250.056 4.62444566739981e-06
42300.056 4.343198409900063e-06
42350.056 4.633590426100648e-06
42400.056 4.297431962600106e-06
42450.056 3.937928334600176e-06
42500.056 3.9768692313002265e-06
42550.056 4.244819517799771e-06
42600.056 4.183297248200473e-06
42650.056 4.196745739699074e-06
42700.056 4.244516068200501e-06
42750.056 4.062410131599965e-06
42800.056 4.182930440200135e-06
42850.056 4.3752596648996825e-06
42900.056 4.2787972707002956e-06
42950.056 3.7496542218988164e-06
43000.056 4.028826678600058e-06
43050.056 3.8097659899011796e-06
43100.056 3.952786924899516e-06
43150.056 4.055862963000757e-06
43200.056 3.843298627199898e-06
43250.056 3.952615257100759e-06
43300.056 3.948810119300145e-06
43350.056 3.744355518099386e-06
43400.056 3.691694612099784e-06
43450.056 3.7100319137006026e-06
43500.056 3.628361754699339e-06
43550.056 3.638488832599942e-06
43600.056 3.818629889300115e-06
43650.056 3.4869313808202217e-06
43700.056 3.5179596945001032e-06
43750.056 3.5328620254000383e-06
43800.056 3.3834586417999143e-06
43850.056 3.4616820543004817e-06
43900.056 3.5223050159799437e-06
43950.056 3.3523230059101564e-06
44000.056 3.1367596324000887e-06
44050.056 3.12869082000011e-06
44100.056 3.245151982900583e-06
44150.056 3.4414274068997204e-06
44200.056 3.158760607470228e-06
44250.056 3.1189720825997996e-06
44300.056 3.0194082655005893e-06
44350.056 2.9737918429002004e-06
44400.056 3.0566421871999188e-06
44450.056 3.214018583300187e-06
44500.056 3.161716890200455e-06
44550.056 2.8874668069194004e-06
44600.056 2.919970803340354e-06
44650.056 3.1352503632599183e-06
44700.056 2.915947618800229e-06
44750.056 3.069970500499606e-06
44800.056 3.0194437888999686e-06
44850.056 3.072430696300261e-06
44900.056 2.9135200218003295e-06
44950.056 2.707638016720095e-06
45000.056 2.9588303082999896e-06
45050.056 2.8943861722996362e-06
45100.056 3.0488871249999317e-06
45150.056 2.896594186960047e-06
45200.056 2.6819665860998466e-06
45250.056 2.772207479029695e-06
45300.056 2.9168349891000942e-06
45350.056 2.9802577077196054e-06
45400.056 2.865032811540314e-06
45450.056 2.680252685579581e-06
45500.056 2.7353641578998e-06
45550.056 2.9875460751997204e-06
45600.056 2.836911785499956e-06
45650.056 2.628347072699441e-06
45700.056 2.823327139100334e-06
45750.056 2.7334951206799102e-06
45800.056 2.7029350589999223e-06
45850.056 3.0567679096000306e-06
45900.056 2.9324734578799796e-06
45950.056 2.672584131039937e-06
46000.056 3.026312417209999e-06
46050.056 3.1191600358007537e-06
46100.056 2.672099564090138e-06
46150.056 2.726934589059903e-06
46200.056 2.9692572634406657e-06
46250.056 2.5781993083299555e-06
46300.056 3.118050034039938e-06
46350.056 2.667114828199779e-06
46400.056 2.849730867999721e-06
46450.056 2.7824641918004964e-06
46500.056 2.6880006192399053e-06
46550.056 3.002660846299901e-06
46600.056 2.815248501799887e-06
46650.056 3.267416290179915e-06
46700.056 3.1447750881608645e-06
46750.056 2.7071237838300087e-06
46800.056 2.9179371907004514e-06
46850.056 2.98062783607007e-06
46900.056 2.8873897135795454e-06
46950.056 3.183394883510136e-06
47000.056 2.8990557717000372e-06
47050.056 3.030123628199786e-06
47100.056 2.7324589230000392e-06
47150.056 2.9484735386003784e-06
47200.056 2.886241775600718e-06
47250.056 2.849809473299404e-06
47300.056 2.9635640957993333e-06
47350.056 2.5951911999796195e-06
47400.056 2.9488821060994395e-06
47450.056 3.024161117599909e-06
47500.056 2.8453041287994676e-06
47550.056 2.8361880819796024e-06
47600.056 3.0405441965998185e-06
47650.056 2.4248709237094667e-06
47700.056 3.0415728660599304e-06
47750.056 2.3509397903606378e-06
47800.056 3.009851766099806e-06
47850.056 2.443538615999323e-06
47900.056 3.0895871981000947e-06
47950.056 2.454765864690566e-06
48000.056 3.2385422849000446e-06
48050.056 2.598633211720402e-06
48100.056 2.7871669612999785e-06
48150.056 2.566815753860251e-06
48200.056 3.067865607100529e-06
48250.056 2.613551803859911e-06
48300.056 3.2108692538998584e-06
48350.056 2.3511155785594426e-06
48400.056 2.9688504019499322e-06
48450.056 2.6197737750001717e-06
48500.056 3.1894231485000015e-06
48550.056 2.3988498924899734e-06
48600.056 3.0989626424997487e-06
48650.056 2.4197502379999757e-06
48700.056 2.934771605700085e-06
48750.056 2.2322964204202862e-06
48800.056 3.1251599816101824e-06
48850.056 2.405900419439571e-06
48900.056 3.0228532598001504e-06
48950.056 2.7380896572001735e-06
49000.056 2.7295970448599235e-06
49050.056 2.838497380599793e-06
49100.056 2.6873669085601235e-06
49150.056 2.6826718440999597e-06
49200.056 2.762139016249874e-06
49250.056 2.6828743179001297e-06
49300.056 2.5044658114996284e-06
49350.056 2.5520647408999226e-06
49400.056 2.9487943928002984e-06
49450.056 2.5983973341505604e-06
49500.056 2.6313600184003657e-06
49550.056 2.4586169326998708e-06
49600.056 2.5371507006803254e-06
49650.056 2.6305266208002823e-06
49700.056 2.317734640379761e-06
49750.056 3.1909024483995825e-06
49800.056 2.6028415826600383e-06
49850.056 3.0373098943400742e-06
49900.056 2.549563684600072e-06
49950.056 2.6498144175994585e-06
50000.056 2.5721149670594317e-06
50050.056 2.6733997609001e-06
50100.056 2.7404250984998484e-06
50150.056 2.4929546680999503e-06
50200.056 2.3377279977001624e-06
50250.056 2.496012312390231e-06
50300.056 2.4222206891397107e-06
50350.056 2.7103794230099246e-06
50400.056 2.5444657953999953e-06
50450.056 2.4469271004602505e-06
50500.056 3.0439052418003454e-06
50550.056 2.5487701334998376e-06
50600.056 2.6663805913001563e-06
50650.056 2.55487310320054e-06
50700.056 2.783917705599476e-06
50750.056 2.7769619119002747e-06
50800.056 2.2504677549598095e-06
50850.056 2.582640128400285e-06
50900.056 2.594102637899916e-06
50950.056 2.6726546172004333e-06
51000.056 2.9722394375002758e-06
51050.056 2.4498086944203293e-06
51100.056 2.436031676799894e-06
51150.056 2.7283241540600825e-06
51200.056 2.482068718099889e-06
51250.056 2.750132967000104e-06
51300.056 2.4081697346905586e-06
51350.056 2.6651365230998725e-06
51400.056 2.6050464945994024e-06
51450.056 1.988927033269723e-06
51500.056 2.6591482595400465e-06
51550.056 3.0164345173002217e-06
51600.056 2.1655418594899194e-06
51650.056 2.628065636199683e-06
51700.056 2.377670345539287e-06
51750.056 2.366996198700109e-06
51800.056 2.682218353099647e-06
51850.056 2.643408439499763e-06
51900.056 2.7768546022002686e-06
51950.056 2.522250971599749e-06
52000.056 2.2946371437100124e-06
52050.056 2.656054746819797e-06
52100.056 2.5607765460995843e-06
52150.056 2.565036373280265e-06
52200.056 2.469346570810123e-06
52250.056 2.4442183365999533e-06
52300.056 2.5625602990999553e-06
52350.056 2.785199273200234e-06
52400.056 2.198467179570106e-06
52450.056 2.457539483200038e-06
52500.056 2.655813655999401e-06
52550.056 2.4672546640994933e-06
52600.056 2.5812402090000936e-06
52650.056 2.841983343400432e-06
52700.056 2.4695590759000847e-06
52750.056 2.1653478746998433e-06
52800.056 2.363871765700166e-06
52850.056 2.2680296324999735e-06
52900.056 2.56801203088018e-06
52950.056 2.402662481599672e-06
53000.056 2.666583557879694e-06
53050.056 2.555930701759632e-06
53100.056 2.295101389199616e-06
53150.056 2.716714001000438e-06
53200.056 2.083575704590372e-06
53250.056 2.711534487499959e-06
53300.056 2.6528945772006796e-06
53350.056 2.697544390299732e-06
53400.056 2.408123224600149e-06
53450.056 2.3500709785000575e-06
53500.056 2.123210869909684e-06
53550.056 2.6027960096999636e-06
53600.056 2.606762568000375e-06
53650.056 2.2577002150204305e-06
53700.056 2.34586197383049e-06
53750.056 2.630057482049815e-06
53800.056 2.5323573070003303e-06
53850.056 2.635055147499204e-06
53900.056 2.1181480690005026e-06
53950.056 2.623141995999888e-06
54000.056 2.6908726646000473e-06
54050.056 2.216540905940228e-06
54100.056 2.1506848678998106e-06
54150.056 2.3614621371601425e-06
54200.056 2.1677984940800375e-06
54250.056 2.361337581200049e-06
54300.056 2.0709927836796706e-06
54350.056 2.332954040809725e-06
54400.056 2.5975880545998344e-06
54450.056 2.4963697607694324e-06
54500.056 2.3758602917499495e-06
54550.056 2.2962825503999223e-06
54600.056 2.3755930381199023e-06
54650.056 2.2597947895796886e-06
54700.056 2.3947223083002547e-06
54750.056 2.4956151488000855e-06
54800.056 2.2072344808998844e-06
54850.056 2.2950606101895837e-06
54900.056 2.4055765136004406e-06
54950.056 2.4500197098002154e-06
55000.056 2.37354989100015e-06
55050.056 2.6595578516899033e-06
55100.056 2.274339923999982e-06
55150.056 2.205063700839632e-06
55200.056 2.2328975570797564e-06
55250.056 2.0415922311995037e-06
55300.056 2.203623099749872e-06
55350.056 2.3693994049003093e-06
55400.056 2.4564637236002007e-06
55450.056 2.388459359829495e-06
55500.056 2.0102065834601135e-06
55550.056 2.3360270690996814e-06
55600.056 2.3317576607299717e-06
55650.056 2.053518318650207e-06
55700.056 2.2881675848998896e-06
55750.056 2.5030943856998945e-06
55800.056 2.1734378137200234e-06
55850.056 2.107092947349611e-06
55900.056 2.2455135483800026e-06
55950.056 2.723741412200076e-06
56000.056 2.0946516502595455e-06
56050.056 2.4601697425598747e-06
56100.056 2.3313317937698043e-06
56150.056 2.0948736801602187e-06
56200.056 2.270574643799699e-06
56250.056 2.0483453441701195e-06
56300.056 2.407537879749837e-06
56350.056 2.5685831925001788e-06
56400.056 2.4837362668400353e-06
56450.056 2.2153917351000585e-06
56500.056 2.0923440137100886e-06
56550.056 2.0810251036002365e-06
56600.056 2.3575742539996697e-06
56650.056 2.0920497096001273e-06
56700.056 2.5155495334005986e-06
56750.056 2.1212668807000046e-06
56800.056 2.1541689329102995e-06
56850.056 2.090421481580335e-06
56900.056 2.2981590714198375e-06
56950.056 2.2278718959000713e-06
57000.056 2.2213476309002546e-06
57050.056 2.6401654598998987e-06
57100.056 1.90193534773987e-06
57150.056 2.208577582739979e-06
57200.056 1.9925397917000863e-06
57250.056 2.2359094216799356e-06
57300.056 2.187492272900267e-06
57350.056 1.896278380749967e-06
57400.056 2.2599963040899694e-06
57450.056 2.22291585045984e-06
57500.056 2.556716767800008e-06
57550.056 2.3264637274401157e-06
57600.056 2.639002598199567e-06
57650.056 1.905593287580061e-06
57700.056 2.1734172014002276e-06
57750.056 2.251264827989942e-06
57800.056 1.89607852125951e-06
57850.056 2.2347701636001326e-06
57900.056 2.3836128751000678e-06
57950.056 2.10590463999977e-06
58000.056 2.159421296980063e-06
58050.056 2.2941479280999977e-06
58100.056 2.5087046600097186e-06
58150.056 2.2385763045002916e-06
58200.056 1.9335374247300607e-06
58250.056 2.3655604173999357e-06
58300.056 1.8015336083198155e-06
58350.056 2.0250103983000393e-06
58400.056 2.0951634672002793e-06
58450.056 2.1353761389000898e-06
58500.056 2.1771101510001063e-06
58550.056 2.296233789300367e-06
58600.056 2.1866487252997434e-06
58650.056 2.2775737234698196e-06
58700.056 2.2248129795995876e-06
58750.056 2.209364733700104e-06
58800.056 1.9291085676603576e-06
58850.056 2.104773976220049e-06
58900.056 2.3463255572000448e-06
58950.056 2.1151043308294584e-06
59000.056 2.0647577389199137e-06
59050.056 2.0771963141998623e-06
59100.056 2.240036140519763e-06
59150.056 2.354484150410111e-06
59200.056 2.267795639000128e-06
59250.056 2.4603545036001944e-06
59300.056 2.338278357100384e-06
59350.056 2.208916397690106e-06
59400.056 2.017435003319714e-06
59450.056 2.1369366795500962e-06
59500.056 1.928936683999818e-06
59550.056 2.3077820609399494e-06
59600.056 2.2022283853899073e-06
59650.056 2.45804552155998e-06
59700.056 1.919785059820157e-06
59750.056 2.335062074899802e-06
59800.056 2.306960150599979e-06
59850.056 2.149475333639999e-06
59900.056 2.1602707470396777e-06
59950.056 2.149099743520488e-06
60000.056 2.519897842700128e-06
60050.056 2.2796331707001303e-06
60100.056 2.4365864526998174e-06
60150.056 2.263203232379775e-06
60200.056 2.3284954418098386e-06
60250.056 2.184154460440186e-06
60300.056 2.083941189009783e-06
60350.056 2.0719843996899025e-06
60400.056 2.2349960326998214e-06
60450.056 2.0538400695398375e-06
60500.056 1.8163044390002194e-06
60550.056 2.078781451300217e-06
60600.056 2.299238747200095e-06
60650.056 2.387431477199945e-06
60700.056 2.2974635494001166e-06
60750.056 2.234720705439883e-06
60800.056 2.463550970099846e-06
60850.056 2.538910838200012e-06
60900.056 2.2096291636004794e-06
60950.056 2.3685115322695887e-06
61000.056 2.113874886020268e-06
61050.056 2.2250701824998457e-06
61100.056 2.350884076100061e-06
61150.056 1.7700887134597352e-06
61200.056 2.2562979393000997e-06
61250.056 2.4798913197999508e-06
61300.056 2.6769263826000703e-06
61350.056 2.424832100700168e-06
61400.056 2.6097326574998345e-06
61450.056 2.124256951240378e-06
61500.056 2.376791204200044e-06
61550.056 2.2394529348998997e-06
61600.056 2.067175746860453e-06
61650.056 2.4661274840997175e-06
61700.056 2.054205260619825e-06
61750.056 2.2565554608994316e-06
61800.056 2.5619368434004606e-06
61850.056 2.18265815387976e-06
61900.056 2.367793859400175e-06
61950.056 2.4889327113002602e-06
62000.056 2.2396002384300657e-06
62050.056 2.292414345349557e-06
62100.056 2.4000993779006835e-06
62150.056 2.4168892632202622e-06
62200.056 2.108888318459712e-06
62250.056 2.5752848111001064e-06
62300.056 2.503094357540057e-06
62350.056 2.421174173900126e-06
62400.056 2.096255534960334e-06
62450.056 2.170317266720037e-06
62500.056 2.4412175864998287e-06
62550.056 2.3675644890600185e-06
62600.056 2.3702940105002162e-06
62650.056 2.203120070899996e-06
62700.056 2.2822498158000445e-06
62750.056 2.380835985299865e-06
62800.056 2.201904590099625e-06
62850.056 2.5905611048602888e-06
62900.056 2.246348917479493e-06
62950.056 2.362047204899939e-06
63000.056 2.327769794900142e-06
63050.056 2.5487854150999954e-06
63100.056 2.4360365778999946e-06
63150.056 2.1279336499199396e-06
63200.056 2.3815288836001095e-06
63250.056 2.364352604499903e-06
63300.056 2.3933904192002495e-06
63350.056 2.4008440507001484e-06
63400.056 2.2277558874999094e-06
63450.056 2.281052206200101e-06
63500.056 2.2572311198999595e-06
63550.056 2.007576490699792e-06
63600.056 2.4282877551003512e-06
63650.056 2.3345654370002816e-06
63700.056 2.3425943414998595e-06
63750.056 2.221302066999963e-06
63800.056 2.052165634290235e-06
63850.056 2.1370845183999493e-06
63900.056 2.1020629851000105e-06
63950.056 2.3855451495000536e-06
64000.056 2.3372616640000478e-06
64050.056 2.273050576999728e-06
64100.056 1.6080235975598323e-06
64150.056 1.9694924624499574e-06
64200.056 1.9622910882900305e-06
64250.056 2.456113105599941e-06
64300.056 1.9932948896999673e-06
64350.056 1.973095944800056e-06
64400.056 2.1534043059200364e-06
64450.056 2.0963377537001072e-06
64500.056 1.8246075276597889e-06
64550.056 2.039996912420431e-06
64600.056 1.838738871070085e-06
64650.056 2.205661684900091e-06
64700.056 1.5603853709395298e-06
64750.056 1.6681563174402052e-06
64800.056 1.5111218447201428e-06
64850.056 1.7371837121599241e-06
64900.056 1.7801895052402447e-06
64950.056 1.7122498268498925e-06
65000.056 1.8527949831399364e-06
65050.056 1.741321031730326e-06
65100.056 1.8275753196998078e-06
65150.056 1.8038670704599293e-06
65200.056 1.7623179123698226e-06
65250.056 1.6758928747197585e-06
65300.056 1.7603475487000204e-06
65350.056 1.916983702999887e-06
65400.056 1.5992030439197467e-06
65450.056 1.7392802096498485e-06
65500.056 1.7094610349497935e-06
65550.056 1.6444501109797945e-06
65600.056 1.6777825007400778e-06
65650.056 1.5487062145097376e-06
65700.056 1.6659544081200447e-06
65750.056 1.6687618928902471e-06
65800.056 1.7965056943000053e-06
65850.056 1.7754417997994825e-06
65900.056 1.5150952745403955e-06
65950.056 1.161209665399922e-06
66000.056 1.4993712068295669e-06
66050.056 1.7788445939405247e-06
66100.056 1.61724526751013e-06
66150.056 1.5684970421896672e-06
66200.056 1.3119380868701228e-06
66250.056 1.5088758274403501e-06
66300.056 1.2831558929899527e-06
66350.056 1.4044333451905771e-06
66400.056 1.502084409029627e-06
66450.056 1.6354182594598179e-06
66500.056 1.8459818739999486e-06
66550.056 1.569836217979593e-06
66600.056 1.4967501393002845e-06
66650.056 1.5504338584498042e-06
66700.056 1.6006917964200914e-06
66750.056 1.6106555613000391e-06
66800.056 1.6178985277002452e-06
66850.056 1.4249488230307611e-06
66900.056 1.3770449987204944e-06
66950.056 1.7166196249003207e-06
67000.056 1.732207002499399e-06
67050.056 1.5818139986597658e-06
67100.056 1.7527117998001271e-06
67150.056 1.5023232964695127e-06
67200.056 1.534526840340302e-06
67250.056 1.6092413475199911e-06
67300.056 1.5773870037201357e-06
67350.056 1.6141841384196244e-06
67400.056 1.794017163799987e-06
67450.056 1.6423224211999458e-06
67500.056 1.537545736330059e-06
67550.056 1.6042552158199557e-06
67600.056 1.7443756449000078e-06
67650.056 1.6600091818996605e-06
67700.056 1.5619384118795854e-06
67750.056 1.50800058124998e-06
67800.056 1.5446774759901094e-06
67850.056 1.4263543582397692e-06
67900.056 1.6515237834597608e-06
67950.056 1.525318591430103e-06
68000.056 1.5380934745994359e-06
68050.056 1.7246225082095666e-06
68100.056 1.5529922784000117e-06
68150.056 1.3458590720497307e-06
68200.056 1.4960713286897768e-06
68250.056 1.4484049130001327e-06
68300.056 1.3702311241998177e-06
68350.056 1.322455484789906e-06
68400.056 1.489522127029924e-06
68450.056 1.7351730150700413e-06
68500.056 1.578009142200095e-06
68550.056 1.4164114873699935e-06
68600.056 1.57828779777007e-06
68650.056 1.387787135309374e-06
68700.056 1.4164684968198993e-06
68750.056 1.6098279706600935e-06
68800.056 1.6045940158599905e-06
68850.056 1.4393579089399755e-06
68900.056 1.6086677684002088e-06
68950.056 1.5916507363996737e-06
69000.056 1.6696620960998159e-06
69050.056 1.4489417140594699e-06
69100.056 1.572786209179811e-06
69150.056 1.7798899186000322e-06
69200.056 1.2999033186302793e-06
69250.056 1.5766980676498432e-06
69300.056 1.6227922828503219e-06
69350.056 1.599777164699887e-06
69400.056 1.5334240259996952e-06
69450.056 1.7222945722504e-06
69500.056 1.5008000217400534e-06
69550.056 1.5497490159201456e-06
69600.056 1.3241059981802187e-06
69650.056 1.5763040107501406e-06
69700.056 1.5136952467998768e-06
69750.056 1.5989879474994518e-06
69800.056 1.5949362920202444e-06
69850.056 1.6693611431002582e-06
69900.056 1.5827035146301463e-06
69950.056 1.8785034932703326e-06
70000.056 1.4356278030798956e-06
70050.056 1.5886639342900708e-06
70100.056 1.3258000638299769e-06
70150.056 1.5835711487099342e-06
70200.056 1.3584257171202484e-06
70250.056 1.4601963855097717e-06
70300.056 1.5521638129898562e-06
70350.056 1.560669234390205e-06
70400.056 1.7422786459499891e-06
70450.056 1.3961955002601747e-06
70500.056 1.5066678605296567e-06
70550.056 1.2698173972401593e-06
70600.056 1.6439264734500551e-06
70650.056 1.5191326327000583e-06
70700.056 1.5483669762306076e-06
70750.056 1.4312572325002446e-06
70800.056 1.5500389915003117e-06
70850.056 1.45406154871997e-06
70900.056 1.5388707268396867e-06
70950.056 1.4678381531601292e-06
71000.056 1.5332138395398464e-06
71050.056 1.5494093286203296e-06
71100.056 1.496697411800217e-06
71150.056 1.4799767723196502e-06
71200.056 1.428790317699804e-06
71250.056 1.547819970520076e-06
71300.056 1.500092740490056e-06
71350.056 1.5289451314400762e-06
71400.056 1.4170994587203324e-06
71450.056 1.444168566989574e-06
71500.056 1.5990873394999434e-06
71550.056 1.5529991759298845e-06
71600.056 1.633408560649784e-06
71650.056 1.5999577714301802e-06
71700.056 1.4721289682598438e-06
71750.056 1.577784712550064e-06
71800.056 1.7375494802000237e-06
71850.056 1.8184870351001048e-06
71900.056 1.3397466194601637e-06
71950.056 1.6160889984801387e-06
72000.056 1.463292389930057e-06
72050.056 1.3908376613503036e-06
72100.056 1.5303806498200336e-06
72150.056 1.586052288780025e-06
72200.056 1.5714278223000972e-06
72250.056 1.4832766187502331e-06
72300.056 1.4778889752601268e-06
72350.056 1.4469785589494596e-06
72400.056 1.6547740029402995e-06
72450.056 1.5102612686297028e-06
72500.056 1.577299891509678e-06
72550.056 1.3557855336603333e-06
72600.056 1.4785876581304916e-06
72650.056 1.598422446600084e-06
72700.056 1.5226613582095323e-06
72750.056 1.4793439355795175e-06
72800.056 1.4989916857401308e-06
72850.056 1.547204950320313e-06
72900.056 1.578424920680114e-06
72950.056 1.3488145157100043e-06
73000.056 1.4379818953193531e-06
73050.056 1.4710142429002221e-06
73100.056 1.6522897073001166e-06
73150.056 1.6366961893596627e-06
73200.056 1.6478288021196716e-06
73250.056 1.5960583755000702e-06
73300.056 1.5425161910196656e-06
73350.056 1.2192367942000478e-06
73400.056 1.3737248748303901e-06
73450.056 1.3103270953600005e-06
73500.056 1.6808432758998296e-06
73550.056 1.4161571350199058e-06
73600.056 1.4206998394396081e-06
73650.056 1.511189094649807e-06
73700.056 1.425031585519904e-06
73750.056 1.4515592109398454e-06
73800.056 1.2570309858100126e-06
73850.056 1.600992264680249e-06
73900.056 1.606601741629631e-06
73950.056 1.5784631755298478e-06
74000.056 1.5190618567399361e-06
74050.056 1.522909224139591e-06
74100.056 1.4971886034398442e-06
74150.056 1.5242880816201302e-06
74200.056 1.4579880165201689e-06
74250.056 1.5320881539296956e-06
74300.056 1.3863225695400072e-06
74350.056 1.3650442413499044e-06
74400.056 1.2663151935003652e-06
74450.056 1.653877805000547e-06
74500.056 1.5635882579500582e-06
74550.056 1.688493813699907e-06
74600.056 1.305604861689708e-06
74650.056 1.3171314135200848e-06
74700.056 1.4217421751398075e-06
74750.056 1.4542607048800846e-06
74800.056 1.330923891560163e-06
74850.056 1.8178704313198113e-06
74900.056 1.5219490966796669e-06
74950.056 1.4146644657700319e-06
75000.056 1.4312633831598739e-06
75050.056 1.5179034771495783e-06
75100.056 1.5377129087602976e-06
75150.056 1.5215000129000382e-06
75200.056 1.5922974004999954e-06
75250.056 1.5291987731396194e-06
75300.056 1.2903714126199636e-06
75350.056 1.368579838399811e-06
75400.056 1.3951016709602731e-06
75450.056 1.4127811190005676e-06
75500.056 1.5457327647997943e-06
75550.056 1.3799027646600873e-06
75600.056 1.6819361676501433e-06
75650.056 1.580608299300069e-06
75700.056 1.3735130648197924e-06
75750.056 1.3646816837798795e-06
75800.056 1.3748102237701853e-06
75850.056 1.377713061229994e-06
75900.056 1.3605472167601298e-06
75950.056 1.380301602080119e-06
76000.056 1.188535960789893e-06
76050.056 1.3560697931499105e-06
76100.056 1.3814074210900755e-06
76150.056 1.312883263679869e-06
76200.056 1.3230230264402345e-06
76250.056 1.475264916300026e-06
76300.056 1.2955588456200379e-06
76350.056 1.377480074100083e-06
76400.056 1.4425953429098053e-06
76450.056 1.3912474636007416e-06
76500.056 1.496292093720459e-06
76550.056 1.412117993059937e-06
76600.056 1.3132937255200202e-06
76650.056 1.3538101769398797e-06
76700.056 1.36599103066019e-06
76750.056 1.4288069467800587e-06
76800.056 1.4026348074802855e-06
76850.056 1.487143486280377e-06
76900.056 1.47404194565e-06
76950.056 1.3569245261402216e-06
77000.056 1.38956323008007e-06
77050.056 1.5166500947998372e-06
77100.056 1.1081022518901821e-06
77150.056 1.3997970922998858e-06
77200.056 1.4174659575901681e-06
77250.056 1.3640545999095714e-06
77300.056 1.3075259063199279e-06
77350.056 1.2686304695898478e-06
77400.056 1.2882719771296942e-06
77450.056 1.188741099370074e-06
77500.056 1.3366128452699474e-06
77550.056 1.356316765909566e-06
77600.056 1.2838482522402925e-06
77650.056 1.2237545776096684e-06
77700.056 1.385191601569815e-06
77750.056 1.270032618219559e-06
77800.056 1.3899411115902454e-06
77850.056 1.4151042633997999e-06
77900.056 1.3990226566999494e-06
77950.056 1.3343998944001787e-06
78000.056 1.345065452339565e-06
78050.056 1.1684703000698721e-06
78100.056 1.2382992944800816e-06
78150.056 1.3574801105902977e-06
78200.056 1.3928247534001565e-06
78250.056 1.4351011267997898e-06
78300.056 1.3567759139198065e-06
78350.056 1.2647356585701581e-06
78400.056 1.4030706449201624e-06
78450.056 1.4445567447997422e-06
78500.056 1.476952670069894e-06
78550.056 1.2690603718600633e-06
78600.056 1.3185721646400602e-06
78650.056 1.1856157763597018e-06
78700.056 1.3098707648799438e-06
78750.056 1.2706306703501031e-06
78800.056 1.2197603719403595e-06
78850.056 1.1545202189098277e-06
78900.056 1.2140742848700232e-06
78950.056 1.0711376373298897e-06
79000.056 1.2758403702903036e-06
79050.056 1.2469723940597689e-06
79100.056 1.2355592920198398e-06
79150.056 1.2534641623001647e-06
79200.056 1.3982234114996767e-06
79250.056 1.2169089159000996e-06
79300.056 1.3153423629300528e-06
79350.056 1.359408125570272e-06
79400.056 1.38329062457993e-06
79450.056 1.190270789969723e-06
79500.056 1.4235321946799986e-06
79550.056 1.192902497750286e-06
79600.056 1.1363698318898475e-06
79650.056 1.1937388762200732e-06
79700.056 1.2118264570198025e-06
79750.056 1.3208267594600186e-06
79800.056 1.1777651790801744e-06
79850.056 1.2025404439803242e-06
79900.056 1.208253088979965e-06
79950.056 1.3315693290896882e-06
