# %ECSV 1.0
# ---
# datatype:
# - {name: wav, unit: Angstrom, datatype: float64}
# - {name: flux_nu, unit: erg / (cm2 Hz s), datatype: float64}
# meta: {C/O: '1.00', Kzz: '1.0000E+05', Teff: '450.', Y: '0.28', '[Fe/H]': '0.00', f_hole: '1.00', f_rain: '0.00', grav: '562.'}
# schema: astropy-2.0
wav flux_nu
4000.0559999999996 nan
4050.0559999999996 1.917417258791963e-17
4100.056 1.8419778745400353e-15
4150.056 1.6504967147000173e-14
4200.056 1.7580432184119094e-14
4250.056 1.5218235626700134e-13
4300.056 3.581249022000018e-13
4350.056 6.620568447600027e-13
4400.056 1.1097129286900042e-12
4450.056 1.7515923752000062e-12
4500.056 2.602768945900008e-12
4550.056 2.6428956590299853e-12
4600.056 6.061592440899971e-13
4650.056 3.170645325699981e-13
4700.056 1.4245720649999884e-13
4750.056 5.4801637422999573e-14
4800.056 2.6394030095999843e-14
4850.056 1.2987507805399916e-14
4900.056 7.512468057999968e-15
4950.056 4.82958789759998e-15
5000.056 2.849818273099984e-15
5050.056 1.9111956894000006e-15
5100.056 1.961447963100008e-15
5150.056 2.1379553347000015e-15
5200.056 2.3425411205000035e-15
5250.056 2.543615032000002e-15
5300.056 2.7743308210000028e-15
5350.056 3.0476944522000033e-15
5400.056 3.3323848094000037e-15
5450.056 3.6698935008000094e-15
5500.056 4.047482400600006e-15
5550.056 4.447207866700004e-15
5600.056 4.825088762900004e-15
5650.056 5.128907513100001e-15
5700.056 5.215405852600002e-15
5750.056 5.093769419399997e-15
5800.056 4.5217195478999865e-15
5850.056 3.146711833799964e-15
5900.056 9.933960090988454e-16
5950.056 6.199776112200119e-15
6000.056 1.3278476807200057e-14
6050.056 2.3794249623000193e-14
6100.056 3.826785275000028e-14
6150.056 5.809630249700034e-14
6200.056 8.536821779200044e-14
6250.056 1.2043215200000042e-13
6300.056 1.6972276456000053e-13
6350.056 2.3542623418000074e-13
6400.056 3.2272451114000147e-13
6450.056 4.1037081957999867e-13
6500.056 5.543195053200051e-13
6550.056 7.642991556599931e-13
6600.056 1.0526889432800154e-12
6650.056 1.46519165430001e-12
6700.056 1.890262704300011e-12
6750.056 2.6130149805000116e-12
6800.056 3.1153573935000114e-12
6850.056 3.1750297330999964e-12
6900.056 2.587040337200005e-12
6950.056 2.0081254390900048e-12
7000.056 2.118269726799976e-12
7050.056 2.2111024673999925e-12
7100.056 2.449415919999988e-12
7150.056 2.1097755679699553e-12
7200.056 1.8352192960659697e-12
7250.056 2.0037972344099202e-12
7300.056 2.023187976050111e-12
7350.056 2.3646795567399913e-12
7400.056 2.7041796812000512e-12
7450.056 3.170575010800073e-12
7500.056 3.527814750400005e-12
7550.056 3.7292979123000035e-12
7600.056 3.7362126035999944e-12
7650.056 1.787781621847953e-12
7700.056 1.6059368622700425e-12
7750.056 4.243454277900044e-12
7800.056 5.598795252900024e-12
7850.056 7.563170428099967e-12
7900.056 9.466183606299996e-12
7950.056 1.0679533235900042e-11
8000.056 1.4023009198000083e-11
8050.056 1.675389962800013e-11
8100.056 1.5421811505699596e-11
8150.056 1.4184017770670433e-11
8200.056 2.303604692478067e-11
8250.056 2.558419429550566e-11
8300.056 3.087694286953009e-11
8350.056 3.680031988229963e-11
8400.056 4.615903823180019e-11
8450.056 6.220345195999995e-11
8500.056 7.447869873399927e-11
8550.056 9.502050766800167e-11
8600.056 1.177925328140008e-10
8650.056 1.3939682554000095e-10
8700.056 1.5754822632000122e-10
8750.056 1.817964205200012e-10
8800.056 2.0170422733000037e-10
8850.056 2.0045912012999718e-10
8900.056 1.0062837519399503e-10
8950.056 8.515895594535232e-11
9000.056 8.851975520884199e-11
9050.056 2.1949685338387178e-10
9100.056 2.5160081433709575e-10
9150.056 2.900571217676069e-10
9200.056 4.038028209372168e-10
9250.056 3.6405751203798914e-10
9300.056 2.993320910480686e-11
9350.056 4.907022570439417e-11
9400.056 1.8652798944539863e-10
9450.056 1.500768986337654e-10
9500.056 1.300056869193836e-10
9550.056 1.362825522358595e-10
9600.056 1.607533550719347e-10
9650.056 2.602003120815272e-10
9700.056 5.737278048568521e-10
9750.056 5.650109069422844e-10
9800.056 6.987467884683833e-10
9850.056 8.731206863279816e-10
9900.056 1.1787415094200456e-09
9950.056 1.3106518627400383e-09
10000.056 1.201615784603092e-09
10050.056 1.6308782758000101e-09
10100.056 1.7620616897000102e-09
10150.056 1.6052233584299974e-09
10200.056 1.338421072470071e-09
10250.056 1.6253946834470224e-09
10300.056 2.156308082619888e-09
10350.056 1.7775888540100687e-09
10400.056 2.5729197777000492e-09
10450.056 3.167649009599734e-09
10500.056 3.745664820699978e-09
10550.056 4.456301214200035e-09
10600.056 4.851936544800022e-09
10650.056 5.033038932100031e-09
10700.056 4.855006345400007e-09
10750.056 4.920825549199989e-09
10800.056 4.785293438400038e-09
10850.056 4.42970666810003e-09
10900.056 3.5938583999999087e-09
10950.056 2.008187876349991e-09
11000.056 1.1285411648148615e-09
11050.056 5.2098782062519e-10
11100.056 2.3111551110137486e-10
11150.056 8.67063257551963e-11
11200.056 6.858064517279577e-11
11250.056 9.648036409191278e-11
11300.056 1.4092656662717984e-10
11350.056 4.229294239608037e-11
11400.056 2.287196226610552e-10
11450.056 1.1505613807706557e-10
11500.056 1.1624086887073777e-10
11550.056 3.1840366733907495e-11
11600.056 1.760858544939859e-11
11650.056 6.753547473733769e-11
11700.056 9.058788486239208e-11
11750.056 3.081096778340033e-11
11800.056 1.5825791528352996e-10
11850.056 2.344126177473954e-10
11900.056 2.8147990741558895e-10
11950.056 4.1935561059003835e-10
12000.056 6.206594686910646e-10
12050.056 9.305176440100234e-10
12100.056 1.1745498871909167e-09
12150.056 1.6278525215799877e-09
12200.056 1.900443691140032e-09
12250.056 2.6426887567818736e-09
12300.056 3.846848235230183e-09
12350.056 4.404822091079997e-09
12400.056 6.068766977799941e-09
12450.056 8.01652579380011e-09
12500.056 9.180609294500318e-09
12550.056 1.0572888572100037e-08
12600.056 1.260711637730035e-08
12650.056 1.436005623809991e-08
12700.056 1.4747672606200067e-08
12750.056 1.1636341099900208e-08
12800.056 8.894683126999785e-09
12850.056 5.672184458099862e-09
12900.056 4.369906942120169e-09
12950.056 3.5140258198601834e-09
13000.056 3.86306876894043e-09
13050.056 2.5926144444560424e-09
13100.056 2.5730262518890454e-09
13150.056 1.5600299363906125e-09
13200.056 1.6416318119669398e-09
13250.056 1.2539371650757387e-09
13300.056 4.606292569235491e-10
13350.056 1.5627239100190814e-10
13400.056 3.99045231332303e-11
13450.056 1.0315609667990733e-11
13500.056 3.324547254739433e-12
13550.056 8.026332907510563e-13
13600.056 1.9930818626979272e-13
13650.056 1.5756113141853667e-12
13700.056 7.668016315862702e-13
13750.056 3.3424432970456787e-12
13800.056 3.3058393725816995e-12
13850.056 1.1308193044697985e-12
13900.056 2.0355296945914587e-12
13950.056 1.8844835276960103e-12
14000.056 2.6354024008965826e-12
14050.056 4.1949575397296814e-12
14100.056 3.4329098320157857e-12
14150.056 8.188980485938376e-12
14200.056 5.20517821988392e-12
14250.056 7.565928482686798e-12
14300.056 2.7709558481305667e-11
14350.056 2.1130291746444843e-11
14400.056 2.1135035673801123e-11
14450.056 4.389594801964409e-11
14500.056 9.726579706491107e-11
14550.056 1.0310778529631339e-10
14600.056 1.7248372056764412e-10
14650.056 7.950108818185755e-11
14700.056 3.521497183791711e-11
14750.056 1.8799518530102058e-11
14800.056 2.4485610096657263e-11
14850.056 2.8088084878355397e-11
14900.056 2.7992314748277948e-11
14950.056 2.2238071617954308e-11
15000.056 6.588030975233385e-11
15050.056 6.916768281835742e-11
15100.056 3.406856455801567e-11
15150.056 1.562388616442815e-11
15200.056 5.308278953001113e-11
15250.056 1.1698862796095285e-10
15300.056 1.5608079647388173e-10
15350.056 2.0058988735891837e-10
15400.056 2.643637390008033e-10
15450.056 3.7243506009607964e-10
15500.056 4.867130827260163e-10
15550.056 8.664326151591723e-10
15600.056 1.3924217849838681e-09
15650.056 2.324746236210263e-09
15700.056 3.6752928192500853e-09
15750.056 4.656240249590118e-09
15800.056 5.693808722199977e-09
15850.056 6.844426880700351e-09
15900.056 7.209189138700034e-09
15950.056 7.570520485199897e-09
16000.056 6.453716656700088e-09
16050.056 4.394305502899803e-09
16100.056 2.7176263079899215e-09
16150.056 1.4618705082078814e-09
16200.056 6.824330883894385e-10
16250.056 4.108007459607106e-10
16300.056 2.481228755078257e-10
16350.056 3.155671364566926e-10
16400.056 3.7201882113522473e-10
16450.056 3.8059167763574267e-10
16500.056 3.2571702025528024e-10
16550.056 3.3783868184272287e-10
16600.056 6.232793923828015e-10
16650.056 3.914779199431936e-10
16700.056 6.331538640589234e-11
16750.056 2.3676170504718033e-10
16800.056 3.639483151756796e-10
16850.056 3.841918670831686e-10
16900.056 1.879069138616466e-10
16950.056 1.2422229285856978e-10
17000.056 6.639419853656652e-11
17050.056 1.354203338284529e-10
17100.056 2.411727657572745e-10
17150.056 1.480281680133802e-10
17200.056 4.481213589842215e-10
17250.056 2.0873261644678354e-10
17300.056 1.5132999104753588e-10
17350.056 1.7628327035376873e-10
17400.056 2.921210696137321e-10
17450.056 3.6500519238840434e-10
17500.056 4.776699452733357e-10
17550.056 3.870220166725714e-10
17600.056 3.251451709813996e-10
17650.056 2.4394948760599644e-10
17700.056 2.050471355874713e-10
17750.056 1.568079370877066e-10
17800.056 3.1229927962230007e-10
17850.056 1.5009093421300594e-10
17900.056 1.0767772482982692e-10
17950.056 6.870260455984808e-11
18000.056 1.260250125061179e-10
18050.056 5.908977937716635e-11
18100.056 7.227399865132163e-11
18150.056 5.583338195474058e-11
18200.056 3.656483163643401e-11
18250.056 1.4336766990893846e-10
18300.056 2.238560291770995e-11
18350.056 1.9643393529173917e-11
18400.056 1.2285964355132858e-11
18450.056 7.649717958527148e-11
18500.056 7.332215284373878e-11
18550.056 3.407834303015832e-11
18600.056 4.784860656532233e-11
18650.056 2.982204898677223e-11
18700.056 5.994361467092256e-12
18750.056 1.5147803929302695e-11
18800.056 1.238533962554929e-10
18850.056 1.1170237490885875e-10
18900.056 9.935813511993798e-11
18950.056 1.7255996676542242e-10
19000.056 4.0111206058343746e-11
19050.056 1.638754748714133e-11
19100.056 4.89974469820897e-11
19150.056 1.8729430964551638e-11
19200.056 3.4875136082271794e-11
19250.056 2.2974606118282545e-11
19300.056 1.426346689062844e-11
19350.056 1.3600383009444493e-11
19400.056 1.0560020857446824e-11
19450.056 1.7490203398513247e-11
19500.056 1.4444077820422399e-11
19550.056 2.587646026157589e-11
19600.056 5.371401070375637e-11
19650.056 3.885811308910161e-11
19700.056 5.6818558421414774e-11
19750.056 8.52123664898233e-11
19800.056 5.3894276586038226e-11
19850.056 6.853195816605736e-11
19900.056 9.830372192132934e-11
19950.056 1.4204000509758824e-10
20000.056 1.7151293733778305e-10
20050.056 1.286316819725735e-10
20100.056 2.2463171926689447e-10
20150.056 1.3660010952486988e-10
20200.056 9.225339426881443e-11
20250.056 1.9045570902364964e-10
20300.056 2.2393372985884842e-10
20350.056 2.358295625543757e-10
20400.056 2.0816857165226952e-10
20450.056 3.6966645327901026e-10
20500.056 4.1680828238897533e-10
20550.056 4.6201291116701327e-10
20600.056 5.002660106470832e-10
20650.056 5.936100119109547e-10
20700.056 6.515957167220054e-10
20750.056 6.998663978299684e-10
20800.056 6.859500695199068e-10
20850.056 7.752226188600135e-10
20900.056 8.008243606599656e-10
20950.056 7.813332218700264e-10
21000.056 7.674786901500124e-10
21050.056 8.004446280199774e-10
21100.056 7.752051807500119e-10
21150.056 7.72847094389964e-10
21200.056 7.415955569900332e-10
21250.056 7.079241940999362e-10
21300.056 6.382935321200074e-10
21350.056 6.194078967009658e-10
21400.056 6.230908968550576e-10
21450.056 5.20281510306614e-10
21500.056 4.718817045802569e-10
21550.056 4.3684010650041414e-10
21600.056 3.88140103097746e-10
21650.056 2.9968532482273234e-10
21700.056 2.8230143959952097e-10
21750.056 2.5461391927607257e-10
21800.056 1.7826883937343333e-10
21850.056 1.6469351266334492e-10
21900.056 1.2016988961596187e-10
21950.056 5.445936614440978e-11
22000.056 8.081921510533372e-12
22050.056 1.3833764977832254e-11
22100.056 5.272057559955931e-11
22150.056 3.600505093357388e-11
22200.056 3.62959783352427e-11
22250.056 3.039061372199889e-11
22300.056 1.4372099584569642e-11
22350.056 1.9527447700411716e-11
22400.056 6.645303312502852e-12
22450.056 1.1517489639633568e-11
22500.056 8.781994386696975e-12
22550.056 4.613220323726064e-12
22600.056 3.7270077439341054e-12
22650.056 6.974552444146277e-12
22700.056 6.425456422787176e-12
22750.056 9.569530106962099e-12
22800.056 1.0967272120376072e-11
22850.056 7.2755752545210135e-12
22900.056 5.2919382773959646e-12
22950.056 4.249014496687927e-12
23000.056 5.365598854894209e-12
23050.056 6.65708091707861e-12
23100.056 4.368049001011795e-11
23150.056 3.753965023539587e-11
23200.056 1.4418314389644693e-12
23250.056 7.871403482701387e-12
23300.056 6.354097461288958e-12
23350.056 8.696637019138976e-12
23400.056 6.222181365195427e-12
23450.056 3.84806551551139e-12
23500.056 4.223955363077265e-12
23550.056 9.634640985352509e-12
23600.056 2.162898195147972e-11
23650.056 2.712562267832214e-11
23700.056 4.347808863764177e-12
23750.056 5.230584913582169e-12
23800.056 2.7548216689647508e-11
23850.056 1.624154879934952e-11
23900.056 3.799144106885344e-11
23950.056 1.833044183050198e-11
24000.056 4.5792588750381525e-11
24050.056 4.958806995848168e-11
24100.056 5.851224246169192e-11
24150.056 8.666582255336373e-11
24200.056 5.7885442349428755e-11
24250.056 4.654466752656529e-11
24300.056 9.729802193119139e-11
24350.056 7.241703525359254e-11
24400.056 1.664754620717185e-10
24450.056 1.7468192075974994e-10
24500.056 1.4768221151065625e-10
24550.056 2.5322951749550984e-10
24600.056 2.763788219430621e-10
24650.056 3.890022489939779e-10
24700.056 2.5436624210011637e-10
24750.056 3.261642771340346e-10
24800.056 2.742587441490869e-10
24850.056 4.5347722548411595e-10
24900.056 1.7525554295647623e-10
24950.056 3.696734919728248e-10
25000.056 3.7183041238792377e-10
25050.056 1.9935819889457115e-10
25100.056 3.459409529181805e-10
25150.056 1.516267170750471e-10
25200.056 2.2636771570031977e-10
25250.056 7.708594494872145e-11
25300.056 1.1071869768694697e-10
25350.056 4.66284458068218e-11
25400.056 1.3021140955941218e-10
25450.056 3.565749032164588e-11
25500.056 2.905584781951366e-11
25550.056 7.418264107714615e-11
25600.056 3.793978971926451e-11
25650.056 1.4791936890402622e-11
25700.056 1.5303307773977445e-11
25750.056 3.772522148343604e-12
25800.056 2.5971359175226494e-11
25850.056 3.841832570094185e-12
25900.056 5.8320114062630015e-12
25950.056 1.01690318370906e-12
26000.056 2.194308509015003e-11
26050.056 1.70618785130776e-12
26100.056 1.2076073846777757e-11
26150.056 4.271718999667566e-12
26200.056 6.035925277611334e-12
26250.056 5.898629578080571e-11
26300.056 8.247943733783825e-12
26350.056 1.2286774137438277e-10
26400.056 1.9007573610565922e-10
26450.056 9.99579518621507e-11
26500.056 2.7520802112015826e-10
26550.056 2.12923626253979e-11
26600.056 2.3451936951813147e-11
26650.056 2.4297766344797045e-12
26700.056 1.3342137043910295e-12
26750.056 2.3335060451675656e-12
26800.056 9.67314768895764e-12
26850.056 5.06225821004449e-12
26900.056 3.174144377416777e-11
26950.056 8.893178460541152e-12
27000.056 6.032018385492526e-11
27050.056 8.190207591234479e-11
27100.056 5.321310499757736e-12
27150.056 9.294287094040965e-11
27200.056 5.127330258115564e-12
27250.056 2.458663870328102e-11
27300.056 2.569683282065556e-10
27350.056 6.624140762252101e-11
27400.056 2.451051218370504e-12
27450.056 9.379800067985886e-11
27500.056 1.2665480725460757e-10
27550.056 1.3280782702915044e-11
27600.056 4.876632277991793e-11
27650.056 1.0077686541949862e-11
27700.056 9.75652338592232e-12
27750.056 8.304117700362412e-11
27800.056 2.2204874835689084e-11
27850.056 4.198929198315276e-11
27900.056 4.893585480683922e-11
27950.056 1.2372501943898713e-10
28000.056 1.1312832664629055e-10
28050.056 1.0461399946802272e-11
28100.056 1.29921678241218e-10
28150.056 8.78586523548588e-11
28200.056 1.9250136279099782e-11
28250.056 1.8173573403358644e-10
28300.056 1.6931613928965028e-10
28350.056 2.4772459142790063e-11
28400.056 1.1416885465318995e-10
28450.056 2.2532609185877238e-10
28500.056 1.186451253408078e-10
28550.056 2.074549375196028e-11
28600.056 2.133321919946455e-10
28650.056 1.230848525745053e-10
28700.056 2.0556974808772326e-10
28750.056 3.553340431150312e-10
28800.056 1.2878249302078173e-10
28850.056 3.414470146450808e-10
28900.056 1.5767700746953502e-10
28950.056 2.3448991552718016e-10
29000.056 1.6869435397957552e-10
29050.056 2.716150372685471e-10
29100.056 1.2319735435712823e-10
29150.056 2.0994651292126161e-10
29200.056 3.8569594984479473e-10
29250.056 4.107760982009566e-10
29300.056 2.346579216565923e-10
29350.056 6.677168261127172e-10
29400.056 2.518039685664563e-10
29450.056 1.6506300530323766e-10
29500.056 6.301198345741223e-10
29550.056 2.2325913455660815e-10
29600.056 2.9789144840976496e-10
29650.056 9.507121713592144e-10
29700.056 1.919884120755015e-10
29750.056 6.281110944455501e-10
29800.056 4.4789127638648683e-10
29850.056 8.414850887001218e-10
29900.056 4.0826448333378214e-10
29950.056 4.4401893393255914e-10
30000.056 9.34190004483935e-12
30050.056 5.8089994220078194e-11
30100.056 2.1952947492081553e-10
30150.056 7.862618585451917e-10
30200.056 5.33844332957772e-10
30250.056 1.0154417076857717e-09
30300.056 1.214595930437257e-09
30350.056 3.092651001940454e-10
30400.056 1.336166260450655e-09
30450.056 8.804427802702505e-10
30500.056 5.983738312007175e-10
30550.056 4.621815416175423e-10
30600.056 3.1118679530510632e-09
30650.056 1.2544589368598903e-09
30700.056 7.963970888199484e-10
30750.056 1.4930606739555947e-09
30800.056 1.3084922865363274e-09
30850.056 1.4257377890115117e-09
30900.056 7.892527362489057e-10
30950.056 6.433276236800923e-10
31000.056 7.968677914902235e-10
31050.056 6.273203640058045e-10
31100.056 3.51502733792667e-10
31150.056 6.725397515858759e-10
31200.056 1.8719831683579603e-09
31250.056 8.163408035283295e-10
31300.056 5.508646003463277e-10
31350.056 1.2320093096639411e-09
31400.056 7.907051503214155e-10
31450.056 8.740674853911788e-10
31500.056 2.99114308224687e-10
31550.056 5.70475736799268e-10
31600.056 3.959125875177858e-10
31650.056 3.168264256175555e-10
31700.056 3.014249213301062e-10
31750.056 1.4206036955153231e-10
31800.056 3.091742926744601e-10
31850.056 6.057576608749255e-11
31900.056 1.4936410403458337e-10
31950.056 7.859404069370645e-11
32000.056 6.903800945335295e-11
32050.056 8.949867911288332e-11
32100.056 7.078696739139864e-11
32150.056 8.057887097139736e-11
32200.056 3.953152641494574e-11
32250.056 9.820458205731307e-11
32300.056 2.8645488482694634e-11
32350.056 1.0358214742767499e-10
32400.056 1.6411975520552047e-11
32450.056 7.790754874100652e-11
32500.056 2.0031247969967183e-11
32550.056 6.88169098796775e-11
32600.056 2.3458876270611827e-11
32650.056 1.4751027457435134e-10
32700.056 3.6313568361915306e-11
32750.056 3.118909012011431e-10
32800.056 1.8961995119830395e-10
32850.056 5.80651966325096e-10
32900.056 5.160591010918231e-10
32950.056 5.322125169466623e-10
33000.056 1.7224839056464966e-10
33050.056 2.081814205266774e-10
33100.056 4.299430176111246e-11
33150.056 2.4000626634913636e-14
33200.056 1.3884568221849807e-12
33250.056 2.3562540966635227e-12
33300.056 2.0684738275489354e-11
33350.056 6.41765741815174e-11
33400.056 2.2061332308136713e-10
33450.056 1.1594224804181518e-10
33500.056 4.518371994132409e-10
33550.056 9.184479034176097e-11
33600.056 2.350629229045764e-10
33650.056 2.2992035499535044e-10
33700.056 7.053816967416482e-11
33750.056 3.1347377653664326e-10
33800.056 2.8479459892249673e-11
33850.056 1.4898743916902104e-10
33900.056 1.596346346773863e-10
33950.056 1.2961503810068942e-10
34000.056 2.923120017407114e-10
34050.056 4.474281083258755e-11
34100.056 2.764807005211641e-10
34150.056 9.731295214135612e-11
34200.056 2.95148301183821e-10
34250.056 1.77733678781933e-10
34300.056 1.7362041757517957e-10
34350.056 4.649363355836129e-10
34400.056 1.1252061172383572e-10
34450.056 4.3799524858107193e-10
34500.056 2.1252343903006035e-10
34550.056 1.7341514470250614e-10
34600.056 8.313413836790906e-10
34650.056 1.028112499666872e-10
34700.056 5.603824198730788e-10
34750.056 3.22219667722112e-10
34800.056 2.423119026151895e-10
34850.056 9.424324097460173e-10
34900.056 1.78598898952879e-10
34950.056 8.601607227341063e-10
35000.056 1.3699899539866064e-09
35050.056 6.670082926991113e-10
35100.056 1.6909253792060145e-09
35150.056 1.4253829166612278e-09
35200.056 1.0536473137104071e-09
35250.056 2.0463410438502018e-09
35300.056 6.363383841340173e-10
35350.056 9.523206933227033e-10
35400.056 7.327577448144889e-10
35450.056 6.137732967486913e-10
35500.056 2.2587513184635393e-09
35550.056 1.2578978424066572e-09
35600.056 1.694856752863364e-09
35650.056 1.910444170710298e-09
35700.056 1.88429153171401e-09
35750.056 2.8850134872364845e-09
35800.056 1.96133223177262e-09
35850.056 8.989080999018535e-10
35900.056 1.3361177628155047e-09
35950.056 2.0182070858017915e-09
36000.056 2.1284510038883287e-09
36050.056 1.5421697748329707e-09
36100.056 1.3972155484051626e-09
36150.056 3.588073135762442e-09
36200.056 3.822080736430289e-09
36250.056 2.344193055322508e-09
36300.056 5.787910255018801e-09
36350.056 3.419112130097504e-09
36400.056 5.3217361662135414e-09
36450.056 4.331596349329438e-09
36500.056 4.8092288961417074e-09
36550.056 8.082848174382688e-09
36600.056 8.88259382959762e-09
36650.056 5.661281077171317e-09
36700.056 5.999082149035282e-09
36750.056 8.620428617403236e-09
36800.056 1.0077877416812e-08
36850.056 5.372312497071572e-09
36900.056 7.64928074914878e-09
36950.056 1.035150699339799e-08
37000.056 6.926154535088144e-09
37050.056 1.1100242403157841e-08
37100.056 5.792332515617166e-09
37150.056 7.656398037543818e-09
37200.056 1.3490466545998283e-08
37250.056 7.361827287230375e-09
37300.056 5.289090939835468e-09
37350.056 9.55491226788567e-09
37400.056 1.4876876693355146e-08
37450.056 5.9278129851599465e-09
37500.056 8.071766004745162e-09
37550.056 1.720860516528547e-08
37600.056 2.495372970600276e-08
37650.056 7.292464698198836e-09
37700.056 1.4127625596541621e-08
37750.056 1.0025416379232258e-08
37800.056 1.0635887368747818e-08
37850.056 5.8518288306349815e-09
37900.056 7.002602855879145e-09
37950.056 1.281423611810997e-08
38000.056 1.158284911716953e-08
38050.056 1.6735749335714214e-08
38100.056 2.207866507676674e-08
38150.056 2.3869129662238315e-08
38200.056 1.7821503478530773e-08
38250.056 2.1189143858431418e-08
38300.056 3.3593445908791424e-08
38350.056 2.92535437344088e-08
38400.056 1.2773505662249497e-08
38450.056 6.071922837619273e-09
38500.056 4.657419983364941e-09
38550.056 1.5219753066703074e-08
38600.056 1.6399822637496396e-08
38650.056 1.7880988100707568e-08
38700.056 1.6500503562496234e-08
38750.056 1.631379033875026e-08
38800.056 1.6224685391320004e-08
38850.056 1.8829513817401697e-08
38900.056 2.3131220777107136e-08
38950.056 1.4318037528311476e-08
39000.056 2.2009904047054625e-08
39050.056 1.4179552182488752e-08
39100.056 2.0101835345373615e-08
39150.056 2.8480092869199846e-08
39200.056 2.0012143019897734e-08
39250.056 2.8681741557460724e-08
39300.056 2.1281684085568833e-08
39350.056 3.5831067459399704e-08
39400.056 2.1892080630662018e-08
39450.056 3.1129971332054566e-08
39500.056 3.365953277880133e-08
39550.056 1.6389799190852715e-08
39600.056 2.8888751592902448e-08
39650.056 4.107380109099793e-08
39700.056 3.651060863940422e-08
39750.056 1.712880967255835e-08
39800.056 1.9525051199970335e-08
39850.056 4.419795229400291e-08
39900.056 4.83387154410025e-08
39950.056 2.3372833348298853e-08
40000.056 3.888509840999938e-08
40050.056 4.203661955579899e-08
40100.056 1.517313139863841e-08
40150.056 3.7379386743202104e-08
40200.056 4.1375953722993794e-08
40250.056 4.580728133899113e-08
40300.056 4.60888230200053e-08
40350.056 2.69044186517631e-08
40400.056 3.9944940535299854e-08
40450.056 2.0349536668918374e-08
40500.056 4.573242615029862e-08
40550.056 4.9223948027386476e-08
40600.056 4.423821207300029e-08
40650.056 3.438861002906185e-08
40700.056 6.322012706299612e-08
40750.056 4.2972530566993584e-08
40800.056 2.6210077281593118e-08
40850.056 6.823003932901049e-08
40900.056 6.136169067199366e-08
40950.056 4.745430865128576e-08
41000.056 4.081972807319634e-08
41050.056 7.297445841299324e-08
41100.056 6.247829359299688e-08
41150.056 2.539444780501823e-08
41200.056 6.880292532500696e-08
41250.056 6.054132665229057e-08
41300.056 6.294635001800458e-08
41350.056 7.973623519299814e-08
41400.056 6.37032617730006e-08
41450.056 8.255623748799587e-08
41500.056 5.118598203455005e-08
41550.056 4.703731087751287e-08
41600.056 5.196860786250119e-08
41650.056 7.168530297600624e-08
41700.056 8.761214421198838e-08
41750.056 6.837565897399603e-08
41800.056 7.514253252500743e-08
41850.056 6.209211863139236e-08
41900.056 5.601580430018548e-08
41950.056 6.00395351999994e-08
42000.056 3.814647311077727e-08
42050.056 4.2228617216008636e-08
42100.056 5.54304869386955e-08
42150.056 5.332184642509851e-08
42200.056 5.655569426649537e-08
42250.056 5.0564542290706845e-08
42300.056 4.5154424049397424e-08
42350.056 6.91054689248034e-08
42400.056 7.918669873700545e-08
42450.056 7.371105605500944e-08
42500.056 7.646676030799598e-08
42550.056 6.623810396099497e-08
42600.056 6.838494113291939e-08
42650.056 9.933611889198594e-08
42700.056 5.201051208878443e-08
42750.056 6.379402258601025e-08
42800.056 9.096511749400431e-08
42850.056 9.835846054098347e-08
42900.056 1.0218032136100909e-07
42950.056 7.758946185699674e-08
43000.056 9.119311481999987e-08
43050.056 4.658901658400447e-08
43100.056 7.971152372599632e-08
43150.056 6.572223869600343e-08
43200.056 8.795948027300562e-08
43250.056 1.243197992760054e-07
43300.056 1.1118432148599979e-07
43350.056 5.8517235948990944e-08
43400.056 8.85527991820049e-08
43450.056 6.138965779300462e-08
43500.056 6.303100798500735e-08
43550.056 6.598921160640453e-08
43600.056 1.0474090936300568e-07
43650.056 5.994073288739759e-08
43700.056 1.1443610414101743e-07
43750.056 1.0754884306799454e-07
43800.056 9.35927828499952e-08
43850.056 8.557384541001073e-08
43900.056 6.829541288199463e-08
43950.056 4.869107910099571e-08
44000.056 4.572589212699917e-08
44050.056 1.0536481327100578e-07
44100.056 1.4216649963600323e-07
44150.056 1.2919187536099452e-07
44200.056 1.1840499831700294e-07
44250.056 6.613787624199544e-08
44300.056 4.800343878190545e-08
44350.056 5.5045176231207083e-08
44400.056 5.3958546529997046e-08
44450.056 9.383273336800718e-08
44500.056 8.100199348720998e-08
44550.056 1.1810575292099684e-07
44600.056 9.672596068480196e-08
44650.056 9.417261976099734e-08
44700.056 6.230097994699247e-08
44750.056 8.866577691701375e-08
44800.056 6.276621670770464e-08
44850.056 9.240273289600424e-08
44900.056 7.863967941199817e-08
44950.056 9.043884658000824e-08
45000.056 1.0651359085500173e-07
45050.056 9.695847381799165e-08
45100.056 8.89799187480056e-08
45150.056 8.033755066299382e-08
45200.056 5.7085209774004515e-08
45250.056 6.805372410998888e-08
45300.056 6.541318498300787e-08
45350.056 5.0524529917207486e-08
45400.056 1.2801823748801037e-07
45450.056 1.0824521019201104e-07
45500.056 1.2686569120400702e-07
45550.056 1.376705995569774e-07
45600.056 1.2108763782101004e-07
45650.056 1.0187813973599529e-07
45700.056 6.131153040259624e-08
45750.056 5.370160256020356e-08
45800.056 1.3330547020600585e-07
45850.056 1.094950186625011e-07
45900.056 1.3442207879999591e-07
45950.056 1.1584198248599442e-07
46000.056 1.2840123562101218e-07
46050.056 9.892853272800631e-08
46100.056 1.4828956911199177e-07
46150.056 8.665203926800039e-08
46200.056 7.165804789739082e-08
46250.056 2.8042282766727922e-08
46300.056 8.735150180000396e-08
46350.056 9.452305341801037e-08
46400.056 9.173920858300315e-08
46450.056 7.847559825999534e-08
46500.056 8.869598378601384e-08
46550.056 4.942483720989976e-08
46600.056 6.443827921315105e-08
46650.056 1.023480652290053e-07
46700.056 6.97238228409877e-08
46750.056 3.209198558410537e-08
46800.056 2.1411881126978294e-08
46850.056 9.451588342201321e-08
46900.056 1.0923992717499538e-07
46950.056 1.0584107810899347e-07
47000.056 1.0432122179300972e-07
47050.056 7.168848570027881e-08
47100.056 5.2259229149802576e-08
47150.056 8.432256762601093e-08
47200.056 9.524055406199521e-08
47250.056 4.530142295539235e-08
47300.056 3.072116416108737e-08
47350.056 1.0199918627700598e-07
47400.056 1.0051784168699439e-07
47450.056 7.01799014260081e-08
47500.056 1.164624766649972e-07
47550.056 9.695464600400347e-08
47600.056 8.675235918129053e-08
47650.056 9.533004998339617e-08
47700.056 7.288715951181293e-08
47750.056 5.2954596409000596e-08
47800.056 4.169690986500481e-08
47850.056 1.8511187151823105e-08
47900.056 3.086402385879931e-08
47950.056 8.154555655800504e-08
48000.056 1.0806721918399654e-07
48050.056 8.551153227219753e-08
48100.056 3.673591061504186e-08
48150.056 6.763025124900315e-08
48200.056 4.671271758587662e-08
48250.056 6.507979819100039e-08
48300.056 1.023223687739987e-07
48350.056 6.128312322499275e-08
48400.056 1.3616103315618413e-08
48450.056 2.9040472667890947e-08
48500.056 5.307213842798823e-08
48550.056 6.163375175266847e-08
48600.056 8.65538533270014e-08
48650.056 1.0834259583899665e-07
48700.056 7.28835638310088e-08
48750.056 4.9093648864008185e-08
48800.056 8.824838525700481e-08
48850.056 4.542538024249283e-08
48900.056 5.602095293259455e-08
48950.056 3.07444573505988e-08
49000.056 1.6838588218111587e-08
49050.056 5.511452641909359e-08
49100.056 7.265359744041165e-08
49150.056 5.5421780146529865e-08
49200.056 8.896401489400995e-08
49250.056 9.247430562900266e-08
49300.056 7.494119178299641e-08
49350.056 2.9668920318946322e-08
49400.056 4.372503892729032e-08
49450.056 3.8625171892108773e-08
49500.056 3.129821612493503e-08
49550.056 5.970484285880016e-09
49600.056 1.783684863771724e-08
49650.056 4.704036914000229e-08
49700.056 5.618080950398956e-08
49750.056 5.252245098139747e-08
49800.056 3.1096831919483414e-08
49850.056 7.009019923700814e-08
49900.056 6.587626519699772e-08
49950.056 6.061476628899867e-08
50000.056 4.317002273522269e-08
50050.056 5.262574963640344e-08
50100.056 4.3289727471997445e-08
50150.056 1.831342758088658e-08
50200.056 2.938158334971394e-09
50250.056 1.9617219977999693e-08
50300.056 1.3244836048262498e-08
50350.056 4.945181491900661e-08
50400.056 5.66338808549961e-08
50450.056 4.048701215700115e-08
50500.056 6.599369584200329e-08
50550.056 6.37236585650021e-08
50600.056 4.202228045738745e-08
50650.056 6.774864600400994e-08
50700.056 6.83571358459973e-08
50750.056 4.007141984440069e-08
50800.056 1.2611067340107632e-08
50850.056 6.243569447333087e-09
50900.056 4.347475430800317e-08
50950.056 4.3561893578996954e-08
51000.056 3.2355405284639513e-08
51050.056 4.963638462219317e-08
51100.056 1.7967062047410076e-08
51150.056 1.8383601767690004e-08
51200.056 6.146624200099911e-08
51250.056 4.5585012452592115e-08
51300.056 2.8593094912905442e-08
51350.056 2.7196646447039586e-08
51400.056 8.207143400762702e-09
51450.056 6.553883508797868e-09
51500.056 5.932717269618383e-09
51550.056 2.5224773692304403e-08
51600.056 2.433126322310391e-08
51650.056 3.32309351021985e-08
51700.056 3.2704001251157455e-08
51750.056 2.22022952804543e-08
51800.056 4.342707144799555e-08
51850.056 3.3560147138298406e-08
51900.056 3.907874794900138e-08
51950.056 2.083667569659697e-08
52000.056 1.8052894511942618e-09
52050.056 1.0572103834201273e-08
52100.056 5.685028076868874e-09
52150.056 3.161445785796959e-09
52200.056 1.1789051371699579e-08
52250.056 2.067429335720395e-08
52300.056 2.659363003299832e-08
52350.056 6.834711898625407e-09
52400.056 7.591052667971921e-09
52450.056 3.145176478100365e-08
52500.056 2.380501259760492e-08
52550.056 2.916560742499805e-08
52600.056 2.2490191722801606e-08
52650.056 2.7497398884101345e-08
52700.056 1.7007875551999476e-08
52750.056 6.2264559046939526e-09
52800.056 1.1854191588702185e-08
52850.056 1.4638597005596294e-08
52900.056 5.36174317106333e-09
52950.056 9.582789596501476e-09
53000.056 1.9805321211601636e-08
53050.056 6.970561580486517e-09
53100.056 2.6978394167001087e-08
53150.056 2.8265057181000615e-08
53200.056 1.1212317300909396e-08
53250.056 2.3958230244100425e-08
53300.056 2.7620309200697146e-08
53350.056 2.2446622839000194e-08
53400.056 1.4258163892398086e-08
53450.056 4.089769098418583e-09
53500.056 7.01615972800742e-10
53550.056 1.869634226704002e-09
53600.056 9.735261239733883e-09
53650.056 1.2158017498779304e-08
53700.056 9.839596865228217e-09
53750.056 9.109277829028383e-09
53800.056 8.807830609610238e-09
53850.056 1.7272691840396394e-08
53900.056 2.106575685550029e-08
53950.056 1.8661801609899838e-08
54000.056 1.3904727206649981e-08
54050.056 1.7204577989697623e-08
54100.056 3.031115279495827e-09
54150.056 4.173201341360677e-09
54200.056 5.424791284657632e-10
54250.056 1.7864510177902676e-09
54300.056 4.913234190138113e-09
54350.056 8.937505547349813e-09
54400.056 7.483357220078039e-09
54450.056 6.439478921050907e-09
54500.056 8.597433062751769e-09
54550.056 6.709199358569538e-09
54600.056 4.85603483817895e-09
54650.056 4.2406768796634375e-10
54700.056 5.37284583322007e-09
54750.056 5.45108659533921e-09
54800.056 2.7187466639040894e-09
54850.056 4.132354071870866e-09
54900.056 6.266399520790432e-09
54950.056 1.3408175378447849e-08
55000.056 5.223073789919393e-09
55050.056 5.893668890244431e-09
55100.056 9.091964933902815e-09
55150.056 4.16802986340328e-09
55200.056 3.2400212830040305e-09
55250.056 4.52159439487495e-09
55300.056 3.6285413950260244e-09
55350.056 6.235022987740227e-09
55400.056 4.926876016945641e-09
55450.056 4.6057708890747e-09
55500.056 1.391786038788267e-09
55550.056 1.2602925517408192e-09
55600.056 3.748731140350285e-09
55650.056 2.766952372118231e-09
55700.056 2.8536542990905535e-09
55750.056 1.6483429668096284e-09
55800.056 6.441947205250691e-10
55850.056 9.914146636228353e-10
55900.056 3.6216699751665648e-09
55950.056 6.625857981212729e-09
56000.056 2.5910105633930996e-09
56050.056 2.2032504734225194e-09
56100.056 3.836459174527272e-09
56150.056 1.7612936192359786e-09
56200.056 1.8333376383775889e-09
56250.056 6.479086431220376e-09
56300.056 3.445815700193991e-09
56350.056 1.253523231860174e-09
56400.056 3.982277419025204e-10
56450.056 4.805171836692596e-10
56500.056 2.5370996091009506e-09
56550.056 7.435334401910862e-10
56600.056 2.7686238495450266e-09
56650.056 3.063382834241685e-09
56700.056 2.4113430910498407e-09
56750.056 8.611949994228566e-10
56800.056 1.0308239971038692e-09
56850.056 2.2354559345748348e-09
56900.056 9.50999582039461e-10
56950.056 3.318595071753494e-09
57000.056 4.404854550710271e-09
57050.056 2.512250816679021e-09
57100.056 4.07610540781858e-10
57150.056 1.1942012193135329e-09
57200.056 5.876827167170073e-10
57250.056 1.1742516936069207e-09
57300.056 1.4816805611120854e-09
57350.056 7.741628689530635e-10
57400.056 2.955658060485685e-09
57450.056 9.204703041327069e-10
57500.056 8.474103619030774e-10
57550.056 1.26985814592595e-09
57600.056 6.612007298699257e-10
57650.056 2.580550426500156e-10
57700.056 7.45844653884986e-10
57750.056 1.8727720557862005e-09
57800.056 9.360888080334665e-10
57850.056 3.3654620509034007e-09
57900.056 5.130637278090466e-09
57950.056 5.316354434380695e-09
58000.056 1.3297353067807324e-09
58050.056 2.8670130358293904e-09
58100.056 1.6898326721186067e-09
58150.056 1.3588476892690633e-09
58200.056 2.4465755175900464e-10
58250.056 5.645648268816156e-10
58300.056 4.2592110564555907e-10
58350.056 7.75302847048872e-10
58400.056 1.7606837410743044e-09
58450.056 3.301633213559912e-09
58500.056 3.6161178227998574e-09
58550.056 1.5137395131827293e-09
58600.056 5.358019922190908e-10
58650.056 1.1339575463748373e-09
58700.056 8.737183277000257e-10
58750.056 1.44405322631985e-09
58800.056 1.0229394195152977e-10
58850.056 5.648262810640925e-10
58900.056 5.139470955631077e-10
58950.056 3.687006824418119e-10
59000.056 8.353564856941278e-10
59050.056 1.2147338026377423e-09
59100.056 6.499228924993401e-10
59150.056 9.206320279835943e-10
59200.056 2.0169631932400284e-09
59250.056 2.3885073650803724e-09
59300.056 1.5828319486794686e-09
59350.056 2.1148130049898195e-10
59400.056 2.7314654695844026e-10
59450.056 1.7940665132124533e-09
59500.056 1.1601741713950038e-09
59550.056 1.6741123410457602e-09
59600.056 2.3142003926977363e-09
59650.056 7.273705456323688e-10
59700.056 6.620027867792953e-10
59750.056 3.6352861364196566e-09
59800.056 1.3403279204005658e-09
59850.056 1.2830351882988665e-09
59900.056 4.4407134226791435e-10
59950.056 1.1322802907799414e-09
60000.056 3.246037066399056e-09
60050.056 4.729004991050738e-09
60100.056 2.930633629519563e-09
60150.056 7.196518293759281e-10
60200.056 1.3456608617567718e-09
60250.056 3.9694208067822614e-09
60300.056 2.983962220293048e-09
60350.056 1.8777858017794656e-09
60400.056 1.7133108484643026e-09
60450.056 2.718881800359371e-10
60500.056 1.0744359407503832e-10
60550.056 9.523640529900425e-10
60600.056 1.5715192647020133e-09
60650.056 1.1176580661557595e-09
60700.056 6.135193198399357e-10
60750.056 2.636281569523816e-10
60800.056 1.5780376238479028e-09
60850.056 2.901030568653865e-09
60900.056 1.87860282198924e-09
60950.056 1.221912908847579e-09
61000.056 3.0775001944454216e-09
61050.056 8.459142172736294e-10
61100.056 6.962264589287357e-10
61150.056 2.1310047694788724e-10
61200.056 1.7738586704404619e-09
61250.056 1.6789157384400504e-09
61300.056 9.709697281235443e-10
61350.056 2.286448864704369e-09
61400.056 6.37625942318036e-10
61450.056 3.6951343439511844e-10
61500.056 2.8745297433610576e-10
61550.056 7.276110291518776e-10
61600.056 3.3115249109370825e-10
61650.056 4.549178951227629e-10
61700.056 1.2853243269699544e-09
61750.056 1.0914759736940998e-09
61800.056 1.0272114642468918e-09
61850.056 2.0683393115054602e-10
61900.056 2.083352606760509e-09
61950.056 1.5671944167646872e-09
62000.056 1.124206684897777e-09
62050.056 4.657920712366404e-09
62100.056 1.0522249052033983e-09
62150.056 2.9804860573968462e-09
62200.056 2.3114479428378042e-09
62250.056 2.1683648262409806e-09
62300.056 4.708921448199822e-09
62350.056 5.237824967940869e-09
62400.056 3.802723859240459e-09
62450.056 2.8728931987087717e-09
62500.056 5.141106047983642e-09
62550.056 1.0244076978599045e-08
62600.056 2.895646587126018e-09
62650.056 2.7897979093324247e-09
62700.056 1.5254239592641785e-09
62750.056 5.420813404937855e-09
62800.056 3.668950430139459e-09
62850.056 2.5390632437914788e-09
62900.056 6.0415944261395585e-09
62950.056 9.357757296059636e-09
63000.056 2.207312510371584e-09
63050.056 1.3157249258603106e-08
63100.056 1.565713679260883e-08
63150.056 1.0269492689510166e-08
63200.056 6.190165185099424e-09
63250.056 7.153024496699943e-09
63300.056 1.62401888343306e-09
63350.056 2.9349334805005763e-09
63400.056 9.980175988696367e-10
63450.056 3.529314522577206e-10
63500.056 3.3762856563811128e-09
63550.056 5.60445477825828e-09
63600.056 2.3521082412696226e-09
63650.056 3.106984812800205e-09
63700.056 6.043383021717843e-10
63750.056 1.5529082943282345e-09
63800.056 4.978832187167727e-09
63850.056 3.7147843949594037e-09
63900.056 9.590146807460947e-10
63950.056 1.5188735084789287e-09
64000.056 3.0820408818498675e-09
64050.056 6.062308965696136e-10
64100.056 2.8352798601605626e-10
64150.056 3.661183389197982e-10
64200.056 3.602066020912493e-10
64250.056 2.0018287600592147e-09
64300.056 1.5476631018995144e-09
64350.056 8.25779993480583e-10
64400.056 2.9134084297910046e-09
64450.056 2.6360490508072467e-09
64500.056 1.5285821986199145e-09
64550.056 2.9455464261201263e-09
64600.056 1.930659634403783e-09
64650.056 3.129761899074065e-09
64700.056 6.579311389729039e-10
64750.056 1.2331528548568663e-09
64800.056 5.23191579779106e-10
64850.056 4.321243969111391e-10
64900.056 3.580840965668113e-10
64950.056 2.88452852789942e-10
65000.056 4.5092304380225705e-10
65050.056 1.8238229989096e-09
65100.056 1.3249652285903435e-09
65150.056 1.4980913049757655e-09
65200.056 3.63381065878955e-10
65250.056 8.698054971456489e-10
65300.056 1.6240711102391474e-09
65350.056 3.576173280654531e-09
65400.056 1.3210378591799381e-09
65450.056 1.5288976356296417e-09
65500.056 2.0830299888300946e-09
65550.056 7.864217126330634e-10
65600.056 2.262618966000378e-09
65650.056 1.128201798882432e-09
65700.056 8.919050560602103e-10
65750.056 6.173598839794354e-10
65800.056 1.465079838520478e-09
65850.056 3.095749301659313e-09
65900.056 5.168001802198203e-10
65950.056 7.987905820071435e-10
66000.056 1.018244190909131e-09
66050.056 2.7110738625120512e-09
66100.056 1.6334619429152016e-09
66150.056 1.6138921620642664e-09
66200.056 1.958164604859794e-09
66250.056 8.903312663805394e-10
66300.056 6.79431723690306e-10
66350.056 3.184137485400528e-10
66400.056 5.302393005900096e-10
66450.056 1.9155368701505387e-09
66500.056 3.586038761241405e-09
66550.056 3.4086264309390953e-09
66600.056 2.6370489904302886e-09
66650.056 1.3017976283103984e-09
66700.056 1.0633275993553636e-09
66750.056 2.182755552399782e-09
66800.056 1.2161669854799081e-09
66850.056 9.191423875939023e-10
66900.056 4.123348675787602e-09
66950.056 3.282041821702439e-09
67000.056 6.448481801901636e-09
67050.056 2.171929536879529e-09
67100.056 1.2967141490202096e-09
67150.056 1.825787919020539e-09
67200.056 3.051522526409361e-09
67250.056 2.6473240278309296e-09
67300.056 5.272349926700268e-09
67350.056 1.943123225163841e-09
67400.056 4.890849031991503e-09
67450.056 3.36398427936706e-09
67500.056 1.902483525010444e-09
67550.056 7.397873087853354e-09
67600.056 1.261025980019895e-08
67650.056 7.18361599624528e-09
67700.056 4.168707836976395e-09
67750.056 2.088631575180776e-09
67800.056 2.7175035582582483e-09
67850.056 1.2930300849099865e-09
67900.056 1.4304146376399782e-09
67950.056 1.5101624474201482e-09
68000.056 4.810469175799433e-09
68050.056 2.676425132339428e-09
68100.056 4.983506928863864e-09
68150.056 5.5841768009982555e-09
68200.056 3.694884753172096e-09
68250.056 9.879451618637515e-10
68300.056 4.862246359300908e-09
68350.056 6.794373294799115e-09
68400.056 8.124858845000314e-09
68450.056 8.54335569190112e-09
68500.056 3.763375593558179e-09
68550.056 1.142486459320043e-09
68600.056 1.1633557667300824e-09
68650.056 6.662061346042142e-10
68700.056 1.8006177560206618e-09
68750.056 3.457057079800647e-09
68800.056 3.311370235028233e-09
68850.056 2.4249530372683323e-09
68900.056 9.94724043430039e-09
68950.056 9.87046152570095e-09
69000.056 4.114124070521738e-09
69050.056 1.9651477472598704e-09
69100.056 8.07733936380065e-09
69150.056 1.3239708759223757e-08
69200.056 1.0779555750340856e-08
69250.056 1.253440167539848e-08
69300.056 1.208363092848292e-08
69350.056 1.2628476713999753e-08
69400.056 5.26852532490983e-09
69450.056 1.0025764113096219e-08
69500.056 6.34503758535939e-09
69550.056 3.569616396519857e-09
69600.056 7.229519812801544e-10
69650.056 3.5854160008913224e-09
69700.056 8.34571747849978e-09
69750.056 4.072201687169805e-09
69800.056 9.42347587649994e-09
69850.056 9.578605572002435e-09
69900.056 5.509995156431384e-09
69950.056 5.255074344439535e-09
70000.056 5.932713358649219e-09
70050.056 1.4110810652305223e-08
70100.056 8.519607461679768e-09
70150.056 7.517337604999439e-09
70200.056 4.065223516298283e-09
70250.056 4.696651609751431e-09
70300.056 8.91990198194052e-09
70350.056 9.496370583099428e-09
70400.056 3.415005505198722e-09
70450.056 6.420544029732505e-10
70500.056 3.5403183204306505e-09
70550.056 2.822117844170116e-09
70600.056 4.232937877370401e-09
70650.056 6.8154286744991975e-09
70700.056 1.0431111013304783e-08
70750.056 1.8014410600002862e-08
70800.056 6.5902619261964135e-09
70850.056 7.1261302132801065e-09
70900.056 1.1510489893158421e-08
70950.056 1.2751273266104267e-08
71000.056 1.1656622361998919e-08
71050.056 1.3410599576199744e-08
71100.056 9.025933822099083e-09
71150.056 4.535232433838255e-09
71200.056 5.046161825299775e-09
71250.056 1.1349620230601886e-08
71300.056 1.5625016471699726e-08
71350.056 1.556422910990051e-08
71400.056 1.0136572725097534e-08
71450.056 2.6730136598377756e-09
71500.056 4.51474146759914e-09
71550.056 4.2765483945602866e-09
71600.056 6.196647200799214e-09
71650.056 2.820350631969999e-09
71700.056 1.9313896447200087e-09
71750.056 6.245666785903016e-09
71800.056 1.0901323060439889e-08
71850.056 1.0956994452500485e-08
71900.056 6.6569539891987085e-09
71950.056 9.493046094495943e-09
72000.056 7.754209559000272e-09
72050.056 2.5933010439591054e-09
72100.056 3.5611338778007344e-09
72150.056 7.995808068098083e-09
72200.056 7.335539746951034e-09
72250.056 1.698170369400146e-08
72300.056 5.849408723890069e-09
72350.056 9.454974494577915e-09
72400.056 7.691024285100577e-09
72450.056 7.0977255318150996e-09
72500.056 9.344603903900141e-09
72550.056 2.2672119532617244e-09
72600.056 5.247455582960889e-09
72650.056 9.950466447304321e-09
72700.056 3.6951172416980604e-09
72750.056 4.896948022199841e-09
72800.056 2.2636832349825132e-09
72850.056 3.4942533294615436e-09
72900.056 1.1879096951501533e-08
72950.056 5.4871966127845325e-09
73000.056 5.122427340132567e-09
73050.056 2.131368323210522e-09
73100.056 3.6411084257193663e-09
73150.056 1.1190264491198667e-08
73200.056 2.964575669070839e-09
73250.056 4.37928716151967e-09
73300.056 2.109219295939963e-09
73350.056 1.4493128227994137e-09
73400.056 4.3790983678004766e-09
73450.056 2.2920734866301344e-09
73500.056 1.6894356288803075e-09
73550.056 3.717340488240852e-09
73600.056 4.549183095948245e-09
73650.056 3.40282203835012e-09
73700.056 2.383176072807685e-09
73750.056 8.833191999850665e-10
73800.056 2.671826100441966e-09
73850.056 4.2969549366378866e-09
73900.056 1.4687222557270236e-09
73950.056 2.6084654824732964e-09
74000.056 6.505922226931318e-10
74050.056 4.728447405042309e-09
74100.056 4.52329055547934e-09
74150.056 4.116733796079231e-09
74200.056 9.9266105632501e-10
74250.056 2.867554196478573e-10
74300.056 3.622176031771188e-09
74350.056 5.800561731281336e-09
74400.056 3.776674120709467e-09
74450.056 1.2521995331534146e-09
74500.056 5.087377173140141e-10
74550.056 1.6355782990566629e-09
74600.056 1.9062795469001473e-09
74650.056 2.49797323727017e-09
74700.056 2.2687128936408135e-09
74750.056 6.148161928872211e-10
74800.056 9.42977866230544e-10
74850.056 4.9411543532018646e-09
74900.056 6.118263419147337e-09
74950.056 4.005848071318854e-09
75000.056 2.1383626782490965e-09
75050.056 1.8474223931761335e-10
75100.056 3.211684789522591e-09
75150.056 6.9952316189018696e-09
75200.056 5.983834922198872e-09
75250.056 4.106285383867201e-09
75300.056 2.4278704561500113e-09
75350.056 4.3769046425214267e-10
75400.056 5.515218525701428e-09
75450.056 8.374467495701655e-09
75500.056 6.207812068478066e-09
75550.056 3.6452841115163932e-09
75600.056 4.579393063919367e-09
75650.056 2.3566746261915033e-09
75700.056 8.172385702599552e-09
75750.056 5.7758712099332664e-09
75800.056 5.677608729217067e-09
75850.056 7.255378265992905e-09
75900.056 6.99577077975794e-09
75950.056 2.795115135832788e-09
76000.056 1.0278341314798082e-08
76050.056 8.63076547369685e-09
76100.056 7.901378056958753e-09
76150.056 7.643920126898332e-09
76200.056 6.253087622902125e-09
76250.056 2.0613238477931157e-09
76300.056 9.930979311200952e-09
76350.056 1.333574477600179e-08
76400.056 8.19031191040077e-09
76450.056 6.005877007301786e-09
76500.056 4.094327462899409e-09
76550.056 8.579196149466963e-10
76600.056 1.6416854689011535e-10
76650.056 2.4232697987984283e-10
76700.056 2.915757427939973e-10
76750.056 3.4984488102564526e-10
76800.056 7.560315879422077e-10
76850.056 8.122884251989483e-10
76900.056 1.5189877627122782e-09
76950.056 9.876299774424501e-10
77000.056 3.187374669899205e-09
77050.056 6.701572263448953e-10
77100.056 1.3529370939538674e-09
77150.056 3.0436614819206586e-09
77200.056 1.0229011064399607e-09
77250.056 8.925501259274208e-10
77300.056 3.552107748739199e-09
77350.056 1.7323442379787857e-09
77400.056 3.5045933860818644e-09
77450.056 7.062099925297786e-09
77500.056 4.5554495183300364e-09
77550.056 2.2834486109760787e-09
77600.056 7.143304229401646e-10
77650.056 1.2196817917204736e-09
77700.056 4.056645645198152e-09
77750.056 4.405380469811654e-09
77800.056 7.943033050220884e-09
77850.056 9.343637293097453e-09
77900.056 2.283694520248314e-09
77950.056 6.248743727992854e-10
78000.056 2.774077330449475e-09
78050.056 2.55733236400502e-09
78100.056 4.539147155306328e-09
78150.056 6.5927898381927535e-09
78200.056 1.0704929309499957e-08
78250.056 6.148216387098845e-09
78300.056 1.1011091986377341e-09
78350.056 3.878342141502073e-09
78400.056 1.7932025550184431e-09
78450.056 3.6461192589112014e-09
78500.056 9.140669367927558e-09
78550.056 1.0717543160699482e-08
78600.056 6.997610857799217e-09
78650.056 1.2337935177352416e-09
78700.056 1.6116621889103387e-09
78750.056 4.107878746759792e-09
78800.056 1.9046626742648064e-09
78850.056 1.122389412849163e-09
78900.056 3.409867571738797e-09
78950.056 6.443456193800485e-09
79000.056 3.749877382053778e-09
79050.056 3.46401845385512e-09
79100.056 5.168517139200993e-09
79150.056 2.630779869365308e-09
79200.056 3.868090958939583e-09
79250.056 1.5904707826317828e-09
79300.056 2.596854766019507e-09
79350.056 3.3282442786900417e-09
79400.056 1.3368296941229365e-09
79450.056 6.13763627042214e-09
79500.056 1.1755505907299752e-08
79550.056 9.335976585200613e-09
79600.056 3.675310720165557e-09
79650.056 8.878304764998555e-09
79700.056 3.60525932872974e-09
79750.056 3.8408645288042935e-09
79800.056 2.9963318740507444e-09
79850.056 7.474390636902215e-09
79900.056 1.4413812779901841e-08
79950.056 1.7298564389900494e-08
