# %ECSV 1.0
# ---
# datatype:
# - {name: wav, unit: Angstrom, datatype: float64}
# - {name: flux_nu, unit: erg / (cm2 Hz s), datatype: float64}
# meta: {C/O: '1.00', Kzz: '1.0000E+05', Teff: '900.', Y: '0.28', '[Fe/H]': '0.00', f_hole: '1.00', f_rain: '0.00', grav: '562.'}
# schema: astropy-2.0
wav flux_nu
4000.0559999999996 nan
4050.0559999999996 1.0224614446921374e-13
4100.056 8.798213007399848e-12
4150.056 3.841384966800141e-11
4200.056 3.309322202454273e-11
4250.056 8.676518624400134e-11
4300.056 1.2347262922700553e-10
4350.056 1.4232699727000215e-10
4400.056 1.7733088007500237e-10
4450.056 2.1310523812700258e-10
4500.056 2.1166692155000586e-10
4550.056 2.2591012341889395e-10
4600.056 1.6115700700599923e-10
4650.056 1.2228522186799776e-10
4700.056 8.650748757999963e-11
4750.056 3.410143390399971e-11
4800.056 8.465824789899884e-12
4850.056 2.089210880399975e-12
4900.056 8.143414931899936e-13
4950.056 3.582572821699968e-13
5000.056 1.280283199649985e-13
5050.056 5.136857571799979e-14
5100.056 4.160089544400002e-14
5150.056 3.687254557300002e-14
5200.056 3.3043858981999977e-14
5250.056 2.9406516521999965e-14
5300.056 2.6622500453999973e-14
5350.056 2.4891387920999986e-14
5400.056 2.3891989009999993e-14
5450.056 2.3461246216000025e-14
5500.056 2.345628119900005e-14
5550.056 2.377272939600001e-14
5600.056 2.4205905657e-14
5650.056 2.4519778693999988e-14
5700.056 2.4350026033999993e-14
5750.056 2.3345294220999983e-14
5800.056 2.0657201371999943e-14
5850.056 1.468845024029984e-14
5900.056 4.985664844767251e-15
5950.056 2.843225171900052e-14
6000.056 5.813848078200013e-14
6050.056 1.0083293373800107e-13
6100.056 1.6334541310000133e-13
6150.056 2.5906118423000175e-13
6200.056 4.1032802905000255e-13
6250.056 6.489185981000039e-13
6300.056 1.0367025210200062e-12
6350.056 1.6554515524000123e-12
6400.056 2.6269721547000197e-12
6450.056 4.060563740699998e-12
6500.056 6.270885642600024e-12
6550.056 9.554441446400031e-12
6600.056 1.4352009443000187e-11
6650.056 2.1199019886000144e-11
6700.056 2.6972252953930228e-11
6750.056 4.2431352480000225e-11
6800.056 5.5343775564000274e-11
6850.056 6.324431723700008e-11
6900.056 6.023635330100023e-11
6950.056 5.318872516299981e-11
7000.056 5.285087232000019e-11
7050.056 5.716472787899971e-11
7100.056 6.259953968199988e-11
7150.056 6.359848222899929e-11
7200.056 6.159798799100066e-11
7250.056 5.81978067479982e-11
7300.056 5.163595680300067e-11
7350.056 4.5471747595999476e-11
7400.056 3.93734485790005e-11
7450.056 3.329884783600036e-11
7500.056 2.7207426275999836e-11
7550.056 2.1275863481999878e-11
7600.056 1.6318108970999887e-11
7650.056 4.966107778931792e-12
7700.056 3.615465970290151e-12
7750.056 1.538881872050025e-11
7800.056 2.6729909605960283e-11
7850.056 5.2727557897000447e-11
7900.056 8.609357816400031e-11
7950.056 1.0846057623954135e-10
8000.056 2.0369646950000194e-10
8050.056 2.934878495700035e-10
8100.056 3.9008150771999846e-10
8150.056 5.102840222530009e-10
8200.056 7.041257570200228e-10
8250.056 8.955425168320086e-10
8300.056 1.1457872044400662e-09
8350.056 1.422160795179971e-09
8400.056 1.763499925309971e-09
8450.056 2.206956869499983e-09
8500.056 2.4299124323338895e-09
8550.056 3.162851178900089e-09
8600.056 3.962126396700033e-09
8650.056 4.698263146100039e-09
8700.056 5.508510070800019e-09
8750.056 6.456571019300045e-09
8800.056 7.456596055900074e-09
8850.056 8.283968231499994e-09
8900.056 7.903952485399781e-09
8950.056 7.441965540647922e-09
9000.056 9.437404491599338e-09
9050.056 1.2955746263550186e-08
9100.056 1.4677239539600392e-08
9150.056 1.5983774211000725e-08
9200.056 1.8571890207018777e-08
9250.056 1.888470599655454e-08
9300.056 9.815042502170806e-09
9350.056 1.2542554556205413e-08
9400.056 1.876905694308062e-08
9450.056 2.0231605342237748e-08
9500.056 1.9949515769284082e-08
9550.056 2.2088636388654252e-08
9600.056 2.2974111660834952e-08
9650.056 2.673179850698547e-08
9700.056 3.361103777694866e-08
9750.056 3.620412807876852e-08
9800.056 4.092222843725646e-08
9850.056 4.652246308799957e-08
9900.056 5.2271389730699014e-08
9950.056 5.5775362213999815e-08
10000.056 5.120197579779882e-08
10050.056 6.657790622700008e-08
10100.056 7.641662015999959e-08
10150.056 8.43296893159977e-08
10200.056 9.346605920600076e-08
10250.056 1.035938213320009e-07
10300.056 1.1551393395699874e-07
10350.056 1.2690525267600164e-07
10400.056 1.3986072000999944e-07
10450.056 1.501775095699978e-07
10500.056 1.5880458102000023e-07
10550.056 1.6781220873000093e-07
10600.056 1.7663255404999783e-07
10650.056 1.8664146283000392e-07
10700.056 1.9417602654000375e-07
10750.056 2.028897134580032e-07
10800.056 2.0880539075400248e-07
10850.056 2.0987182664599893e-07
10900.056 1.809561964329976e-07
10950.056 1.2225909546670153e-07
11000.056 9.685319803548707e-08
11050.056 7.18727201776535e-08
11100.056 5.363739576477606e-08
11150.056 3.8049191217798154e-08
11200.056 4.0655255038750216e-08
11250.056 5.088888099483757e-08
11300.056 5.217675686765845e-08
11350.056 2.6409396256907193e-08
11400.056 5.122646281236343e-08
11450.056 4.21714471972371e-08
11500.056 4.387657624086181e-08
11550.056 2.6206173784176897e-08
11600.056 2.6829224400297064e-08
11650.056 3.74768348627587e-08
11700.056 3.6530245087766595e-08
11750.056 2.2025280240817747e-08
11800.056 4.65307589666592e-08
11850.056 7.025304990132836e-08
11900.056 8.460049346896325e-08
11950.056 1.1347181365110662e-07
12000.056 1.383112965999997e-07
12050.056 1.6909842180301615e-07
12100.056 1.9984234117299196e-07
12150.056 2.3679272102999218e-07
12200.056 2.6909699496798745e-07
12250.056 3.061908826299862e-07
12300.056 3.481560189700116e-07
12350.056 3.616415268900017e-07
12400.056 3.826807417399916e-07
12450.056 3.746339037100084e-07
12500.056 3.8939201688000077e-07
12550.056 4.2183281483001537e-07
12600.056 5.155986528600094e-07
12650.056 5.201874665600011e-07
12700.056 5.275925120900232e-07
12750.056 5.004867624600113e-07
12800.056 4.913224556360028e-07
12850.056 4.18826462145011e-07
12900.056 3.7513645798301416e-07
12950.056 3.5916173627419795e-07
13000.056 3.5274667800699294e-07
13050.056 3.1454499081096205e-07
13100.056 2.977694244054619e-07
13150.056 2.4455117194851196e-07
13200.056 2.1766608839183878e-07
13250.056 1.6274911815301878e-07
13300.056 8.619429524965721e-08
13350.056 2.898099014842937e-08
13400.056 1.5259890894209255e-08
13450.056 8.782704034230936e-09
13500.056 5.461356238100354e-09
13550.056 3.7172007650826866e-09
13600.056 2.2523956275190314e-09
13650.056 5.777385124403496e-09
13700.056 4.252314004413053e-09
13750.056 5.777501613909092e-09
13800.056 6.9753380308960295e-09
13850.056 5.079260796178538e-09
13900.056 5.265884110898934e-09
13950.056 5.003424273045707e-09
14000.056 4.883799616336167e-09
14050.056 6.106266490689526e-09
14100.056 5.0466427707988145e-09
14150.056 7.35563747860304e-09
14200.056 5.642376515116869e-09
14250.056 5.948649981197451e-09
14300.056 1.0436104316912307e-08
14350.056 1.0381605353193154e-08
14400.056 1.1137649986676611e-08
14450.056 1.3319602119901592e-08
14500.056 2.270177119670558e-08
14550.056 2.4437203868480934e-08
14600.056 3.349690286187332e-08
14650.056 3.2014411417136377e-08
14700.056 2.4671659943527557e-08
14750.056 2.9779238530340353e-08
14800.056 3.8272082724486444e-08
14850.056 4.12018708671735e-08
14900.056 4.2470437445306985e-08
14950.056 4.883575005187999e-08
15000.056 5.871408960660394e-08
15050.056 6.752272392011334e-08
15100.056 7.210525852740238e-08
15150.056 7.890384624933975e-08
15200.056 8.464303055395559e-08
15250.056 1.1055124909220163e-07
15300.056 1.2414512672968358e-07
15350.056 1.4567639681579442e-07
15400.056 1.654671271630212e-07
15450.056 1.8480455043101383e-07
15500.056 1.970986772099866e-07
15550.056 2.260449637320012e-07
15600.056 2.433342565630014e-07
15650.056 2.582113461820096e-07
15700.056 2.8993656824602327e-07
15750.056 3.040223386499953e-07
15800.056 3.055699594800104e-07
15850.056 3.1980644015000165e-07
15900.056 3.0178953095000615e-07
15950.056 2.8492753356998334e-07
16000.056 2.4443686027000523e-07
16050.056 1.8469908630199364e-07
16100.056 1.4216471637199056e-07
16150.056 1.0262092244599764e-07
16200.056 7.225110862256276e-08
16250.056 6.347697495416774e-08
16300.056 5.306795153815172e-08
16350.056 5.970964620162307e-08
16400.056 6.963420238086591e-08
16450.056 7.445630757268014e-08
16500.056 8.123531507762716e-08
16550.056 7.859293681453273e-08
16600.056 8.166887111587201e-08
16650.056 5.972257011984975e-08
16700.056 2.4197490438592504e-08
16750.056 3.7606645008454054e-08
16800.056 5.758955574012062e-08
16850.056 6.066683952222341e-08
16900.056 5.078344665888767e-08
16950.056 4.2090944330008925e-08
17000.056 3.295610933948464e-08
17050.056 4.849003389211003e-08
17100.056 5.9117310749211626e-08
17150.056 4.7497530339082584e-08
17200.056 6.917917543669032e-08
17250.056 5.826590277425611e-08
17300.056 4.767465227920985e-08
17350.056 4.3538942699186336e-08
17400.056 4.857403907092247e-08
17450.056 5.1895964811940874e-08
17500.056 5.804553849676017e-08
17550.056 5.2070635265576304e-08
17600.056 4.6246660912835444e-08
17650.056 4.47511701384262e-08
17700.056 3.475678500006579e-08
17750.056 3.099084186176192e-08
17800.056 4.1583443602744584e-08
17850.056 2.7838838737330236e-08
17900.056 2.776853127598468e-08
17950.056 2.2028370841834222e-08
18000.056 2.619278722542852e-08
18050.056 2.2123509934314745e-08
18100.056 2.40964941432904e-08
18150.056 2.93313112161926e-08
18200.056 1.8407284228344887e-08
18250.056 3.913983476911087e-08
18300.056 2.2678028125567422e-08
18350.056 1.9752776914882407e-08
18400.056 1.8200519801618284e-08
18450.056 2.4923137544366924e-08
18500.056 2.601861330923612e-08
18550.056 1.9974639047512347e-08
18600.056 1.746931460660261e-08
18650.056 1.619283502846834e-08
18700.056 1.399687091742757e-08
18750.056 2.01738486745739e-08
18800.056 3.704702373646092e-08
18850.056 4.0916587238236e-08
18900.056 3.705845070390209e-08
18950.056 5.868243305520779e-08
19000.056 3.7781736197595756e-08
19050.056 2.829222211952166e-08
19100.056 4.685866378986253e-08
19150.056 3.2205235203756576e-08
19200.056 4.203137658200525e-08
19250.056 3.045065426732639e-08
19300.056 2.7119585343299953e-08
19350.056 2.3950159794294638e-08
19400.056 1.7278020800428414e-08
19450.056 2.9733855277811557e-08
19500.056 2.9576815319663678e-08
19550.056 2.2885766589596148e-08
19600.056 3.0483866166374e-08
19650.056 3.558979723960944e-08
19700.056 3.554634420439057e-08
19750.056 4.135854507959629e-08
19800.056 4.126724566404293e-08
19850.056 5.364743677523388e-08
19900.056 4.447470359750855e-08
19950.056 6.659154810200222e-08
20000.056 6.256688775184941e-08
20050.056 6.906442975830329e-08
20100.056 8.100667922221943e-08
20150.056 7.5925650175e-08
20200.056 8.228302560543536e-08
20250.056 9.87301878104877e-08
20300.056 9.948259798891253e-08
20350.056 1.1171150351463497e-07
20400.056 1.092155803267867e-07
20450.056 1.2981658350599313e-07
20500.056 1.4076489193586267e-07
20550.056 1.4120804028601416e-07
20600.056 1.572960781530215e-07
20650.056 1.606733262970062e-07
20700.056 1.6526110827901533e-07
20750.056 1.7076424695598944e-07
20800.056 1.7544099882098354e-07
20850.056 1.737996931169974e-07
20900.056 1.8073898854397443e-07
20950.056 1.7547379670100547e-07
21000.056 1.7223635209901118e-07
21050.056 1.703694315559917e-07
21100.056 1.6410448817000523e-07
21150.056 1.6485413307597487e-07
21200.056 1.5498838199200657e-07
21250.056 1.4884779632907745e-07
21300.056 1.3337834857499263e-07
21350.056 1.319987807572944e-07
21400.056 1.2600598959382485e-07
21450.056 1.1673455992775885e-07
21500.056 1.0856181459002497e-07
21550.056 1.0076361033540397e-07
21600.056 9.113968723919079e-08
21650.056 8.048447713001914e-08
21700.056 8.023627627830265e-08
21750.056 7.024755844218745e-08
21800.056 5.998489291086553e-08
21850.056 5.366047227075457e-08
21900.056 4.1650496396359166e-08
21950.056 2.7164685659331413e-08
22000.056 1.1831761454668732e-08
22050.056 9.754086376515246e-09
22100.056 1.727979068987712e-08
22150.056 2.036971390630551e-08
22200.056 2.2590636200411347e-08
22250.056 2.0072373711238725e-08
22300.056 1.5564746461774367e-08
22350.056 1.579645458869169e-08
22400.056 1.1228208498893062e-08
22450.056 1.0638311590594917e-08
22500.056 1.030580155028966e-08
22550.056 8.356806795262879e-09
22600.056 8.453126401843986e-09
22650.056 9.755250525541522e-09
22700.056 8.282981937375047e-09
22750.056 8.609614437075383e-09
22800.056 8.429978497640275e-09
22850.056 7.286166344492854e-09
22900.056 6.597550311981137e-09
22950.056 6.128559953304743e-09
23000.056 7.751415158439706e-09
23050.056 9.8333437761321e-09
23100.056 1.86272070633847e-08
23150.056 1.8573498524756873e-08
23200.056 4.385892608857822e-09
23250.056 6.810946969384707e-09
23300.056 6.037717284060293e-09
23350.056 6.257172241010981e-09
23400.056 6.522374984072289e-09
23450.056 5.979327463713946e-09
23500.056 6.604883412019818e-09
23550.056 8.507559158620397e-09
23600.056 1.02960489385573e-08
23650.056 1.3281006135545311e-08
23700.056 6.948360190612864e-09
23750.056 6.132740440563302e-09
23800.056 8.32119242723907e-09
23850.056 8.758194585758513e-09
23900.056 1.362910032475519e-08
23950.056 1.3257207685289444e-08
24000.056 1.6345449824887733e-08
24050.056 1.8524266988543046e-08
24100.056 1.7189699729687256e-08
24150.056 2.0660935173987166e-08
24200.056 1.956309768227504e-08
24250.056 1.707454812488074e-08
24300.056 2.167208945157277e-08
24350.056 1.8425950449974874e-08
24400.056 2.5460669355573796e-08
24450.056 2.419584899356e-08
24500.056 2.4273212171790686e-08
24550.056 2.93391138015192e-08
24600.056 2.965467168275672e-08
24650.056 3.7352933441695924e-08
24700.056 2.6354397066451855e-08
24750.056 2.931457556752301e-08
24800.056 2.909673073962828e-08
24850.056 4.0742483491710005e-08
24900.056 2.2764401686204423e-08
24950.056 3.926415502226734e-08
25000.056 3.448340386149799e-08
25050.056 2.374879046502018e-08
25100.056 3.370069193068235e-08
25150.056 2.2618027571772356e-08
25200.056 2.9118220568042665e-08
25250.056 1.837396817061236e-08
25300.056 2.6429705138803975e-08
25350.056 1.5819788133804144e-08
25400.056 2.8541314160642033e-08
25450.056 1.559285969057697e-08
25500.056 1.58986669194389e-08
25550.056 1.8809106149561485e-08
25600.056 1.6568529137907022e-08
25650.056 1.1070462006652229e-08
25700.056 2.0344295548073322e-08
25750.056 9.110580225797464e-09
25800.056 2.2618742940485175e-08
25850.056 1.0179776345485579e-08
25900.056 1.4586128019276627e-08
25950.056 7.853846600189576e-09
26000.056 2.3096399889841485e-08
26050.056 1.2036371364848858e-08
26100.056 2.26112178552496e-08
26150.056 1.6750421037719627e-08
26200.056 1.848112932844086e-08
26250.056 3.360498488701396e-08
26300.056 2.0428289852140247e-08
26350.056 3.996549800009717e-08
26400.056 3.9151725834107715e-08
26450.056 3.852232439762203e-08
26500.056 4.533138412299233e-08
26550.056 2.2784731563181412e-08
26600.056 3.184441166268154e-08
26650.056 1.3780452478376538e-08
26700.056 1.2521132350803014e-08
26750.056 8.980829711219654e-09
26800.056 1.5056350153471886e-08
26850.056 8.861487627277345e-09
26900.056 2.0910577805636573e-08
26950.056 1.0784199406807615e-08
27000.056 2.757821176024421e-08
27050.056 2.273811477704016e-08
27100.056 1.5170519130539165e-08
27150.056 3.1536829358281214e-08
27200.056 1.619596732636568e-08
27250.056 2.1841885918003318e-08
27300.056 5.102228668904385e-08
27350.056 3.516839628389968e-08
27400.056 9.90514990126604e-09
27450.056 4.28210674959918e-08
27500.056 4.3538283420247545e-08
27550.056 1.7980362430914693e-08
27600.056 3.340977533494092e-08
27650.056 1.6123342630122396e-08
27700.056 1.3089431217931576e-08
27750.056 3.599723870676838e-08
27800.056 1.6369929462180587e-08
27850.056 2.0339180472156135e-08
27900.056 2.205655638724808e-08
27950.056 3.891354712974539e-08
28000.056 3.0226296312533264e-08
28050.056 1.1077425495431143e-08
28100.056 3.80313514545329e-08
28150.056 2.46191597842418e-08
28200.056 1.3123887372798814e-08
28250.056 3.9431939246934816e-08
28300.056 4.573825638987586e-08
28350.056 1.6852800501559814e-08
28400.056 3.0884943030558255e-08
28450.056 4.265632814918221e-08
28500.056 3.183970476736436e-08
28550.056 1.2998965662374825e-08
28600.056 4.6342522635190014e-08
28650.056 3.753017106567971e-08
28700.056 3.524681729086493e-08
28750.056 5.109217756278833e-08
28800.056 4.000956627488807e-08
28850.056 4.816463681956096e-08
28900.056 2.6000858766930947e-08
28950.056 5.368105321436491e-08
29000.056 4.419713478848438e-08
29050.056 5.090291324184046e-08
29100.056 3.5630424236576234e-08
29150.056 6.492190397835439e-08
29200.056 4.49948618426043e-08
29250.056 6.342426333693683e-08
29300.056 3.54325637043332e-08
29350.056 9.929296667382394e-08
29400.056 5.078000328896844e-08
29450.056 5.532538560968312e-08
29500.056 6.544372707989436e-08
29550.056 5.5571965234085994e-08
29600.056 6.605282296904372e-08
29650.056 7.227580478075804e-08
29700.056 5.216684743856419e-08
29750.056 7.409354333335901e-08
29800.056 7.526006100602046e-08
29850.056 8.153471238837445e-08
29900.056 7.845043485597716e-08
29950.056 7.570511917755925e-08
30000.056 2.5569190761985532e-08
30050.056 3.732764674999116e-08
30100.056 4.269789152550065e-08
30150.056 7.714671937499437e-08
30200.056 6.325507513538316e-08
30250.056 1.0048786808981304e-07
30300.056 8.872267143480493e-08
30350.056 7.307997548618314e-08
30400.056 9.770400158940346e-08
30450.056 6.72475165072597e-08
30500.056 6.206420611100071e-08
30550.056 6.387602354325779e-08
30600.056 8.38657420390023e-08
30650.056 6.302483339879546e-08
30700.056 5.7756687678088555e-08
30750.056 6.518689000208984e-08
30800.056 5.675641183411279e-08
30850.056 5.244340161008249e-08
30900.056 4.429570405799018e-08
30950.056 4.218383844450934e-08
31000.056 4.022372746120548e-08
31050.056 4.2922052930599394e-08
31100.056 3.0738138409198855e-08
31150.056 4.026987937836785e-08
31200.056 4.6443173519010114e-08
31250.056 3.2400756888426774e-08
31300.056 2.986436083899462e-08
31350.056 3.2052875486683055e-08
31400.056 2.4571449984821957e-08
31450.056 2.8348915317993467e-08
31500.056 2.0027440372395877e-08
31550.056 2.3705686985476634e-08
31600.056 1.856602605483736e-08
31650.056 1.6852322876465504e-08
31700.056 1.8146777777299182e-08
31750.056 1.3388211922847445e-08
31800.056 1.9283545649198142e-08
31850.056 1.2452348485552227e-08
31900.056 1.684997286540115e-08
31950.056 1.063014855461727e-08
32000.056 1.4281486347688441e-08
32050.056 1.4860854500963953e-08
32100.056 1.3714909307370998e-08
32150.056 1.6256067384678916e-08
32200.056 1.2416267083451133e-08
32250.056 1.905827488614482e-08
32300.056 1.1575515847220247e-08
32350.056 1.9994548106299498e-08
32400.056 1.1918095518257574e-08
32450.056 1.8225510316524916e-08
32500.056 1.5671236004974814e-08
32550.056 1.6635018447168147e-08
32600.056 1.897280412643503e-08
32650.056 2.5697785259893763e-08
32700.056 2.2424680758205636e-08
32750.056 2.9061195584604264e-08
32800.056 2.7968361789353516e-08
32850.056 3.1984944391097175e-08
32900.056 3.44252654724964e-08
32950.056 3.5865981001988346e-08
33000.056 2.934280123880249e-08
33050.056 2.8788351746409505e-08
33100.056 1.4450143463385398e-08
33150.056 2.3337000353382265e-09
33200.056 2.7899388700284183e-09
33250.056 1.965857288209451e-09
33300.056 2.8559960605307665e-09
33350.056 5.331226858230272e-09
33400.056 8.313777917697509e-09
33450.056 1.1495403509831115e-08
33500.056 1.9308840714108947e-08
33550.056 1.5536860301549252e-08
33600.056 2.46541257218975e-08
33650.056 2.5789721458200833e-08
33700.056 1.9953334726235382e-08
33750.056 3.1495088020804784e-08
33800.056 1.9740233047728657e-08
33850.056 2.6677675767826385e-08
33900.056 2.1545027089699248e-08
33950.056 2.2613677121474364e-08
34000.056 2.956080176370835e-08
34050.056 1.532898281416614e-08
34100.056 2.835369381000318e-08
34150.056 1.9951852603478766e-08
34200.056 2.4547903940739436e-08
34250.056 2.3749864153890538e-08
34300.056 1.9662097300456247e-08
34350.056 2.1326477698301186e-08
34400.056 1.6566200834677114e-08
34450.056 2.556056575559127e-08
34500.056 2.2228400384501995e-08
34550.056 1.5568736103520423e-08
34600.056 3.0578360758300006e-08
34650.056 1.814942301186055e-08
34700.056 2.5543126864099496e-08
34750.056 2.4262092983391463e-08
34800.056 2.0038943215996333e-08
34850.056 2.798146750500412e-08
34900.056 2.5036390850008374e-08
34950.056 2.8262660533594163e-08
35000.056 4.268679493825632e-08
35050.056 2.526308425928343e-08
35100.056 3.645182679790191e-08
35150.056 3.615043604212736e-08
35200.056 3.5096273586828896e-08
35250.056 4.81067394377046e-08
35300.056 3.303763993090591e-08
35350.056 3.6459077407310666e-08
35400.056 4.112513404929838e-08
35450.056 2.821465615945498e-08
35500.056 5.58110271119945e-08
35550.056 4.805470441919579e-08
35600.056 4.512775401311964e-08
35650.056 5.098496610248533e-08
35700.056 4.402789728679225e-08
35750.056 5.812207306779568e-08
35800.056 7.079395186520219e-08
35850.056 4.393346123049817e-08
35900.056 6.152268251750804e-08
35950.056 6.077565736758924e-08
36000.056 5.964499995000873e-08
36050.056 5.807053764518498e-08
36100.056 5.6973539444369935e-08
36150.056 6.661661423488763e-08
36200.056 7.411839365178496e-08
36250.056 6.458140334578664e-08
36300.056 8.380725907260599e-08
36350.056 7.685500270520578e-08
36400.056 8.10981413471899e-08
36450.056 8.812590176189955e-08
36500.056 9.213446885930062e-08
36550.056 1.0352566404852849e-07
36600.056 1.1729228279399008e-07
36650.056 1.0575850174898333e-07
36700.056 1.1078971739938061e-07
36750.056 1.255536327800354e-07
36800.056 1.2665838949399721e-07
36850.056 1.1387974781997764e-07
36900.056 1.2646061120799077e-07
36950.056 1.4099457033597917e-07
37000.056 1.2888499365698954e-07
37050.056 1.4012966534400366e-07
37100.056 1.3803029194499627e-07
37150.056 1.3065620563360762e-07
37200.056 1.5728890686699098e-07
37250.056 1.416962954489707e-07
37300.056 1.2830604713155123e-07
37350.056 1.4667911833401944e-07
37400.056 1.9297063731799535e-07
37450.056 1.458670918655964e-07
37500.056 1.4890308129058897e-07
37550.056 1.9005320886807806e-07
37600.056 2.1418702301001978e-07
37650.056 1.4746775662001625e-07
37700.056 2.0458060529601818e-07
37750.056 1.6139146193801455e-07
37800.056 1.773261910660703e-07
37850.056 1.360976826860052e-07
37900.056 1.535800864320447e-07
37950.056 1.8232455363587386e-07
38000.056 2.0520366978799304e-07
38050.056 2.0649911213204316e-07
38100.056 2.186916132820203e-07
38150.056 2.3291347936199327e-07
38200.056 2.3735337234203018e-07
38250.056 2.2196906592901204e-07
38300.056 2.8140145333795397e-07
38350.056 2.8436687455604075e-07
38400.056 2.0360557475793778e-07
38450.056 2.0683151909094094e-07
38500.056 1.6333091444203698e-07
38550.056 2.352925315300492e-07
38600.056 2.299737510859765e-07
38650.056 2.444562169049735e-07
38700.056 2.597431870399987e-07
38750.056 2.63026913264e-07
38800.056 2.350263964379342e-07
38850.056 2.5426108725002557e-07
38900.056 2.981338522179859e-07
38950.056 2.479717604649889e-07
39000.056 2.8047467102197937e-07
39050.056 2.658375833620238e-07
39100.056 2.7292418737400515e-07
39150.056 2.9517626302099527e-07
39200.056 2.7567370464898216e-07
39250.056 3.180741819669819e-07
39300.056 2.8659614501494275e-07
39350.056 3.429626126620227e-07
39400.056 3.028375695130478e-07
39450.056 3.193983335439919e-07
39500.056 3.2377701480002005e-07
39550.056 3.0333225301036935e-07
39600.056 3.393003387899443e-07
39650.056 3.7370220301998507e-07
39700.056 3.506596325000318e-07
39750.056 2.919887327490721e-07
39800.056 3.2630449285996586e-07
39850.056 4.022294101200068e-07
39900.056 3.9556075994000236e-07
39950.056 3.6335740689396165e-07
40000.056 4.21575299500034e-07
40050.056 3.9167268350001065e-07
40100.056 3.2714123727661824e-07
40150.056 4.080138556960067e-07
40200.056 4.19533869449916e-07
40250.056 4.121969467499104e-07
40300.056 4.1322250214004474e-07
40350.056 3.906555868429669e-07
40400.056 4.5147554005201284e-07
40450.056 3.91456328987018e-07
40500.056 4.4846451987000397e-07
40550.056 4.6786682262393975e-07
40600.056 4.3696775452003273e-07
40650.056 4.1696106707992783e-07
40700.056 5.377441790599819e-07
40750.056 4.3386767378992105e-07
40800.056 3.715557587498679e-07
40850.056 5.239360302100759e-07
40900.056 5.043826788580055e-07
40950.056 4.496692667540152e-07
41000.056 4.6197530399998965e-07
41050.056 5.390653859399446e-07
41100.056 4.7017754008996556e-07
41150.056 3.7130910278096864e-07
41200.056 5.199616539999988e-07
41250.056 4.714850757949792e-07
41300.056 4.2966631216993733e-07
41350.056 5.418536875000266e-07
41400.056 4.877975098200483e-07
41450.056 5.226307575400134e-07
41500.056 4.291643919479734e-07
41550.056 4.176922607710773e-07
41600.056 4.86444308586051e-07
41650.056 5.038481032900285e-07
41700.056 4.6118169268991787e-07
41750.056 4.6709186515997337e-07
41800.056 5.560252998100117e-07
41850.056 3.8193804515998996e-07
41900.056 4.57578093358917e-07
41950.056 4.885449265900585e-07
42000.056 4.696021476599519e-07
42050.056 4.0346291297999734e-07
42100.056 5.577801799200143e-07
42150.056 4.016948138100173e-07
42200.056 3.987917204029884e-07
42250.056 4.3745194883996775e-07
42300.056 4.0786316850998944e-07
42350.056 4.801750169700657e-07
42400.056 4.72727556360058e-07
42450.056 4.0323283640004287e-07
42500.056 4.0972342368999666e-07
42550.056 3.8604984772598137e-07
42600.056 4.2868798020507386e-07
42650.056 5.315044895698811e-07
42700.056 4.2800772200393153e-07
42750.056 3.90250410230035e-07
42800.056 4.4494392160204343e-07
42850.056 4.942617906798824e-07
42900.056 5.245588008760742e-07
42950.056 4.0552661913990027e-07
43000.056 4.687705670380206e-07
43050.056 3.1488502665611034e-07
43100.056 4.236288901199545e-07
43150.056 3.8673765863603445e-07
43200.056 4.3880300180000877e-07
43250.056 5.548940052900344e-07
43300.056 5.400167394100218e-07
43350.056 3.4756902116390747e-07
43400.056 4.3863682929399524e-07
43450.056 3.721654687310641e-07
43500.056 3.959713659100125e-07
43550.056 3.996233814070316e-07
43600.056 5.003632917320464e-07
43650.056 3.581069225640091e-07
43700.056 5.215942242600425e-07
43750.056 4.6917168824804687e-07
43800.056 4.4045044284694906e-07
43850.056 3.9528889921007213e-07
43900.056 4.2478778921295833e-07
43950.056 3.1396794437195764e-07
44000.056 2.880359927320065e-07
44050.056 4.58997352400009e-07
44100.056 5.476145331300356e-07
44150.056 5.39276220897966e-07
44200.056 4.704596424400041e-07
44250.056 3.533153131510042e-07
44300.056 3.1244639983105307e-07
44350.056 3.5335460908007126e-07
44400.056 3.3957454091798405e-07
44450.056 4.2450189035998926e-07
44500.056 4.152322220220843e-07
44550.056 5.024012127999574e-07
44600.056 4.4435116371903046e-07
44650.056 4.466848257250335e-07
44700.056 3.4064939916998433e-07
44750.056 4.196254135680525e-07
44800.056 3.8468692227804036e-07
44850.056 4.647125816000576e-07
44900.056 3.704549255040281e-07
44950.056 4.0254742036401736e-07
45000.056 4.324026278400005e-07
45050.056 4.2422572047998315e-07
45100.056 4.3079185641201045e-07
45150.056 4.2082582671397306e-07
45200.056 3.4219790157302646e-07
45250.056 3.800114152689146e-07
45300.056 3.55165385501042e-07
45350.056 3.510101657859824e-07
45400.056 4.752334615500413e-07
45450.056 4.401040801699905e-07
45500.056 4.468871478890143e-07
45550.056 5.023002574399075e-07
45600.056 4.880170520000416e-07
45650.056 4.0907854120195463e-07
45700.056 3.6201411226601555e-07
45750.056 3.446511545139995e-07
45800.056 4.892993809900132e-07
45850.056 4.992446988599913e-07
45900.056 5.189917810900199e-07
45950.056 4.197792469899884e-07
46000.056 4.978780768400393e-07
46050.056 4.2962974532001333e-07
46100.056 5.037846772499723e-07
46150.056 3.979734841699809e-07
46200.056 3.8636715967001974e-07
46250.056 2.6655911364496353e-07
46300.056 4.300071092739943e-07
46350.056 4.154731272100277e-07
46400.056 4.153420477700148e-07
46450.056 3.842372776300269e-07
46500.056 3.9783024299307687e-07
46550.056 3.2143757075900375e-07
46600.056 3.904853243819744e-07
46650.056 5.35385736140004e-07
46700.056 4.0554089881996796e-07
46750.056 2.9749589168302316e-07
46800.056 2.433485711480162e-07
46850.056 5.188975660500711e-07
46900.056 4.798406646599671e-07
46950.056 4.7518298709997655e-07
47000.056 4.31861857040053e-07
47050.056 4.120188970368732e-07
47100.056 2.968718403020326e-07
47150.056 3.7985965515605474e-07
47200.056 4.493818895900056e-07
47250.056 3.3321685278296965e-07
47300.056 2.5826845053171195e-07
47350.056 4.769668461799811e-07
47400.056 4.515976807499625e-07
47450.056 4.197894172880481e-07
47500.056 4.818713934899623e-07
47550.056 4.265427170400074e-07
47600.056 4.382622583799648e-07
47650.056 3.915063635259398e-07
47700.056 3.941254739721025e-07
47750.056 2.981878737180077e-07
47800.056 3.1314496685401596e-07
47850.056 2.3199737862501156e-07
47900.056 2.9317928553996353e-07
47950.056 3.9032925758001463e-07
48000.056 5.055185482400387e-07
48050.056 4.452729976299936e-07
48100.056 2.8115450387601246e-07
48150.056 3.637447635900198e-07
48200.056 3.355916990299965e-07
48250.056 3.4590540268000943e-07
48300.056 4.839292408299345e-07
48350.056 3.1419678322000275e-07
48400.056 1.9882354227716534e-07
48450.056 3.2133113909706646e-07
48500.056 4.050750197099412e-07
48550.056 3.5389057609001104e-07
48600.056 3.891215566100074e-07
48650.056 4.187455506199801e-07
48700.056 3.688559147340107e-07
48750.056 2.4071285010609655e-07
48800.056 4.500609242730136e-07
48850.056 2.9548610781194246e-07
48900.056 4.369861885759878e-07
48950.056 3.052400641300192e-07
49000.056 1.9821715303658434e-07
49050.056 3.8327624245995795e-07
49100.056 3.985534427910582e-07
49150.056 3.394518934284071e-07
49200.056 4.2773540599005e-07
49250.056 4.107719572900445e-07
49300.056 3.6118656742998845e-07
49350.056 2.3259036453003896e-07
49400.056 3.142636151949511e-07
49450.056 3.2471828007409137e-07
49500.056 2.706026171819809e-07
49550.056 1.5367648329800947e-07
49600.056 2.49590368143245e-07
49650.056 2.990657410859772e-07
49700.056 2.9686997600992395e-07
49750.056 3.731216310399546e-07
49800.056 2.926322996582049e-07
49850.056 4.163823383200653e-07
49900.056 3.460597502719833e-07
49950.056 3.192188826539868e-07
50000.056 3.068942308559807e-07
50050.056 3.660514390799836e-07
50100.056 3.0593066533999904e-07
50150.056 2.084030046499809e-07
50200.056 1.1092544857302117e-07
50250.056 2.77691185199979e-07
50300.056 2.2688346983501878e-07
50350.056 3.607766226600376e-07
50400.056 3.2102574157798094e-07
50450.056 2.5326851177201e-07
50500.056 3.467219764100336e-07
50550.056 3.2020269513001707e-07
50600.056 2.584433064309421e-07
50650.056 3.4906071021006053e-07
50700.056 3.8017793546992804e-07
50750.056 2.922343329200372e-07
50800.056 1.802769359019748e-07
50850.056 1.687823727500457e-07
50900.056 3.640243867799916e-07
50950.056 2.8801537575002053e-07
51000.056 3.077339569430205e-07
51050.056 3.053295368099829e-07
51100.056 1.680262818239761e-07
51150.056 2.2992442857400252e-07
51200.056 4.056247985899711e-07
51250.056 2.724349841329673e-07
51300.056 2.1283540963306746e-07
51350.056 2.471179156119781e-07
51400.056 1.5127440154900378e-07
51450.056 1.2833274892427113e-07
51500.056 1.3605237288663998e-07
51550.056 2.811532313640202e-07
51600.056 2.0487201071502135e-07
51650.056 2.1900557248396628e-07
51700.056 2.5082521762576903e-07
51750.056 1.82571716872012e-07
51800.056 2.7317606533993733e-07
51850.056 2.4253591612898756e-07
51900.056 3.490498334920335e-07
51950.056 2.613083673929778e-07
52000.056 1.0057841418898142e-07
52050.056 1.9207718838701767e-07
52100.056 1.4997146566099257e-07
52150.056 1.2783289350801067e-07
52200.056 1.5344553907799702e-07
52250.056 1.995568199960234e-07
52300.056 3.0285180941998677e-07
52350.056 1.9423154491980216e-07
52400.056 1.5038134934901362e-07
52450.056 2.600270605800197e-07
52500.056 2.6127216345793896e-07
52550.056 2.503038730099663e-07
52600.056 2.1029111894401824e-07
52650.056 2.2001144280203513e-07
52700.056 1.8647103609299975e-07
52750.056 1.3037537659999448e-07
52800.056 1.6311964255001975e-07
52850.056 1.791342474189505e-07
52900.056 1.5784330985937406e-07
52950.056 1.757387298020049e-07
53000.056 2.395399289860066e-07
53050.056 1.3443244629796268e-07
53100.056 2.0641799937797722e-07
53150.056 2.798404385600255e-07
53200.056 1.3004643857398865e-07
53250.056 2.4276856079001933e-07
53300.056 2.588912962961254e-07
53350.056 2.43487652549995e-07
53400.056 2.2510716164000317e-07
53450.056 1.2831737129398528e-07
53500.056 7.459132906257736e-08
53550.056 1.1888280223999044e-07
53600.056 1.959285889780252e-07
53650.056 1.468529223831816e-07
53700.056 1.4236986986000404e-07
53750.056 1.4618766902499637e-07
53800.056 1.5114791103101903e-07
53850.056 2.059508567129326e-07
53900.056 1.6741021586502184e-07
53950.056 2.254426548930042e-07
54000.056 1.6435000593103625e-07
54050.056 1.8662416533600178e-07
54100.056 8.908372208398794e-08
54150.056 1.2668552830622802e-07
54200.056 6.180942137079053e-08
54250.056 9.831922380100946e-08
54300.056 1.0994807734338992e-07
54350.056 1.5603497016198516e-07
54400.056 1.6927689107496402e-07
54450.056 1.5714245776382126e-07
54500.056 1.4855494169800848e-07
54550.056 1.2608632040599973e-07
54600.056 1.4332947393399567e-07
54650.056 7.4301536525387e-08
54700.056 1.6596384611497918e-07
54750.056 1.6015937546798442e-07
54800.056 1.0586309474700931e-07
54850.056 1.2972728064099956e-07
54900.056 1.579290455039774e-07
54950.056 2.0753455843697545e-07
55000.056 1.2027947155798534e-07
55050.056 1.408326609933975e-07
55100.056 1.5962426195902713e-07
55150.056 1.0981310101356241e-07
55200.056 1.185524466471924e-07
55250.056 1.2488240856602375e-07
55300.056 1.0336395863099466e-07
55350.056 1.6178959182102056e-07
55400.056 1.5757993557801842e-07
55450.056 1.2127973975007723e-07
55500.056 6.747144765461074e-08
55550.056 9.778607343798778e-08
55600.056 1.2076676297899374e-07
55650.056 8.953517273879099e-08
55700.056 1.146322783870205e-07
55750.056 1.0978483010698608e-07
55800.056 8.239976085500612e-08
55850.056 6.952513506499253e-08
55900.056 1.2086223253338243e-07
55950.056 1.802335265560396e-07
56000.056 9.657933396997378e-08
56050.056 1.0841383295541206e-07
56100.056 1.3586913111189288e-07
56150.056 1.0426387547800807e-07
56200.056 9.467734511517471e-08
56250.056 1.2859223141103024e-07
56300.056 1.2932479280147593e-07
56350.056 1.246496652490243e-07
56400.056 7.57062856695936e-08
56450.056 8.183967479201444e-08
56500.056 1.045344997290209e-07
56550.056 6.243652822860143e-08
56600.056 1.230229795859703e-07
56650.056 1.373512258430201e-07
56700.056 1.415905211820029e-07
56750.056 7.90257067400003e-08
56800.056 1.1099905745301425e-07
56850.056 1.0532989977532066e-07
56900.056 8.028027265699196e-08
56950.056 1.3542602411699345e-07
57000.056 1.419653226759991e-07
57050.056 1.0979226460196396e-07
57100.056 5.021311475099871e-08
57150.056 9.156570818863258e-08
57200.056 7.231991579299776e-08
57250.056 8.304027630249556e-08
57300.056 1.0443841977701582e-07
57350.056 6.953365753399949e-08
57400.056 1.3862445355800277e-07
57450.056 1.0179766629056957e-07
57500.056 9.868102648604553e-08
57550.056 1.227694097714105e-07
57600.056 1.1286935861808326e-07
57650.056 5.053823594480308e-08
57700.056 7.533771014999649e-08
57750.056 1.0142218169570405e-07
57800.056 6.595688338137586e-08
57850.056 1.4504301814803295e-07
57900.056 1.634848880230162e-07
57950.056 1.5627608039899806e-07
58000.056 9.187740580948449e-08
58050.056 1.2300627973699184e-07
58100.056 1.2202054262901846e-07
58150.056 1.1430986873296426e-07
58200.056 5.503078573400134e-08
58250.056 7.145517916898199e-08
58300.056 5.544389558000699e-08
58350.056 7.632000898921528e-08
58400.056 1.0024146412600446e-07
58450.056 1.1231206342101976e-07
58500.056 1.1922130530301476e-07
58550.056 1.2128525802800505e-07
58600.056 7.702727084299189e-08
58650.056 1.0035071652348469e-07
58700.056 9.446507426818295e-08
58750.056 1.1615504927900118e-07
58800.056 3.6911721289989896e-08
58850.056 8.096503991250365e-08
58900.056 9.249047740000308e-08
58950.056 6.676022643437632e-08
59000.056 1.0457585774711523e-07
59050.056 9.207795387757922e-08
59100.056 1.3229738045619557e-07
59150.056 1.1020017807437142e-07
59200.056 1.0424968995799704e-07
59250.056 1.2549688823702837e-07
59300.056 1.2821456694999724e-07
59350.056 5.474816906100018e-08
59400.056 5.45011735625856e-08
59450.056 1.1459419831019222e-07
59500.056 6.831651180118373e-08
59550.056 9.134017989740145e-08
59600.056 1.342356030240025e-07
59650.056 1.065497924500087e-07
59700.056 7.531213566630181e-08
59750.056 1.5493985280395894e-07
59800.056 1.0085446475299847e-07
59850.056 1.2073203822900103e-07
59900.056 7.602172535078615e-08
59950.056 1.026854299678048e-07
60000.056 1.585068880926375e-07
60050.056 1.4409401449503657e-07
60100.056 1.4667160749996142e-07
60150.056 8.916609350598471e-08
60200.056 1.1250746195987713e-07
60250.056 1.2982915530902377e-07
60300.056 1.283861706099714e-07
60350.056 9.126919369001184e-08
60400.056 1.2681676213696337e-07
60450.056 5.7170514694992174e-08
60500.056 3.843310242761032e-08
60550.056 1.0419262724101707e-07
60600.056 1.1277873886200577e-07
60650.056 1.0385384006057113e-07
60700.056 8.920423828599881e-08
60750.056 6.723060947401572e-08
60800.056 1.1293146262300226e-07
60850.056 1.5283276322501705e-07
60900.056 1.345511144720379e-07
60950.056 1.0281780781513346e-07
61000.056 1.3085660429599536e-07
61050.056 8.379180324498952e-08
61100.056 9.87589793050164e-08
61150.056 5.205713053320396e-08
61200.056 1.200876398890216e-07
61250.056 1.1868959932798519e-07
61300.056 9.174539610702245e-08
61350.056 1.404654181049679e-07
61400.056 8.515234297002425e-08
61450.056 7.489066834400612e-08
61500.056 6.227078560124163e-08
61550.056 9.380965165997339e-08
61600.056 6.913833155379586e-08
61650.056 7.297418751891547e-08
61700.056 7.91085269151916e-08
61750.056 8.884506868309314e-08
61800.056 1.0948213355219194e-07
61850.056 5.721503859239089e-08
61900.056 1.3345449169402055e-07
61950.056 1.1874205973898525e-07
62000.056 9.887983242600403e-08
62050.056 1.2250816939499084e-07
62100.056 9.90330018829532e-08
62150.056 1.1170479814123888e-07
62200.056 1.1665819368397147e-07
62250.056 1.1902776743997143e-07
62300.056 1.4915293666398197e-07
62350.056 1.3917254352499481e-07
62400.056 1.0096605075201606e-07
62450.056 1.0678286035699088e-07
62500.056 1.4123839040399233e-07
62550.056 1.5083297294597533e-07
62600.056 1.2664164130001396e-07
62650.056 1.1163283889501178e-07
62700.056 1.2094203685100886e-07
62750.056 1.507555561909531e-07
62800.056 1.2992232736698567e-07
62850.056 1.256290254209676e-07
62900.056 1.3217601131395937e-07
62950.056 1.5835455049600688e-07
63000.056 1.0259060542101636e-07
63050.056 1.8906016818800548e-07
63100.056 1.9324562006798224e-07
63150.056 1.3549521943099017e-07
63200.056 1.4922545611001182e-07
63250.056 1.515104901119992e-07
63300.056 1.2417709685399462e-07
63350.056 1.6014383736600143e-07
63400.056 9.249062043998745e-08
63450.056 7.07776287620144e-08
63500.056 1.6313490283101185e-07
63550.056 1.4832629654796794e-07
63600.056 1.2262976073000842e-07
63650.056 1.2875424581100554e-07
63700.056 8.621368245898507e-08
63750.056 1.1693157709328062e-07
63800.056 1.2780744594572287e-07
63850.056 1.2659722346800613e-07
63900.056 9.623469317403459e-08
63950.056 1.0951341273904016e-07
64000.056 1.4133831482801308e-07
64050.056 9.595982447197646e-08
64100.056 4.708629173740521e-08
64150.056 5.804836265699432e-08
64200.056 5.542469142860622e-08
64250.056 1.0849280682200401e-07
64300.056 8.864555428098502e-08
64350.056 7.079733035891593e-08
64400.056 1.0968524117099466e-07
64450.056 1.0628197974540833e-07
64500.056 7.230813366399313e-08
64550.056 1.0688703510600619e-07
64600.056 8.579808088698971e-08
64650.056 1.1147653033099205e-07
64700.056 5.2559669768991506e-08
64750.056 6.864280826800056e-08
64800.056 6.09526861290116e-08
64850.056 5.305396127971456e-08
64900.056 5.882287508198058e-08
64950.056 5.2932847807897526e-08
65000.056 6.721003023902061e-08
65050.056 9.157960765798898e-08
65100.056 8.308786325800064e-08
65150.056 8.41797629579968e-08
65200.056 5.861604828959446e-08
65250.056 8.511442374118532e-08
65300.056 8.839680610061492e-08
65350.056 1.390506348320031e-07
65400.056 7.613080279499989e-08
65450.056 7.830921864298553e-08
65500.056 1.0200054349800513e-07
65550.056 6.538577464779915e-08
65600.056 1.0023118174252181e-07
65650.056 8.571322748340269e-08
65700.056 7.848763508402126e-08
65750.056 6.126660748711799e-08
65800.056 8.534998035701733e-08
65850.056 1.1900098031898556e-07
65900.056 5.782713431600798e-08
65950.056 4.995402921750137e-08
66000.056 6.20003074202158e-08
66050.056 1.2755136219603187e-07
66100.056 8.27823380770027e-08
66150.056 7.323689461500862e-08
66200.056 6.94966288999909e-08
66250.056 5.983894558210167e-08
66300.056 4.59872513400036e-08
66350.056 4.156274518641357e-08
66400.056 6.10319567899894e-08
66450.056 9.841482676500432e-08
66500.056 1.3481872290103866e-07
66550.056 1.1648543951697807e-07
66600.056 9.20574813870232e-08
66650.056 9.282442162001583e-08
66700.056 7.885305968501107e-08
66750.056 1.0687366241899431e-07
66800.056 1.0120496610799233e-07
66850.056 6.636851882902858e-08
66900.056 1.1253604346005673e-07
66950.056 1.2969092531305254e-07
67000.056 1.5214389113501373e-07
67050.056 7.93230286519702e-08
67100.056 8.186862169500848e-08
67150.056 7.40273283988057e-08
67200.056 1.0527460126002725e-07
67250.056 9.742609769401536e-08
67300.056 1.1383864915900401e-07
67350.056 9.234616271301692e-08
67400.056 1.2781278055596758e-07
67450.056 9.86330189090239e-08
67500.056 7.126246682200122e-08
67550.056 1.0959837446704185e-07
67600.056 1.7339508246998386e-07
67650.056 1.2817523139005977e-07
67700.056 9.674330316795838e-08
67750.056 8.382899650199905e-08
67800.056 9.680469949893853e-08
67850.056 7.683440917500632e-08
67900.056 9.083266883899262e-08
67950.056 8.132480006299488e-08
68000.056 1.1430173828398482e-07
68050.056 9.684827422198036e-08
68100.056 1.0626928970003369e-07
68150.056 9.793172845597783e-08
68200.056 1.0070827680301929e-07
68250.056 7.022551148098509e-08
68300.056 1.0215068893499297e-07
68350.056 8.936341280897407e-08
68400.056 1.2166081700698457e-07
68450.056 1.2979366573902654e-07
68500.056 1.0607830356296529e-07
68550.056 7.275192520600276e-08
68600.056 7.969147916660773e-08
68650.056 5.072333594200905e-08
68700.056 8.35728908660122e-08
68750.056 1.0111935610901517e-07
68800.056 9.820056394395202e-08
68850.056 7.691552639496449e-08
68900.056 1.6015916045700312e-07
68950.056 1.508955886840471e-07
69000.056 1.1101578896900661e-07
69050.056 7.699677494598446e-08
69100.056 1.5816004455999043e-07
69150.056 1.6403422066703294e-07
69200.056 1.0650658495801741e-07
69250.056 1.5226897683498472e-07
69300.056 1.4295073622403184e-07
69350.056 1.3743157931197729e-07
69400.056 8.57861810209849e-08
69450.056 1.3816573760799138e-07
69500.056 1.1289131183897419e-07
69550.056 1.1099977542400692e-07
69600.056 4.911379887000486e-08
69650.056 9.742673464103809e-08
69700.056 1.3862027788499737e-07
69750.056 9.68602274869979e-08
69800.056 1.2456321716498393e-07
69850.056 1.362361283880431e-07
69900.056 1.200786004930758e-07
69950.056 1.1823801924493303e-07
70000.056 9.693449685999152e-08
70050.056 1.572541318330492e-07
70100.056 9.733012656101878e-08
70150.056 1.0800891282600587e-07
70200.056 9.084986734099564e-08
70250.056 1.0207591889798747e-07
70300.056 1.2833666254698205e-07
70350.056 1.2309457942900108e-07
70400.056 1.0103067499199706e-07
70450.056 5.1868394029710916e-08
70500.056 8.940153356701301e-08
70550.056 7.600421608599645e-08
70600.056 8.057314215790178e-08
70650.056 1.0546840544100313e-07
70700.056 1.0445591286102296e-07
70750.056 1.4397327190606417e-07
70800.056 1.0163003036398689e-07
70850.056 8.82190529449966e-08
70900.056 1.1850434320298975e-07
70950.056 1.1972770531603386e-07
71000.056 1.0818441910397457e-07
71050.056 1.1764933057200346e-07
71100.056 8.754465905601309e-08
71150.056 8.32607817259854e-08
71200.056 9.669812755102182e-08
71250.056 1.1335211731000918e-07
71300.056 1.0584230716998169e-07
71350.056 1.2753734848301549e-07
71400.056 1.1527702486895762e-07
71450.056 7.770278934340334e-08
71500.056 8.657165276997218e-08
71550.056 7.332399441400062e-08
71600.056 1.0361432622099491e-07
71650.056 9.06064345140051e-08
71700.056 6.92478006469909e-08
71750.056 8.579174470800536e-08
71800.056 1.111387053300035e-07
71850.056 1.0721396295097729e-07
71900.056 8.442231342997867e-08
71950.056 1.0236459676195219e-07
72000.056 9.593417106202167e-08
72050.056 7.047683543280878e-08
72100.056 7.681976790850087e-08
72150.056 9.855923356597352e-08
72200.056 7.936796155801708e-08
72250.056 1.1532828874102178e-07
72300.056 8.024569324501536e-08
72350.056 9.345522881797508e-08
72400.056 8.622038375601591e-08
72450.056 8.19022516539469e-08
72500.056 9.72550961790271e-08
72550.056 5.3331088465018095e-08
72600.056 8.910772506000888e-08
72650.056 9.648497872302106e-08
72700.056 7.686255746688482e-08
72750.056 9.475030580398777e-08
72800.056 6.485045430602e-08
72850.056 6.610722953801339e-08
72900.056 1.064613042240124e-07
72950.056 7.821141629001409e-08
73000.056 7.721459787597113e-08
73050.056 6.224328966302232e-08
73100.056 7.966296643301231e-08
73150.056 1.1023115986598523e-07
73200.056 6.462063951797119e-08
73250.056 8.515565983198807e-08
73300.056 5.964430331077798e-08
73350.056 5.7267391524989275e-08
73400.056 8.224403828698952e-08
73450.056 6.265094063299654e-08
73500.056 6.802050783901551e-08
73550.056 7.975678842099598e-08
73600.056 7.250831571696692e-08
73650.056 7.888494828400936e-08
73700.056 6.783778108397204e-08
73750.056 5.3944942837965737e-08
73800.056 6.870897292102523e-08
73850.056 7.736593220596936e-08
73900.056 7.059791747717957e-08
73950.056 7.437174198602567e-08
74000.056 5.249495222479062e-08
74050.056 9.471314627502028e-08
74100.056 8.188415609095979e-08
74150.056 8.409824949598767e-08
74200.056 6.196675151897452e-08
74250.056 4.800153121439771e-08
74300.056 7.085481839099355e-08
74350.056 8.641308271201653e-08
74400.056 8.351255431700253e-08
74450.056 6.36453042419828e-08
74500.056 5.697666672898316e-08
74550.056 7.211898754153089e-08
74600.056 5.521248563500749e-08
74650.056 5.7098238383017535e-08
74700.056 6.497208821801264e-08
74750.056 5.163466129638538e-08
74800.056 6.065884233481226e-08
74850.056 8.819434995002195e-08
74900.056 9.67689081569641e-08
74950.056 7.896186694298171e-08
75000.056 8.110075357000371e-08
75050.056 5.3373815647007145e-08
75100.056 1.0065125850404153e-07
75150.056 9.870318452901858e-08
75200.056 8.735401457098307e-08
75250.056 9.819570075097778e-08
75300.056 9.438968040400695e-08
75350.056 6.195852374499358e-08
75400.056 1.100094945630046e-07
75450.056 9.957648018402982e-08
75500.056 8.443819830200275e-08
75550.056 7.971872488601029e-08
75600.056 1.1305311871501913e-07
75650.056 8.984242775000287e-08
75700.056 9.924073206097748e-08
75750.056 8.650489433007256e-08
75800.056 8.823897687197115e-08
75850.056 1.0401861413404825e-07
75900.056 9.640983395398976e-08
75950.056 8.552695759099244e-08
76000.056 9.569414096996369e-08
76050.056 9.453144726496962e-08
76100.056 9.59198830469798e-08
76150.056 1.0234960518396976e-07
76200.056 9.453688767904194e-08
76250.056 1.0234170526298252e-07
76300.056 1.2832231998098279e-07
76350.056 1.502762918800353e-07
76400.056 1.1507428561203193e-07
76450.056 1.2192226627502716e-07
76500.056 1.1127625262601275e-07
76550.056 7.130303933559667e-08
76600.056 3.497321739200529e-08
76650.056 4.6333257030999515e-08
76700.056 4.46501818169966e-08
76750.056 4.521551577201034e-08
76800.056 6.551846854900836e-08
76850.056 5.424490802903317e-08
76900.056 5.6883888114980745e-08
76950.056 4.685666999700896e-08
77000.056 5.749199916899823e-08
77050.056 4.3556481934992826e-08
77100.056 5.333608538400087e-08
77150.056 6.343726637699844e-08
77200.056 5.024756493300375e-08
77250.056 5.975332161300547e-08
77300.056 6.584203965699115e-08
77350.056 4.919635384797356e-08
77400.056 5.3233762734001624e-08
77450.056 6.190708846999716e-08
77500.056 6.298740565999974e-08
77550.056 6.35495419430095e-08
77600.056 5.958431433569981e-08
77650.056 6.352807274321403e-08
77700.056 6.825606519096524e-08
77750.056 6.650801440601417e-08
77800.056 7.853718472000873e-08
77850.056 8.919113874700688e-08
77900.056 6.774538917497526e-08
77950.056 6.714528029301137e-08
78000.056 7.721553158500168e-08
78050.056 5.580177881199964e-08
78100.056 6.803580818603095e-08
78150.056 7.392458073502735e-08
78200.056 9.453292538199015e-08
78250.056 8.173537948400393e-08
78300.056 6.87405788509954e-08
78350.056 7.842803641202346e-08
78400.056 8.187145713297251e-08
78450.056 7.899951514802285e-08
78500.056 1.0577622111299054e-07
78550.056 9.182100580897828e-08
78600.056 9.406775937400382e-08
78650.056 6.991448029200439e-08
78700.056 7.903311712101606e-08
78750.056 8.581564524701747e-08
78800.056 8.313166656998045e-08
78850.056 6.972344677997836e-08
78900.056 8.04933537230225e-08
78950.056 8.602614103999569e-08
79000.056 8.455178126901871e-08
79050.056 7.59764618399956e-08
79100.056 8.503813813499398e-08
79150.056 7.706064394402319e-08
79200.056 9.196390470398635e-08
79250.056 7.428183393500503e-08
79300.056 8.638883927999183e-08
79350.056 9.51938332270103e-08
79400.056 6.809901391602181e-08
79450.056 8.698698722101283e-08
79500.056 1.1526986742598894e-07
79550.056 1.0984613267205267e-07
79600.056 8.58125894950074e-08
79650.056 1.0195386630198191e-07
79700.056 8.764806546300413e-08
79750.056 9.501389526500714e-08
79800.056 7.234139007205198e-08
79850.056 1.0940090609301435e-07
79900.056 1.198710113609966e-07
79950.056 1.3381744114001375e-07
