# %ECSV 1.0
# ---
# datatype:
# - {name: wav, unit: Angstrom, datatype: float64}
# - {name: flux_nu, unit: erg / (cm2 Hz s), datatype: float64}
# meta: {C/O: '1.00', Kzz: '1.0000E+05', Teff: '1900.', Y: '0.28', '[Fe/H]': '0.00', f_hole: '1.00', f_rain: '0.00', grav: '18.'}
# schema: astropy-2.0
wav flux_nu
4000.0559999999996 nan
4050.0559999999996 2.693462779320315e-09
4100.056 2.761053124124122e-09
4150.056 1.9155437979345806e-09
4200.056 1.3257094479140747e-09
4250.056 1.1250994279799095e-09
4300.056 6.409035155312857e-10
4350.056 7.843023091229406e-10
4400.056 7.680991813032071e-10
4450.056 4.320589567660171e-10
4500.056 5.113927161830463e-10
4550.056 6.614623373058016e-10
4600.056 5.922478252239247e-10
4650.056 4.718834252120961e-10
4700.056 5.637995765981605e-10
4750.056 7.632998453868173e-10
4800.056 5.413771466150165e-10
4850.056 6.748049038701409e-10
4900.056 1.3749288551098127e-09
4950.056 1.6937373690602009e-09
5000.056 8.594279959300102e-10
5050.056 1.0571956527402292e-09
5100.056 2.1104808498884735e-09
5150.056 2.4386028306850232e-09
5200.056 1.3925297437120396e-09
5250.056 1.7194910424799943e-09
5300.056 2.095709022670128e-09
5350.056 2.09966131569037e-09
5400.056 2.487556532099968e-09
5450.056 2.1181309592597637e-09
5500.056 1.7016143469798075e-09
5550.056 2.1633081542796917e-09
5600.056 1.9312490022100757e-09
5650.056 1.8154994011000257e-09
5700.056 1.990542738500061e-09
5750.056 1.6119632128098882e-09
5800.056 1.3660417011499487e-09
5850.056 5.689257595259923e-10
5900.056 4.7185926708666085e-11
5950.056 9.993227376300035e-10
6000.056 2.409882053199975e-09
6050.056 4.208466101700179e-09
6100.056 5.436845903600318e-09
6150.056 6.079107874399249e-09
6200.056 4.94162219830011e-09
6250.056 5.8574403604002855e-09
6300.056 7.987044184800194e-09
6350.056 9.982014570900287e-09
6400.056 1.2217412956900223e-08
6450.056 1.56042720705974e-08
6500.056 1.514977953179773e-08
6550.056 1.8013566642295633e-08
6600.056 1.6332156622001294e-08
6650.056 1.5084476049701575e-08
6700.056 1.2190745906330125e-08
6750.056 1.612173032500125e-08
6800.056 1.8385620276100426e-08
6850.056 2.279372254099945e-08
6900.056 2.682331501839996e-08
6950.056 3.1365653661996055e-08
7000.056 4.014263614099526e-08
7050.056 3.769736817120318e-08
7100.056 2.5805153619397926e-08
7150.056 2.3206619332001696e-08
7200.056 3.07537593249989e-08
7250.056 4.253731875400263e-08
7300.056 6.507602298400931e-08
7350.056 8.675424584100218e-08
7400.056 9.857499830800823e-08
7450.056 9.92371827019684e-08
7500.056 1.1132062815499649e-07
7550.056 1.3057595652700454e-07
7600.056 9.272228139099164e-08
7650.056 2.3519580384421135e-08
7700.056 1.2032132616483128e-08
7750.056 6.180667996400843e-08
7800.056 8.287905085281583e-08
7850.056 9.391523802199842e-08
7900.056 9.667494669502156e-08
7950.056 9.120229021608551e-08
8000.056 1.097088673509874e-07
8050.056 1.6592814660697015e-07
8100.056 2.6632762972507413e-07
8150.056 4.1641967601803747e-07
8200.056 3.369253758245487e-07
8250.056 3.5360496499999873e-07
8300.056 2.835257497010909e-07
8350.056 3.071736297000905e-07
8400.056 3.1874742550004436e-07
8450.056 1.948841664439433e-07
8500.056 1.7519895369810205e-07
8550.056 2.0892949849501866e-07
8600.056 2.380339662129025e-07
8650.056 2.89165502711969e-07
8700.056 3.397266428441441e-07
8750.056 4.4168247093803894e-07
8800.056 6.302955550381602e-07
8850.056 6.376514975921013e-07
8900.056 4.390192477739443e-07
8950.056 4.6980869877878733e-07
9000.056 6.036900158600931e-07
9050.056 6.627371259147743e-07
9100.056 8.592304136100462e-07
9150.056 1.0083753435800037e-06
9200.056 9.423840714500381e-07
9250.056 5.483068341278956e-07
9300.056 4.290976078608532e-07
9350.056 4.947890824652614e-07
9400.056 5.673660927600899e-07
9450.056 6.485026068206004e-07
9500.056 7.909386622968564e-07
9550.056 9.278729278471401e-07
9600.056 9.755935559493425e-07
9650.056 1.1464176103933071e-06
9700.056 1.2607639058347951e-06
9750.056 9.565113900779835e-07
9800.056 1.0962144754788627e-06
9850.056 1.096001479629858e-06
9900.056 1.1011323835800445e-06
9950.056 1.1327190142510365e-06
10000.056 1.154050232119832e-06
10050.056 1.1227047163820572e-06
10100.056 1.3792767743705247e-06
10150.056 1.328060520149638e-06
10200.056 1.4477503620597784e-06
10250.056 1.4271511037194353e-06
10300.056 1.4612516772796062e-06
10350.056 1.6692250345596755e-06
10400.056 1.7804256866099282e-06
10450.056 1.9208700025302735e-06
10500.056 1.8333914736696924e-06
10550.056 1.8434589299705481e-06
10600.056 1.990992784530494e-06
10650.056 2.1613318313997537e-06
10700.056 2.3880212210001453e-06
10750.056 2.6125462705501474e-06
10800.056 2.7496332975598243e-06
10850.056 2.9685521345198026e-06
10900.056 2.7985928563296797e-06
10950.056 2.531058760909333e-06
11000.056 2.4492104615101048e-06
11050.056 1.7604481030279847e-06
11100.056 1.9297660502983297e-06
11150.056 1.9966468411087523e-06
11200.056 2.0301852581793505e-06
11250.056 2.2916844893891227e-06
11300.056 2.318086137020848e-06
11350.056 2.117276790411709e-06
11400.056 1.9349930543401914e-06
11450.056 2.279098344978623e-06
11500.056 2.5045888686603575e-06
11550.056 2.4201089204713155e-06
11600.056 2.5311911527720283e-06
11650.056 2.6615674448295664e-06
11700.056 2.3071935394280435e-06
11750.056 2.303530405776013e-06
11800.056 2.309760041574974e-06
11850.056 2.680526314799204e-06
11900.056 2.7088994835282944e-06
11950.056 2.8496120514097255e-06
12000.056 2.7829807703302706e-06
12050.056 3.0240915347806022e-06
12100.056 3.063402079099923e-06
12150.056 3.3206125497698184e-06
12200.056 3.459134548019624e-06
12250.056 3.6560509466693625e-06
12300.056 3.782958936950717e-06
12350.056 3.872563964490469e-06
12400.056 3.6648591273295974e-06
12450.056 3.1757828099900447e-06
12500.056 3.4710191376793723e-06
12550.056 3.511717213069985e-06
12600.056 3.604003045500104e-06
12650.056 3.812280973799577e-06
12700.056 3.99631440529973e-06
12750.056 3.981771021190398e-06
12800.056 4.261185626479652e-06
12850.056 4.192689677900291e-06
12900.056 4.127702378019607e-06
12950.056 4.3051961238190016e-06
13000.056 4.3685377782490245e-06
13050.056 4.413043954009679e-06
13100.056 4.365567287117275e-06
13150.056 4.348428436335646e-06
13200.056 4.172848859159491e-06
13250.056 3.929704659626134e-06
13300.056 3.334176702521635e-06
13350.056 2.1640880336666974e-06
13400.056 2.000122554654942e-06
13450.056 1.742826603298014e-06
13500.056 1.7535811487032508e-06
13550.056 1.6478207812358172e-06
13600.056 1.4249481459451631e-06
13650.056 1.536387227920069e-06
13700.056 1.340809115232008e-06
13750.056 1.306481566097596e-06
13800.056 1.5057532494756253e-06
13850.056 1.5238137671149375e-06
13900.056 1.5125624083101906e-06
13950.056 1.435703094012647e-06
14000.056 1.334886957635934e-06
14050.056 1.335852862032618e-06
14100.056 1.2174029542377313e-06
14150.056 1.1823530342128295e-06
14200.056 1.129425193011062e-06
14250.056 1.110708130256516e-06
14300.056 1.1318623012050993e-06
14350.056 1.1177075240405569e-06
14400.056 1.2128198003319049e-06
14450.056 1.2785638990181493e-06
14500.056 1.4153495431357197e-06
14550.056 1.438794608093029e-06
14600.056 1.4829730293056378e-06
14650.056 1.463837418207431e-06
14700.056 1.3568495608307302e-06
14750.056 1.444789329964342e-06
14800.056 1.5027303546155113e-06
14850.056 1.6150247515043762e-06
14900.056 1.6510473493370286e-06
14950.056 1.6562446357402699e-06
15000.056 1.7111813116305285e-06
15050.056 1.8738194651244213e-06
15100.056 1.8877353222373454e-06
15150.056 2.0016447995961774e-06
15200.056 2.0626830999598543e-06
15250.056 2.0655092988797623e-06
15300.056 2.2074181471198557e-06
15350.056 2.257980531180113e-06
15400.056 2.3539624038401075e-06
15450.056 2.4817120226303095e-06
15500.056 2.528399445069382e-06
15550.056 2.6874495277398677e-06
15600.056 2.6597569007303972e-06
15650.056 2.808010905780087e-06
15700.056 3.029253031691283e-06
15750.056 3.1559450350797606e-06
15800.056 3.188767509940889e-06
15850.056 3.2031205067501183e-06
15900.056 3.2752133952806406e-06
15950.056 3.40159716218988e-06
16000.056 3.4914003257697373e-06
16050.056 3.6215649137001785e-06
16100.056 3.742159274100372e-06
16150.056 3.757098916100385e-06
16200.056 3.894225782099577e-06
16250.056 3.965881155499925e-06
16300.056 3.9972005986000766e-06
16350.056 4.211298569899729e-06
16400.056 4.2040368693010174e-06
16450.056 4.308581009340213e-06
16500.056 4.450437893480868e-06
16550.056 4.626734989929732e-06
16600.056 4.454353327060825e-06
16650.056 4.8395659088203936e-06
16700.056 4.726773886139021e-06
16750.056 4.8439843003692106e-06
16800.056 5.003461692060305e-06
16850.056 4.970261122399827e-06
16900.056 4.8767827815202135e-06
16950.056 4.854057981799474e-06
17000.056 4.8114181990007994e-06
17050.056 4.726100101530195e-06
17100.056 4.440636589720696e-06
17150.056 4.3286432767194344e-06
17200.056 3.992639431419772e-06
17250.056 3.813574524449842e-06
17300.056 3.904474170179317e-06
17350.056 3.6785744699201114e-06
17400.056 3.848910174872261e-06
17450.056 3.578170055697894e-06
17500.056 3.4134379468286972e-06
17550.056 3.4404453345809312e-06
17600.056 3.276046476818117e-06
17650.056 3.3207666907161305e-06
17700.056 2.9331065348675838e-06
17750.056 2.7756445128421844e-06
17800.056 2.7776475353006256e-06
17850.056 2.6290464749034174e-06
17900.056 2.5908613583188637e-06
17950.056 2.5324646157851538e-06
18000.056 2.300208329537202e-06
18050.056 2.3311319407283063e-06
18100.056 2.2257198667981706e-06
18150.056 2.4719839532649328e-06
18200.056 2.0737378004585168e-06
18250.056 2.376346643577231e-06
18300.056 2.3090340920568307e-06
18350.056 2.1469353084735167e-06
18400.056 2.1288835540272536e-06
18450.056 1.950158247999795e-06
18500.056 1.98059285328864e-06
18550.056 1.8858945726863942e-06
18600.056 1.6052397232446495e-06
18650.056 1.8634372097846867e-06
18700.056 1.986032288433306e-06
18750.056 1.87828501828765e-06
18800.056 1.926087693448904e-06
18850.056 2.2018942823128015e-06
18900.056 2.137004880748974e-06
18950.056 2.10655162136391e-06
19000.056 2.271881173209485e-06
19050.056 2.2200481978239434e-06
19100.056 2.2426558879379267e-06
19150.056 2.3672044464847796e-06
19200.056 2.335150465454994e-06
19250.056 2.227837918352147e-06
19300.056 2.3062827314310512e-06
19350.056 2.3344787069811326e-06
19400.056 2.1604735483879933e-06
19450.056 2.3571676602695293e-06
19500.056 2.326903806066561e-06
19550.056 2.06039106907293e-06
19600.056 2.3807280714827815e-06
19650.056 2.3295274736111892e-06
19700.056 2.358760560515414e-06
19750.056 2.2301382146814058e-06
19800.056 2.300205947671523e-06
19850.056 2.301703410058777e-06
19900.056 2.106865939458728e-06
19950.056 2.405358638460139e-06
20000.056 2.131943595520522e-06
20050.056 2.2437268345313276e-06
20100.056 2.3961232370102437e-06
20150.056 2.2974716382201704e-06
20200.056 2.370199334836987e-06
20250.056 2.5045433328102886e-06
20300.056 2.488110617020038e-06
20350.056 2.52203422901981e-06
20400.056 2.4945365823186605e-06
20450.056 2.7123790952298476e-06
20500.056 2.6373767607404016e-06
20550.056 2.717783237970101e-06
20600.056 2.8969358501206586e-06
20650.056 2.8207441625009864e-06
20700.056 2.935080226980058e-06
20750.056 3.000650070809351e-06
20800.056 3.113155852700382e-06
20850.056 3.1274733297198105e-06
20900.056 3.245384924649611e-06
20950.056 3.3003147758099802e-06
21000.056 3.4909133855997345e-06
21050.056 3.4705965909801946e-06
21100.056 3.5528958752999584e-06
21150.056 3.7684937374802944e-06
21200.056 3.721684704680478e-06
21250.056 3.914637641169538e-06
21300.056 3.799997220039774e-06
21350.056 4.0923851460802124e-06
21400.056 3.94681204900054e-06
21450.056 4.3406871685000635e-06
21500.056 4.133183290400319e-06
21550.056 4.2433548719797225e-06
21600.056 4.389893401300566e-06
21650.056 4.35669097110057e-06
21700.056 4.592031882199719e-06
21750.056 4.503409863379851e-06
21800.056 4.498306103599804e-06
21850.056 4.565210896199719e-06
21900.056 4.696365781200704e-06
21950.056 4.6365163298804465e-06
22000.056 4.837561528499775e-06
22050.056 4.660938422699191e-06
22100.056 4.851344050199871e-06
22150.056 4.883402467900492e-06
22200.056 4.7316179817714594e-06
22250.056 4.995686407150358e-06
22300.056 4.95364577854949e-06
22350.056 4.850466909410389e-06
22400.056 5.1045937555603535e-06
22450.056 5.046100906559121e-06
22500.056 5.135981601709597e-06
22550.056 5.045357501728833e-06
22600.056 5.060235779179768e-06
22650.056 5.080431438421404e-06
22700.056 5.073101855101439e-06
22750.056 5.231379847779605e-06
22800.056 5.0323850498100995e-06
22850.056 5.108359816920758e-06
22900.056 5.291231363159579e-06
22950.056 3.96633274562063e-06
23000.056 4.488790641120409e-06
23050.056 4.625930351049062e-06
23100.056 4.408907014799738e-06
23150.056 4.5324287531010125e-06
23200.056 4.590886593480036e-06
23250.056 3.793850900848701e-06
23300.056 4.1149966733002805e-06
23350.056 4.191797683100098e-06
23400.056 4.026610087230073e-06
23450.056 4.194990846619635e-06
23500.056 3.9608545194488524e-06
23550.056 3.5758524270613915e-06
23600.056 3.685795342971046e-06
23650.056 3.913506130339573e-06
23700.056 3.9156424365086505e-06
23750.056 3.815239777860538e-06
23800.056 3.777172304870826e-06
23850.056 3.2132829909404464e-06
23900.056 3.530861656229345e-06
23950.056 3.611181397711449e-06
24000.056 3.3889945287195665e-06
24050.056 3.3539093509003706e-06
24100.056 3.053632689258984e-06
24150.056 2.960103026360694e-06
24200.056 3.0148973425288014e-06
24250.056 2.927379820640781e-06
24300.056 2.760989126410103e-06
24350.056 2.6428657632101897e-06
24400.056 2.8734914987495496e-06
24450.056 2.6042253709897897e-06
24500.056 2.371027021759841e-06
24550.056 2.3620285393197235e-06
24600.056 2.391133955750582e-06
24650.056 2.5807206432995826e-06
24700.056 2.204477579959879e-06
24750.056 2.079183362570908e-06
24800.056 1.9925598784405818e-06
24850.056 2.3014545250899617e-06
24900.056 1.8415478878413716e-06
24950.056 2.2441063440595633e-06
25000.056 1.963747836250025e-06
25050.056 1.6447173028805149e-06
25100.056 1.9209068430100272e-06
25150.056 1.636343203460244e-06
25200.056 1.7891312691893061e-06
25250.056 1.7056241393695033e-06
25300.056 1.7995967941300984e-06
25350.056 1.5224708938101125e-06
25400.056 1.6698203190208751e-06
25450.056 1.5402016898001638e-06
25500.056 1.6299033731506343e-06
25550.056 1.5033786187102763e-06
25600.056 1.5614457006403056e-06
25650.056 1.4121607720000208e-06
25700.056 1.706759182599162e-06
25750.056 1.322983167300184e-06
25800.056 1.649661502060434e-06
25850.056 1.4880099181097862e-06
25900.056 1.6435339561704122e-06
25950.056 1.4723323986099335e-06
26000.056 1.6075803033404843e-06
26050.056 1.7975262351402197e-06
26100.056 1.675668178280237e-06
26150.056 1.713693866029288e-06
26200.056 1.618827316370165e-06
26250.056 1.608412053280734e-06
26300.056 1.6705076844301592e-06
26350.056 1.599003610359713e-06
26400.056 1.6793179142292701e-06
26450.056 1.657776509350276e-06
26500.056 1.7329368020691349e-06
26550.056 1.7232992389293778e-06
26600.056 1.986662844079314e-06
26650.056 1.618689242489693e-06
26700.056 1.6247234221699215e-06
26750.056 1.5409340242192988e-06
26800.056 1.6736887831892558e-06
26850.056 1.4452282512400932e-06
26900.056 1.7753793865602258e-06
26950.056 1.2833364981500524e-06
27000.056 1.6878568241707634e-06
27050.056 1.4338132821498832e-06
27100.056 1.4491374392197777e-06
27150.056 1.5235471000098227e-06
27200.056 1.5120930842806313e-06
27250.056 1.4115210492108648e-06
27300.056 1.540603262399842e-06
27350.056 1.5473024665992966e-06
27400.056 1.3505674379000305e-06
27450.056 1.6727824497691062e-06
27500.056 1.5266274007299734e-06
27550.056 1.514365027539973e-06
27600.056 1.6863596136796217e-06
27650.056 1.3414975381997473e-06
27700.056 1.3550208437302443e-06
27750.056 1.6818618367687527e-06
27800.056 1.2461307575297354e-06
27850.056 1.424041001998965e-06
27900.056 1.4384469792302599e-06
27950.056 1.6037279731198015e-06
28000.056 1.5809536554905215e-06
28050.056 1.2492003012403682e-06
28100.056 1.6985965004708706e-06
28150.056 1.3896084525700322e-06
28200.056 1.205948169000157e-06
28250.056 1.4662595582000962e-06
28300.056 1.6725859126603054e-06
28350.056 1.4317316561893606e-06
28400.056 1.418408532969948e-06
28450.056 1.4267240308095907e-06
28500.056 1.4885858147296914e-06
28550.056 1.17993979880951e-06
28600.056 1.6658710890100382e-06
28650.056 1.58135264058968e-06
28700.056 1.4390964300194342e-06
28750.056 1.5872774976699377e-06
28800.056 1.50116768800037e-06
28850.056 1.6055612529002056e-06
28900.056 1.3446073012401285e-06
28950.056 1.778842586039721e-06
29000.056 1.4273576624094282e-06
29050.056 1.4564560402996675e-06
29100.056 1.2514292670800285e-06
29150.056 1.5567226058302958e-06
29200.056 1.4303452197804402e-06
29250.056 1.615186060410099e-06
29300.056 1.372993854259111e-06
29350.056 1.772778714449604e-06
29400.056 1.4553590697398123e-06
29450.056 1.4813682597799135e-06
29500.056 1.584231394879831e-06
29550.056 1.508324826040143e-06
29600.056 1.587322885869913e-06
29650.056 1.594640664979957e-06
29700.056 1.3632213544798028e-06
29750.056 1.7687334277509994e-06
29800.056 1.6995602038699697e-06
29850.056 1.6763333631597855e-06
29900.056 1.5044211731903787e-06
29950.056 1.7672040361996986e-06
30000.056 1.7637477976794384e-06
30050.056 1.6541453371098572e-06
30100.056 1.3216389429996192e-06
30150.056 2.055530591229793e-06
30200.056 1.816975635250209e-06
30250.056 1.7553780827106014e-06
30300.056 1.819170239289835e-06
30350.056 1.6376254050802938e-06
30400.056 2.0051996316204113e-06
30450.056 1.6247504421601673e-06
30500.056 1.5335662618202878e-06
30550.056 2.1132910408905313e-06
30600.056 2.022786259290287e-06
30650.056 2.0101801165400688e-06
30700.056 1.8931297709299847e-06
30750.056 1.7893306867000877e-06
30800.056 2.1562192132106032e-06
30850.056 1.863881774399926e-06
30900.056 1.8974824741798323e-06
30950.056 1.8211455592802534e-06
31000.056 2.0963050949899187e-06
31050.056 1.7369957156499911e-06
31100.056 2.0171956370499136e-06
31150.056 2.099281385779743e-06
31200.056 2.10370327804972e-06
31250.056 2.2579225585804707e-06
31300.056 2.005950488149778e-06
31350.056 2.050338561459996e-06
31400.056 2.058335997340466e-06
31450.056 2.0978098886101313e-06
31500.056 2.1403323411404774e-06
31550.056 1.9748317885100106e-06
31600.056 2.1085639618898687e-06
31650.056 2.203753350000016e-06
31700.056 2.2534836124999027e-06
31750.056 1.924232293600237e-06
31800.056 2.288854785760231e-06
31850.056 2.482633331870068e-06
31900.056 2.4300483029798453e-06
31950.056 1.8673492046897532e-06
32000.056 2.097804249850585e-06
32050.056 2.4536305565502156e-06
32100.056 2.4421408111695995e-06
32150.056 2.435195560720155e-06
32200.056 2.351309242169928e-06
32250.056 2.1978084237802094e-06
32300.056 2.441515921510168e-06
32350.056 2.553005166500341e-06
32400.056 2.324108765630004e-06
32450.056 2.2406565719902413e-06
32500.056 2.4534966036802775e-06
32550.056 2.720717232660127e-06
32600.056 2.698798492259833e-06
32650.056 2.5992906360409275e-06
32700.056 2.4677889512201576e-06
32750.056 2.604298841330034e-06
32800.056 2.3804512738802825e-06
32850.056 2.833219299459753e-06
32900.056 2.705845862039974e-06
32950.056 2.305973258369776e-06
33000.056 2.525966018920325e-06
33050.056 2.6125513089797196e-06
33100.056 2.7337606382091715e-06
33150.056 2.6501199592502194e-06
33200.056 2.418050002350613e-06
33250.056 2.648272420980017e-06
33300.056 2.8760721371001688e-06
33350.056 2.67007390828022e-06
33400.056 2.481652828759711e-06
33450.056 2.7227104396790596e-06
33500.056 2.7300387356602797e-06
33550.056 2.6618457012195862e-06
33600.056 2.727198365140676e-06
33650.056 2.8424529339806996e-06
33700.056 2.960217746089534e-06
33750.056 2.9458596424500646e-06
33800.056 2.8549303879600155e-06
33850.056 2.731976384580052e-06
33900.056 3.0963756435995286e-06
33950.056 2.714948976929605e-06
34000.056 2.7798921944292874e-06
34050.056 2.8284525575099903e-06
34100.056 3.068523529280419e-06
34150.056 2.9734809246997003e-06
34200.056 2.7958689536594513e-06
34250.056 3.1420836617996185e-06
34300.056 2.9008769013195457e-06
34350.056 3.039083382819657e-06
34400.056 2.7514732360295527e-06
34450.056 2.842765726559941e-06
34500.056 2.903075724300605e-06
34550.056 2.8078737679998335e-06
34600.056 2.978603493060127e-06
34650.056 2.980280304999965e-06
34700.056 2.85574336217941e-06
34750.056 3.0601918008602723e-06
34800.056 3.2283935364995336e-06
34850.056 2.8490207136201266e-06
34900.056 3.072772105870299e-06
34950.056 2.976224677719238e-06
35000.056 2.87547078758958e-06
35050.056 3.224789640500521e-06
35100.056 3.0611096345291777e-06
35150.056 3.0629546839598503e-06
35200.056 3.1429374062997006e-06
35250.056 2.7530722801501368e-06
35300.056 3.069551260770259e-06
35350.056 3.2370485864997418e-06
35400.056 3.0049367134197462e-06
35450.056 2.914600499820445e-06
35500.056 3.1775258732998215e-06
35550.056 2.978065906399898e-06
35600.056 2.8661492190795185e-06
35650.056 3.298347700600431e-06
35700.056 2.896885908600459e-06
35750.056 3.061716019209714e-06
35800.056 3.138748729299635e-06
35850.056 3.2038143330996707e-06
35900.056 3.360251172499541e-06
35950.056 3.1889057790998575e-06
36000.056 2.885702407899611e-06
36050.056 3.3412973990002843e-06
36100.056 3.428659106999716e-06
36150.056 3.0967140213803346e-06
36200.056 3.3600168607395307e-06
36250.056 3.0548830546893263e-06
36300.056 3.5825842619608236e-06
36350.056 3.4040034940995426e-06
36400.056 3.238309104799945e-06
36450.056 3.539747058299655e-06
36500.056 3.309871436900282e-06
36550.056 3.1672588744004995e-06
36600.056 3.2822312192003173e-06
36650.056 3.39752899340042e-06
36700.056 3.557324229600204e-06
36750.056 3.3224302978003685e-06
36800.056 3.3934809938995695e-06
36850.056 3.3765478578003356e-06
36900.056 3.5078948669006193e-06
36950.056 3.47729571949998e-06
37000.056 3.5566165651001657e-06
37050.056 3.5843159943999257e-06
37100.056 3.494578273300366e-06
37150.056 3.464852614699187e-06
37200.056 3.63442409580009e-06
37250.056 3.6602463795003215e-06
37300.056 3.668985023800737e-06
37350.056 3.4422872867005296e-06
37400.056 3.6168769712996083e-06
37450.056 3.6296941887003597e-06
37500.056 3.674164428599774e-06
37550.056 3.581455046799292e-06
37600.056 3.7884321096994433e-06
37650.056 3.505605038499601e-06
37700.056 3.542183208800103e-06
37750.056 3.815591020799437e-06
37800.056 3.8978355810999105e-06
37850.056 3.6865277733998233e-06
37900.056 3.78836853070027e-06
37950.056 3.837009966000194e-06
38000.056 3.6929073387005585e-06
38050.056 3.7659140951002347e-06
38100.056 3.6176901418002236e-06
38150.056 3.928768905899398e-06
38200.056 4.036489940899377e-06
38250.056 3.6670672094005936e-06
38300.056 3.617063187899929e-06
38350.056 3.7949663178998317e-06
38400.056 3.850643603299774e-06
38450.056 3.889288440800394e-06
38500.056 3.7938857017997722e-06
38550.056 3.7892313988002177e-06
38600.056 4.14704887169976e-06
38650.056 3.6334751066001835e-06
38700.056 3.737731127300635e-06
38750.056 3.890733091400009e-06
38800.056 3.83471322070049e-06
38850.056 3.816313453500349e-06
38900.056 3.715162431799865e-06
38950.056 3.910648948899571e-06
39000.056 3.8016266843001482e-06
39050.056 3.867677326499919e-06
39100.056 3.6579017495999463e-06
39150.056 3.7849095252001917e-06
39200.056 3.934791386600206e-06
39250.056 3.905484263599302e-06
39300.056 3.89064427739918e-06
39350.056 3.860943367500443e-06
39400.056 3.7868748797001085e-06
39450.056 3.8002839663997084e-06
39500.056 3.786743718499779e-06
39550.056 3.69345117813926e-06
39600.056 4.051078435000241e-06
39650.056 3.631661821800068e-06
39700.056 3.810843222299838e-06
39750.056 3.773732823399538e-06
39800.056 3.5910687149002372e-06
39850.056 3.6908484621997195e-06
39900.056 3.6424377328998655e-06
39950.056 3.843580287599851e-06
40000.056 3.521119097199769e-06
40050.056 3.3030548398999098e-06
40100.056 3.5873270842997505e-06
40150.056 3.3381736813993144e-06
40200.056 3.4808429019996288e-06
40250.056 3.534015934598893e-06
40300.056 3.1859103420502493e-06
40350.056 3.442865472800376e-06
40400.056 3.5037818862997764e-06
40450.056 3.2203585967007587e-06
40500.056 3.005245549100122e-06
40550.056 3.5369710704998007e-06
40600.056 3.159371105790305e-06
40650.056 3.228643636800678e-06
40700.056 3.4157010827003354e-06
40750.056 3.0045561370990347e-06
40800.056 2.983888934120485e-06
40850.056 2.812180475700645e-06
40900.056 2.803276200500617e-06
40950.056 3.0471516888599573e-06
41000.056 3.160142436800323e-06
41050.056 3.05389170109936e-06
41100.056 2.908382570500481e-06
41150.056 3.135960115300198e-06
41200.056 2.8966945436500054e-06
41250.056 2.9757894179002715e-06
41300.056 2.571373823699656e-06
41350.056 3.0703540114001913e-06
41400.056 2.91685435960007e-06
41450.056 2.7665177976000396e-06
41500.056 3.0136867459800537e-06
41550.056 2.9352191567600273e-06
41600.056 3.1162359896999435e-06
41650.056 2.7079753207005505e-06
41700.056 2.606166252159668e-06
41750.056 2.7579487719599737e-06
41800.056 2.6384228350996013e-06
41850.056 2.496714675510406e-06
41900.056 2.8399299888996473e-06
41950.056 2.4202102758505602e-06
42000.056 2.6696749840102223e-06
42050.056 2.425218236698987e-06
42100.056 2.7473226898204064e-06
42150.056 2.1759055413791377e-06
42200.056 2.3322942102000997e-06
42250.056 2.4646927171799352e-06
42300.056 2.117398906430032e-06
42350.056 2.528292740300657e-06
42400.056 2.1908486839404682e-06
42450.056 1.826711691680209e-06
42500.056 2.01189025756034e-06
42550.056 2.1470212703599664e-06
42600.056 2.070405313340482e-06
42650.056 1.7972207665689769e-06
42700.056 2.1336118578009043e-06
42750.056 1.9463342191901107e-06
42800.056 1.9207983437105348e-06
42850.056 2.03420273163971e-06
42900.056 1.9841491648301616e-06
42950.056 1.817209598149025e-06
43000.056 1.8910288802298641e-06
43050.056 1.8581971658810818e-06
43100.056 1.973178593679987e-06
43150.056 2.022480011240474e-06
43200.056 1.9782049069201397e-06
43250.056 1.9128201517701317e-06
43300.056 2.0122503500602015e-06
43350.056 1.8064824390099206e-06
43400.056 1.8498831215898307e-06
43450.056 1.9195655883608372e-06
43500.056 1.8306291053896122e-06
43550.056 1.945056638339971e-06
43600.056 1.9790594014801104e-06
43650.056 1.7506891417603835e-06
43700.056 1.6507205287096426e-06
43750.056 1.77635615922018e-06
43800.056 1.6761730260501947e-06
43850.056 1.7412641693604717e-06
43900.056 1.786847456669903e-06
43950.056 1.6865696814804537e-06
44000.056 1.5914477049903161e-06
44050.056 1.6012552691001177e-06
44100.056 1.6755343329003872e-06
44150.056 1.7688425221995718e-06
44200.056 1.6570029108399693e-06
44250.056 1.5880362961400116e-06
44300.056 1.5556954557203053e-06
44350.056 1.5642273899800713e-06
44400.056 1.6047878463899969e-06
44450.056 1.6855415983600135e-06
44500.056 1.7369768567203157e-06
44550.056 1.525631513639586e-06
44600.056 1.5869446541601957e-06
44650.056 1.6898134967001927e-06
44700.056 1.5425787341102075e-06
44750.056 1.6647218000997667e-06
44800.056 1.7169300279099127e-06
44850.056 1.6952797893500602e-06
44900.056 1.5820791161002922e-06
44950.056 1.4727914723299175e-06
45000.056 1.6520584006499048e-06
45050.056 1.640719144679754e-06
45100.056 1.6927365656198285e-06
45150.056 1.6252086087999854e-06
45200.056 1.4880430634299406e-06
45250.056 1.534797235339704e-06
45300.056 1.5953291972901161e-06
45350.056 1.705127524639807e-06
45400.056 1.638372850620259e-06
45450.056 1.4840938465397917e-06
45500.056 1.5049943246699382e-06
45550.056 1.702551311539795e-06
45600.056 1.5922309576899297e-06
45650.056 1.4072705479095913e-06
45700.056 1.6397587818102048e-06
45750.056 1.5430193668698739e-06
45800.056 1.5217185382299558e-06
45850.056 1.7522756559300236e-06
45900.056 1.7753814025801295e-06
45950.056 1.5316049448499334e-06
46000.056 1.8060623854799661e-06
46050.056 1.7562970855803577e-06
46100.056 1.5217681362801087e-06
46150.056 1.5910955876599724e-06
46200.056 1.7903709453903956e-06
46250.056 1.4529524958998948e-06
46300.056 1.8431750213498637e-06
46350.056 1.481414835639843e-06
46400.056 1.589376392429768e-06
46450.056 1.5774851182404133e-06
46500.056 1.4973198844199123e-06
46550.056 1.7584783398999306e-06
46600.056 1.6078873352098975e-06
46650.056 2.0124627337599813e-06
46700.056 1.8621933181504907e-06
46750.056 1.5410955123298518e-06
46800.056 1.724526053770321e-06
46850.056 1.7861021564401119e-06
46900.056 1.7135005750496146e-06
46950.056 1.8490898589701827e-06
47000.056 1.6968092193099415e-06
47050.056 1.795299741439654e-06
47100.056 1.5987561910101371e-06
47150.056 1.7020941309703943e-06
47200.056 1.7151480217105413e-06
47250.056 1.628366037699511e-06
47300.056 1.6657434107495006e-06
47350.056 1.4267371694096388e-06
47400.056 1.7640008795395148e-06
47450.056 1.7233487400898588e-06
47500.056 1.6774932889794852e-06
47550.056 1.6185818767196125e-06
47600.056 1.8146077366699491e-06
47650.056 1.309660440389596e-06
47700.056 1.8079382890301185e-06
47750.056 1.2736643137803996e-06
47800.056 1.800620408149803e-06
47850.056 1.4092121144094853e-06
47900.056 1.8397178586501418e-06
47950.056 1.329675725400372e-06
48000.056 1.9817483353000167e-06
48050.056 1.4582438140903437e-06
48100.056 1.5909256094199982e-06
48150.056 1.4694679274502036e-06
48200.056 1.8191945236904928e-06
48250.056 1.5071790103596873e-06
48300.056 1.9545428378597104e-06
48350.056 1.344546356649796e-06
48400.056 1.8147023713799745e-06
48450.056 1.535898728690162e-06
48500.056 1.946110811340049e-06
48550.056 1.4049455039700785e-06
48600.056 1.7755435402898133e-06
48650.056 1.391127437449978e-06
48700.056 1.6738759368700626e-06
48750.056 1.2859234064502832e-06
48800.056 1.9827213149901245e-06
48850.056 1.4350692424797343e-06
48900.056 1.7577747982100697e-06
48950.056 1.6683530290001973e-06
49000.056 1.6168240775298535e-06
49050.056 1.6452408785998605e-06
49100.056 1.5808496547101426e-06
49150.056 1.6272897819601467e-06
49200.056 1.678682885149963e-06
49250.056 1.6139740803101173e-06
49300.056 1.4606056163897756e-06
49350.056 1.468641051180034e-06
49400.056 1.781698506450268e-06
49450.056 1.5180141143703837e-06
49500.056 1.613046143160216e-06
49550.056 1.4246801106500236e-06
49600.056 1.5362043483203943e-06
49650.056 1.564809391130232e-06
49700.056 1.3523562055298882e-06
49750.056 1.945246084919584e-06
49800.056 1.5846571919100485e-06
49850.056 1.851780739660014e-06
49900.056 1.5327994401301488e-06
49950.056 1.6596849390693916e-06
50000.056 1.5699705608596132e-06
50050.056 1.62146573775017e-06
50100.056 1.6680916741298303e-06
50150.056 1.5049138735999947e-06
50200.056 1.3561710228501407e-06
50250.056 1.4942745670401032e-06
50300.056 1.4660495277497531e-06
50350.056 1.6255839071300379e-06
50400.056 1.5335782962300964e-06
50450.056 1.470486451690193e-06
50500.056 1.9104705958003486e-06
50550.056 1.5623334034198607e-06
50600.056 1.6431717638001556e-06
50650.056 1.57252416131044e-06
50700.056 1.6898390418193608e-06
50750.056 1.6443957573202194e-06
50800.056 1.3809201154699506e-06
50850.056 1.5560289142802754e-06
50900.056 1.5764342377199618e-06
50950.056 1.7057209720802425e-06
51000.056 1.8634422552602025e-06
51050.056 1.4400625514702964e-06
51100.056 1.4495193660098809e-06
51150.056 1.6350204215700046e-06
51200.056 1.56404896705987e-06
51250.056 1.710262708059969e-06
51300.056 1.4980248208405368e-06
51350.056 1.6299864184096837e-06
51400.056 1.5396100600095155e-06
51450.056 1.1664776135898214e-06
51500.056 1.6083395487198732e-06
51550.056 1.8994585629201815e-06
51600.056 1.3262485653899799e-06
51650.056 1.556726705109722e-06
51700.056 1.4031707221495395e-06
51750.056 1.420450579860119e-06
51800.056 1.6132187016198253e-06
51850.056 1.6665713648399377e-06
51900.056 1.7117214089603126e-06
51950.056 1.540618207399822e-06
52000.056 1.4121303425599614e-06
52050.056 1.6119026820998834e-06
52100.056 1.549703519399606e-06
52150.056 1.5609590131702488e-06
52200.056 1.4992673894201054e-06
52250.056 1.5116319386899902e-06
52300.056 1.5523139666399872e-06
52350.056 1.7997443134002263e-06
52400.056 1.3608419526700377e-06
52450.056 1.5313950909299207e-06
52500.056 1.6362882354795213e-06
52550.056 1.5045441220495238e-06
52600.056 1.6098706288602033e-06
52650.056 1.8193633099203643e-06
52700.056 1.5681358647300335e-06
52750.056 1.2600954536998245e-06
52800.056 1.4374428855801939e-06
52850.056 1.3660723416798512e-06
52900.056 1.4981618485902037e-06
52950.056 1.496363896699665e-06
53000.056 1.6501651420498117e-06
53050.056 1.5478560299297426e-06
53100.056 1.3671274599695948e-06
53150.056 1.7021899664603885e-06
53200.056 1.251892728380266e-06
53250.056 1.7864760884498838e-06
53300.056 1.6792841857007123e-06
53350.056 1.6699130276798462e-06
53400.056 1.5005054925501537e-06
53450.056 1.3923603067100192e-06
53500.056 1.2820589220297108e-06
53550.056 1.5880409126298394e-06
53600.056 1.640164771640286e-06
53650.056 1.396490725080463e-06
53700.056 1.4388787458603925e-06
53750.056 1.6468700844098947e-06
53800.056 1.6309832449003004e-06
53850.056 1.6568735602794146e-06
53900.056 1.2402218770604528e-06
53950.056 1.6204676348797802e-06
54000.056 1.6978990752600467e-06
54050.056 1.3314211616702153e-06
54100.056 1.3236767017398496e-06
54150.056 1.4491233212200806e-06
54200.056 1.2936062594801073e-06
54250.056 1.431174797620088e-06
54300.056 1.2649226119497005e-06
54350.056 1.4154039924698158e-06
54400.056 1.662780942279815e-06
54450.056 1.5356884159795946e-06
54500.056 1.4085864554498777e-06
54550.056 1.3882297917199194e-06
54600.056 1.4289388850498813e-06
54650.056 1.3692595235297687e-06
54700.056 1.4375645557402126e-06
54750.056 1.5759206333203095e-06
54800.056 1.3178759088300037e-06
54850.056 1.4213354276598454e-06
54900.056 1.4060681046404398e-06
54950.056 1.5445762089601738e-06
55000.056 1.4879540704201174e-06
55050.056 1.6892769744298684e-06
55100.056 1.3622426681400116e-06
55150.056 1.3371063632097173e-06
55200.056 1.3574806396597829e-06
55250.056 1.2079310581194381e-06
55300.056 1.3558945077598158e-06
55350.056 1.436098605760356e-06
55400.056 1.5075905973201635e-06
55450.056 1.5515047145096125e-06
55500.056 1.1981031587300804e-06
55550.056 1.3783907278497847e-06
55600.056 1.4466995329100137e-06
55650.056 1.2426594079001093e-06
55700.056 1.3747043401899376e-06
55750.056 1.5773946292099162e-06
55800.056 1.3225668429400863e-06
55850.056 1.2528812614897377e-06
55900.056 1.368041378159973e-06
55950.056 1.6721312324900637e-06
56000.056 1.237443302519641e-06
56050.056 1.5028743686398451e-06
56100.056 1.443836356859866e-06
56150.056 1.2447719244202657e-06
56200.056 1.4210410796297858e-06
56250.056 1.2190191226700026e-06
56300.056 1.529385429459914e-06
56350.056 1.6511295294501085e-06
56400.056 1.556455525330082e-06
56450.056 1.3806426253400184e-06
56500.056 1.2142608304501167e-06
56550.056 1.26457761936016e-06
56600.056 1.4790116649697902e-06
56650.056 1.2401874696599822e-06
56700.056 1.6089271371006367e-06
56750.056 1.264578780290022e-06
56800.056 1.32843345352026e-06
56850.056 1.2901489114202033e-06
56900.056 1.4231558739298934e-06
56950.056 1.3648187675200715e-06
57000.056 1.338597205630274e-06
57050.056 1.660260391820037e-06
57100.056 1.139808776069937e-06
57150.056 1.4079381046099847e-06
57200.056 1.207119489390114e-06
57250.056 1.3777542226900368e-06
57300.056 1.3277369540601137e-06
57350.056 1.1099858015199681e-06
57400.056 1.420564140559992e-06
57450.056 1.3736720222598837e-06
57500.056 1.6094498175199655e-06
57550.056 1.4885307884401108e-06
57600.056 1.683656800769517e-06
57650.056 1.1266058981100492e-06
57700.056 1.3118042166201634e-06
57750.056 1.4392652941099142e-06
57800.056 1.0926732748895383e-06
57850.056 1.3700633685201383e-06
57900.056 1.4586838910401017e-06
57950.056 1.3231644522398697e-06
58000.056 1.275214841679993e-06
58050.056 1.4318616458399745e-06
58100.056 1.585520546859692e-06
58150.056 1.3789099511502675e-06
58200.056 1.1505469413000326e-06
58250.056 1.4262062380099892e-06
58300.056 1.052796142759839e-06
58350.056 1.2528361747399638e-06
58400.056 1.2381790256301399e-06
58450.056 1.323075946680159e-06
58500.056 1.3729563431901358e-06
58550.056 1.4689366801002424e-06
58600.056 1.253611807769837e-06
58650.056 1.378369373449889e-06
58700.056 1.3852049474697248e-06
58750.056 1.3574914309299058e-06
58800.056 1.1418095624001635e-06
58850.056 1.2936236082299788e-06
58900.056 1.412435801099959e-06
58950.056 1.218541331249412e-06
59000.056 1.2512639638499006e-06
59050.056 1.253307670539791e-06
59100.056 1.4085954260198812e-06
59150.056 1.483727644140038e-06
59200.056 1.3929491863501672e-06
59250.056 1.5445379947302554e-06
59300.056 1.471728246000374e-06
59350.056 1.3723857858699996e-06
59400.056 1.21433114692983e-06
59450.056 1.2862893221000728e-06
59500.056 1.1774983368099118e-06
59550.056 1.4331838764298813e-06
59600.056 1.4205413336199175e-06
59650.056 1.5389065797699435e-06
59700.056 1.1886970761101208e-06
59750.056 1.466895437219843e-06
59800.056 1.3967200402800689e-06
59850.056 1.3248591807099582e-06
59900.056 1.3367912215197903e-06
59950.056 1.3237403505703602e-06
60000.056 1.6074285914101676e-06
60050.056 1.4398566057299823e-06
60100.056 1.5425810386897951e-06
60150.056 1.3751843441498977e-06
60200.056 1.4723472547999694e-06
60250.056 1.400164431180141e-06
60300.056 1.2514378971198689e-06
60350.056 1.2823393433799047e-06
60400.056 1.4294458314098125e-06
60450.056 1.2371373436597567e-06
60500.056 1.0803369309301163e-06
60550.056 1.2490317879201974e-06
60600.056 1.4703958708000254e-06
60650.056 1.4871645004699041e-06
60700.056 1.4575935395300798e-06
60750.056 1.4080734903598659e-06
60800.056 1.5843798374898483e-06
60850.056 1.580712520960081e-06
60900.056 1.4235167455903738e-06
60950.056 1.5310748829597167e-06
61000.056 1.3325789156102623e-06
61050.056 1.3996880617998358e-06
61100.056 1.525208078900061e-06
61150.056 1.0556663321797622e-06
61200.056 1.4391546218200623e-06
61250.056 1.6294181160398896e-06
61300.056 1.7948932922501288e-06
61350.056 1.5198951904301297e-06
61400.056 1.6821378524099163e-06
61450.056 1.341420892560282e-06
61500.056 1.556791800360016e-06
61550.056 1.4023039300499273e-06
61600.056 1.2769083698702857e-06
61650.056 1.5714712324596477e-06
61700.056 1.258426054629884e-06
61750.056 1.4362292420995148e-06
61800.056 1.690029868410426e-06
61850.056 1.3645471667597712e-06
61900.056 1.5577478343401939e-06
61950.056 1.6714497479603007e-06
62000.056 1.4470228863899918e-06
62050.056 1.4516277093097054e-06
62100.056 1.5397989190706185e-06
62150.056 1.5671717658501983e-06
62200.056 1.3637792427696983e-06
62250.056 1.6281106866002289e-06
62300.056 1.570907196110038e-06
62350.056 1.5892863616801615e-06
62400.056 1.3008131126503841e-06
62450.056 1.413046735870028e-06
62500.056 1.6185822493398444e-06
62550.056 1.5431806749999983e-06
62600.056 1.5455924056002621e-06
62650.056 1.3665770333199707e-06
62700.056 1.4568223430100037e-06
62750.056 1.5419511626298455e-06
62800.056 1.3383117664795838e-06
62850.056 1.682024143300221e-06
62900.056 1.4019340375094782e-06
62950.056 1.5296152891500284e-06
63000.056 1.5099463527601775e-06
63050.056 1.69758331475998e-06
63100.056 1.6381443462599825e-06
63150.056 1.3411836948798592e-06
63200.056 1.520260099800173e-06
63250.056 1.5232893338498945e-06
63300.056 1.5119521054802938e-06
63350.056 1.5576997412102524e-06
63400.056 1.397166862399823e-06
63450.056 1.4042200126001252e-06
63500.056 1.4401765367399013e-06
63550.056 1.325017418419733e-06
63600.056 1.6347635190603292e-06
63650.056 1.5197486378702639e-06
63700.056 1.4651123765198126e-06
63750.056 1.3755129621600966e-06
63800.056 1.3326511379401683e-06
63850.056 1.3479311779100636e-06
63900.056 1.3132024089099379e-06
63950.056 1.560165103810079e-06
64000.056 1.47814170009984e-06
64050.056 1.4436526240198656e-06
64100.056 9.596362543099904e-07
64150.056 1.2273582875699775e-06
64200.056 1.2499760529800142e-06
64250.056 1.5889395660999375e-06
64300.056 1.2401909809099786e-06
64350.056 1.2115176724700877e-06
64400.056 1.4344304937900128e-06
64450.056 1.30946382136011e-06
64500.056 1.1193622776798364e-06
64550.056 1.3186142971204344e-06
64600.056 1.1266360249700987e-06
64650.056 1.4451110699801359e-06
64700.056 9.783868351396374e-07
64750.056 1.0439245374901613e-06
64800.056 9.08749065980142e-07
64850.056 1.0878963525598942e-06
64900.056 1.0945966706102335e-06
64950.056 1.0371546330798956e-06
65000.056 1.154036784279954e-06
65050.056 1.1067434227102419e-06
65100.056 1.0786179405398319e-06
65150.056 1.1468446079499177e-06
65200.056 1.0554369151899087e-06
65250.056 1.0286364851097703e-06
65300.056 1.0946724323500413e-06
65350.056 1.2436284251199095e-06
65400.056 1.0065518214597676e-06
65450.056 1.0805382042399544e-06
65500.056 1.0785191092497975e-06
65550.056 1.011672530379953e-06
65600.056 1.065082430949946e-06
65650.056 9.570792947098763e-07
65700.056 1.0565420062299316e-06
65750.056 1.0280871417502944e-06
65800.056 1.131433746590001e-06
65850.056 1.1183152883795071e-06
65900.056 9.247411325701952e-07
65950.056 6.993550279999688e-07
66000.056 9.489730689797384e-07
66050.056 1.1112488554904657e-06
66100.056 9.9906821580013e-07
66150.056 9.456242903897253e-07
66200.056 7.886193403501753e-07
66250.056 9.521163880500934e-07
66300.056 7.695347024999757e-07
66350.056 8.509432332904604e-07
66400.056 9.113890651795961e-07
66450.056 1.006044690029768e-06
66500.056 1.1597353749299559e-06
66550.056 9.476814419698189e-07
66600.056 9.443353146602182e-07
66650.056 9.679323470399658e-07
66700.056 1.0110584039001245e-06
66750.056 1.0187176680600409e-06
66800.056 1.0445817753303047e-06
66850.056 9.052809712905664e-07
66900.056 8.445850667204532e-07
66950.056 1.0912823278702944e-06
67000.056 1.110821392269486e-06
67050.056 1.0150964500198378e-06
67100.056 1.1239446224900516e-06
67150.056 9.359372043096781e-07
67200.056 9.908740915302099e-07
67250.056 1.0400393979899756e-06
67300.056 1.0008367788500842e-06
67350.056 1.0479281013997288e-06
67400.056 1.1983494128700082e-06
67450.056 1.0814436498498802e-06
67500.056 9.870815538300228e-07
67550.056 1.028397950529919e-06
67600.056 1.1484004487598894e-06
67650.056 1.0893210041496932e-06
67700.056 9.916571647296859e-07
67750.056 9.336138061899514e-07
67800.056 1.0145038211601093e-06
67850.056 8.953045633496464e-07
67900.056 1.0450557089798418e-06
67950.056 9.388814962302425e-07
68000.056 9.734038038995143e-07
68050.056 1.1347344217097157e-06
68100.056 1.0055129070901748e-06
68150.056 8.470199159297671e-07
68200.056 9.562653719697834e-07
68250.056 9.257388419501545e-07
68300.056 8.683649895198065e-07
68350.056 8.368733001900425e-07
68400.056 9.596757578698835e-07
68450.056 1.1094377014101018e-06
68500.056 9.934049535801373e-07
68550.056 8.85189300790074e-07
68600.056 1.0184169532800808e-06
68650.056 8.75411236199549e-07
68700.056 9.143634220298742e-07
68750.056 9.89018029770156e-07
68800.056 1.037698279560019e-06
68850.056 9.187865211898805e-07
68900.056 1.0496271000702412e-06
68950.056 1.020756975559859e-06
69000.056 1.1063294144698044e-06
69050.056 9.156586854196557e-07
69100.056 1.0302261455697982e-06
69150.056 1.1675470484899904e-06
69200.056 8.163349271002711e-07
69250.056 1.0602853328498523e-06
69300.056 1.0774100549602485e-06
69350.056 1.0574265991399824e-06
69400.056 1.0155434583597552e-06
69450.056 1.1801917756603916e-06
69500.056 9.887779697701e-07
69550.056 1.0113037008602027e-06
69600.056 8.360070294301855e-07
69650.056 1.0232450591700648e-06
69700.056 9.868178362697714e-07
69750.056 1.055432087979649e-06
69800.056 1.020933343950263e-06
69850.056 1.1058628124201225e-06
69900.056 1.0379332908401448e-06
69950.056 1.2497512835502604e-06
70000.056 9.037280396900719e-07
70050.056 1.0552444846701944e-06
70100.056 8.299021377599996e-07
70150.056 1.0475139636199642e-06
70200.056 9.152026693602419e-07
70250.056 9.44389588449798e-07
70300.056 1.0385215665999763e-06
70350.056 1.0316075644600256e-06
70400.056 1.1658482040499276e-06
70450.056 8.630243873900846e-07
70500.056 9.63951129529857e-07
70550.056 7.733144132801495e-07
70600.056 1.0809532584900195e-06
70650.056 9.915840778501167e-07
70700.056 9.82270990540551e-07
70750.056 9.375373705902206e-07
70800.056 1.0382476801302216e-06
70850.056 9.257171394298689e-07
70900.056 9.950524745197513e-07
70950.056 9.582001591100624e-07
71000.056 1.0348013417998453e-06
71050.056 9.963377626103259e-07
71100.056 9.842634101302744e-07
71150.056 9.221959780796706e-07
71200.056 9.165175488499679e-07
71250.056 9.553215163701929e-07
71300.056 9.643402240999724e-07
71350.056 1.0088509940900685e-06
71400.056 9.250131739602308e-07
71450.056 9.38141729299703e-07
71500.056 1.0435598633000212e-06
71550.056 1.0229253072799107e-06
71600.056 1.0874633482098533e-06
71650.056 1.0631758797501052e-06
71700.056 9.53681258619941e-07
71750.056 1.0548108813300326e-06
71800.056 1.2085728725600832e-06
71850.056 1.2159367273602556e-06
71900.056 8.480987564001521e-07
71950.056 1.0862521417000465e-06
72000.056 9.521761523401033e-07
72050.056 9.138177079101317e-07
72100.056 1.0132383912600248e-06
72150.056 1.0689133663100448e-06
72200.056 1.0625883226601186e-06
72250.056 9.847984713002591e-07
72300.056 9.351113211399737e-07
72350.056 9.187709235694659e-07
72400.056 1.107711935580333e-06
72450.056 9.940171079496798e-07
72500.056 1.0312613836397765e-06
72550.056 8.95366298940206e-07
72600.056 9.545321624603774e-07
72650.056 1.085891108670075e-06
72700.056 1.0115699133495406e-06
72750.056 1.0053229277494727e-06
72800.056 1.0060869619601394e-06
72850.056 1.0139541965002609e-06
72900.056 9.823982913700096e-07
72950.056 8.852924098899704e-07
73000.056 9.271587464093278e-07
73050.056 9.601362050802734e-07
73100.056 1.123417218230094e-06
73150.056 1.1043461897397676e-06
73200.056 1.1293149473897028e-06
73250.056 1.053039805400093e-06
73300.056 1.0186586353998204e-06
73350.056 7.831059055000956e-07
73400.056 9.00248348650343e-07
73450.056 8.502010778099609e-07
73500.056 1.1300592636399214e-06
73550.056 9.419287796999391e-07
73600.056 8.991029352896598e-07
73650.056 1.0110028282597675e-06
73700.056 9.200953887898903e-07
73750.056 9.48749854789849e-07
73800.056 8.1386901002996e-07
73850.056 1.036809965220192e-06
73900.056 1.0158635277098102e-06
73950.056 1.043196837879942e-06
74000.056 1.0163948153000335e-06
74050.056 1.0417232666396043e-06
74100.056 1.0088449135397105e-06
74150.056 1.0127230025600828e-06
74200.056 9.55630299470059e-07
74250.056 1.017211517349808e-06
74300.056 9.158212558201201e-07
74350.056 9.078135496998703e-07
74400.056 8.314786578103047e-07
74450.056 1.1197096127604998e-06
74500.056 1.0381585510600832e-06
74550.056 1.1174083912198603e-06
74600.056 8.446866701897802e-07
74650.056 8.118953328800899e-07
74700.056 9.286558921698527e-07
74750.056 9.776409516700481e-07
74800.056 8.674615405801799e-07
74850.056 1.2128897686598613e-06
74900.056 9.913141172896023e-07
74950.056 8.952186415401206e-07
75000.056 9.291580665098562e-07
75050.056 1.0502557934395785e-06
75100.056 1.0506641962402222e-06
75150.056 1.0608945638700351e-06
75200.056 1.0295382649400727e-06
75250.056 1.0215781596997144e-06
75300.056 8.510982726299963e-07
75350.056 8.820219158698621e-07
75400.056 9.423753073302081e-07
75450.056 9.3810136572043e-07
75500.056 1.053648145379899e-06
75550.056 9.018473174201311e-07
75600.056 1.1306547229800132e-06
75650.056 1.0377842795801266e-06
75700.056 8.862085489898162e-07
75750.056 9.018970627099278e-07
75800.056 9.236361000401859e-07
75850.056 9.441258808000373e-07
75900.056 8.919955257000857e-07
75950.056 9.175437390100558e-07
76000.056 7.621554075599182e-07
76050.056 8.852971032299563e-07
76100.056 9.144403176001556e-07
76150.056 8.428602945498779e-07
76200.056 8.584570720202572e-07
76250.056 1.0084146708900258e-06
76300.056 8.411873240999838e-07
76350.056 8.915844984801189e-07
76400.056 9.572058296697547e-07
76450.056 9.638799386705827e-07
76500.056 1.004780290430406e-06
76550.056 9.403828213299134e-07
76600.056 8.742693363900466e-07
76650.056 9.504961082999481e-07
76700.056 8.989754816301623e-07
76750.056 9.982160096800406e-07
76800.056 9.614210044602309e-07
76850.056 9.954760532002563e-07
76900.056 1.0167453037599783e-06
76950.056 9.017877653302076e-07
77000.056 9.670580682101747e-07
77050.056 1.0653610834900183e-06
77100.056 7.268088963301892e-07
77150.056 9.678611268298425e-07
77200.056 9.829196612601698e-07
77250.056 9.206836944795498e-07
77300.056 8.759688273699116e-07
77350.056 8.453971395499043e-07
77400.056 8.462022525998801e-07
77450.056 7.923327658899902e-07
77500.056 8.861435103698019e-07
77550.056 9.24656591409716e-07
77600.056 8.598709556301111e-07
77650.056 7.988719667896661e-07
77700.056 9.336277143299335e-07
77750.056 8.760149458096359e-07
77800.056 9.437399759001608e-07
77850.056 9.510387953297313e-07
77900.056 9.82540847669948e-07
77950.056 9.052883247002791e-07
78000.056 9.375739520396593e-07
78050.056 8.071930467299121e-07
78100.056 8.426829890901047e-07
78150.056 9.288159531802954e-07
78200.056 9.438696216201315e-07
78250.056 9.523425113199354e-07
78300.056 9.468676713299032e-07
78350.056 8.579186307901452e-07
78400.056 9.789757201501625e-07
78450.056 1.0136574679897117e-06
78500.056 1.0506854273498328e-06
78550.056 8.535126303900632e-07
78600.056 8.811450780999741e-07
78650.056 7.932179363998635e-07
78700.056 9.203139203099518e-07
78750.056 8.794948530601061e-07
78800.056 8.499753804402285e-07
78850.056 7.799721124299157e-07
78900.056 8.454549010500469e-07
78950.056 7.006885072599553e-07
79000.056 8.564111424502108e-07
79050.056 8.777642220197259e-07
79100.056 8.452485303798775e-07
79150.056 8.934556002301634e-07
79200.056 9.724960332796574e-07
79250.056 8.399141950400923e-07
79300.056 9.125362732901243e-07
79350.056 9.960240221002258e-07
79400.056 9.84524589620008e-07
79450.056 8.188560929797031e-07
79500.056 1.021309646910021e-06
79550.056 8.052575654902275e-07
79600.056 8.042748647898099e-07
79650.056 8.349758718100684e-07
79700.056 8.473463145698359e-07
79750.056 9.20186507440234e-07
79800.056 7.695106970301679e-07
79850.056 8.443562947502987e-07
79900.056 8.603548146900829e-07
79950.056 9.3912836309971e-07
