# %ECSV 1.0
# ---
# datatype:
# - {name: wav, unit: Angstrom, datatype: float64}
# - {name: flux_nu, unit: erg / (cm2 Hz s), datatype: float64}
# schema: astropy-2.0
wav flux_nu
10000.000000000093 nan
10050.000000000093 1.826874073789305e-07
10100.000000000093 2.124812303847919e-07
10150.000000000093 2.1914832888488335e-07
10200.000000000093 2.4197238443925854e-07
10250.000000000093 2.627516018129766e-07
10300.000000000093 2.7628092410387927e-07
10350.000000000093 3.162723051731178e-07
10400.000000000093 3.5088079318040716e-07
10450.000000000093 3.719220344641191e-07
10500.000000000093 3.7836222860691307e-07
10550.000000000093 3.9103105839178927e-07
10600.000000000093 4.145314418958926e-07
10650.000000000093 4.4128368376941933e-07
10700.000000000093 4.7050275831210865e-07
10750.000000000093 4.974270088972867e-07
10800.000000000093 5.205864958542789e-07
10850.000000000093 5.500179024374112e-07
10900.000000000093 4.979421798397122e-07
10950.000000000093 3.7104957100065207e-07
11000.000000000093 3.0436959682137815e-07
11050.000000000093 2.3652568467948472e-07
11100.000000000093 1.934436291130566e-07
11150.000000000093 1.5705425788103878e-07
11200.000000000093 1.6949964532453875e-07
11250.000000000093 2.1552339484691674e-07
11300.000000000093 2.1107457304308257e-07
11350.000000000093 1.2683534715695737e-07
11400.000000000093 2.4807663768565217e-07
11450.000000000093 1.947186096763762e-07
11500.000000000093 2.4256383883035584e-07
11550.000000000093 1.8631082903142492e-07
11600.000000000093 1.9558194024488578e-07
11650.000000000093 2.2243510957625813e-07
11700.000000000093 2.2906691989283905e-07
11750.000000000093 2.19156624955255e-07
11800.000000000093 2.763644330940575e-07
11850.000000000093 3.208696005174983e-07
11900.000000000093 3.727308882454829e-07
11950.000000000093 3.9857043864733027e-07
12000.000000000093 4.780052058578082e-07
12050.000000000093 5.544906227870671e-07
12100.000000000093 5.983999533144823e-07
12150.000000000093 6.704972842996563e-07
12200.000000000093 7.233618173569293e-07
12250.000000000093 7.888022121986751e-07
12300.000000000093 8.508363618703714e-07
12350.000000000093 8.715075347891067e-07
12400.000000000093 9.002294995472094e-07
12450.000000000093 9.733443697704141e-07
12500.000000000093 1.0166836509650277e-06
12550.000000000093 1.0690437258144401e-06
12600.000000000093 1.0709918360582147e-06
12650.000000000093 1.0368971400571245e-06
12700.000000000093 1.05382145672976e-06
12750.000000000093 1.0611420863394024e-06
12800.000000000093 1.0879357373911477e-06
12850.000000000093 9.911012215828942e-07
12900.000000000093 9.292330308633174e-07
12950.000000000093 9.284173278299727e-07
13000.000000000093 9.307946789433811e-07
13050.000000000093 9.013761390525514e-07
13100.000000000093 8.80151464367394e-07
13150.000000000093 7.800091395811327e-07
13200.000000000093 7.266820886899201e-07
13250.000000000093 5.51044316107991e-07
13300.000000000093 3.3370054520612133e-07
13350.000000000093 1.145560447770674e-07
13400.000000000093 5.5611733016358826e-08
13450.000000000093 3.855286682805287e-08
13500.000000000093 2.4239548305700976e-08
13550.000000000093 1.9489993885450082e-08
13600.000000000093 1.599928709009122e-08
13650.000000000093 3.4340793656269785e-08
13700.000000000093 2.7384264593331188e-08
13750.000000000093 3.6077346212306476e-08
13800.000000000093 4.7663679683338804e-08
13850.000000000093 3.396983781316036e-08
13900.000000000093 3.398471615936185e-08
13950.000000000093 3.268499585628417e-08
14000.000000000093 3.116832157944844e-08
14050.000000000093 3.716843647663457e-08
14100.000000000093 2.715015929446739e-08
14150.000000000093 3.761498468634624e-08
14200.000000000093 2.9234236252106103e-08
14250.000000000093 3.0353032006676874e-08
14300.000000000093 4.497316453517463e-08
14350.000000000093 4.335455319519457e-08
14400.000000000093 4.52315916527516e-08
14450.000000000093 5.169350815714496e-08
14500.000000000093 8.182789244225785e-08
14550.000000000093 8.161671936380575e-08
14600.000000000093 1.1061335115992749e-07
14650.000000000093 1.097281156504921e-07
14700.000000000093 8.686910880904498e-08
14750.000000000093 1.0851936968768754e-07
14800.000000000093 1.3050508885063587e-07
14850.000000000093 1.3728715350318178e-07
14900.000000000093 1.410039626178293e-07
14950.000000000093 1.5801695347004608e-07
15000.000000000093 1.764893789138077e-07
15050.000000000093 2.1041269784685944e-07
15100.000000000093 2.2659775270541547e-07
15150.000000000093 2.426740021846979e-07
15200.000000000093 2.493784521103655e-07
15250.000000000093 2.9492990555066214e-07
15300.000000000093 3.282467905464464e-07
15350.000000000093 3.7563108670940524e-07
15400.000000000093 4.0612059920686857e-07
15450.000000000093 4.435125987240871e-07
15500.000000000093 4.6417277606458755e-07
15550.000000000093 5.168014700422508e-07
15600.000000000093 5.189553451531743e-07
15650.000000000093 5.410201397983531e-07
15700.000000000093 6.043036402142684e-07
15750.000000000093 6.340731619595139e-07
15800.000000000093 6.267537052217874e-07
15850.000000000093 6.628177580456901e-07
15900.000000000093 6.569716942522712e-07
15950.000000000093 6.68867725798937e-07
16000.000000000093 6.491432452424602e-07
16050.000000000093 6.090617690872125e-07
16100.000000000093 5.765658274416463e-07
16150.000000000093 5.147824419524916e-07
16200.000000000093 4.624335877614315e-07
16250.000000000093 4.6119636198470837e-07
16300.000000000093 4.317625743769234e-07
16350.000000000093 4.502371029185117e-07
16400.000000000095 4.724680660036332e-07
16450.000000000095 4.878781145192641e-07
16500.000000000095 5.099181200912908e-07
16550.000000000095 4.998069531657389e-07
16600.000000000095 4.923192384679156e-07
16650.000000000095 4.218816042180202e-07
16700.000000000095 3.4419248290148665e-07
16750.000000000095 3.861349158303052e-07
16800.000000000095 4.435348444877359e-07
16850.000000000095 4.2865820342545234e-07
16900.000000000095 4.102956909972298e-07
16950.000000000095 3.928417552806876e-07
17000.000000000095 3.6984241428192306e-07
17050.000000000095 4.0984552625227267e-07
17100.000000000095 4.063550622184254e-07
17150.000000000095 3.6813860690229034e-07
17200.000000000095 3.8250750801244933e-07
17250.000000000095 3.409878304373595e-07
17300.000000000095 3.1601373149874223e-07
17350.000000000095 2.966793414468667e-07
17400.000000000095 2.7986847295957906e-07
17450.000000000095 2.55680665744261e-07
17500.000000000095 2.5876452498750634e-07
17550.000000000095 2.254889206910298e-07
17600.000000000095 2.1125322960157537e-07
17650.000000000095 2.044540234037868e-07
17700.000000000095 1.566974799106777e-07
17750.000000000095 1.3548161140936445e-07
17800.000000000095 1.489823948328001e-07
17850.000000000095 1.0448092637734764e-07
17900.000000000095 1.273235655564431e-07
17950.000000000095 9.895586478262444e-08
18000.000000000095 1.0144014884479656e-07
18050.000000000095 8.892043223669208e-08
18100.000000000095 8.425914120650582e-08
18150.000000000095 1.0684416577583456e-07
18200.000000000095 7.123676886190037e-08
18250.000000000095 1.2891149645092716e-07
18300.000000000095 8.485160770264293e-08
18350.000000000095 8.014405353369317e-08
18400.000000000095 7.177932556641254e-08
18450.000000000095 8.0580618319777e-08
18500.000000000095 8.51210054560273e-08
18550.000000000095 6.824294591593e-08
18600.000000000095 6.020242089559879e-08
18650.000000000095 5.5310273150578934e-08
18700.000000000095 5.50404674514946e-08
18750.000000000095 6.930277152966929e-08
18800.000000000095 1.1123015916624806e-07
18850.000000000095 1.2332416091182525e-07
18900.000000000095 1.0881803029537621e-07
18950.000000000095 1.6174815594525656e-07
19000.000000000095 1.1886876988860036e-07
19050.000000000095 9.389621614061746e-08
19100.000000000095 1.433719719542744e-07
19150.000000000095 1.114773528551767e-07
19200.000000000095 1.3040303257561547e-07
19250.000000000095 1.0845529001670015e-07
19300.000000000095 1.0157246563956591e-07
19350.000000000095 9.482049947937748e-08
19400.000000000095 6.208352682828096e-08
19450.000000000095 1.053512799252141e-07
19500.000000000095 1.0204283969561363e-07
19550.000000000095 8.268282474988962e-08
19600.000000000095 1.0174408388193548e-07
19650.000000000095 1.1906395338975638e-07
19700.000000000095 1.1689670608858249e-07
19750.000000000095 1.1579808833137592e-07
19800.000000000095 1.3372110225153232e-07
19850.000000000095 1.604305993505971e-07
19900.000000000095 1.2546328703776533e-07
19950.000000000095 1.76663410975656e-07
20000.000000000095 1.664624752769321e-07
20050.000000000095 1.856199423971959e-07
20100.000000000095 1.8931171117145856e-07
20150.000000000095 1.9657632630641408e-07
20200.000000000095 2.2046021767941743e-07
20250.000000000095 2.4095859531065176e-07
20300.000000000095 2.2914058007310986e-07
20350.000000000095 2.59748022609287e-07
20400.000000000095 2.596797608521506e-07
20450.000000000095 2.8775808747161945e-07
20500.000000000095 2.994955948892533e-07
20550.000000000095 2.9435951744887324e-07
20600.000000000095 3.2553646672867527e-07
20650.000000000095 3.160666528847118e-07
20700.000000000095 3.21708519257154e-07
20750.000000000095 3.366137020824213e-07
20800.000000000095 3.3812025329878e-07
20850.000000000095 3.409440141188869e-07
20900.000000000095 3.52557891617796e-07
20950.000000000095 3.4567998492862594e-07
21000.000000000095 3.5235317380165615e-07
21050.000000000095 3.4503308012919975e-07
21100.000000000095 3.46776632292193e-07
21150.000000000095 3.503139441604463e-07
21200.000000000095 3.414849951881274e-07
21250.000000000095 3.4647318281567675e-07
21300.000000000095 3.317483422848562e-07
21350.000000000095 3.36213322598181e-07
21400.000000000095 3.226682953521691e-07
21450.000000000095 3.2256597332301804e-07
21500.000000000095 3.1989888724478356e-07
21550.000000000095 3.128809841636361e-07
21600.000000000095 3.07441177072977e-07
21650.000000000095 2.939983722253278e-07
21700.000000000095 2.974689327282263e-07
21750.000000000095 2.816378739585231e-07
21800.000000000095 2.695848448195064e-07
21850.000000000095 2.5290648558558507e-07
21900.000000000095 2.466200274178044e-07
21950.000000000095 2.014056983352015e-07
22000.000000000095 1.59125482699432e-07
22050.000000000095 1.3684451566418891e-07
22100.000000000095 1.6915541220020888e-07
22150.000000000095 1.793658255594794e-07
22200.000000000095 1.7842013204838684e-07
22250.000000000095 1.7100715587458624e-07
22300.000000000095 1.6732592340194478e-07
22350.000000000095 1.6006567026476108e-07
22400.000000000095 1.4580069206367188e-07
22450.000000000095 1.3280154843271284e-07
22500.000000000095 1.358729412538769e-07
22550.000000000095 1.1754218813663674e-07
22600.000000000095 1.2730182680389246e-07
22650.000000000095 1.254312676670783e-07
22700.000000000095 1.224997376198935e-07
22750.000000000095 1.2661231802541836e-07
22800.000000000095 1.208388249267306e-07
22850.000000000095 1.0935861320550535e-07
22900.000000000095 1.0830336318129023e-07
22950.000000000095 1.0033059593336605e-07
23000.000000000095 8.337476613410182e-08
23050.000000000095 1.0299954000696676e-07
23100.000000000095 1.227904863858923e-07
23150.000000000095 1.1812768411920172e-07
23200.000000000095 7.563533435586206e-08
23250.000000000095 8.045723438670092e-08
23300.000000000095 7.757301451617527e-08
23350.000000000095 7.040543409129708e-08
23400.000000000095 8.080000211356571e-08
23450.000000000095 7.930510000162127e-08
23500.000000000095 8.168660392189623e-08
23550.000000000095 1.0158441259968837e-07
23600.000000000095 1.0530345516224359e-07
23650.000000000095 1.1129534687935668e-07
23700.000000000095 7.759244336267166e-08
23750.000000000095 8.103668606762293e-08
23800.000000000095 9.021211387446494e-08
23850.000000000095 8.705741657194286e-08
23900.000000000095 1.1218830338760287e-07
23950.000000000095 1.1454560383140821e-07
24000.000000000095 1.3656201235589383e-07
24050.000000000095 1.3282407866915745e-07
24100.000000000095 1.1585654229415467e-07
24150.000000000095 1.2682144113796706e-07
24200.000000000095 1.3419599804004453e-07
24250.000000000095 1.3268016677710047e-07
24300.000000000095 1.3280157417787535e-07
24350.000000000095 1.189445778129133e-07
24400.000000000095 1.5603202866333651e-07
24450.000000000095 1.2534712009513546e-07
24500.000000000095 1.3494889465388954e-07
24550.000000000095 1.288111530776658e-07
24600.000000000095 1.3790119284874734e-07
24650.000000000095 1.5413984096657056e-07
24700.000000000095 1.1451822073960491e-07
24750.000000000095 1.0466555009099168e-07
24800.000000000095 1.1301201699954422e-07
24850.000000000095 1.4867564769549618e-07
24900.000000000095 7.658201892897317e-08
24950.000000000095 1.2293052965084266e-07
25000.000000000095 1.17107550903465e-07
25050.000000000095 7.946147083453496e-08
25100.000000000095 1.0523676057067482e-07
25150.000000000095 6.911304506885733e-08
25200.000000000095 8.95973766507008e-08
25250.000000000095 6.095921594572529e-08
25300.000000000095 8.273376164625818e-08
25350.000000000095 5.032411980887217e-08
25400.000000000095 8.329230007136187e-08
25450.000000000095 5.464621525624906e-08
25500.000000000095 5.368667137664699e-08
25550.000000000095 6.863336286658993e-08
25600.000000000095 6.363789254382731e-08
25650.000000000095 4.2208775601686885e-08
25700.000000000095 7.93189839966455e-08
25750.000000000095 4.1870400554356864e-08
25800.000000000095 8.030748127883962e-08
25850.000000000095 4.316214738976902e-08
25900.000000000095 6.463106242908397e-08
25950.000000000095 4.0064635071977235e-08
26000.000000000095 7.452117922626395e-08
26050.000000000095 5.458852282284934e-08
26100.000000000095 8.864444900465722e-08
26150.000000000095 7.358101508954465e-08
26200.000000000095 7.73654965088873e-08
26250.000000000095 1.0529014001113151e-07
26300.000000000095 7.802961178503052e-08
26350.000000000095 1.13241485342909e-07
26400.000000000095 1.2218107730445267e-07
26450.000000000095 1.192461051582165e-07
26500.000000000095 1.1629644600919293e-07
26550.000000000095 8.491427423542286e-08
26600.000000000095 9.895484289491719e-08
26650.000000000095 5.424257352710022e-08
26700.000000000095 4.518372312774972e-08
26750.000000000095 4.081099556115732e-08
26800.000000000095 5.565291489420527e-08
26850.000000000095 3.397729712026448e-08
26900.000000000095 6.580785648400303e-08
26950.000000000095 3.622613590433961e-08
27000.000000000095 7.574474429686892e-08
27050.000000000095 7.027558752064726e-08
27100.000000000095 5.325614952113485e-08
27150.000000000095 8.744691457486933e-08
27200.000000000095 5.7951749271564286e-08
27250.000000000095 6.599207966318996e-08
27300.000000000095 1.296266058758668e-07
27350.000000000095 9.986654000508647e-08
27400.000000000095 3.8025466588991925e-08
27450.000000000095 1.1988624426051404e-07
27500.000000000095 1.2350292987893115e-07
27550.000000000095 6.67439020975099e-08
27600.000000000095 1.0867494680591514e-07
27650.000000000095 5.578800485275374e-08
27700.000000000095 4.8506270437340645e-08
27750.000000000095 1.0767274455056076e-07
27800.000000000095 5.952377363310973e-08
27850.000000000095 6.534718772043323e-08
27900.000000000095 8.468402084415281e-08
27950.000000000095 1.0717172474683334e-07
28000.000000000095 9.530822871521623e-08
28050.000000000095 4.722104951498096e-08
28100.000000000095 1.228820113839071e-07
28150.000000000095 8.93094081039833e-08
28200.000000000095 4.6252054911332694e-08
28250.000000000095 1.217303678969148e-07
28300.000000000095 1.4929798471417158e-07
28350.000000000095 5.1708939585876285e-08
28400.000000000095 1.0887118762789504e-07
28450.000000000095 1.2466207243880068e-07
28500.000000000095 1.0292967356688228e-07
28550.000000000095 5.132438428367072e-08
28600.000000000095 1.3740160473666185e-07
28650.000000000095 1.1737202413880756e-07
28700.000000000095 1.0226800588552099e-07
28750.000000000095 1.359604226691732e-07
28800.000000000095 1.2669066523653158e-07
28850.000000000095 1.501631476746935e-07
28900.000000000095 7.933689565617516e-08
28950.000000000095 1.685918919792838e-07
29000.000000000095 1.2212930039341049e-07
29050.000000000095 1.4324638145016145e-07
29100.000000000095 9.530504540886866e-08
29150.000000000095 1.8511629339631298e-07
29200.000000000095 1.2395393768860677e-07
29250.000000000095 1.6514076094460223e-07
29300.000000000095 1.056543293200218e-07
29350.000000000095 2.736011877078274e-07
29400.000000000095 1.6097251233875203e-07
29450.000000000095 1.617700110748734e-07
29500.000000000095 1.7946509812809447e-07
29550.000000000095 1.588280885479797e-07
29600.000000000095 2.0747786113720618e-07
29650.000000000095 1.7266327189084575e-07
29700.000000000095 1.6003078112209386e-07
29750.000000000095 2.035490436036553e-07
29800.000000000095 2.175779760879033e-07
29850.000000000095 2.2367180840107488e-07
29900.000000000095 2.2240864986019702e-07
29950.000000000095 2.1204878374357976e-07
30000.000000000095 1.8931535138291977e-07
30050.000000000095 1.607355533266478e-07
30100.000000000095 1.8929076227806719e-07
30150.000000000095 2.6075005805506445e-07
30200.000000000095 1.9753626073901895e-07
30250.000000000095 2.765625183396393e-07
30300.000000000095 2.391689733891372e-07
30350.000000000095 2.2451753980155447e-07
30400.000000000095 2.7012128492809007e-07
30450.000000000095 2.1094903303892654e-07
30500.000000000095 2.1004495411090291e-07
30550.000000000095 2.2960224990305568e-07
30600.000000000095 2.667919842938517e-07
30650.000000000095 2.4194166893831337e-07
30700.000000000095 2.1809870370577044e-07
30750.000000000095 2.1339798394399882e-07
30800.000000000095 2.0306236903295295e-07
30850.000000000095 1.991452830046881e-07
30900.000000000095 2.0273134531050994e-07
30950.000000000095 1.3624050703981044e-07
31000.000000000095 1.7876309936664606e-07
31050.000000000095 1.9168667038381623e-07
31100.000000000095 1.3858467414628127e-07
31150.000000000095 1.611768130153211e-07
31200.000000000095 1.786493577640691e-07
31250.000000000095 1.4840333102849744e-07
31300.000000000095 1.444962958385519e-07
31350.000000000095 1.3942229971382144e-07
31400.000000000095 1.0842009440862999e-07
31450.000000000095 1.3814385961876833e-07
31500.000000000095 1.151650130993943e-07
31550.000000000095 1.276834122707888e-07
31600.000000000095 1.0098595356841987e-07
31650.000000000095 1.0140440889337369e-07
31700.000000000095 1.1316827927776136e-07
31750.000000000095 8.78811136524786e-08
31800.000000000095 1.064427608390778e-07
31850.000000000095 9.095859542920765e-08
31900.000000000095 9.475016755773715e-08
31950.000000000095 9.061509352834439e-08
32000.000000000095 8.912014171080042e-08
32050.000000000095 8.302554258376523e-08
32100.000000000095 7.584638211579904e-08
32150.000000000095 1.003305180621138e-07
32200.000000000095 7.544798561485411e-08
32250.000000000095 1.0156885228877129e-07
32300.000000000095 6.880521844552719e-08
32350.000000000095 1.2898755736785434e-07
32400.000000000095 8.917426520609825e-08
32450.000000000095 1.2069307582522867e-07
32500.000000000095 9.837613477103631e-08
32550.000000000095 1.1766375529831476e-07
32600.000000000095 1.3226598538770977e-07
32650.000000000095 1.463975857829011e-07
32700.000000000095 1.2886190485881557e-07
32750.000000000095 1.6626891309506375e-07
32800.000000000095 1.381913310234077e-07
32850.000000000095 1.7578596883645687e-07
32900.000000000095 1.9283433828208897e-07
32950.000000000095 1.8841364084411796e-07
33000.000000000095 1.6888836393653634e-07
33050.000000000095 1.6698245291666287e-07
33100.000000000095 1.0931214810387665e-07
33150.000000000095 2.97577668720655e-08
33200.000000000095 3.244610225863705e-08
33250.000000000095 2.2590976266278597e-08
33300.000000000095 2.4653982004997003e-08
33350.000000000095 4.040398880803533e-08
33400.000000000095 5.4626392140334885e-08
33450.000000000095 6.74902835256229e-08
33500.000000000095 9.288703332067117e-08
33550.000000000095 8.934419130554935e-08
33600.000000000095 1.249851871445698e-07
33650.000000000095 1.3960129063792955e-07
33700.000000000095 1.2109452724241013e-07
33750.000000000095 1.6414034817753618e-07
33800.000000000095 1.1231975448752021e-07
33850.000000000095 1.5294058419320921e-07
33900.000000000095 1.3454176198808518e-07
33950.000000000095 1.5264155754609218e-07
34000.000000000095 1.548863226680018e-07
34050.000000000095 8.721238241130572e-08
34100.000000000095 1.463498624358486e-07
34150.000000000095 1.0748946632138324e-07
34200.000000000095 1.3476021886083368e-07
34250.000000000095 1.280502164497867e-07
34300.000000000095 9.711005121085885e-08
34350.000000000095 1.3466421356642327e-07
34400.000000000095 1.0889333824373388e-07
34450.000000000095 1.4697329144021552e-07
34500.000000000095 1.3738314750269323e-07
34550.000000000095 9.708856571379052e-08
34600.000000000095 1.606976913813534e-07
34650.000000000095 1.0414626747256214e-07
34700.000000000095 1.2031681546951234e-07
34750.000000000095 1.3028084742886694e-07
34800.000000000095 8.552970735398154e-08
34850.000000000095 1.3981954091123573e-07
34900.000000000095 1.4206424349000483e-07
34950.000000000095 1.2827639675039428e-07
35000.000000000095 1.737248090321244e-07
35050.000000000095 1.285006327450295e-07
35100.000000000095 1.6955929180086694e-07
35150.000000000095 1.5377169312961254e-07
35200.000000000095 1.8296163038732562e-07
35250.000000000095 2.2384474495142087e-07
35300.000000000095 1.3481426866400906e-07
35350.000000000095 1.9249171987426208e-07
35400.000000000095 1.9194862764614637e-07
35450.000000000095 1.6391974213352815e-07
35500.000000000095 2.3566580275498634e-07
35550.000000000095 2.0981502945226237e-07
35600.000000000095 2.253476523159993e-07
35650.000000000095 2.4564843159399314e-07
35700.000000000095 1.699609325180039e-07
35750.000000000095 2.466289212944271e-07
35800.000000000095 2.57354982008575e-07
35850.000000000095 2.0092211402326007e-07
35900.000000000095 2.8138295242503977e-07
35950.000000000095 2.6415270437491373e-07
36000.000000000095 2.4531521815648144e-07
36050.000000000095 2.996688485008422e-07
36100.000000000095 2.6458548446687974e-07
36150.000000000095 3.083260126401645e-07
36200.000000000095 3.275520715076165e-07
36250.000000000095 3.103100046264662e-07
36300.000000000095 3.530115974377702e-07
36350.000000000095 3.403567451778599e-07
36400.000000000095 3.9092810986575724e-07
36450.000000000095 3.804153878863535e-07
36500.000000000095 3.8208008980077954e-07
36550.000000000095 4.1481738903464636e-07
36600.000000000095 4.4891027041897933e-07
36650.000000000095 4.2589280415461286e-07
36700.000000000095 4.65903220015779e-07
36750.000000000095 4.860274418914429e-07
36800.000000000095 4.95572306613804e-07
36850.000000000095 4.821072371788401e-07
36900.000000000095 4.748576278446808e-07
36950.000000000095 5.34770125431712e-07
37000.000000000095 5.168186199627874e-07
37050.000000000095 5.45793209511241e-07
37100.000000000095 5.353304255529638e-07
37150.000000000095 5.84342748382417e-07
37200.000000000095 6.078970342445064e-07
37250.000000000095 5.571393606490435e-07
37300.000000000095 5.569524877961063e-07
37350.000000000095 6.06308753015452e-07
37400.000000000095 6.645875738335387e-07
37450.000000000095 6.28037227463798e-07
37500.000000000095 6.020676722060387e-07
37550.000000000095 6.946523120082222e-07
37600.000000000095 7.355018902185802e-07
37650.000000000095 6.391554279743283e-07
37700.000000000095 7.207873215033057e-07
37750.000000000095 6.212719337016234e-07
37800.000000000095 7.080734064531429e-07
37850.000000000095 6.012900138074312e-07
37900.000000000095 6.955073437615896e-07
37950.000000000095 7.36064582746138e-07
38000.000000000095 7.835517900138313e-07
38050.000000000095 7.330038573435409e-07
38100.000000000095 7.699481789095331e-07
38150.000000000095 7.743873587943088e-07
38200.000000000095 8.084440203688312e-07
38250.000000000095 7.832095913989438e-07
38300.000000000095 8.54840966950238e-07
38350.000000000095 8.651850806114186e-07
38400.000000000095 7.410701776324696e-07
38450.000000000095 8.429183007032634e-07
38500.000000000095 7.85975765339207e-07
38550.000000000095 8.404419610035776e-07
38600.000000000095 8.559516945682842e-07
38650.000000000095 9.031720421563675e-07
38700.000000000095 9.194166044090418e-07
38750.000000000095 8.949263098623224e-07
38800.000000000095 8.679737001278381e-07
38850.000000000095 9.23709011528105e-07
38900.000000000095 9.249495527057347e-07
38950.000000000095 9.245248362533049e-07
39000.000000000095 9.610798096857402e-07
39050.000000000095 9.446702963825031e-07
39100.000000000095 9.026495637590665e-07
39150.000000000095 9.637753428453905e-07
39200.000000000095 9.231210059564438e-07
39250.000000000095 9.811083405824637e-07
39300.000000000095 9.769100592492211e-07
39350.000000000095 1.023515400733592e-06
39400.000000000095 1.0100435679983594e-06
39450.000000000095 1.029686020941559e-06
39500.000000000095 9.656914298308094e-07
39550.000000000095 9.858931418828588e-07
39600.000000000095 1.0113618000408953e-06
39650.000000000095 1.0436391987640866e-06
39700.000000000095 1.0068965035142174e-06
39750.000000000095 9.494982196175321e-07
39800.000000000095 9.75445778085008e-07
39850.000000000095 1.024720315561673e-06
39900.000000000095 1.028616115898756e-06
39950.000000000095 1.0290197576271788e-06
40000.000000000095 9.93687414476599e-07
40050.000000000095 1.0229010415162296e-06
40100.000000000095 1.003940521024572e-06
40150.000000000095 1.0554376947104504e-06
40200.000000000095 1.0500272718029263e-06
40250.000000000095 9.666753878301024e-07
40300.000000000095 1.0080932381850773e-06
40350.000000000095 9.914027063024892e-07
40400.000000000095 1.0277565309015111e-06
40450.000000000095 1.0065847818362724e-06
40500.000000000095 9.097305782659064e-07
40550.000000000095 1.0410921304073018e-06
40600.000000000095 9.217873226154865e-07
40650.000000000095 1.0363048917328667e-06
40700.000000000095 1.0923527587657875e-06
40750.000000000095 9.619139394302234e-07
40800.000000000095 8.947390187812767e-07
40850.000000000095 9.688909638250928e-07
40900.000000000095 9.721263216698689e-07
40950.000000000095 9.674139964931405e-07
41000.000000000095 9.503895881575259e-07
41050.000000000095 9.719732718725802e-07
41100.000000000095 8.991105350526721e-07
41150.000000000095 9.021280606801677e-07
41200.000000000095 9.725834531773459e-07
41250.000000000095 9.527192264165361e-07
41300.000000000095 7.98039958777499e-07
41350.000000000095 9.776221939710095e-07
41400.000000000095 9.146845641178732e-07
41450.000000000095 9.558243064060956e-07
41500.000000000095 9.300139669366404e-07
41550.000000000095 8.556959335263471e-07
41600.000000000095 8.922605807316834e-07
41650.000000000095 9.069423853409361e-07
41700.000000000095 8.320982179969814e-07
41750.000000000095 8.040194843495295e-07
41800.000000000095 9.525068103644799e-07
41850.000000000095 6.29391789620274e-07
41900.000000000095 8.106724298098959e-07
41950.000000000095 8.579074520444625e-07
42000.000000000095 8.42604961865827e-07
42050.000000000095 7.022044342952342e-07
42100.000000000095 8.104491067773692e-07
42150.000000000095 6.115444697453834e-07
42200.000000000095 6.752247703212015e-07
42250.000000000095 7.093736651805362e-07
42300.000000000095 6.502382309263481e-07
42350.000000000095 7.010169801143036e-07
42400.000000000095 6.240894029121565e-07
42450.000000000095 5.477488187624963e-07
42500.000000000095 6.111405027630159e-07
42550.000000000095 5.779042028990092e-07
42600.000000000095 6.965572956047028e-07
42650.000000000095 7.645993565615268e-07
42700.000000000095 6.73916184361097e-07
42750.000000000095 6.066674844625139e-07
42800.000000000095 5.642425312178387e-07
42850.000000000095 6.773001940505325e-07
42900.000000000095 6.823027347949086e-07
42950.000000000095 5.158356338576004e-07
43000.000000000095 6.778074793750564e-07
43050.000000000095 4.6262932033583176e-07
43100.000000000095 6.150801389855814e-07
43150.000000000095 6.310039316845653e-07
43200.000000000095 6.110701507469492e-07
43250.000000000095 6.343201679453634e-07
43300.000000000095 7.092867872539889e-07
43350.000000000095 5.332427959656955e-07
43400.000000000095 6.366584589424216e-07
43450.000000000095 5.129685200159612e-07
43500.000000000095 5.411788840298786e-07
43550.000000000095 5.01701259113766e-07
43600.000000000095 5.965649671141568e-07
43650.000000000095 4.100504384697945e-07
43700.000000000095 5.812383560758958e-07
43750.000000000095 5.840925708295039e-07
43800.000000000095 4.6985586597563736e-07
43850.000000000095 4.875685222210298e-07
43900.000000000095 4.3501155755316965e-07
43950.000000000095 4.1801480848108755e-07
44000.000000000095 3.058326879403131e-07
44050.000000000095 3.935151948301417e-07
44100.000000000095 4.1382539072236764e-07
44150.000000000095 4.0455116774707105e-07
44200.000000000095 3.603119091741027e-07
44250.000000000095 3.364319639011867e-07
44300.000000000095 3.202838233989265e-07
44350.000000000095 2.753639965758138e-07
44400.000000000095 2.8895642444916417e-07
44450.000000000095 2.922275734181123e-07
44500.000000000095 2.4229157970449656e-07
44550.000000000095 2.5880683916444435e-07
44600.000000000095 2.262504934266653e-07
44650.000000000095 2.541319760210331e-07
44700.000000000095 2.417363308234708e-07
44750.000000000095 2.491737881684043e-07
44800.000000000095 2.3435686979704372e-07
44850.000000000095 2.2022095303739546e-07
44900.000000000095 1.9136130387427665e-07
44950.000000000095 1.9007052590778062e-07
45000.000000000095 1.9342544097255307e-07
45050.000000000095 2.0112026644944895e-07
45100.000000000095 1.897109359319953e-07
45150.000000000095 1.7712819406335347e-07
45200.000000000095 1.4928639168835175e-07
45250.000000000095 1.595906704935833e-07
45300.000000000095 1.8071144648224168e-07
45350.000000000095 1.805576531945738e-07
45400.000000000095 1.4998506399955276e-07
45450.000000000095 1.4679511492499018e-07
45500.000000000095 1.5531018643172424e-07
45550.000000000095 1.7774946268887397e-07
45600.000000000095 1.459789109125237e-07
45650.000000000095 1.4335571662233091e-07
45700.000000000095 1.7888065711883864e-07
45750.000000000095 1.5476109448561824e-07
45800.000000000095 1.3724440928582212e-07
45850.000000000095 1.9133198446814664e-07
45900.000000000095 1.857881732295387e-07
45950.000000000095 1.4296383354136378e-07
46000.000000000095 1.8069191965609815e-07
46050.000000000095 1.9440968182885584e-07
46100.000000000095 1.4376444189924859e-07
46150.000000000095 1.88279515666294e-07
46200.000000000095 1.8278231404482247e-07
46250.000000000095 1.1780921860812335e-07
46300.000000000095 2.1019519053829143e-07
46350.000000000095 1.5619090676810973e-07
46400.000000000095 1.8091058027036064e-07
46450.000000000095 2.2707490330366968e-07
46500.000000000095 1.8031245386490008e-07
46550.000000000095 2.390784568181247e-07
46600.000000000095 2.3208646345064653e-07
46650.000000000095 3.3675403648687324e-07
46700.000000000095 2.7461188601026134e-07
46750.000000000095 2.1541587509420118e-07
46800.000000000095 1.9383801906104175e-07
46850.000000000095 2.3251516437759924e-07
46900.000000000095 2.049596801100953e-07
46950.000000000095 2.7445854957007616e-07
47000.000000000095 1.7169794881597037e-07
47050.000000000095 2.7731093261057997e-07
47100.000000000095 1.6282203458050272e-07
47150.000000000095 1.9743674817750167e-07
47200.000000000095 2.1801275732099486e-07
47250.000000000095 1.7189302993244237e-07
47300.000000000095 1.9761191285904822e-07
47350.000000000095 1.5051041392532085e-07
47400.000000000095 2.3824224623755043e-07
47450.000000000095 1.5526912216129355e-07
47500.000000000095 2.50663539418017e-07
47550.000000000095 1.5980275952054176e-07
47600.000000000095 2.3959363732573134e-07
47650.000000000095 1.6113537967451906e-07
47700.000000000095 2.2671599233196918e-07
47750.000000000095 1.4548026820260332e-07
47800.000000000095 2.2679561860939826e-07
47850.000000000095 1.2937455039293397e-07
47900.000000000095 2.1067577058683121e-07
47950.000000000095 1.6493744010418587e-07
48000.000000000095 2.6144037897912947e-07
48050.000000000095 1.8389771579399388e-07
48100.000000000095 2.433752288751013e-07
48150.000000000095 1.774696385032287e-07
48200.000000000095 2.488961731059003e-07
48250.000000000095 1.9217741561869053e-07
48300.000000000095 2.905628094243203e-07
48350.000000000095 1.8386726243450332e-07
48400.000000000095 2.404729865377466e-07
48450.000000000095 1.620421689990969e-07
48500.000000000095 2.887940777901136e-07
48550.000000000095 1.6651836292513767e-07
48600.000000000095 2.7310398421356853e-07
48650.000000000095 1.6359297448032024e-07
48700.000000000095 2.946114313928464e-07
48750.000000000095 1.7881733609519995e-07
48800.000000000095 2.8303992810003705e-07
48850.000000000095 2.0197477824034867e-07
48900.000000000095 2.8857623529603464e-07
48950.000000000095 2.521808631200081e-07
49000.000000000095 2.316432641176744e-07
49050.000000000095 2.7269468056891494e-07
49100.000000000095 2.1247534131885102e-07
49150.000000000095 2.9964071394085386e-07
49200.000000000095 2.156135825711977e-07
49250.000000000095 2.990981544297341e-07
49300.000000000095 2.367646720396171e-07
49350.000000000095 2.649155046501654e-07
49400.000000000095 3.0289535901538206e-07
49450.000000000095 2.6743170540789713e-07
49500.000000000095 2.691301639719921e-07
49550.000000000095 1.8641382053329568e-07
49600.000000000095 2.767034850251928e-07
49650.000000000095 2.628590873706654e-07
49700.000000000095 2.3821669150502528e-07
49750.000000000095 3.649442580679868e-07
49800.000000000095 2.4014486665078897e-07
49850.000000000095 3.8223061489020257e-07
49900.000000000095 2.9554501088105003e-07
49950.000000000095 3.2565382614419737e-07
50000.000000000095 3.5918575920351576e-07
50050.000000000095 3.1315363112627796e-07
50100.000000000095 4.187294871480002e-07
50150.000000000095 2.4989133789913236e-07
50200.000000000095 2.059324117777277e-07
50250.000000000095 3.64727516049756e-07
50300.000000000095 2.692383807033575e-07
50350.000000000095 3.7110540745192554e-07
50400.000000000095 3.0984767789579873e-07
50450.000000000095 3.2328179626922987e-07
50500.000000000095 4.1275673205505545e-07
50550.000000000095 3.2702405540835656e-07
50600.000000000095 3.712718715305089e-07
50650.000000000095 3.312927121227829e-07
50700.000000000095 4.618963513419895e-07
50750.000000000095 4.548951351355549e-07
50800.000000000095 2.5943262097584566e-07
50850.000000000095 3.041679077192575e-07
50900.000000000095 4.301426540975121e-07
50950.000000000095 4.429882166713935e-07
51000.000000000095 4.457225501502946e-07
51050.000000000095 3.743182507162252e-07
51100.000000000095 2.823290492911109e-07
51150.000000000095 3.350723584895857e-07
51200.000000000095 4.3140900995148103e-07
51250.000000000095 4.2579665930303246e-07
51300.000000000095 2.8472292425252084e-07
51350.000000000095 3.7183647278187667e-07
51400.000000000095 3.0556774256315967e-07
51450.000000000095 2.6613703243993785e-07
51500.000000000095 2.5304550175342426e-07
51550.000000000095 4.255747713104218e-07
51600.000000000095 2.9065319536621583e-07
51650.000000000095 3.833615636544711e-07
51700.000000000095 4.012734993435479e-07
51750.000000000095 2.8402110383414243e-07
51800.000000000095 4.999790304239936e-07
51850.000000000095 4.083155247257433e-07
51900.000000000095 4.95166789935532e-07
51950.000000000095 4.319457956893669e-07
52000.000000000095 2.0331636795190044e-07
52050.000000000095 3.1283156509279176e-07
52100.000000000095 2.956243034329202e-07
52150.000000000095 2.5422980984121215e-07
52200.000000000095 2.7898866970656606e-07
52250.000000000095 3.152538696010512e-07
52300.000000000095 4.923742156024621e-07
52350.000000000095 3.580998431142062e-07
52400.000000000095 2.8643054988698303e-07
52450.000000000095 4.1036077005977587e-07
52500.000000000095 3.846260869959943e-07
52550.000000000095 4.0521111633144604e-07
52600.000000000095 3.449465360042746e-07
52650.000000000095 3.9536096839425776e-07
52700.000000000095 3.162024147656702e-07
52750.000000000095 2.7026392369091194e-07
52800.000000000095 2.84983010177248e-07
52850.000000000095 3.2287666608294953e-07
52900.000000000095 2.8112395064772795e-07
52950.000000000095 2.850815929935009e-07
53000.000000000095 4.58035980999847e-07
53050.000000000095 2.385014681493753e-07
53100.000000000095 4.214150093616622e-07
53150.000000000095 4.931317527357634e-07
53200.000000000095 2.5434992725262477e-07
53250.000000000095 4.402001017335261e-07
53300.000000000095 4.6699412488770647e-07
53350.000000000095 4.4080119081480986e-07
53400.000000000095 4.613180109021635e-07
53450.000000000095 2.5649367963979527e-07
53500.000000000095 1.797304646669657e-07
53550.000000000095 2.5871518810027255e-07
53600.000000000095 3.45105448776021e-07
53650.000000000095 2.8399371067349136e-07
53700.000000000095 2.714815093146499e-07
53750.000000000095 2.7631290723243503e-07
53800.000000000095 2.859640743783816e-07
53850.000000000095 3.588243894220753e-07
53900.000000000095 3.2405822138615497e-07
53950.000000000095 4.340953461995794e-07
54000.000000000095 3.2074197290516096e-07
54050.000000000095 3.1217646256449453e-07
54100.000000000095 1.8611111510500272e-07
54150.000000000095 2.565174268134718e-07
54200.000000000095 1.5219430931865353e-07
54250.000000000095 1.7522711060352004e-07
54300.000000000095 2.519648584675654e-07
54350.000000000095 3.274508220948218e-07
54400.000000000095 3.3376163896733053e-07
54450.000000000095 3.0342685237362054e-07
54500.000000000095 2.718543817740568e-07
54550.000000000095 2.2583752433792952e-07
54600.000000000095 2.825830456452935e-07
54650.000000000095 1.8753968852557492e-07
54700.000000000095 3.291719288019128e-07
54750.000000000095 3.167637387557252e-07
54800.000000000095 2.3779236951449615e-07
54850.000000000095 2.674235006539164e-07
54900.000000000095 3.467162277200568e-07
54950.000000000095 4.36791567359605e-07
55000.000000000095 2.3633709665862716e-07
55050.000000000095 2.999542006213444e-07
55100.000000000095 2.759228205814974e-07
55150.000000000095 2.4545747564200055e-07
55200.000000000095 2.4283781366701645e-07
55250.000000000095 2.5692829003723277e-07
55300.000000000095 2.0135673554984197e-07
55350.000000000095 2.9073510655018914e-07
55400.000000000095 3.5996764788859336e-07
55450.000000000095 2.748693333491771e-07
55500.000000000095 1.6677425360684183e-07
55550.000000000095 2.2317738309020303e-07
55600.000000000095 2.1562522672099002e-07
55650.000000000095 1.764517182586865e-07
55700.000000000095 2.2837405746040677e-07
55750.000000000095 2.651917202784592e-07
55800.000000000095 2.0258907117486972e-07
55850.000000000095 1.7902474778861026e-07
55900.000000000095 2.9689504012152236e-07
55950.000000000095 3.841936840456333e-07
56000.000000000095 1.9445843419612428e-07
56050.000000000095 2.6405052084276233e-07
56100.000000000095 2.9216383435744656e-07
56150.000000000095 2.2234174721071213e-07
56200.000000000095 2.48414193592962e-07
56250.000000000095 2.530451610187798e-07
56300.000000000095 2.7359422468800556e-07
56350.000000000095 2.8276694284499304e-07
56400.000000000095 2.0262653526752658e-07
56450.000000000095 1.8342392039963307e-07
56500.000000000095 2.251428584904066e-07
56550.000000000095 1.5737357992545263e-07
56600.000000000095 2.799709912171926e-07
56650.000000000095 2.5976820459433766e-07
56700.000000000095 3.0862292144631053e-07
56750.000000000095 1.812110822723475e-07
56800.000000000095 2.8482056659721733e-07
56850.000000000095 2.3053119818370344e-07
56900.000000000095 2.0730185658755713e-07
56950.000000000095 2.968614680479861e-07
57000.000000000095 3.1828627714777985e-07
57050.000000000095 2.2545336820257194e-07
57100.000000000095 1.3494508251190177e-07
57150.000000000095 1.8973869239148168e-07
57200.000000000095 1.5275671384810456e-07
57250.000000000095 2.152810389817867e-07
57300.000000000095 2.58114183956463e-07
57350.000000000095 1.6597449866156503e-07
57400.000000000095 2.621755289395359e-07
57450.000000000095 2.4403358225882444e-07
57500.000000000095 2.2594243007394748e-07
57550.000000000095 2.7641786997525355e-07
57600.000000000095 2.954376104375794e-07
57650.000000000095 1.4054310375957115e-07
57700.000000000095 1.6888149051757974e-07
57750.000000000095 2.0403799132427577e-07
57800.000000000095 9.847420995214791e-08
57850.000000000095 3.226626984746172e-07
57900.000000000095 3.756106983118449e-07
57950.000000000095 3.3578361011495897e-07
58000.000000000095 2.0118922513377256e-07
58050.000000000095 2.569220471788683e-07
58100.000000000095 3.164676704526773e-07
58150.000000000095 2.5275547946251785e-07
58200.000000000095 1.4851723945208078e-07
58250.000000000095 1.9186587000992623e-07
58300.000000000095 1.5889681783076612e-07
58350.000000000095 1.8543383583654472e-07
58400.000000000095 2.381701242093027e-07
58450.000000000095 2.576488372614272e-07
58500.000000000095 2.3167201572261168e-07
58550.000000000095 2.7097428570331965e-07
58600.000000000095 1.7582693112309823e-07
58650.000000000095 2.1447740620400102e-07
58700.000000000095 2.083436994914464e-07
58750.000000000095 2.3319721707237305e-07
58800.000000000095 1.3347126903493642e-07
58850.000000000095 2.0166095105403845e-07
58900.000000000095 2.494189814544619e-07
58950.000000000095 1.6632800282233877e-07
59000.000000000095 2.430877456798769e-07
59050.000000000095 2.632003736505745e-07
59100.000000000095 3.0996251887432327e-07
59150.000000000095 2.4120774910985193e-07
59200.000000000095 2.430447889990764e-07
59250.000000000095 2.584159528597037e-07
59300.000000000095 2.4911151989799457e-07
59350.000000000095 1.4663423491388202e-07
59400.000000000095 1.1713277315239739e-07
59450.000000000095 2.1939510021759975e-07
59500.000000000095 1.4754762482492343e-07
59550.000000000095 2.766305607011039e-07
59600.000000000095 2.8542326948079345e-07
59650.000000000095 2.41856065536696e-07
59700.000000000095 1.718652401300932e-07
59750.000000000095 3.41116452293746e-07
59800.000000000095 2.2714360912710216e-07
59850.000000000095 2.833883131862029e-07
59900.000000000095 1.5896601982104514e-07
59950.000000000095 2.455180596341003e-07
60000.000000000095 3.880745679307745e-07
60050.000000000095 3.2090833893236504e-07
60100.000000000095 3.2404826892427966e-07
60150.000000000095 2.349835254106688e-07
60200.000000000095 2.6529520557181664e-07
60250.000000000095 3.1050195501429345e-07
60300.000000000095 2.8679569014165883e-07
60350.000000000095 2.1720154374418006e-07
60400.000000000095 2.743464344662268e-07
60450.000000000095 1.613385063244754e-07
60500.000000000095 1.136634099008014e-07
60550.000000000095 2.743843794808013e-07
60600.000000000095 2.658099427005276e-07
60650.000000000095 2.3484468781455274e-07
60700.000000000095 2.1442245035986542e-07
60750.000000000095 1.7281927237758591e-07
60800.000000000095 2.846389090123643e-07
60850.000000000095 3.8701116483202554e-07
60900.000000000095 3.407104372627429e-07
60950.000000000095 3.192819747933833e-07
61000.000000000095 2.6361774309582187e-07
61050.000000000095 1.957001314061289e-07
61100.000000000095 2.628367482961032e-07
61150.000000000095 1.1759118694808629e-07
61200.000000000095 3.3794517806403856e-07
61250.000000000095 3.784129947173157e-07
61300.000000000095 3.275266123175407e-07
61350.000000000095 3.95203698059155e-07
61400.000000000095 2.780743828247579e-07
61450.000000000095 1.989899813589727e-07
61500.000000000095 2.1281068546968939e-07
61550.000000000095 2.0793040100905193e-07
61600.000000000095 1.601050309591447e-07
61650.000000000095 2.400622039672997e-07
61700.000000000095 2.0705760007400437e-07
61750.000000000095 2.421356652044539e-07
61800.000000000095 2.8299059626027084e-07
61850.000000000095 1.912151974221338e-07
61900.000000000095 3.4300108355970306e-07
61950.000000000095 3.469479928484899e-07
62000.000000000095 3.107841493450205e-07
62050.000000000095 3.0966918028570303e-07
62100.000000000095 3.302622369302979e-07
62150.000000000095 3.1488784112714355e-07
62200.000000000095 2.8411859267671755e-07
62250.000000000095 2.9760598611586116e-07
62300.000000000095 3.871566081926032e-07
62350.000000000095 3.468714640409277e-07
62400.000000000095 2.2171139262485622e-07
62450.000000000095 2.7398880148104237e-07
62500.000000000095 3.646877030768544e-07
62550.000000000095 3.4438728869548063e-07
62600.000000000095 3.743150887492603e-07
62650.000000000095 3.0892629032082494e-07
62700.000000000095 3.317925742350718e-07
62750.000000000095 3.940801780340713e-07
62800.000000000095 2.660867085209102e-07
62850.000000000095 3.522661858086294e-07
62900.000000000095 3.009020352876868e-07
62950.000000000095 3.935110333826814e-07
63000.000000000095 3.45427157377924e-07
63050.000000000095 4.3882734250523023e-07
63100.000000000095 4.0913212902976734e-07
63150.000000000095 2.737803101590854e-07
63200.000000000095 3.5995619623069246e-07
63250.000000000095 3.7110910839858574e-07
63300.000000000095 3.9211862556278514e-07
63350.000000000095 3.398149180545373e-07
63400.000000000095 2.241023419455064e-07
63450.000000000095 1.9185429701275185e-07
63500.000000000095 3.364232198067582e-07
63550.000000000095 3.1070790035358984e-07
63600.000000000095 3.872963532984505e-07
63650.000000000095 2.953238655556674e-07
63700.000000000095 2.0624574345989222e-07
63750.000000000095 2.7603438960145105e-07
63800.000000000095 2.910044471077228e-07
63850.000000000095 2.860118504192751e-07
63900.000000000095 2.1715509610943368e-07
63950.000000000095 3.1467849022906723e-07
64000.000000000095 3.401011331351883e-07
64050.000000000095 2.5470515264270417e-07
64100.000000000095 1.1291229485694683e-07
64150.000000000095 1.5205956768283912e-07
64200.000000000095 1.785061794087167e-07
64250.000000000095 2.52916199668917e-07
64300.000000000095 2.071179299336614e-07
64350.000000000095 1.8391139450120285e-07
64400.000000000095 2.708195129339761e-07
64450.000000000095 2.8044747459733266e-07
64500.000000000095 1.7221698955590433e-07
64550.000000000095 2.5693837257924655e-07
64600.000000000095 1.7632838911566063e-07
64650.000000000095 2.48836269997509e-07
64700.000000000095 1.4387622284923758e-07
64750.000000000095 1.6908885120611163e-07
64800.000000000095 1.6982801091024856e-07
64850.000000000095 1.5908068752606376e-07
64900.000000000095 1.8384102088588424e-07
64950.000000000095 1.6538589979057172e-07
65000.000000000095 1.93702528663142e-07
65050.000000000095 2.0112547819028747e-07
65100.000000000095 2.3382920722322376e-07
65150.000000000095 1.8148898079553046e-07
65200.000000000095 1.541334710686381e-07
65250.000000000095 2.166410725140148e-07
65300.000000000095 1.9101738555955795e-07
65350.000000000095 3.2189330526491363e-07
65400.000000000095 1.844781124911851e-07
65450.000000000095 1.8875293412306877e-07
65500.000000000095 2.1211938843905458e-07
65550.00000000009 1.5656208732376997e-07
65600.00000000009 1.8153342392384826e-07
65650.00000000009 1.9422936248470778e-07
65700.00000000009 1.7487025679814507e-07
65750.00000000009 1.5360425409093002e-07
65800.00000000009 2.0352062520543265e-07
65850.00000000009 2.367049023817445e-07
65900.00000000009 1.5299212163727624e-07
65950.00000000009 1.2158978086996217e-07
66000.00000000009 1.749304481549278e-07
66050.00000000009 2.795568921487964e-07
66100.00000000009 1.8964160033708235e-07
66150.00000000009 1.4548787575400582e-07
66200.00000000009 1.4937065684906185e-07
66250.00000000009 1.4371933514775118e-07
66300.00000000009 8.362469129217644e-08
66350.00000000009 1.1929195507545928e-07
66400.00000000009 1.4437908182931474e-07
66450.00000000009 2.2039127682690387e-07
66500.00000000009 2.796680092354388e-07
66550.00000000009 2.6020970011520474e-07
66600.00000000009 2.0685442843322403e-07
66650.00000000009 2.0912492904329296e-07
66700.00000000009 1.8425958025629774e-07
66750.00000000009 1.6868966514276294e-07
66800.00000000009 2.1347377319786064e-07
66850.00000000009 1.5547245898002638e-07
66900.00000000009 2.2006909384360572e-07
66950.00000000009 2.8293733403566134e-07
67000.00000000009 2.836920448941843e-07
67050.00000000009 1.9686307042375443e-07
67100.00000000009 1.7570965334384425e-07
67150.00000000009 1.8091803053795429e-07
67200.00000000009 1.9687303022563123e-07
67250.00000000009 1.9772182744858834e-07
67300.00000000009 2.1495435343832363e-07
67350.00000000009 1.5661015706504042e-07
67400.00000000009 2.717225432642772e-07
67450.00000000009 2.1693771438614093e-07
67500.00000000009 1.9751823082115892e-07
67550.00000000009 2.2788322270522628e-07
67600.00000000009 3.4581000133063164e-07
67650.00000000009 2.612374077852586e-07
67700.00000000009 2.177806636118962e-07
67750.00000000009 1.9591018022919195e-07
67800.00000000009 2.426298916309861e-07
67850.00000000009 1.66648384266447e-07
67900.00000000009 2.0310987521189902e-07
67950.00000000009 1.4896763382136796e-07
68000.00000000009 1.9079221303212125e-07
68050.00000000009 2.5370182486066457e-07
68100.00000000009 2.589027032577741e-07
68150.00000000009 2.090340855400427e-07
68200.00000000009 2.263415155514849e-07
68250.00000000009 1.2417460502568975e-07
68300.00000000009 2.0248638448405714e-07
68350.00000000009 1.3605080584193308e-07
68400.00000000009 2.563947565343124e-07
68450.00000000009 2.5133703043915826e-07
68500.00000000009 2.2069414293195466e-07
68550.00000000009 1.6198527726836492e-07
68600.00000000009 1.7788861349580982e-07
68650.00000000009 1.3008682368638175e-07
68700.00000000009 1.9109619967502069e-07
68750.00000000009 2.2007307326138104e-07
68800.00000000009 2.4022550763113477e-07
68850.00000000009 1.4655593572361552e-07
68900.00000000009 2.870813553695267e-07
68950.00000000009 3.1373843732335557e-07
69000.00000000009 3.0064328598295773e-07
69050.00000000009 1.9489187659488293e-07
69100.00000000009 3.0214697606916207e-07
69150.00000000009 3.2987968720680105e-07
69200.00000000009 2.1121348424064215e-07
69250.00000000009 3.0312104948222594e-07
69300.00000000009 2.6497889715326754e-07
69350.00000000009 2.8201420853267635e-07
69400.00000000009 1.7786250770792792e-07
69450.00000000009 2.998413581252535e-07
69500.00000000009 2.0313414164345878e-07
69550.00000000009 2.2584058367610314e-07
69600.00000000009 1.0461316056409368e-07
69650.00000000009 2.049896265437343e-07
69700.00000000009 2.768127807476218e-07
69750.00000000009 2.2248903884492604e-07
69800.00000000009 2.595285113574486e-07
69850.00000000009 2.8105232600867956e-07
69900.00000000009 2.1460755307504043e-07
69950.00000000009 2.3931508951275656e-07
70000.00000000009 1.9607040243063836e-07
70050.00000000009 2.872649165451017e-07
70100.00000000009 2.151366209586084e-07
70150.00000000009 2.514202282491981e-07
70200.00000000009 1.9005442495837703e-07
70250.00000000009 2.2600376457643475e-07
70300.00000000009 2.75073285936294e-07
70350.00000000009 2.2080057499159078e-07
70400.00000000009 2.0048654790271751e-07
70450.00000000009 1.1577217714001168e-07
70500.00000000009 1.6491425584074282e-07
70550.00000000009 1.7179379056612838e-07
70600.00000000009 1.9348310191085189e-07
70650.00000000009 2.4220141335568097e-07
70700.00000000009 2.3199602542240942e-07
70750.00000000009 2.7980730662924737e-07
70800.00000000009 1.998467224086035e-07
70850.00000000009 1.8470917985145057e-07
70900.00000000009 1.886624433783992e-07
70950.00000000009 2.580512077649289e-07
71000.00000000009 2.3120586715459665e-07
71050.00000000009 2.4812130743304015e-07
71100.00000000009 2.2489311012267515e-07
71150.00000000009 2.124593968655013e-07
71200.00000000009 1.8671012958759853e-07
71250.00000000009 2.1647083735779121e-07
71300.00000000009 2.5345310036915375e-07
71350.00000000009 2.3213807628440256e-07
71400.00000000009 2.3324016950283552e-07
71450.00000000009 1.5449924594587934e-07
71500.00000000009 1.9501733945940096e-07
71550.00000000009 1.9243967965551098e-07
71600.00000000009 2.3184644213897975e-07
71650.00000000009 1.9771385509903623e-07
71700.00000000009 1.6731751908286014e-07
71750.00000000009 2.080029036049934e-07
71800.00000000009 2.513944621361422e-07
71850.00000000009 2.5607170447905963e-07
71900.00000000009 1.7560883959719954e-07
71950.00000000009 2.0774621916262383e-07
72000.00000000009 1.9593301255966673e-07
72050.00000000009 1.5502880637394124e-07
72100.00000000009 1.8169528197585393e-07
72150.00000000009 1.796935622300352e-07
72200.00000000009 2.057242194456217e-07
72250.00000000009 2.271306433904753e-07
72300.00000000009 2.1059844810710584e-07
72350.00000000009 1.9693101444555323e-07
72400.00000000009 1.8547004446976763e-07
72450.00000000009 1.7082583722565012e-07
72500.00000000009 1.9449122428892067e-07
72550.00000000009 1.3087973285818278e-07
72600.00000000009 1.3557249968338952e-07
72650.00000000009 2.2246964707782983e-07
72700.00000000009 2.155420505373654e-07
72750.00000000009 1.8365264052227922e-07
72800.00000000009 1.7568384991513382e-07
72850.00000000009 1.7789413953011032e-07
72900.00000000009 2.2744609044264967e-07
72950.00000000009 1.9265193137681408e-07
73000.00000000009 1.986172309361328e-07
73050.00000000009 1.737384397695033e-07
73100.00000000009 1.6127075311688117e-07
73150.00000000009 2.584933099036884e-07
73200.00000000009 1.7687122239598195e-07
73250.00000000009 2.008014029326969e-07
73300.00000000009 1.9260851055490894e-07
73350.00000000009 1.53764412049767e-07
73400.00000000009 1.8813409557216097e-07
73450.00000000009 1.2980288595551722e-07
73500.00000000009 1.462614799275056e-07
73550.00000000009 1.8495705567933244e-07
73600.00000000009 1.5396706581759529e-07
73650.00000000009 1.8627954684950712e-07
73700.00000000009 2.207339510878261e-07
73750.00000000009 1.5230500842777172e-07
73800.00000000009 1.711491060569252e-07
73850.00000000009 1.943188984698742e-07
73900.00000000009 2.0916138523266152e-07
73950.00000000009 1.6965772197004036e-07
74000.00000000009 1.6532529611032784e-07
74050.00000000009 2.5789188354910884e-07
74100.00000000009 1.7158189206987338e-07
74150.00000000009 1.931003035320781e-07
74200.00000000009 1.6689633871994118e-07
74250.00000000009 1.3071056153243944e-07
74300.00000000009 1.7941884470536977e-07
74350.00000000009 2.0502672467900104e-07
74400.00000000009 1.7951084572375005e-07
74450.00000000009 1.3398119838773856e-07
74500.00000000009 1.509108883811729e-07
74550.00000000009 1.806186306036995e-07
74600.00000000009 1.608671688801905e-07
74650.00000000009 1.560189672565978e-07
74700.00000000009 1.2993691674401817e-07
74750.00000000009 1.5789477798512977e-07
74800.00000000009 1.523340091511447e-07
74850.00000000009 1.3415213391871902e-07
74900.00000000009 2.300119820727475e-07
74950.00000000009 2.0895847611682547e-07
75000.00000000009 1.8600071191205015e-07
75050.00000000009 1.5978377265287086e-07
75100.00000000009 2.383317780840824e-07
75150.00000000009 2.014649292324305e-07
75200.00000000009 2.187132678800055e-07
75250.00000000009 2.217558009184818e-07
75300.00000000009 2.2579764984586914e-07
75350.00000000009 1.4092932227019648e-07
75400.00000000009 2.1529232646597512e-07
75450.00000000009 1.953084954807327e-07
75500.00000000009 1.850588775421589e-07
75550.00000000009 2.1924794319543357e-07
75600.00000000009 2.7073735843157393e-07
75650.00000000009 1.9755809813653447e-07
75700.00000000009 1.9120491578227384e-07
75750.00000000009 1.5793997656264777e-07
75800.00000000009 2.0262185585476655e-07
75850.00000000009 2.2579637119725975e-07
75900.00000000009 1.956443969585503e-07
75950.00000000009 1.700915501547754e-07
76000.00000000009 1.9342840646891487e-07
76050.00000000009 1.986885614395505e-07
76100.00000000009 1.8547503950116033e-07
76150.00000000009 2.0507066534680636e-07
76200.00000000009 2.0987118536448886e-07
76250.00000000009 2.40872704085799e-07
76300.00000000009 2.809459100407031e-07
76350.00000000009 3.1453330739410445e-07
76400.00000000009 2.5163970759344546e-07
76450.00000000009 2.385238577038359e-07
76500.00000000009 2.1251499073056275e-07
76550.00000000009 1.9257278326982612e-07
76600.00000000009 1.0545104557500035e-07
76650.00000000009 1.224778275922389e-07
76700.00000000009 1.3227533524449927e-07
76750.00000000009 1.238659155882765e-07
76800.00000000009 1.8240757869864872e-07
76850.00000000009 9.573739312940592e-08
76900.00000000009 1.1347979107021434e-07
76950.00000000009 1.4959144190313524e-07
77000.00000000009 1.5654497293519283e-07
77050.00000000009 1.2430780443722595e-07
77100.00000000009 1.228629829736935e-07
77150.00000000009 1.544637567497751e-07
77200.00000000009 1.5143375220172132e-07
77250.00000000009 1.6097186479883593e-07
77300.00000000009 1.5258239234855724e-07
77350.00000000009 1.0966518748895276e-07
77400.00000000009 1.0038053064832468e-07
77450.00000000009 1.1771222699626889e-07
77500.00000000009 1.3643857846674954e-07
77550.00000000009 1.4814011660672065e-07
77600.00000000009 1.5795640236166615e-07
77650.00000000009 1.5302150672991125e-07
77700.00000000009 1.3282693441863174e-07
77750.00000000009 1.8072529123183503e-07
77800.00000000009 1.65582736699346e-07
77850.00000000009 2.0500363042078777e-07
77900.00000000009 1.8072933760268978e-07
77950.00000000009 1.3192519101328898e-07
78000.00000000009 1.6543467851595672e-07
78050.00000000009 1.5914657931962709e-07
78100.00000000009 1.2467071351196843e-07
78150.00000000009 1.8834463157562977e-07
78200.00000000009 1.9482641266010862e-07
78250.00000000009 2.0225739594485555e-07
78300.00000000009 2.0507069154521381e-07
78350.00000000009 1.9482785376335025e-07
78400.00000000009 1.7090908363066851e-07
78450.00000000009 2.2173028945561574e-07
78500.00000000009 2.2061547165531412e-07
78550.00000000009 2.0425664605671856e-07
78600.00000000009 1.852700617227044e-07
78650.00000000009 1.0949256624631273e-07
78700.00000000009 1.7246894870299423e-07
78750.00000000009 1.6422100226085606e-07
78800.00000000009 2.0423229866325601e-07
78850.00000000009 1.3938319747178179e-07
78900.00000000009 1.8117580800661162e-07
78950.00000000009 1.6139605656164464e-07
79000.00000000009 1.850571896322818e-07
79050.00000000009 1.7180331650788072e-07
79100.00000000009 1.7352233425920482e-07
79150.00000000009 2.008597715035281e-07
79200.00000000009 2.1934796920030736e-07
79250.00000000009 1.878143815027851e-07
79300.00000000009 1.4705345806769493e-07
79350.00000000009 2.0841653784057013e-07
79400.00000000009 1.732031969358013e-07
79450.00000000009 2.0139550248916193e-07
79500.00000000009 2.57258788904762e-07
79550.00000000009 2.110040920578178e-07
79600.00000000009 1.5186134419583972e-07
79650.00000000009 1.832815051704142e-07
79700.00000000009 2.261172092513876e-07
79750.00000000009 2.2074309381428464e-07
79800.00000000009 1.7690876155650292e-07
79850.00000000009 1.890056548625559e-07
79900.00000000009 2.793829675371943e-07
79950.00000000009 2.1401087583629897e-07
