# %ECSV 1.0
# ---
# datatype:
# - {name: wav, unit: Angstrom, datatype: float64}
# - {name: flux_nu, unit: erg / (cm2 Hz s), datatype: float64}
# schema: astropy-2.0
wav flux_nu
3000.0480007680403 nan
3050.0480007680403 0.0
3100.0480007680403 0.0
3150.0480007680403 0.0
3200.0480007680403 0.0
3250.0480007680403 0.0
3300.0480007680403 0.0
3350.0480007680403 0.0
3400.0480007680403 0.0
3450.0480007680403 0.0
3500.0480007680403 0.0
3550.0480007680403 0.0
3600.0480007680403 0.0
3650.0480007680403 0.0
3700.0480007680403 0.0
3750.0480007680403 0.0
3800.0480007680403 0.0
3850.0480007680403 0.0
3900.0480007680403 0.0
3950.0480007680403 0.0
4000.0480007680403 0.0
4050.0480007680403 0.0
4100.04800076804 0.0
4150.04800076804 0.0
4200.04800076804 0.0
4250.04800076804 0.0
4300.04800076804 0.0
4350.04800076804 0.0
4400.04800076804 0.0
4450.04800076804 0.0
4500.04800076804 0.0
4550.04800076804 0.0
4600.04800076804 0.0
4650.04800076804 0.0
4700.04800076804 0.0
4750.04800076804 0.0
4800.04800076804 0.0
4850.04800076804 0.0
4900.04800076804 0.0
4950.04800076804 0.0
5000.04800076804 7.934197987922651e-12
5050.04800076804 2.073835906717477e-11
5100.04800076804 2.4221455164066403e-11
5150.04800076804 2.8630349096178002e-11
5200.04800076804 3.3751408690532106e-11
5250.04800076804 3.915344719928121e-11
5300.04800076804 4.502091623449867e-11
5350.04800076804 5.1481068875672566e-11
5400.04800076804 5.78360428195418e-11
5450.04800076804 6.521012970187234e-11
5500.04800076804 7.344966115916088e-11
5550.04800076804 8.231713067225844e-11
5600.04800076804 9.090517122981627e-11
5650.04800076804 9.812808697156388e-11
5700.04800076804 1.0004426874605509e-10
5750.04800076804 1.0157815827225242e-10
5800.04800076804 9.30248910611956e-11
5850.04800076804 6.954151622484068e-11
5900.04800076804 1.5134184456495146e-11
5950.04800076804 2.9272096513828926e-11
6000.04800076804 1.158607454152972e-10
6050.04800076804 1.9744654802292254e-10
6100.04800076804 2.789373006673252e-10
6150.04800076804 3.546526767513126e-10
6200.04800076804 4.2669629232952434e-10
6250.04800076804 4.894302818092479e-10
6300.04800076804 5.650566211635294e-10
6350.04800076804 6.441735341837448e-10
6400.04800076804 7.175964464244543e-10
6450.04800076804 7.181733634634866e-10
6500.04800076804 7.877797607026637e-10
6550.04800076804 9.004464088769449e-10
6600.04800076804 1.0072123165177796e-09
6650.04800076804 1.1559858410915504e-09
6700.04800076804 1.3391501289645047e-09
6750.04800076804 1.505917395880751e-09
6800.04800076804 1.6632024110057325e-09
6850.04800076804 1.8312759038733326e-09
6900.04800076804 1.6900053081397616e-09
6950.04800076804 1.5083322009873705e-09
7000.04800076804 1.8141565642142723e-09
7050.04800076804 1.7673045086049904e-09
7100.04800076804 1.8470661923448994e-09
7150.04800076804 1.20776529606327e-09
7200.04800076804 8.079455845014476e-10
7250.04800076804 1.0116181140376157e-09
7300.04800076804 1.0095255296946937e-09
7350.04800076804 1.2543422840834191e-09
7400.04800076804 1.5901861275009581e-09
7450.04800076804 2.0766794067746747e-09
7500.04800076804 2.41051254116579e-09
7550.04800076804 2.7439711806798894e-09
7600.04800076804 3.028629471769355e-09
7650.04800076804 3.1518881396801296e-09
7700.04800076804 1.9532075950809535e-09
7750.04800076804 6.604907458606849e-10
7800.04800076804 2.841571051369177e-09
7850.04800076804 2.976372353225903e-09
7900.04800076804 3.1701415698173913e-09
7950.04800076804 3.4724153892714754e-09
8000.04800076804 3.535078839463218e-09
8050.04800076804 3.5436796792236456e-09
8100.04800076804 1.9294032665148526e-09
8150.04800076804 1.2026586251120522e-09
8200.04800076804 2.463883483789012e-09
8250.04800076804 2.30423931693402e-09
8300.04800076804 2.4189049882431727e-09
8350.04800076804 2.306960728656555e-09
8400.04800076804 2.45333378306695e-09
8450.04800076804 3.0769851163260578e-09
8500.04800076804 3.5847910549135425e-09
8550.04800076804 4.31225053276732e-09
8600.04800076804 5.281175651769797e-09
8650.04800076804 5.922809102039725e-09
8700.04800076804 5.904688363856603e-09
8750.04800076804 6.290099313973788e-09
8800.04800076804 5.795610372422785e-09
8850.04800076804 3.759524049840756e-09
8900.04800076804 6.383465175090197e-10
8950.04800076804 3.383039002935931e-10
9000.04800076804 3.340706439716031e-10
9050.04800076804 1.4857311542391604e-09
9100.04800076804 1.5501955035716307e-09
9150.04800076804 1.3413121026179516e-09
9200.04800076804 1.9700566553179647e-09
9250.04800076804 1.1644945402933794e-09
9300.04800076804 9.336289407462485e-12
9350.04800076804 1.93845536021303e-11
9400.04800076804 1.539210781570895e-10
9450.04800076804 9.268045174836227e-11
9500.04800076804 6.663124276526485e-11
9550.04800076804 6.464893243176458e-11
9600.04800076804 7.901726303703706e-11
9650.04800076804 1.578457201094033e-10
9700.04800076804 4.821814351811633e-10
9750.04800076804 4.5512204954847623e-10
9800.04800076804 6.152291375697248e-10
9850.04800076804 8.287003919597192e-10
9900.04800076804 1.2765211323882565e-09
9950.04800076804 1.3582771385472583e-09
10000.04800076804 1.8389941000383846e-09
10050.04800076804 1.7849131104376952e-09
10100.04800076804 2.060470539442975e-09
10150.04800076804 1.9405719072815033e-09
10200.04800076804 1.771250648620633e-09
10250.04800076804 2.0645594609240557e-09
10300.04800076804 2.479913899172564e-09
10350.04800076804 2.1451152479567546e-09
10400.04800076804 2.7708361732387368e-09
10450.04800076804 3.118105630325911e-09
10500.04800076804 3.3408539806549182e-09
10550.04800076804 3.574965915599254e-09
10600.04800076804 3.509639326809143e-09
10650.04800076804 3.3339381082195457e-09
10700.04800076804 2.967238294837632e-09
10750.04800076804 2.788121488773632e-09
10800.04800076804 2.501506650138995e-09
10850.04800076804 2.171596234107088e-09
10900.04800076804 1.6721188191693667e-09
10950.04800076804 8.426956753896362e-10
11000.04800076804 4.190359921557332e-10
11050.04800076804 1.649744805973642e-10
11100.04800076804 6.213805497426401e-11
11150.04800076804 1.9491984406035356e-11
11200.04800076804 1.3666978177855112e-11
11250.04800076804 1.9109357268380972e-11
11300.04800076804 3.267494220039038e-11
11350.04800076804 8.694354489850656e-12
11400.04800076804 6.051137210579345e-11
11450.04800076804 2.7240997662983143e-11
11500.04800076804 2.8653385007125998e-11
11550.04800076804 6.949005413728648e-12
11600.04800076804 3.1809811591956097e-12
11650.04800076804 1.6604284957789075e-11
11700.04800076804 2.4575834796905805e-11
11750.04800076804 8.292627573288714e-12
11800.04800076804 5.020369540093653e-11
11850.04800076804 8.084832198611593e-11
11900.04800076804 1.0715286661722323e-10
11950.04800076804 1.928822190676821e-10
12000.04800076804 3.1845995394177953e-10
12050.04800076804 5.01208578878427e-10
12100.04800076804 6.747583646247803e-10
12150.04800076804 9.368155166182162e-10
12200.04800076804 1.1249567734635015e-09
12250.04800076804 1.4900384814637736e-09
12300.04800076804 2.0500130147997143e-09
12350.04800076804 2.3191871940464673e-09
12400.04800076804 3.094988722263215e-09
12450.04800076804 3.928678129092858e-09
12500.04800076804 4.501392777764796e-09
12550.04800076804 5.105514694595539e-09
12600.04800076804 6.040674816084975e-09
12650.04800076804 6.763755330572004e-09
12700.04800076804 7.098745338377442e-09
12750.04800076804 5.933978629539996e-09
12800.04800076804 4.8608710316603205e-09
12850.04800076804 3.372080663308982e-09
12900.04800076804 2.5838396929687464e-09
12950.04800076804 1.95292416405471e-09
13000.04800076804 2.211171610453473e-09
13050.04800076804 1.432625621136859e-09
13100.04800076804 1.3826077545583692e-09
13150.04800076804 8.414276808378417e-10
13200.04800076804 8.978210739032939e-10
13250.04800076804 6.266677978921023e-10
13300.04800076804 1.9560493505894475e-10
13350.04800076804 6.716077900641592e-11
13400.04800076804 1.3208438233993057e-11
13450.04800076804 2.5323346885332486e-12
13500.04800076804 6.290331804262232e-13
13550.04800076804 1.1601768688922867e-13
13600.04800076804 2.007834636133109e-14
13650.04800076804 2.185546591118635e-13
13700.04800076804 9.67104280227441e-14
13750.04800076804 5.830292528347033e-13
13800.04800076804 5.733691803463247e-13
13850.04800076804 1.4734628854865633e-13
13900.04800076804 3.471406994079509e-13
13950.04800076804 3.0240529569255125e-13
14000.04800076804 4.634457995531027e-13
14050.04800076804 7.555458915298627e-13
14100.04800076804 6.499882174732384e-13
14150.04800076804 1.9032910007171517e-12
14200.04800076804 1.2201096602785493e-12
14250.04800076804 1.986096536216168e-12
14300.04800076804 9.34707608920439e-12
14350.04800076804 6.743016120898264e-12
14400.04800076804 6.846949036065058e-12
14450.04800076804 1.5906664089816886e-11
14500.04800076804 3.974245515722876e-11
14550.04800076804 4.648470631115627e-11
14600.04800076804 1.1101963354770579e-10
14650.04800076804 6.353547482294375e-11
14700.04800076804 2.8661565613458817e-11
14750.04800076804 2.962711779397822e-11
14800.04800076804 3.238878911767233e-11
14850.04800076804 3.620205326029098e-11
14900.04800076804 4.0989790588644795e-11
14950.04800076804 4.615887448863115e-11
15000.04800076804 1.0948141560321031e-10
15050.04800076804 1.2661325869773447e-10
15100.04800076804 8.683973961048095e-11
15150.04800076804 5.679571782149641e-11
15200.04800076804 1.279479342040243e-10
15250.04800076804 2.7005229501129314e-10
15300.04800076804 3.4869041717474567e-10
15350.04800076804 4.5687496279308945e-10
15400.04800076804 5.821947776119807e-10
15450.04800076804 7.475763304499751e-10
15500.04800076804 9.63969355383704e-10
15550.04800076804 1.4050659162274e-09
15600.04800076804 1.961867902819774e-09
15650.04800076804 2.716015900412477e-09
15700.04800076804 3.7147775085767143e-09
15750.04800076804 4.367599786751388e-09
15800.04800076804 4.956850230868401e-09
15850.04800076804 5.670843290703613e-09
15900.04800076804 5.431505921900004e-09
15950.04800076804 5.400319595676794e-09
16000.04800076804 4.36195748982816e-09
16050.04800076804 2.8157163880996755e-09
16100.04800076804 1.6343627535722688e-09
16150.04800076804 7.910441981312434e-10
16200.04800076804 3.417476079663163e-10
16250.04800076804 1.9922262671358443e-10
16300.04800076804 1.1849951159284806e-10
16350.04800076804 1.4434295073354788e-10
16400.04800076804 1.7867177113146238e-10
16450.04800076804 1.760720364235189e-10
16500.04800076804 1.5560766860832156e-10
16550.04800076804 1.6145775029764676e-10
16600.04800076804 3.3397057596275134e-10
16650.04800076804 2.126911458939157e-10
16700.04800076804 2.4866212734809494e-11
16750.04800076804 1.1861027283259918e-10
16800.04800076804 1.8045290786289663e-10
16850.04800076804 1.7682209794263386e-10
16900.04800076804 7.416156882769704e-11
16950.04800076804 5.110033058510764e-11
17000.04800076804 2.2765521151807804e-11
17050.04800076804 4.704961315528836e-11
17100.04800076804 8.940621129778685e-11
17150.04800076804 4.775753085579052e-11
17200.04800076804 1.7759128316155546e-10
17250.04800076804 6.536084818437106e-11
17300.04800076804 4.21524354498297e-11
17350.04800076804 5.763829373875414e-11
17400.04800076804 1.0324686228497415e-10
17450.04800076804 1.3331794007616975e-10
17500.04800076804 1.9169337829406582e-10
17550.04800076804 1.4443052463687668e-10
17600.04800076804 1.1742112235627233e-10
17650.04800076804 7.847633120509029e-11
17700.04800076804 6.951630709412353e-11
17750.04800076804 5.0295558675795495e-11
17800.04800076804 9.953994263765824e-11
17850.04800076804 4.790242108774192e-11
17900.04800076804 3.329961586407548e-11
17950.04800076804 1.8150715452218735e-11
18000.04800076804 3.597281407010921e-11
18050.04800076804 1.6761440691838855e-11
18100.04800076804 1.7896036932318978e-11
18150.04800076804 1.3363341516330177e-11
18200.04800076804 7.633558809594674e-12
18250.04800076804 3.718650623070852e-11
18300.04800076804 4.5806221886472595e-12
18350.04800076804 3.700506158338849e-12
18400.04800076804 2.0721056384734293e-12
18450.04800076804 1.9454232413674467e-11
18500.04800076804 1.9031779958859265e-11
18550.04800076804 7.519752778404062e-12
18600.04800076804 1.2691567646521346e-11
18650.04800076804 7.237906008599203e-12
18700.04800076804 1.0222085375811448e-12
18750.04800076804 2.604398520810809e-12
18800.04800076804 4.046242365165071e-11
18850.04800076804 3.271860844065226e-11
18900.04800076804 3.323489512360014e-11
18950.04800076804 6.170828493806825e-11
19000.04800076804 9.914228726246445e-12
19050.04800076804 4.895857065558468e-12
19100.04800076804 1.8293024086708603e-11
19150.04800076804 6.988385135042994e-12
19200.04800076804 1.9263215946826467e-11
19250.04800076804 1.3189146297631622e-11
19300.04800076804 6.889475533308632e-12
19350.04800076804 9.737802418350139e-12
19400.04800076804 6.881092243546619e-12
19450.04800076804 1.3092415875411874e-11
19500.04800076804 1.2591256333450417e-11
19550.04800076804 1.5676312999392903e-11
19600.04800076804 3.1191072753220064e-11
19650.04800076804 2.997184569421156e-11
19700.04800076804 4.0858755647503245e-11
19750.04800076804 6.082779915308509e-11
19800.04800076804 4.720213145738894e-11
19850.04800076804 6.125980057453646e-11
19900.04800076804 8.177224942841512e-11
19950.04800076804 1.0184972879608507e-10
20000.04800076804 1.1191833338625725e-10
20050.04800076804 9.710087270892808e-11
20100.04800076804 1.5074892913244854e-10
20150.04800076804 1.024595686837358e-10
20200.04800076804 8.394830317252235e-11
20250.04800076804 1.3554220976343467e-10
20300.04800076804 1.404352911518746e-10
20350.04800076804 1.5388073177612447e-10
20400.04800076804 1.3676238232312714e-10
20450.04800076804 2.0158637824390722e-10
20500.04800076804 2.0898280100629954e-10
20550.04800076804 2.153639596897679e-10
20600.04800076804 2.2334031586319048e-10
20650.04800076804 2.308780590331938e-10
20700.04800076804 2.2930728572845158e-10
20750.04800076804 2.3435819527523466e-10
20800.04800076804 2.2111428160605854e-10
20850.04800076804 2.2808292590444994e-10
20900.04800076804 2.2555471505480108e-10
20950.04800076804 2.15784780473292e-10
21000.04800076804 2.0823539984777476e-10
21050.04800076804 2.0826558981142714e-10
21100.04800076804 2.0209271618778976e-10
21150.04800076804 2.0020919691066214e-10
21200.04800076804 1.9336310972103824e-10
21250.04800076804 1.8691874094394174e-10
21300.04800076804 1.7343802273038692e-10
21350.04800076804 1.6878746796655828e-10
21400.04800076804 1.7217727749028256e-10
21450.04800076804 1.4387024904014328e-10
21500.04800076804 1.4083286066555088e-10
21550.04800076804 1.3776107091140917e-10
21600.04800076804 1.2672172155789564e-10
21650.04800076804 1.0884509208177381e-10
21700.04800076804 1.0892164840325713e-10
21750.04800076804 1.142574347098641e-10
21800.04800076804 9.459180459147932e-11
21850.04800076804 8.620432022087232e-11
21900.04800076804 7.252187099761782e-11
21950.04800076804 2.975255006537154e-11
22000.04800076804 3.319622601714061e-12
22050.04800076804 6.8105383625167646e-12
22100.04800076804 3.0027294976620174e-11
22150.04800076804 2.0593636277825856e-11
22200.04800076804 1.6257169932264195e-11
22250.04800076804 1.487257155983315e-11
22300.04800076804 6.842103668463285e-12
22350.04800076804 8.862559936149352e-12
22400.04800076804 3.4681417462399487e-12
22450.04800076804 4.404296417584216e-12
22500.04800076804 4.303322343967744e-12
22550.04800076804 2.013011129321031e-12
22600.04800076804 2.169693542405759e-12
22650.04800076804 4.578996205886076e-12
22700.04800076804 2.959008201748815e-12
22750.04800076804 2.819552354505059e-12
22800.04800076804 4.802297944205416e-12
22850.04800076804 3.6023118275983347e-12
22900.04800076804 1.866757217248766e-12
22950.04800076804 1.065087377191606e-12
23000.04800076804 1.9793765988952765e-12
23050.04800076804 2.0458318825827605e-12
23100.04800076804 1.9553437678960257e-11
23150.04800076804 1.9255415779123512e-11
23200.04800076804 4.671740861728699e-13
23250.04800076804 2.526884576934343e-12
23300.04800076804 3.0986396712461074e-12
23350.04800076804 2.3195451318698284e-12
23400.04800076804 2.889325524940105e-12
23450.04800076804 1.0788997011144558e-12
23500.04800076804 1.3058055889552013e-12
23550.04800076804 3.1770698073420896e-12
23600.04800076804 7.577416521778675e-12
23650.04800076804 8.114492346552387e-12
23700.04800076804 1.1515058656788753e-12
23750.04800076804 1.744425809574341e-12
23800.04800076804 9.640037191269125e-12
23850.04800076804 5.191191227066852e-12
23900.04800076804 1.2881599765506508e-11
23950.04800076804 5.6783409651602686e-12
24000.04800076804 1.5007102615336145e-11
24050.04800076804 1.6761915522756035e-11
24100.04800076804 2.033438205725407e-11
24150.04800076804 3.162383668103752e-11
24200.04800076804 2.3741952969773457e-11
24250.04800076804 1.3945386225323952e-11
24300.04800076804 4.0077069535526564e-11
24350.04800076804 2.3637824025621657e-11
24400.04800076804 6.254983649827274e-11
24450.04800076804 6.261505156396077e-11
24500.04800076804 5.282683405268802e-11
24550.04800076804 1.0110385048906713e-10
24600.04800076804 1.2268633028201118e-10
24650.04800076804 1.510452546533399e-10
24700.04800076804 1.080139780391632e-10
24750.04800076804 1.4639601614087905e-10
24800.04800076804 1.1986648847565893e-10
24850.04800076804 1.7668768618910216e-10
24900.04800076804 6.814616898572771e-11
24950.04800076804 1.3514970872271262e-10
25000.04800076804 1.4986426471795766e-10
25050.04800076804 7.641686108239843e-11
25100.04800076804 1.2884720558480747e-10
25150.04800076804 5.033190212573663e-11
25200.04800076804 7.984446274598713e-11
25250.04800076804 2.669608867455637e-11
25300.04800076804 3.411281411525861e-11
25350.04800076804 1.3548452329567393e-11
25400.04800076804 4.1268106212002884e-11
25450.04800076804 1.065161110656509e-11
25500.04800076804 8.167984653883984e-12
25550.04800076804 2.2835345336061097e-11
25600.04800076804 8.23558108030892e-12
25650.04800076804 3.820496938716255e-12
25700.04800076804 3.381917750698723e-12
25750.04800076804 1.0789272363220352e-12
25800.04800076804 6.808309217989857e-12
25850.04800076804 8.235029245398072e-13
25900.04800076804 1.3826109309670075e-12
25950.04800076804 2.724916067250352e-13
26000.04800076804 4.8353091894020984e-12
26050.04800076804 3.7564109044363896e-13
26100.04800076804 2.9360407786577e-12
26150.04800076804 9.289890539891895e-13
26200.04800076804 1.3001584027763868e-12
26250.04800076804 1.3012821526177694e-11
26300.04800076804 1.5109510192550621e-12
26350.04800076804 2.7913686646431298e-11
26400.04800076804 6.071396339710578e-11
26450.04800076804 2.446910191909064e-11
26500.04800076804 7.802507404620321e-11
26550.04800076804 5.214982583736511e-12
26600.04800076804 4.267555201848047e-12
26650.04800076804 5.884212992424148e-13
26700.04800076804 2.7116258324451194e-13
26750.04800076804 7.018840422292526e-13
26800.04800076804 2.439117377471634e-12
26850.04800076804 1.5754277777102854e-12
26900.04800076804 8.57892889814238e-12
26950.04800076804 2.052566131742124e-12
27000.04800076804 1.3976244934986824e-11
27050.04800076804 2.1394455098063014e-11
27100.04800076804 1.3567251329430416e-12
27150.04800076804 2.2766701814587884e-11
27200.04800076804 1.2495510116299256e-12
27250.04800076804 5.517655449759403e-12
27300.04800076804 7.413621966570352e-11
27350.04800076804 1.7155141581754408e-11
27400.04800076804 6.975108413345785e-13
27450.04800076804 2.5403687491450746e-11
27500.04800076804 3.773854376272995e-11
27550.04800076804 3.7591784064027415e-12
27600.04800076804 1.3983254615361774e-11
27650.04800076804 3.0185216784695878e-12
27700.04800076804 3.200496746357607e-12
27750.04800076804 2.4045173473642316e-11
27800.04800076804 7.464373194750885e-12
27850.04800076804 1.2900218531720789e-11
27900.04800076804 2.094078183866662e-11
27950.04800076804 4.9560032872551024e-11
28000.04800076804 4.3279812649016455e-11
28050.04800076804 4.468383468570063e-12
28100.04800076804 6.967253553138576e-11
28150.04800076804 4.446094891305178e-11
28200.04800076804 9.437401934667932e-12
28250.04800076804 9.865818362428071e-11
28300.04800076804 1.2454416117630888e-10
28350.04800076804 1.1858482194425754e-11
28400.04800076804 6.61229244895293e-11
28450.04800076804 1.7322121168714752e-10
28500.04800076804 6.219357560767152e-11
28550.04800076804 1.5968086018490124e-11
28600.04800076804 1.2079322917665398e-10
28650.04800076804 9.691025266854179e-11
28700.04800076804 1.0573160133066686e-10
28750.04800076804 2.904918314051978e-10
28800.04800076804 1.475483466487604e-10
28850.04800076804 2.464412916333235e-10
28900.04800076804 1.2750937478403874e-10
28950.04800076804 2.7748678547173825e-10
29000.04800076804 1.7493562788472998e-10
29050.04800076804 2.1508398121141978e-10
29100.04800076804 1.3657807706837155e-10
29150.04800076804 2.7793159405628325e-10
29200.04800076804 3.523867922327778e-10
29250.04800076804 4.062116432401098e-10
29300.04800076804 2.498776384970866e-10
29350.04800076804 9.537079499453202e-10
29400.04800076804 2.1065140839091949e-10
29450.04800076804 1.623628068482765e-10
29500.04800076804 7.732296553307863e-10
29550.04800076804 2.558971140011758e-10
29600.04800076804 4.3873217774104857e-10
29650.04800076804 1.0908244791147245e-09
29700.04800076804 1.646248542951637e-10
29750.04800076804 5.122538380462248e-10
29800.04800076804 3.978219373921514e-10
29850.04800076804 1.0614910784995246e-09
29900.04800076804 7.255358442978291e-10
29950.04800076804 5.011068450562052e-10
30000.04800076804 2.7596702510841934e-11
30050.04800076804 1.2904200923286798e-10
30100.04800076804 4.1851134963740476e-10
30150.04800076804 1.0483199197007002e-09
30200.04800076804 4.761414768717652e-10
30250.04800076804 1.5095325733875022e-09
30300.04800076804 1.5274731207175047e-09
30350.04800076804 3.408194346033836e-10
30400.04800076804 1.5343835215491498e-09
30450.04800076804 1.060930076002091e-09
30500.04800076804 6.592634568520231e-10
30550.04800076804 4.631820962672236e-10
30600.04800076804 3.374144770866857e-09
30650.04800076804 1.468649366323475e-09
30700.04800076804 8.853729294192461e-10
30750.04800076804 1.6727555367631067e-09
30800.04800076804 1.1947840317662499e-09
30850.04800076804 1.5053212248001498e-09
30900.04800076804 1.058711488796176e-09
30950.04800076804 4.776421001064088e-10
31000.04800076804 9.137808824182986e-10
31050.04800076804 6.643118642130889e-10
31100.04800076804 3.585176295000342e-10
31150.04800076804 6.443373320462289e-10
31200.04800076804 1.7347043849977224e-09
31250.04800076804 5.570858246772231e-10
31300.04800076804 4.4044525325712137e-10
31350.04800076804 1.008213824227941e-09
31400.04800076804 5.168111608535841e-10
31450.04800076804 6.371685586492549e-10
31500.04800076804 2.414827648974317e-10
31550.04800076804 3.22797781296645e-10
31600.04800076804 2.779270409034953e-10
31650.04800076804 1.939062128958205e-10
31700.04800076804 2.0566802016212752e-10
31750.04800076804 6.540164050271937e-11
31800.04800076804 1.7318155509403766e-10
31850.04800076804 2.9884108335538026e-11
31900.04800076804 8.326070824654271e-11
31950.04800076804 4.2050252540260554e-11
32000.04800076804 3.262295783270601e-11
32050.04800076804 3.678281125479385e-11
32100.04800076804 2.7783247725010437e-11
32150.04800076804 3.2115569451715264e-11
32200.04800076804 1.6144285935495084e-11
32250.04800076804 3.8976907699126135e-11
32300.04800076804 1.0883440504645596e-11
32350.04800076804 4.2462014265718525e-11
32400.04800076804 7.310918922165271e-12
32450.04800076804 2.6683728696993233e-11
32500.04800076804 7.547970876178461e-12
32550.04800076804 2.7713789100323266e-11
32600.04800076804 7.54727566080813e-12
32650.04800076804 5.527332997768834e-11
32700.04800076804 1.2141531189865137e-11
32750.04800076804 1.2485544455406455e-10
32800.04800076804 6.162605084341395e-11
32850.04800076804 2.5390573585218176e-10
32900.04800076804 2.048323536570417e-10
32950.04800076804 2.2443577961871112e-10
33000.04800076804 6.597963459533755e-11
33050.04800076804 7.084677793418965e-11
33100.04800076804 1.6700272360727093e-11
33150.04800076804 6.269589467660921e-15
33200.04800076804 7.247403215446663e-13
33250.04800076804 1.2382436795118541e-12
33300.04800076804 1.4432952415156365e-11
33350.04800076804 3.8031544331471295e-11
33400.04800076804 1.1796246464901558e-10
33450.04800076804 4.259524719271181e-11
33500.04800076804 1.9386078218344916e-10
33550.04800076804 4.313947151186333e-11
33600.04800076804 7.937493520926963e-11
33650.04800076804 8.832293471225516e-11
33700.04800076804 2.983450050746667e-11
33750.04800076804 1.115179972224518e-10
33800.04800076804 1.2623780194972233e-11
33850.04800076804 5.820675816536174e-11
33900.04800076804 6.403062612628308e-11
33950.04800076804 5.60304805948898e-11
34000.04800076804 1.3482200166133423e-10
34050.04800076804 1.8553072873526892e-11
34100.04800076804 1.0559493300456568e-10
34150.04800076804 3.900898503782507e-11
34200.04800076804 1.1739434486291491e-10
34250.04800076804 6.63390186150048e-11
34300.04800076804 6.921382605223754e-11
34350.04800076804 2.3857252611893007e-10
34400.04800076804 4.6285538005409676e-11
34450.04800076804 1.9137985362966596e-10
34500.04800076804 9.019272645611146e-11
34550.04800076804 1.0211956820726965e-10
34600.04800076804 4.573889668914174e-10
34650.04800076804 4.3123004879102595e-11
34700.04800076804 2.364799079357308e-10
34750.04800076804 1.4602029159233225e-10
34800.04800076804 1.215356875698608e-10
34850.04800076804 4.513839840886533e-10
34900.04800076804 8.11004476389328e-11
34950.04800076804 3.5213199126916914e-10
35000.04800076804 6.319073077886877e-10
35050.04800076804 3.6649451540976645e-10
35100.04800076804 8.92048070451456e-10
35150.04800076804 8.012511068882768e-10
35200.04800076804 5.861156164294625e-10
35250.04800076804 9.41491978544454e-10
35300.04800076804 3.0373172721070386e-10
35350.04800076804 4.510470461747093e-10
35400.04800076804 3.028427057213074e-10
35450.04800076804 2.5131088962020733e-10
35500.04800076804 1.1564142469587405e-09
35550.04800076804 6.194687893172585e-10
35600.04800076804 9.259862234413321e-10
35650.04800076804 1.1039810530020009e-09
35700.04800076804 1.0110821570520121e-09
35750.04800076804 1.6256325392744102e-09
35800.04800076804 8.003505096682164e-10
35850.04800076804 3.51914363655781e-10
35900.04800076804 7.039244339932064e-10
35950.04800076804 1.0290392244676319e-09
36000.04800076804 7.207071331585877e-10
36050.04800076804 7.264332009796818e-10
36100.04800076804 6.776776516265867e-10
36150.04800076804 2.254612625188667e-09
36200.04800076804 1.999979833105417e-09
36250.04800076804 1.2934607018236882e-09
36300.04800076804 3.187957956939447e-09
36350.04800076804 1.745237710908089e-09
36400.04800076804 3.2746873091072978e-09
36450.04800076804 2.0255445163720432e-09
36500.04800076804 2.211195361702656e-09
36550.04800076804 4.937454550814056e-09
36600.04800076804 5.200352834340659e-09
36650.04800076804 3.1136144614243115e-09
36700.04800076804 3.5928238871968034e-09
36750.04800076804 5.035240608349848e-09
36800.04800076804 5.619207491918982e-09
36850.04800076804 2.3977063773739526e-09
36900.04800076804 3.6863984788492675e-09
36950.04800076804 5.645357949658589e-09
37000.04800076804 3.6272761221355103e-09
37050.04800076804 6.370707696207981e-09
37100.04800076804 2.8200088567737007e-09
37150.04800076804 4.27601712756689e-09
37200.04800076804 7.241550901165483e-09
37250.04800076804 4.24224381429498e-09
37300.04800076804 2.9344049894649992e-09
37350.04800076804 5.332409230825007e-09
37400.04800076804 8.473727877533513e-09
37450.04800076804 2.8086289974906878e-09
37500.04800076804 4.438911364653069e-09
37550.04800076804 1.090743101074007e-08
37600.04800076804 1.6311663805563543e-08
37650.04800076804 4.688550749415908e-09
37700.04800076804 8.634759705028663e-09
37750.04800076804 5.77790123238138e-09
37800.04800076804 5.889189892512995e-09
37850.04800076804 3.2115057737906976e-09
37900.04800076804 4.0293442363009045e-09
37950.04800076804 7.262649632125949e-09
38000.04800076804 7.536829462804145e-09
38050.04800076804 1.1279646512276592e-08
38100.04800076804 1.4558761058365705e-08
38150.04800076804 1.5514112804821257e-08
38200.04800076804 1.1876927271508511e-08
38250.04800076804 1.4950871303698526e-08
38300.04800076804 2.7394035717479948e-08
38350.04800076804 1.973592556265902e-08
38400.04800076804 7.895716235921209e-09
38450.04800076804 3.644964427461051e-09
38500.04800076804 2.5807340949020773e-09
38550.04800076804 8.73926765928373e-09
38600.04800076804 1.108145518141534e-08
38650.04800076804 1.3043602177054807e-08
38700.04800076804 1.1711997289898687e-08
38750.04800076804 1.367735457970563e-08
38800.04800076804 1.0446893698598812e-08
38850.04800076804 1.5080569539319863e-08
38900.04800076804 1.6135195894015388e-08
38950.04800076804 9.571105753227012e-09
39000.04800076804 1.9114186967669528e-08
39050.04800076804 9.173385847642018e-09
39100.04800076804 1.5383491279583702e-08
39150.04800076804 1.9137118634053007e-08
39200.04800076804 1.3732713156261529e-08
39250.04800076804 2.0507100834900195e-08
39300.04800076804 1.5169927573957214e-08
39350.04800076804 3.154435030459045e-08
39400.04800076804 1.8339582929448343e-08
39450.04800076804 2.3397812371506174e-08
39500.04800076804 2.7836692016491203e-08
39550.04800076804 1.3944176331776205e-08
39600.04800076804 2.2932662122824187e-08
39650.04800076804 3.6877396013031655e-08
39700.04800076804 2.8569771710011402e-08
39750.04800076804 1.121905318429333e-08
39800.04800076804 1.3680875905694593e-08
39850.04800076804 3.6698061455443036e-08
39900.04800076804 4.0876080657781435e-08
39950.04800076804 1.973531848399877e-08
40000.04800076804 3.649510935939645e-08
40050.04800076804 3.4431860995939045e-08
40100.04800076804 1.0401226056304733e-08
40150.04800076804 3.205066436151625e-08
40200.04800076804 3.8276993009083476e-08
40250.04800076804 4.322474149655396e-08
40300.04800076804 4.019902263848103e-08
40350.04800076804 1.9094122041304137e-08
40400.04800076804 3.4967953037028774e-08
40450.04800076804 1.8432927543628016e-08
40500.04800076804 4.380593256694217e-08
40550.04800076804 3.7927274058572316e-08
40600.04800076804 3.870017551215996e-08
40650.04800076804 2.7746856845018475e-08
40700.04800076804 6.167514268692303e-08
40750.04800076804 4.0628801932842426e-08
40800.04800076804 2.0310506589841544e-08
40850.04800076804 6.119258095318102e-08
40900.04800076804 5.7592733026494836e-08
40950.04800076804 3.4354717777120024e-08
41000.04800076804 4.25501942229207e-08
41050.04800076804 6.778730383957598e-08
41100.04800076804 4.8317324437606634e-08
41150.04800076804 1.7267716220611916e-08
41200.04800076804 6.311852654286552e-08
41250.04800076804 5.07482979517633e-08
41300.04800076804 5.606940876427913e-08
41350.04800076804 7.398794109204557e-08
41400.04800076804 5.6921764520938606e-08
41450.04800076804 6.660183281976713e-08
41500.04800076804 3.8908646927064856e-08
41550.04800076804 3.433571142976999e-08
41600.04800076804 4.6758690421804464e-08
41650.04800076804 6.710099946136648e-08
41700.04800076804 7.30480178991015e-08
41750.04800076804 5.9407471633938005e-08
41800.04800076804 7.671290985052322e-08
41850.04800076804 4.94088077829729e-08
41900.04800076804 4.098339418310313e-08
41950.04800076804 5.2965151625384155e-08
42000.04800076804 5.177765089767924e-08
42050.04800076804 4.653170010281519e-08
42100.04800076804 6.461036599633262e-08
42150.04800076804 5.316019044596836e-08
42200.04800076804 5.727113340496936e-08
42250.04800076804 4.2664702590920726e-08
42300.04800076804 3.6076456326201485e-08
42350.04800076804 6.130792774822791e-08
42400.04800076804 7.20729317453399e-08
42450.04800076804 6.84889984593966e-08
42500.04800076804 6.738994254706729e-08
42550.04800076804 6.074254975850247e-08
42600.04800076804 5.486671804068884e-08
42650.04800076804 8.590377925263032e-08
42700.04800076804 3.745121441917003e-08
42750.04800076804 5.244805737083215e-08
42800.04800076804 7.033290179240354e-08
42850.04800076804 7.766581798402298e-08
42900.04800076804 8.097145391935822e-08
42950.04800076804 5.870202601246306e-08
43000.04800076804 7.307757375593671e-08
43050.04800076804 3.2190166174036054e-08
43100.04800076804 5.8252567054987635e-08
43150.04800076804 5.4185257569993515e-08
43200.04800076804 6.929035053658155e-08
43250.04800076804 1.0343612300467832e-07
43300.04800076804 8.767405414322287e-08
43350.04800076804 4.6616282040030806e-08
43400.04800076804 6.644869655148557e-08
43450.04800076804 4.813432526804302e-08
43500.04800076804 5.2574600640611915e-08
43550.04800076804 4.810012927868767e-08
43600.04800076804 7.980698229967757e-08
43650.04800076804 4.001230645824097e-08
43700.04800076804 8.561687529596251e-08
43750.04800076804 8.663476550931913e-08
43800.04800076804 6.73099242719861e-08
43850.04800076804 6.695109560291944e-08
43900.04800076804 5.266369991129124e-08
43950.04800076804 3.6449152105058515e-08
44000.04800076804 3.183087106743536e-08
44050.04800076804 7.438961339755472e-08
44100.04800076804 1.0140803441335129e-07
44150.04800076804 8.998814758515429e-08
44200.04800076804 8.281776146430235e-08
44250.04800076804 4.7279512055365594e-08
44300.04800076804 3.2825485186711906e-08
44350.04800076804 3.6773287909225173e-08
44400.04800076804 3.821141375576186e-08
44450.04800076804 5.40628631729967e-08
44500.04800076804 4.480043180703215e-08
44550.04800076804 5.961324699464783e-08
44600.04800076804 3.9638207694358664e-08
44650.04800076804 4.967039064836748e-08
44700.04800076804 3.4258761886126716e-08
44750.04800076804 4.265992180726966e-08
44800.04800076804 3.033914149713293e-08
44850.04800076804 3.717692744731606e-08
44900.04800076804 2.9495397810311248e-08
44950.04800076804 2.5812164012641433e-08
45000.04800076804 3.112570033883817e-08
45050.04800076804 3.093996980413719e-08
45100.04800076804 3.061603406562731e-08
45150.04800076804 2.097516464176974e-08
45200.04800076804 1.245473502071908e-08
45250.04800076804 1.454610457766685e-08
45300.04800076804 2.011480360119795e-08
45350.04800076804 1.559044710262331e-08
45400.04800076804 1.6230875789925772e-08
45450.04800076804 1.34375590366486e-08
45500.04800076804 1.6718307459849647e-08
45550.04800076804 1.8233074748193598e-08
45600.04800076804 1.1767707088133021e-08
45650.04800076804 1.1834230611552447e-08
45700.04800076804 1.540658101452506e-08
45750.04800076804 1.0124030298251335e-08
45800.04800076804 8.973398093656572e-09
45850.04800076804 1.4058767712725849e-08
45900.04800076804 1.6405366179403733e-08
45950.04800076804 8.14948156048182e-09
46000.04800076804 1.5570796907986807e-08
46050.04800076804 1.6545035147413645e-08
46100.04800076804 8.954196563579804e-09
46150.04800076804 1.556341921854246e-08
46200.04800076804 1.1699257922645522e-08
46250.04800076804 5.699312104927957e-09
46300.04800076804 2.0140697236308793e-08
46350.04800076804 1.3468969409072073e-08
46400.04800076804 1.7441672571083744e-08
46450.04800076804 2.553472650152533e-08
46500.04800076804 1.7789759218590846e-08
46550.04800076804 2.0272738602559097e-08
46600.04800076804 2.0002590064516172e-08
46650.04800076804 5.1410530594072016e-08
46700.04800076804 3.306939911303243e-08
46750.04800076804 1.3364534161944042e-08
46800.04800076804 7.276725166268247e-09
46850.04800076804 2.5050357804386007e-08
46900.04800076804 2.0168996359372133e-08
46950.04800076804 3.2461953684571775e-08
47000.04800076804 1.2422303505690329e-08
47050.04800076804 2.5768073561402432e-08
47100.04800076804 8.166800677472231e-09
47150.04800076804 1.4615029024453259e-08
47200.04800076804 1.95713195376201e-08
47250.04800076804 1.0904050696747474e-08
47300.04800076804 1.1675666026421397e-08
47350.04800076804 1.1191406949908321e-08
47400.04800076804 2.8180273965879974e-08
47450.04800076804 9.074726720226335e-09
47500.04800076804 3.27737302666804e-08
47550.04800076804 1.1517536301642897e-08
47600.04800076804 2.5910986163631186e-08
47650.04800076804 1.089858293610839e-08
47700.04800076804 2.5910791064796822e-08
47750.04800076804 1.0180278712088413e-08
47800.04800076804 1.7094798074783954e-08
47850.04800076804 6.673383980901563e-09
47900.04800076804 1.1067149107770257e-08
47950.04800076804 1.7957474717148183e-08
48000.04800076804 3.4290891522022674e-08
48050.04800076804 2.003295667915909e-08
48100.04800076804 1.768265116097888e-08
48150.04800076804 1.9335563049215534e-08
48200.04800076804 2.2838650111164503e-08
48250.04800076804 1.9919398419290847e-08
48300.04800076804 4.123517567103745e-08
48350.04800076804 1.543387656175094e-08
48400.04800076804 7.310635556434105e-09
48450.04800076804 1.1809702484734842e-08
48500.04800076804 2.5690170279365338e-08
48550.04800076804 1.71356561646284e-08
48600.04800076804 4.218589215931313e-08
48650.04800076804 2.73428000897427e-08
48700.04800076804 3.981606744019308e-08
48750.04800076804 2.3416175457339322e-08
48800.04800076804 4.317365746388326e-08
48850.04800076804 2.3042579880589284e-08
48900.04800076804 2.412754269738595e-08
48950.04800076804 1.6721112131505105e-08
49000.04800076804 1.059948479045836e-08
49050.04800076804 3.119193409566458e-08
49100.04800076804 3.152691060094199e-08
49150.04800076804 3.5135861994931904e-08
49200.04800076804 3.782232724813659e-08
49250.04800076804 5.676281643948263e-08
49300.04800076804 3.754309219359876e-08
49350.04800076804 1.739110893857922e-08
49400.04800076804 2.5494563947627464e-08
49450.04800076804 2.2457427057887255e-08
49500.04800076804 1.8701637711915834e-08
49550.04800076804 3.070912230532493e-09
49600.04800076804 9.82086730219929e-09
49650.04800076804 2.5146149844376927e-08
49700.04800076804 3.4924310147463084e-08
49750.04800076804 3.2411144414249825e-08
49800.04800076804 1.6922352883353793e-08
49850.04800076804 4.4391893583474854e-08
49900.04800076804 4.310660178554598e-08
49950.04800076804 4.096323888616727e-08
50000.04800076804 2.7952934566758885e-08
50050.04800076804 3.3010125527345156e-08
50100.04800076804 2.8202201783508088e-08
50150.04800076804 1.0565659123822327e-08
50200.04800076804 1.6755323281653334e-09
50250.04800076804 1.0558481233041275e-08
50300.04800076804 7.602750104263798e-09
50350.04800076804 3.1635152312533407e-08
50400.04800076804 3.869403832188524e-08
50450.04800076804 2.896551731466582e-08
50500.04800076804 4.543550625411935e-08
50550.04800076804 4.8418195011780465e-08
50600.04800076804 3.0970821569151936e-08
50650.04800076804 4.633582318362571e-08
50700.04800076804 4.769026782152699e-08
50750.04800076804 2.6775839835919322e-08
50800.04800076804 7.577424512069768e-09
50850.04800076804 3.3374728877775654e-09
50900.04800076804 2.6194206595971917e-08
50950.04800076804 2.989502252523945e-08
51000.04800076804 1.9933633037132896e-08
51050.04800076804 3.2716754954662005e-08
51100.04800076804 9.860765169607288e-09
51150.04800076804 1.0611649259755577e-08
51200.04800076804 4.1234739590167894e-08
51250.04800076804 2.8537594351862823e-08
51300.04800076804 1.9546901726628998e-08
51350.04800076804 1.7132987646225994e-08
51400.04800076804 4.34981328038312e-09
51450.04800076804 3.6929942062110653e-09
51500.04800076804 3.3229875337297502e-09
51550.04800076804 1.3879531933704648e-08
51600.04800076804 1.6045490887496177e-08
51650.04800076804 2.4766438566081683e-08
51700.04800076804 2.1218066715077846e-08
51750.04800076804 1.3231867730175937e-08
51800.04800076804 3.2245431727642955e-08
51850.04800076804 2.5200406365026305e-08
51900.04800076804 2.4915583542954828e-08
51950.04800076804 1.1747145954369064e-08
52000.04800076804 1.0735274803092293e-09
52050.04800076804 5.91699119895553e-09
52100.04800076804 3.2192416956435175e-09
52150.04800076804 1.6812934717149911e-09
52200.04800076804 6.799663278420587e-09
52250.04800076804 1.4163125746391298e-08
52300.04800076804 1.6418686897178696e-08
52350.04800076804 3.610784260781931e-09
52400.04800076804 4.264627695080726e-09
52450.04800076804 1.9851421067516145e-08
52500.04800076804 1.5384039977061742e-08
52550.04800076804 1.989699125748442e-08
52600.04800076804 1.7007384108579785e-08
52650.04800076804 1.9148686097833835e-08
52700.04800076804 1.1493112603977492e-08
52750.04800076804 3.818374678181707e-09
52800.04800076804 7.289991868621387e-09
52850.04800076804 9.236626447253801e-09
52900.04800076804 2.8433465670990444e-09
52950.04800076804 5.521091479117468e-09
53000.04800076804 1.4564514258244944e-08
53050.04800076804 4.241658782849543e-09
53100.04800076804 2.104204655222818e-08
53150.04800076804 2.4045470408454546e-08
53200.04800076804 8.712432143996598e-09
53250.04800076804 2.0395718546296674e-08
53300.04800076804 2.0376523294947713e-08
53350.04800076804 1.911865372915142e-08
53400.04800076804 1.0456046373996498e-08
53450.04800076804 2.379472166050818e-09
53500.04800076804 4.4071977087403467e-10
53550.04800076804 1.0641770510813108e-09
53600.04800076804 5.837500707841275e-09
53650.04800076804 8.841802444122071e-09
53700.04800076804 7.198197771582923e-09
53750.04800076804 6.0998625686480806e-09
53800.04800076804 5.630746195752088e-09
53850.04800076804 1.1291747081502504e-08
53900.04800076804 1.8498255259168358e-08
53950.04800076804 1.565855655725795e-08
54000.04800076804 1.030233935597283e-08
54050.04800076804 1.0524278268416237e-08
54100.04800076804 1.8612505227050671e-09
54150.04800076804 2.4328350947919316e-09
54200.04800076804 3.4501253094859137e-10
54250.04800076804 1.0406273136675312e-09
54300.04800076804 3.763890893411132e-09
54350.04800076804 6.466047104570089e-09
54400.04800076804 4.593056521030025e-09
54450.04800076804 4.096531900371245e-09
54500.04800076804 4.605075658685206e-09
54550.04800076804 4.269898991514153e-09
54600.04800076804 2.984058804195984e-09
54650.04800076804 2.5041910148324307e-10
54700.04800076804 3.0586421642437374e-09
54750.04800076804 3.1538161596842846e-09
54800.04800076804 1.5894849609561533e-09
54850.04800076804 3.052350123314638e-09
54900.04800076804 6.00168062072827e-09
54950.04800076804 1.1142412901072287e-08
55000.04800076804 3.7166957005388776e-09
55050.04800076804 4.4390399294308814e-09
55100.04800076804 7.327773680179908e-09
55150.04800076804 3.0928907229310355e-09
55200.04800076804 1.7425354134842368e-09
55250.04800076804 3.030493470165566e-09
55300.04800076804 2.273501799360139e-09
55350.04800076804 4.3858362698129e-09
55400.04800076804 4.438384003871015e-09
55450.04800076804 3.156429451452769e-09
55500.04800076804 1.1217229580002736e-09
55550.04800076804 7.231353373423228e-10
55600.04800076804 1.934451311778471e-09
55650.04800076804 1.8326459593645835e-09
55700.04800076804 1.6669445998397921e-09
55750.04800076804 1.0775498643416269e-09
55800.04800076804 3.783871841334429e-10
55850.04800076804 9.930242713685825e-10
55900.04800076804 2.983792338872762e-09
55950.04800076804 5.05783901813419e-09
56000.04800076804 1.7868219308222508e-09
56050.04800076804 1.8177144827393865e-09
56100.04800076804 3.029457840054911e-09
56150.04800076804 9.458566343872665e-10
56200.04800076804 1.7277928374461402e-09
56250.04800076804 4.121094396284445e-09
56300.04800076804 2.0173386124444864e-09
56350.04800076804 8.523446182421646e-10
56400.04800076804 1.9447550381116012e-10
56450.04800076804 2.0544755534526223e-10
56500.04800076804 1.6126889206520494e-09
56550.04800076804 6.054796358425341e-10
56600.04800076804 2.59024071264872e-09
56650.04800076804 3.046017412100172e-09
56700.04800076804 1.7631510691036632e-09
56750.04800076804 5.499264735945787e-10
56800.04800076804 1.033614357077207e-09
56850.04800076804 1.9427912106403555e-09
56900.04800076804 8.835866212127037e-10
56950.04800076804 2.4770136290433757e-09
57000.04800076804 3.417679162859751e-09
57050.04800076804 1.5708421564383282e-09
57100.04800076804 3.1535940766002753e-10
57150.04800076804 6.949623439679087e-10
57200.04800076804 4.3421104162136925e-10
57250.04800076804 8.010922102991487e-10
57300.04800076804 1.2988871256311729e-09
57350.04800076804 6.07565832099635e-10
57400.04800076804 2.0217070296093675e-09
57450.04800076804 6.283604574750661e-10
57500.04800076804 5.805351193121577e-10
57550.04800076804 9.694760110049108e-10
57600.04800076804 6.88699052811257e-10
57650.04800076804 1.1498647925886741e-10
57700.04800076804 3.825797214669163e-10
57750.04800076804 1.2070909226835176e-09
57800.04800076804 4.136724463902121e-10
57850.04800076804 3.1384903147578303e-09
57900.04800076804 4.538798984941951e-09
57950.04800076804 4.869926873309812e-09
58000.04800076804 1.0109270266403757e-09
58050.04800076804 2.3664951364411947e-09
58100.04800076804 1.56170577176603e-09
58150.04800076804 9.538985975413956e-10
58200.04800076804 1.0200967085886902e-10
58250.04800076804 3.4688603940434566e-10
58300.04800076804 3.5753245788812223e-10
58350.04800076804 5.578777257372167e-10
58400.04800076804 1.8225510394245147e-09
58450.04800076804 2.329365207199472e-09
58500.04800076804 2.5725689453735503e-09
58550.04800076804 1.288913134041585e-09
58600.04800076804 3.3172249005134553e-10
58650.04800076804 6.4961119083135e-10
58700.04800076804 1.0102489848086219e-09
58750.04800076804 7.652178166619331e-10
58800.04800076804 2.8002846198800603e-11
58850.04800076804 3.284920307356812e-10
58900.04800076804 4.555156357790512e-10
58950.04800076804 1.837769216487143e-10
59000.04800076804 6.365993972266562e-10
59050.04800076804 1.2341131307988928e-09
59100.04800076804 8.795669492409306e-10
59150.04800076804 7.887419734127924e-10
59200.04800076804 1.509093041843751e-09
59250.04800076804 1.543421494882717e-09
59300.04800076804 9.671063806845825e-10
59350.04800076804 5.639513413705057e-11
59400.04800076804 1.2674672548714907e-10
59450.04800076804 1.1909317419234148e-09
59500.04800076804 8.279895420601397e-10
59550.04800076804 1.5162349070700148e-09
59600.04800076804 1.876527449934315e-09
59650.04800076804 6.497143016985501e-10
59700.04800076804 4.02365820269623e-10
59750.04800076804 2.1474250535867932e-09
59800.04800076804 8.170110183339716e-10
59850.04800076804 8.612972857694973e-10
59900.04800076804 1.9104078532493627e-10
59950.04800076804 8.975013054854503e-10
60000.04800076804 2.4486340188979503e-09
60050.04800076804 3.4728499173616997e-09
60100.04800076804 1.552888297454946e-09
60150.04800076804 4.1906999252757386e-10
60200.04800076804 1.250280854427188e-09
60250.04800076804 3.2436490741454478e-09
60300.04800076804 2.921056562876228e-09
60350.04800076804 1.626780049691732e-09
60400.04800076804 1.0542197067438245e-09
60450.04800076804 1.17940382196671e-10
60500.04800076804 1.3550515761243218e-11
60550.04800076804 6.378848253321115e-10
60600.04800076804 1.3798071745664328e-09
60650.04800076804 6.52890626057367e-10
60700.04800076804 3.678699611976861e-10
60750.04800076804 1.0742871626241106e-10
60800.04800076804 1.256595457581025e-09
60850.04800076804 2.7566659613018015e-09
60900.04800076804 2.3866035626040437e-09
60950.04800076804 1.4280111865077794e-09
61000.04800076804 2.294084605909499e-09
61050.04800076804 4.715395594104731e-10
61100.04800076804 4.116776352038993e-10
61150.04800076804 6.851571823924663e-11
61200.04800076804 1.1611223283063335e-09
61250.04800076804 1.848749587453769e-09
61300.04800076804 1.1136975798574267e-09
61350.04800076804 2.8990659874464113e-09
61400.04800076804 6.517417886915615e-10
61450.04800076804 1.7442996561367373e-10
61500.04800076804 1.18472302335263e-10
61550.04800076804 8.166047729345706e-10
61600.04800076804 2.0815998013610246e-10
61650.04800076804 5.931890466031465e-10
61700.04800076804 1.1679561172940822e-09
61750.04800076804 1.1821060322760301e-09
61800.04800076804 6.786233694316778e-10
61850.04800076804 9.278528982054034e-11
61900.04800076804 1.510149618112633e-09
61950.04800076804 2.212495250777387e-09
62000.04800076804 1.915472832542781e-09
62050.04800076804 4.6619534201291985e-09
62100.04800076804 1.0661972836194284e-09
62150.04800076804 2.9404662206499816e-09
62200.04800076804 2.77066379819896e-09
62250.04800076804 1.7239950505307293e-09
62300.04800076804 6.017559403547025e-09
62350.04800076804 5.0799083937912845e-09
62400.04800076804 2.8080894159993967e-09
62450.04800076804 2.6798982681620594e-09
62500.04800076804 6.264442490121705e-09
62550.04800076804 1.073802809397511e-08
62600.04800076804 4.391912476670972e-09
62650.04800076804 3.0124807043387883e-09
62700.04800076804 1.660895889345576e-09
62750.04800076804 4.702189144688325e-09
62800.04800076804 2.651216447106945e-09
62850.04800076804 3.0849416701737415e-09
62900.04800076804 4.651084363202347e-09
62950.04800076804 1.0201772432835495e-08
63000.04800076804 3.3405876769115036e-09
63050.04800076804 1.517565799104714e-08
63100.04800076804 1.341448964467286e-08
63150.04800076804 9.432371062006147e-09
63200.04800076804 5.8705818050299116e-09
63250.04800076804 6.745747135318339e-09
63300.04800076804 2.0514206746728556e-09
63350.04800076804 2.0420174113843395e-09
63400.04800076804 5.949033051963171e-10
63450.04800076804 1.698139788987855e-10
63500.04800076804 2.0317786335515815e-09
63550.04800076804 3.6703364445794053e-09
63600.04800076804 2.593142288067746e-09
63650.04800076804 1.9839149579506726e-09
63700.04800076804 2.5191755992955227e-10
63750.04800076804 1.1650625178925855e-09
63800.04800076804 3.85041381246254e-09
63850.04800076804 2.914908739392714e-09
63900.04800076804 4.555429582599878e-10
63950.04800076804 1.6297909209272934e-09
64000.04800076804 2.651083165214053e-09
64050.04800076804 6.43266793841923e-10
64100.04800076804 8.917952433028878e-11
64150.04800076804 1.3575976028956067e-10
64200.04800076804 1.8082119170400871e-10
64250.04800076804 1.2515656288736406e-09
64300.04800076804 1.1609629710805259e-09
64350.04800076804 6.738227486872737e-10
64400.04800076804 2.305037171755916e-09
64450.04800076804 2.775270096971131e-09
64500.04800076804 1.1167787571059283e-09
64550.04800076804 2.5624910817148866e-09
64600.04800076804 1.8307071837203352e-09
64650.04800076804 2.448864412208221e-09
64700.04800076804 5.491203061032834e-10
64750.04800076804 1.0135394064132014e-09
64800.04800076804 3.246946451399695e-10
64850.04800076804 2.0029982238857855e-10
64900.04800076804 1.6124172895747864e-10
64950.04800076804 9.482842670837578e-11
65000.04800076804 3.2715399146247884e-10
65050.04800076804 1.2138291570234937e-09
65100.04800076804 1.7165363376759335e-09
65150.04800076804 7.658953263432767e-10
65200.04800076804 1.2751205486477136e-10
65250.04800076804 7.898805348569901e-10
65300.04800076804 1.5283182657081592e-09
65350.04800076804 3.771442144105704e-09
65400.04800076804 1.2916922031281653e-09
65450.04800076804 1.3040889727405964e-09
65500.04800076804 1.5614857730751357e-09
65550.04800076805 4.5410324542835377e-10
65600.04800076805 1.379455715230208e-09
65650.04800076805 6.10542327800877e-10
65700.04800076805 5.33542636667131e-10
65750.04800076805 3.7589342923515816e-10
65800.04800076805 1.2972229531740865e-09
65850.04800076805 2.051732636814031e-09
65900.04800076805 2.579360207254154e-10
65950.04800076805 8.722409075275699e-10
66000.04800076805 1.1430073984780685e-09
66050.04800076805 2.8115115632315823e-09
66100.04800076805 1.5290557085116477e-09
66150.04800076805 1.617162122703262e-09
66200.04800076805 1.601803040705152e-09
66250.04800076805 5.94879085249999e-10
66300.04800076805 1.9175557445358109e-10
66350.04800076805 8.045400690052072e-11
66400.04800076805 2.0092354032130768e-10
66450.04800076805 1.2316678521120846e-09
66500.04800076805 2.4651596575689132e-09
66550.04800076805 2.7363940094607963e-09
66600.04800076805 2.2031226366466118e-09
66650.04800076805 1.2082554759486706e-09
66700.04800076805 6.120382380584269e-10
66750.04800076805 9.86045390979618e-10
66800.04800076805 9.420071638135426e-10
66850.04800076805 5.877634855564705e-10
66900.04800076805 3.2291365319076124e-09
66950.04800076805 2.6714725472944346e-09
67000.04800076805 3.9227399585103415e-09
67050.04800076805 1.8720170565629997e-09
67100.04800076805 7.557894233401675e-10
67150.04800076805 1.5091719301883707e-09
67200.04800076805 2.096710098384416e-09
67250.04800076805 1.818482868451927e-09
67300.04800076805 4.2889677412816355e-09
67350.04800076805 1.4786389418665227e-09
67400.04800076805 4.136881315152884e-09
67450.04800076805 2.4506612231170746e-09
67500.04800076805 2.1650409529737326e-09
67550.04800076805 6.713732877452696e-09
67600.04800076805 1.003292745414125e-08
67650.04800076805 6.692567256923582e-09
67700.04800076805 3.234088565222734e-09
67750.04800076805 1.4573153440339814e-09
67800.04800076805 2.337132846965747e-09
67850.04800076805 8.151481440864958e-10
67900.04800076805 9.538515177646913e-10
67950.04800076805 8.5104325700476e-10
68000.04800076805 2.891333135479817e-09
68050.04800076805 2.9781088736973967e-09
68100.04800076805 5.9209766055603e-09
68150.04800076805 5.190403234398102e-09
68200.04800076805 3.0426665335708347e-09
68250.04800076805 4.4645223148919916e-10
68300.04800076805 3.1934208088328023e-09
68350.04800076805 5.842636681966715e-09
68400.04800076805 7.2037448542367745e-09
68450.04800076805 5.98514660585522e-09
68500.04800076805 2.6531127292974496e-09
68550.04800076805 7.2067352714056e-10
68600.04800076805 6.919240622089392e-10
68650.04800076805 3.079864042139235e-10
68700.04800076805 1.29043043032003e-09
68750.04800076805 3.0158853601388994e-09
68800.04800076805 3.4287594892311642e-09
68850.04800076805 1.611183685048061e-09
68900.04800076805 6.663815585321834e-09
68950.04800076805 7.209887299766856e-09
69000.04800076805 3.896752288443582e-09
69050.04800076805 1.4918320543448936e-09
69100.04800076805 5.026602996478339e-09
69150.04800076805 8.884315611763994e-09
69200.04800076805 8.244468348157437e-09
69250.04800076805 9.4540560370495e-09
69300.04800076805 5.644397999892534e-09
69350.04800076805 1.164605318304473e-08
69400.04800076805 4.110997642119594e-09
69450.04800076805 9.197409662193753e-09
69500.04800076805 4.269637408158932e-09
69550.04800076805 2.3425781972748186e-09
69600.04800076805 4.224449654758477e-10
69650.04800076805 2.6677400245834713e-09
69700.04800076805 5.719260809099406e-09
69750.04800076805 3.2867157454938222e-09
69800.04800076805 6.83877416963944e-09
69850.04800076805 6.629410412932428e-09
69900.04800076805 3.5972315721183307e-09
69950.04800076805 3.3760716701057287e-09
70000.04800076805 4.615371170348305e-09
70050.04800076805 9.718502973645986e-09
70100.04800076805 7.662616395910952e-09
70150.04800076805 5.234024731386258e-09
70200.04800076805 2.9335919370508087e-09
70250.04800076805 3.5089427475330303e-09
70300.04800076805 8.18767829395657e-09
70350.04800076805 6.556797553264278e-09
70400.04800076805 2.56335574490706e-09
70450.04800076805 1.817348389567254e-10
70500.04800076805 2.355401001901792e-09
70550.04800076805 2.23716713300373e-09
70600.04800076805 2.7888628519022866e-09
70650.04800076805 7.298713408181072e-09
70700.04800076805 9.281927171307093e-09
70750.04800076805 1.433619705265497e-08
70800.04800076805 5.293266578042299e-09
70850.04800076805 6.186850151187312e-09
70900.04800076805 7.919205544210253e-09
70950.04800076805 1.122131788255275e-08
71000.04800076805 1.0628516712810578e-08
71050.04800076805 1.0757396754981601e-08
71100.04800076805 7.885412857348472e-09
71150.04800076805 3.5028921344708395e-09
71200.04800076805 3.8374359656106335e-09
71250.04800076805 8.539301668225638e-09
71300.04800076805 1.1788370872162312e-08
71350.04800076805 1.1158957703428555e-08
71400.04800076805 7.063074180491789e-09
71450.04800076805 1.904868123770349e-09
71500.04800076805 3.0980253878538003e-09
71550.04800076805 4.045233052954781e-09
71600.04800076805 4.762162724314315e-09
71650.04800076805 2.2461539599078194e-09
71700.04800076805 1.4394722809009393e-09
71750.04800076805 4.890528284898536e-09
71800.04800076805 8.352276751995407e-09
71850.04800076805 8.321200537974098e-09
71900.04800076805 3.886055136294258e-09
71950.04800076805 6.6681462703572474e-09
72000.04800076805 5.575668484143729e-09
72050.04800076805 1.8692093004766465e-09
72100.04800076805 2.711110835281668e-09
72150.04800076805 4.315330317670548e-09
72200.04800076805 6.436755764626591e-09
72250.04800076805 1.1480819001437659e-08
72300.04800076805 5.383508273193541e-09
72350.04800076805 6.999212122168174e-09
72400.04800076805 6.402659658438913e-09
72450.04800076805 4.726385723362054e-09
72500.04800076805 6.893140599293929e-09
72550.04800076805 1.9201498934208327e-09
72600.04800076805 4.005918014972705e-09
72650.04800076805 7.741063699773238e-09
72700.04800076805 3.2457136613699332e-09
72750.04800076805 3.5222807384990112e-09
72800.04800076805 1.8374984189722886e-09
72850.04800076805 3.414284235662493e-09
72900.04800076805 8.57233402759522e-09
72950.04800076805 4.1046054075149e-09
73000.04800076805 4.5197578855482554e-09
73050.04800076805 1.615240262377447e-09
73100.04800076805 2.791616594696127e-09
73150.04800076805 7.542240565366141e-09
73200.04800076805 2.4651401338346124e-09
73250.04800076805 3.1456078870759374e-09
73300.04800076805 1.973747613158725e-09
73350.04800076805 1.2213424204701962e-09
73400.04800076805 3.1357819030952688e-09
73450.04800076805 1.628737165806096e-09
73500.04800076805 1.2210000436193643e-09
73550.04800076805 2.5952761322488213e-09
73600.04800076805 3.113160188463422e-09
73650.04800076805 2.66941965078358e-09
73700.04800076805 2.3449919425117217e-09
73750.04800076805 4.838227158261532e-10
73800.04800076805 2.1830961432425854e-09
73850.04800076805 3.8613861852520915e-09
73900.04800076805 1.1781200997386222e-09
73950.04800076805 1.6734756263866071e-09
74000.04800076805 4.808666839413972e-10
74050.04800076805 3.5918116473958745e-09
74100.04800076805 2.6920252431146946e-09
74150.04800076805 2.823540548436685e-09
74200.04800076805 8.173942979118318e-10
74250.04800076805 8.592132877382046e-11
74300.04800076805 2.680657128136054e-09
74350.04800076805 4.024644261497977e-09
74400.04800076805 3.4361508417148786e-09
74450.04800076805 8.391879527568153e-10
74500.04800076805 2.9619117104988315e-10
74550.04800076805 1.1403187029499387e-09
74600.04800076805 2.2008170313342345e-09
74650.04800076805 2.4453708700418344e-09
74700.04800076805 1.4808490881163764e-09
74750.04800076805 3.83697706230149e-10
74800.04800076805 6.961754860333023e-10
74850.04800076805 3.343428025113998e-09
74900.04800076805 3.515133774985553e-09
74950.04800076805 2.8922724642818684e-09
75000.04800076805 1.0135836830695657e-09
75050.04800076805 3.9504860552192005e-11
75100.04800076805 2.326078845396626e-09
75150.04800076805 4.893761630680847e-09
75200.04800076805 4.804016942848304e-09
75250.04800076805 3.6477035979058835e-09
75300.04800076805 1.7727015090378049e-09
75350.04800076805 2.7035356209061017e-10
75400.04800076805 3.489619214002891e-09
75450.04800076805 5.4122012043356245e-09
75500.04800076805 5.005157365294587e-09
75550.04800076805 3.574992427007457e-09
75600.04800076805 3.363957450041967e-09
75650.04800076805 1.4242974812506587e-09
75700.04800076805 5.926848249119989e-09
75750.04800076805 3.6986331915921676e-09
75800.04800076805 4.474998008095327e-09
75850.04800076805 4.907452222189136e-09
75900.04800076805 5.228785564471505e-09
75950.04800076805 1.963526124762137e-09
76000.04800076805 7.403917119719711e-09
76050.04800076805 6.963847477331235e-09
76100.04800076805 5.49408227476302e-09
76150.04800076805 6.216551692601758e-09
76200.04800076805 4.3444743305952045e-09
76250.04800076805 1.3789358909031804e-09
76300.04800076805 6.649325152170234e-09
76350.04800076805 8.203102341765812e-09
76400.04800076805 6.504291527774563e-09
76450.04800076805 4.368477590720988e-09
76500.04800076805 2.7172867895702795e-09
76550.04800076805 5.056935904501709e-10
76600.04800076805 6.331460265721381e-11
76650.04800076805 4.957998707066172e-11
76700.04800076805 1.2728438084869283e-10
76750.04800076805 2.223541213233169e-10
76800.04800076805 4.7540610043624e-10
76850.04800076805 4.5995541628238713e-10
76900.04800076805 3.022068927321677e-10
76950.04800076805 8.21539207849235e-10
77000.04800076805 2.525725659115298e-09
77050.04800076805 1.3663912721660332e-10
77100.04800076805 2.893536214529473e-10
77150.04800076805 2.7953221550542937e-09
77200.04800076805 1.0028319810030533e-09
77250.04800076805 3.5203580811996747e-10
77300.04800076805 2.1885596429111792e-09
77350.04800076805 1.1893275180361723e-09
77400.04800076805 1.5382685448576682e-09
77450.04800076805 5.289303390458838e-09
77500.04800076805 3.1760829846182975e-09
77550.04800076805 1.4085872585856688e-09
77600.04800076805 3.8587084667281704e-10
77650.04800076805 6.512323311209409e-10
77700.04800076805 9.18364818637737e-10
77750.04800076805 3.3987884183482266e-09
77800.04800076805 4.341505788474423e-09
77850.04800076805 6.27492564300578e-09
77900.04800076805 1.7793798370597623e-09
77950.04800076805 1.6927464762926524e-10
78000.04800076805 1.61043875596037e-09
78050.04800076805 2.029357462650478e-09
78100.04800076805 3.587111321720389e-09
78150.04800076805 5.890967032888161e-09
78200.04800076805 7.465490785353535e-09
78250.04800076805 4.44034429485898e-09
78300.04800076805 7.531623611576377e-10
78350.04800076805 2.977889716894045e-09
78400.04800076805 9.277917340370058e-10
78450.04800076805 2.577369479273057e-09
78500.04800076805 6.4954398091914366e-09
78550.04800076805 8.864148686170065e-09
78600.04800076805 5.547651824791173e-09
78650.04800076805 3.5505670321526965e-10
78700.04800076805 9.284683951266466e-10
78750.04800076805 2.6876099841541493e-09
78800.04800076805 1.5005198071828357e-09
78850.04800076805 3.9062707867456636e-10
78900.04800076805 2.234069761697642e-09
78950.04800076805 4.940678429186662e-09
79000.04800076805 2.8805683187647833e-09
79050.04800076805 2.225750805533883e-09
79100.04800076805 3.6328376696646298e-09
79150.04800076805 1.9883746415054847e-09
79200.04800076805 2.8088098614921976e-09
79250.04800076805 1.032185344553966e-09
79300.04800076805 1.6432531680462825e-09
79350.04800076805 2.248420409341136e-09
79400.04800076805 9.669643640597196e-10
79450.04800076805 5.627189403799702e-09
79500.04800076805 7.818860638973851e-09
79550.04800076805 6.0358294255028986e-09
79600.04800076805 2.8611125112497277e-09
79650.04800076805 5.569337791648371e-09
79700.04800076805 3.0757650025299316e-09
79750.04800076805 2.810544411225927e-09
79800.04800076805 1.6839186072422224e-09
79850.04800076805 4.859164996507234e-09
79900.04800076805 9.538510195330671e-09
79950.04800076805 1.117606667943506e-08
