# %ECSV 1.0
# ---
# datatype:
# - {name: wav, unit: Angstrom, datatype: float64}
# - {name: flux_nu, unit: erg / (cm2 Hz s), datatype: float64}
# schema: astropy-2.0
wav flux_nu
3000.0480007680403 nan
3050.0480007680403 0.0
3100.0480007680403 0.0
3150.0480007680403 0.0
3200.0480007680403 0.0
3250.0480007680403 0.0
3300.0480007680403 0.0
3350.0480007680403 0.0
3400.0480007680403 0.0
3450.0480007680403 0.0
3500.0480007680403 0.0
3550.0480007680403 0.0
3600.0480007680403 0.0
3650.0480007680403 0.0
3700.0480007680403 0.0
3750.0480007680403 0.0
3800.0480007680403 0.0
3850.0480007680403 0.0
3900.0480007680403 0.0
3950.0480007680403 0.0
4000.0480007680403 0.0
4050.0480007680403 0.0
4100.04800076804 0.0
4150.04800076804 0.0
4200.04800076804 0.0
4250.04800076804 0.0
4300.04800076804 0.0
4350.04800076804 0.0
4400.04800076804 0.0
4450.04800076804 0.0
4500.04800076804 0.0
4550.04800076804 0.0
4600.04800076804 0.0
4650.04800076804 0.0
4700.04800076804 0.0
4750.04800076804 0.0
4800.04800076804 0.0
4850.04800076804 0.0
4900.04800076804 0.0
4950.04800076804 0.0
5000.04800076804 8.32395219269125e-12
5050.04800076804 2.2624494252640167e-11
5100.04800076804 2.667757203893884e-11
5150.04800076804 3.158280106695666e-11
5200.04800076804 3.723093524064965e-11
5250.04800076804 4.325820666060517e-11
5300.04800076804 4.980223023252098e-11
5350.04800076804 5.69713132693403e-11
5400.04800076804 6.408822257545531e-11
5450.04800076804 7.21371812252049e-11
5500.04800076804 8.091957846730219e-11
5550.04800076804 9.025857672030148e-11
5600.04800076804 9.915364355827964e-11
5650.04800076804 1.0649541303147698e-10
5700.04800076804 1.0853216485570884e-10
5750.04800076804 1.0955798397345406e-10
5800.04800076804 1.0079283643661554e-10
5850.04800076804 7.822731694673035e-11
5900.04800076804 1.978541720339988e-11
5950.04800076804 3.6366719893043976e-11
6000.04800076804 1.296093483280385e-10
6050.04800076804 2.130992322119331e-10
6100.04800076804 2.982768888708044e-10
6150.04800076804 3.792779624933734e-10
6200.04800076804 4.5723316401169543e-10
6250.04800076804 5.266745265462045e-10
6300.04800076804 6.080299077377665e-10
6350.04800076804 6.922386597621685e-10
6400.04800076804 7.713554063209332e-10
6450.04800076804 7.830120360158364e-10
6500.04800076804 8.616066088830973e-10
6550.04800076804 9.794055427421914e-10
6600.04800076804 1.093037828098055e-09
6650.04800076804 1.2414102499986724e-09
6700.04800076804 1.4213205563247822e-09
6750.04800076804 1.5850976668453569e-09
6800.04800076804 1.743709021001965e-09
6850.04800076804 1.9154090387237753e-09
6900.04800076804 1.8374094604271265e-09
6950.04800076804 1.7225109728830996e-09
7000.04800076804 2.0440798168586607e-09
7050.04800076804 2.038217655921089e-09
7100.04800076804 2.1561589168078143e-09
7150.04800076804 1.536504416983568e-09
7200.04800076804 1.1816249452701095e-09
7250.04800076804 1.4593673059149412e-09
7300.04800076804 1.487142414850238e-09
7350.04800076804 1.7951871290244279e-09
7400.04800076804 2.180079851917037e-09
7450.04800076804 2.7655362627694282e-09
7500.04800076804 3.195209005912767e-09
7550.04800076804 3.6576206466647596e-09
7600.04800076804 4.096230414902356e-09
7650.04800076804 4.354148515890543e-09
7700.04800076804 2.7773452360962493e-09
7750.04800076804 1.0711060245258686e-09
7800.04800076804 4.3994380253800205e-09
7850.04800076804 4.88803919353793e-09
7900.04800076804 5.366063015948357e-09
7950.04800076804 5.878619637289137e-09
8000.04800076804 5.91033598491843e-09
8050.04800076804 5.8393274942907866e-09
8100.04800076804 3.439685844627003e-09
8150.04800076804 2.5394493123509697e-09
8200.04800076804 4.368122019311695e-09
8250.04800076804 4.042157180583253e-09
8300.04800076804 4.33316796982229e-09
8350.04800076804 4.121843133269609e-09
8400.04800076804 4.291480740693942e-09
8450.04800076804 5.291271947158956e-09
8500.04800076804 6.1164045882186674e-09
8550.04800076804 7.1878396472458796e-09
8600.04800076804 8.445039494367158e-09
8650.04800076804 9.155163197907897e-09
8700.04800076804 8.986554749706805e-09
8750.04800076804 9.469939388220477e-09
8800.04800076804 8.84521732179355e-09
8850.04800076804 6.081060801184259e-09
8900.04800076804 1.2846230305732954e-09
8950.04800076804 9.182812504118446e-10
9000.04800076804 8.374541435143178e-10
9050.04800076804 2.928875897070352e-09
9100.04800076804 3.215282090461585e-09
9150.04800076804 2.799320692604395e-09
9200.04800076804 4.019575312863571e-09
9250.04800076804 2.5475665249001604e-09
9300.04800076804 5.1511060088028034e-11
9350.04800076804 9.174599927203678e-11
9400.04800076804 4.397507901205357e-10
9450.04800076804 3.702754692726416e-10
9500.04800076804 2.665114000467062e-10
9550.04800076804 2.7419837122255834e-10
9600.04800076804 2.792644649665363e-10
9650.04800076804 4.946384557666704e-10
9700.04800076804 1.1593146099882347e-09
9750.04800076804 1.0919698623934507e-09
9800.04800076804 1.4053236216852881e-09
9850.04800076804 1.7726193396893101e-09
9900.04800076804 2.6474222224057877e-09
9950.04800076804 2.764559477526759e-09
10000.04800076804 3.868245714480032e-09
10050.04800076804 4.005076702131683e-09
10100.04800076804 5.026150688822179e-09
10150.04800076804 5.4214205599975475e-09
10200.04800076804 5.841613046458958e-09
10250.04800076804 6.900069794481181e-09
10300.04800076804 8.22785129890294e-09
10350.04800076804 8.30594164140499e-09
10400.04800076804 1.0382757319141828e-08
10450.04800076804 1.1578931386606571e-08
10500.04800076804 1.2410536705727287e-08
10550.04800076804 1.326097766251047e-08
10600.04800076804 1.3020004685520617e-08
10650.04800076804 1.2665846767296936e-08
10700.04800076804 1.1510897216284541e-08
10750.04800076804 1.104970288177166e-08
10800.04800076804 9.904315341987926e-09
10850.04800076804 8.500446211520981e-09
10900.04800076804 5.948544599121182e-09
10950.04800076804 2.6031537130083014e-09
11000.04800076804 1.3235763094380792e-09
11050.04800076804 5.874769607371684e-10
11100.04800076804 2.6799146624316456e-10
11150.04800076804 9.890702989724222e-11
11200.04800076804 7.120170092002839e-11
11250.04800076804 9.555955092712042e-11
11300.04800076804 1.480410508072129e-10
11350.04800076804 4.070759027448359e-11
11400.04800076804 2.1576914851534187e-10
11450.04800076804 1.1652500090142997e-10
11500.04800076804 1.0824168305211141e-10
11550.04800076804 2.6432235108179263e-11
11600.04800076804 1.4961632861890644e-11
11650.04800076804 6.348365554552681e-11
11700.04800076804 8.608594071635549e-11
11750.04800076804 2.387280599430765e-11
11800.04800076804 1.4844342563629676e-10
11850.04800076804 2.6417300974598095e-10
11900.04800076804 3.4184155666947467e-10
11950.04800076804 6.324126920285137e-10
12000.04800076804 1.0940349241793925e-09
12050.04800076804 1.7794850332905253e-09
12100.04800076804 2.585809879850461e-09
12150.04800076804 3.656487866662364e-09
12200.04800076804 4.521978131159279e-09
12250.04800076804 5.989042543014044e-09
12300.04800076804 8.052156202701923e-09
12350.04800076804 8.761470378637086e-09
12400.04800076804 1.171520023942014e-08
12450.04800076804 1.4546864928593747e-08
12500.04800076804 1.638509133197378e-08
12550.04800076804 1.8443758939187967e-08
12600.04800076804 2.040929316520336e-08
12650.04800076804 2.1103115375620685e-08
12700.04800076804 2.119823660267724e-08
12750.04800076804 1.751862373422318e-08
12800.04800076804 1.4822780237328438e-08
12850.04800076804 1.0297974701115477e-08
12900.04800076804 7.874902818401825e-09
12950.04800076804 6.1350635929356696e-09
13000.04800076804 6.803732169687711e-09
13050.04800076804 4.475546608078946e-09
13100.04800076804 4.15841298544425e-09
13150.04800076804 2.6933576660270297e-09
13200.04800076804 2.7135533665026083e-09
13250.04800076804 1.8049952717904243e-09
13300.04800076804 6.024517282058042e-10
13350.04800076804 1.8430948719874467e-10
13400.04800076804 5.181064556993042e-11
13450.04800076804 1.3009207285762616e-11
13500.04800076804 3.9395956944190405e-12
13550.04800076804 1.1370031411675937e-12
13600.04800076804 2.1715150050382478e-13
13650.04800076804 2.201075205869252e-12
13700.04800076804 1.067470833407694e-12
13750.04800076804 3.905187639650489e-12
13800.04800076804 3.729323169706922e-12
13850.04800076804 1.354796900927907e-12
13900.04800076804 2.4719868495609194e-12
13950.04800076804 2.1659808614594384e-12
14000.04800076804 2.603280894312042e-12
14050.04800076804 4.9087734927715646e-12
14100.04800076804 4.316424641360366e-12
14150.04800076804 1.0383165803732868e-11
14200.04800076804 6.269904853607705e-12
14250.04800076804 9.466119981153394e-12
14300.04800076804 3.692447014740739e-11
14350.04800076804 2.861959828076758e-11
14400.04800076804 3.0701954964146456e-11
14450.04800076804 5.8103344139610545e-11
14500.04800076804 1.4252910631314107e-10
14550.04800076804 1.5748654340447058e-10
14600.04800076804 3.2029017594515703e-10
14650.04800076804 2.4007577650699306e-10
14700.04800076804 1.238697046397963e-10
14750.04800076804 1.5322428504243046e-10
14800.04800076804 1.8837561466223226e-10
14850.04800076804 1.950801994532317e-10
14900.04800076804 2.402433754824683e-10
14950.04800076804 2.9323978641432265e-10
15000.04800076804 5.670850377693138e-10
15050.04800076804 5.856146354611732e-10
15100.04800076804 5.404400273645965e-10
15150.04800076804 4.4265735693066483e-10
15200.04800076804 7.28601423082692e-10
15250.04800076804 1.3424114557582807e-09
15300.04800076804 1.6493263708766697e-09
15350.04800076804 2.2119042580400995e-09
15400.04800076804 2.7074979952978143e-09
15450.04800076804 3.2869094502341157e-09
15500.04800076804 3.89422005996664e-09
15550.04800076804 5.2391341761517886e-09
15600.04800076804 6.548950533088677e-09
15650.04800076804 8.05512580332109e-09
15700.04800076804 1.0340545837449708e-08
15750.04800076804 1.1744289361151402e-08
15800.04800076804 1.2741202876798914e-08
15850.04800076804 1.414112965784375e-08
15900.04800076804 1.2919903152453602e-08
15950.04800076804 1.2202236801685405e-08
16000.04800076804 9.336030661321946e-09
16050.04800076804 5.659640829615031e-09
16100.04800076804 3.354433015869286e-09
16150.04800076804 1.6708312688163577e-09
16200.04800076804 8.082933669780846e-10
16250.04800076804 5.443812290844947e-10
16300.04800076804 3.3409711916157615e-10
16350.04800076804 4.226959189175829e-10
16400.04800076804 5.277990462184437e-10
16450.04800076804 4.95584944764727e-10
16500.04800076804 4.6507896063891304e-10
16550.04800076804 4.649022855995682e-10
16600.04800076804 7.827762900531171e-10
16650.04800076804 5.580542802605881e-10
16700.04800076804 6.550032888298208e-11
16750.04800076804 2.827927107394468e-10
16800.04800076804 4.5695897122824777e-10
16850.04800076804 4.707140009720059e-10
16900.04800076804 2.190346309762587e-10
16950.04800076804 1.5084138232558897e-10
17000.04800076804 7.323297702758736e-11
17050.04800076804 1.415902588676554e-10
17100.04800076804 2.523312382822932e-10
17150.04800076804 1.265840062776524e-10
17200.04800076804 4.771151614085938e-10
17250.04800076804 2.1484410620764848e-10
17300.04800076804 1.2821771546752683e-10
17350.04800076804 1.673967424346639e-10
17400.04800076804 2.770385637102486e-10
17450.04800076804 3.641257903590171e-10
17500.04800076804 5.136572485127849e-10
17550.04800076804 3.995418639851834e-10
17600.04800076804 2.932587468291657e-10
17650.04800076804 2.2233574039426147e-10
17700.04800076804 1.8957501448243868e-10
17750.04800076804 1.5584180868505246e-10
17800.04800076804 3.0610858544806755e-10
17850.04800076804 1.526185928887056e-10
17900.04800076804 1.1664986052459808e-10
17950.04800076804 6.670702238838124e-11
18000.04800076804 1.1929559971108973e-10
18050.04800076804 7.834624803855412e-11
18100.04800076804 8.069901228215024e-11
18150.04800076804 7.524823885436293e-11
18200.04800076804 4.060872069080396e-11
18250.04800076804 1.7948178232086033e-10
18300.04800076804 3.2522127354232357e-11
18350.04800076804 2.5289193943264293e-11
18400.04800076804 1.5699290177845452e-11
18450.04800076804 1.0112709886538896e-10
18500.04800076804 1.0092553122630063e-10
18550.04800076804 4.90561030371047e-11
18600.04800076804 7.101581637070953e-11
18650.04800076804 4.031289365248932e-11
18700.04800076804 1.0255475516532672e-11
18750.04800076804 2.3811216507464543e-11
18800.04800076804 2.1423327461416502e-10
18850.04800076804 1.7426901118878757e-10
18900.04800076804 1.6306897046498156e-10
18950.04800076804 3.3093742495453966e-10
19000.04800076804 7.590161310787779e-11
19050.04800076804 4.016714551610583e-11
19100.04800076804 1.2612974049145425e-10
19150.04800076804 5.1613784583232923e-11
19200.04800076804 1.218886379631154e-10
19250.04800076804 8.423626697144113e-11
19300.04800076804 4.8197941039942167e-11
19350.04800076804 6.58344207095111e-11
19400.04800076804 4.742170370156551e-11
19450.04800076804 9.797718323774087e-11
19500.04800076804 8.363073793277997e-11
19550.04800076804 8.940429104147173e-11
19600.04800076804 1.616455987270368e-10
19650.04800076804 1.7082298132914074e-10
19700.04800076804 2.0256418231919335e-10
19750.04800076804 3.0827150911548307e-10
19800.04800076804 2.839226101577428e-10
19850.04800076804 3.715422318719485e-10
19900.04800076804 4.2056658882669345e-10
19950.04800076804 5.768333449703766e-10
20000.04800076804 6.128957752785904e-10
20050.04800076804 5.554909027656806e-10
20100.04800076804 8.292392204014589e-10
20150.04800076804 5.74801151077468e-10
20200.04800076804 5.306200062981783e-10
20250.04800076804 7.957429646215049e-10
20300.04800076804 7.991488756617337e-10
20350.04800076804 8.993668549260151e-10
20400.04800076804 7.645684308279849e-10
20450.04800076804 1.1149756762165441e-09
20500.04800076804 1.1482735158673984e-09
20550.04800076804 1.185872883700196e-09
20600.04800076804 1.2434309432624214e-09
20650.04800076804 1.283888955772237e-09
20700.04800076804 1.268036539280372e-09
20750.04800076804 1.3366852154278711e-09
20800.04800076804 1.2542833019767145e-09
20850.04800076804 1.3164528556179185e-09
20900.04800076804 1.3160940766862451e-09
20950.04800076804 1.2520546821259586e-09
21000.04800076804 1.2176181674863775e-09
21050.04800076804 1.1989179346551987e-09
21100.04800076804 1.1524226713693716e-09
21150.04800076804 1.1373491871142676e-09
21200.04800076804 1.0725451032546766e-09
21250.04800076804 1.016448145066757e-09
21300.04800076804 9.109290437969722e-10
21350.04800076804 8.914642787650585e-10
21400.04800076804 8.804796224421657e-10
21450.04800076804 7.222284390183959e-10
21500.04800076804 7.20192466392048e-10
21550.04800076804 6.903033314697963e-10
21600.04800076804 6.143233750618829e-10
21650.04800076804 5.177498502282063e-10
21700.04800076804 5.195746825966437e-10
21750.04800076804 5.526132235723264e-10
21800.04800076804 4.6022240104584894e-10
21850.04800076804 4.08811078629858e-10
21900.04800076804 3.3915484319691396e-10
21950.04800076804 1.2342247214362004e-10
22000.04800076804 1.8208511206592385e-11
22050.04800076804 3.277720674064676e-11
22100.04800076804 1.3362719748205352e-10
22150.04800076804 1.0525083645407033e-10
22200.04800076804 8.262188255837766e-11
22250.04800076804 8.138827646595136e-11
22300.04800076804 3.84701174177834e-11
22350.04800076804 5.145294507195563e-11
22400.04800076804 2.1622638766016703e-11
22450.04800076804 2.4543469502390865e-11
22500.04800076804 2.502432958896602e-11
22550.04800076804 1.2126447894143071e-11
22600.04800076804 1.498138761040107e-11
22650.04800076804 3.128288783946457e-11
22700.04800076804 1.7299864930203858e-11
22750.04800076804 1.4188819266073659e-11
22800.04800076804 2.2726982655961804e-11
22850.04800076804 1.9721577084120756e-11
22900.04800076804 9.449062053589437e-12
22950.04800076804 6.118440320671162e-12
23000.04800076804 1.3194850268645693e-11
23050.04800076804 1.4287813909511139e-11
23100.04800076804 8.89047999919187e-11
23150.04800076804 9.360698069405998e-11
23200.04800076804 3.2528101780785205e-12
23250.04800076804 1.1049418559281905e-11
23300.04800076804 1.614256453381705e-11
23350.04800076804 1.2048165114870797e-11
23400.04800076804 1.6782571508242267e-11
23450.04800076804 7.166821038077697e-12
23500.04800076804 8.444912755399389e-12
23550.04800076804 1.720106213612318e-11
23600.04800076804 3.286633754457792e-11
23650.04800076804 3.976989098653326e-11
23700.04800076804 7.474031681558548e-12
23750.04800076804 8.27570528906494e-12
23800.04800076804 3.770079428963537e-11
23850.04800076804 2.3313026539467634e-11
23900.04800076804 5.538222026853668e-11
23950.04800076804 3.033060624297914e-11
24000.04800076804 6.661149692093218e-11
24050.04800076804 7.973048808242024e-11
24100.04800076804 8.204584264533838e-11
24150.04800076804 1.2662976140948035e-10
24200.04800076804 9.497365353781468e-11
24250.04800076804 5.642524290545003e-11
24300.04800076804 1.4838445814089355e-10
24350.04800076804 8.875209615567968e-11
24400.04800076804 2.2311754911561845e-10
24450.04800076804 2.250613142018216e-10
24500.04800076804 2.024303485543039e-10
24550.04800076804 3.456485508941689e-10
24600.04800076804 4.235547610984368e-10
24650.04800076804 5.023275815104228e-10
24700.04800076804 3.5415774841560285e-10
24750.04800076804 4.5511812044592865e-10
24800.04800076804 3.852974436212344e-10
24850.04800076804 6.041532007571061e-10
24900.04800076804 2.2765316812487098e-10
24950.04800076804 4.675266926450397e-10
25000.04800076804 4.852949886611105e-10
25050.04800076804 2.663712180043459e-10
25100.04800076804 4.2970461127264233e-10
25150.04800076804 1.761208948753704e-10
25200.04800076804 2.7248036008801437e-10
25250.04800076804 1.0047949761944448e-10
25300.04800076804 1.4076370416495556e-10
25350.04800076804 5.6471499181649224e-11
25400.04800076804 1.684644226420383e-10
25450.04800076804 5.162035463137693e-11
25500.04800076804 3.948049208874583e-11
25550.04800076804 9.432106310578069e-11
25600.04800076804 3.129719676049759e-11
25650.04800076804 2.0166880938861678e-11
25700.04800076804 2.2663713527871328e-11
25750.04800076804 7.699688892323411e-12
25800.04800076804 4.3487062945252793e-11
25850.04800076804 6.123954553662712e-12
25900.04800076804 1.0438786534118254e-11
25950.04800076804 2.569377223693189e-12
26000.04800076804 3.4091802009251325e-11
26050.04800076804 3.6037888318949515e-12
26100.04800076804 2.4145675299364803e-11
26150.04800076804 9.065766223016245e-12
26200.04800076804 1.1467411958667684e-11
26250.04800076804 9.368275752059146e-11
26300.04800076804 1.5822965748531804e-11
26350.04800076804 1.4937229458004088e-10
26400.04800076804 2.838839692497407e-10
26450.04800076804 1.4667652490819066e-10
26500.04800076804 3.6456803387056893e-10
26550.04800076804 3.809645812401995e-11
26600.04800076804 3.4225018680389116e-11
26650.04800076804 5.789815405082826e-12
26700.04800076804 2.5147397697957464e-12
26750.04800076804 5.5452389552417475e-12
26800.04800076804 1.484620401576831e-11
26850.04800076804 1.0032598736650774e-11
26900.04800076804 4.966782017635187e-11
26950.04800076804 1.3883157396691917e-11
27000.04800076804 8.195886654560824e-11
27050.04800076804 1.0165754098400655e-10
27100.04800076804 1.2082560803375295e-11
27150.04800076804 1.3052747998572646e-10
27200.04800076804 1.0833566077863648e-11
27250.04800076804 3.925944663130301e-11
27300.04800076804 3.7296204228653423e-10
27350.04800076804 1.0520431094381488e-10
27400.04800076804 5.189078829524768e-12
27450.04800076804 1.5115357055953658e-10
27500.04800076804 2.1696060725773e-10
27550.04800076804 2.5141522956717442e-11
27600.04800076804 8.140823828410292e-11
27650.04800076804 2.0203240558921886e-11
27700.04800076804 1.865004423520244e-11
27750.04800076804 1.2397913274085145e-10
27800.04800076804 3.969842497745797e-11
27850.04800076804 6.225710453993966e-11
27900.04800076804 9.081801915213373e-11
27950.04800076804 2.3030540452398768e-10
28000.04800076804 1.7734245235146578e-10
28050.04800076804 2.5044547492881988e-11
28100.04800076804 2.8729647327317366e-10
28150.04800076804 1.7950616789574866e-10
28200.04800076804 4.3785401003671453e-11
28250.04800076804 3.7247101240855536e-10
28300.04800076804 5.106449891263535e-10
28350.04800076804 5.810523808582059e-11
28400.04800076804 2.7514571956673974e-10
28450.04800076804 6.383885335018406e-10
28500.04800076804 2.635583589647682e-10
28550.04800076804 6.552673344997295e-11
28600.04800076804 4.779992124567216e-10
28650.04800076804 4.4075864644363293e-10
28700.04800076804 4.046751034096422e-10
28750.04800076804 9.47268269989631e-10
28800.04800076804 6.569917503833606e-10
28850.04800076804 8.599504986070068e-10
28900.04800076804 4.218316162795115e-10
28950.04800076804 1.175283157955531e-09
29000.04800076804 7.641975901127565e-10
29050.04800076804 8.188859452822908e-10
29100.04800076804 6.475428221198766e-10
29150.04800076804 1.2810512692049637e-09
29200.04800076804 1.0842881801680584e-09
29250.04800076804 1.4869165468234604e-09
29300.04800076804 7.910902332804125e-10
29350.04800076804 3.6264580480196412e-09
29400.04800076804 7.537410527941516e-10
29450.04800076804 8.512214992697519e-10
29500.04800076804 2.3739577733814574e-09
29550.04800076804 1.0164573324095276e-09
29600.04800076804 1.835098046536828e-09
29650.04800076804 3.0916527252387336e-09
29700.04800076804 7.316597527810528e-10
29750.04800076804 1.811068663910031e-09
29800.04800076804 1.6301170682530367e-09
29850.04800076804 3.3741918209257216e-09
29900.04800076804 2.9959021087487674e-09
29950.04800076804 2.004633853074992e-09
30000.04800076804 2.2581475222692438e-10
30050.04800076804 6.626041961798865e-10
30100.04800076804 1.6486562111392742e-09
30150.04800076804 3.1839459106631798e-09
30200.04800076804 1.6539585986307073e-09
30250.04800076804 5.013898923549255e-09
30300.04800076804 4.762022194848174e-09
30350.04800076804 1.6021383312358403e-09
30400.04800076804 4.765911785918479e-09
30450.04800076804 3.1531573177301378e-09
30500.04800076804 2.4133847328290098e-09
30550.04800076804 1.6791710471425884e-09
30600.04800076804 6.951267708878877e-09
30650.04800076804 3.734122555762183e-09
30700.04800076804 2.674236496453024e-09
30750.04800076804 4.034119050787704e-09
30800.04800076804 2.6895084512683872e-09
30850.04800076804 3.5734377840307184e-09
30900.04800076804 2.8099179800237432e-09
30950.04800076804 1.3065274914467273e-09
31000.04800076804 2.359311665690614e-09
31050.04800076804 1.895625894109312e-09
31100.04800076804 1.1259628422200632e-09
31150.04800076804 1.7515340151512322e-09
31200.04800076804 3.458144631762649e-09
31250.04800076804 1.372694180242329e-09
31300.04800076804 1.1252261113538119e-09
31350.04800076804 1.943959350969399e-09
31400.04800076804 1.0678555461508642e-09
31450.04800076804 1.430454305661685e-09
31500.04800076804 5.892077368750527e-10
31550.04800076804 7.256540320788915e-10
31600.04800076804 5.659683070103136e-10
31650.04800076804 4.5127988167375716e-10
31700.04800076804 5.434883816814976e-10
31750.04800076804 1.7535537956482997e-10
31800.04800076804 4.890376052019254e-10
31850.04800076804 1.0494520212974799e-10
31900.04800076804 2.603850095500185e-10
31950.04800076804 1.4220873581353184e-10
32000.04800076804 1.2589031308076699e-10
32050.04800076804 1.283930449041714e-10
32100.04800076804 9.69701490684295e-11
32150.04800076804 1.247036331133696e-10
32200.04800076804 6.461955452405833e-11
32250.04800076804 1.7251673406830633e-10
32300.04800076804 4.781795945633053e-11
32350.04800076804 1.8223039396335984e-10
32400.04800076804 3.9946401243410605e-11
32450.04800076804 1.1805784751112582e-10
32500.04800076804 4.724626178131072e-11
32550.04800076804 1.2057221379979955e-10
32600.04800076804 4.9626716253587764e-11
32650.04800076804 2.3183598141425608e-10
32700.04800076804 7.647298768906653e-11
32750.04800076804 4.6319205882964837e-10
32800.04800076804 2.611140354099653e-10
32850.04800076804 8.00777590314199e-10
32900.04800076804 6.601047620998445e-10
32950.04800076804 7.577752739688958e-10
33000.04800076804 2.8384731257390247e-10
33050.04800076804 3.247866017782437e-10
33100.04800076804 8.847871985091265e-11
33150.04800076804 8.942650604735874e-14
33200.04800076804 3.180014696181301e-12
33250.04800076804 4.888354392606901e-12
33300.04800076804 3.248377462259004e-11
33350.04800076804 1.0240680830465868e-10
33400.04800076804 2.851977091261932e-10
33450.04800076804 1.519025086212833e-10
33500.04800076804 5.743454611219456e-10
33550.04800076804 1.7999487444423507e-10
33600.04800076804 2.887724468968416e-10
33650.04800076804 2.83194535010176e-10
33700.04800076804 1.3687061931085798e-10
33750.04800076804 3.9430098950749117e-10
33800.04800076804 6.141147113982758e-11
33850.04800076804 2.175403936997877e-10
33900.04800076804 2.485927969467814e-10
33950.04800076804 2.0830346006544457e-10
34000.04800076804 4.4435965189415276e-10
34050.04800076804 6.925247947461364e-11
34100.04800076804 3.448081499246133e-10
34150.04800076804 1.4779659194976888e-10
34200.04800076804 3.4449008803315036e-10
34250.04800076804 2.3343231143981895e-10
34300.04800076804 2.2653166020169705e-10
34350.04800076804 6.081371235805062e-10
34400.04800076804 1.648412716434964e-10
34450.04800076804 5.357665757030816e-10
34500.04800076804 2.615207900737889e-10
34550.04800076804 2.2696220700760368e-10
34600.04800076804 9.43968733198618e-10
34650.04800076804 1.4240333040264375e-10
34700.04800076804 4.5923102875558676e-10
34750.04800076804 3.6771317074601473e-10
34800.04800076804 3.1175089688271735e-10
34850.04800076804 9.227373823591068e-10
34900.04800076804 2.817307673169223e-10
34950.04800076804 6.400442849608373e-10
35000.04800076804 1.4037765864567336e-09
35050.04800076804 7.018134985045868e-10
35100.04800076804 1.6558464754557667e-09
35150.04800076804 1.4619624787464089e-09
35200.04800076804 1.2158017418362007e-09
35250.04800076804 1.7385429580486853e-09
35300.04800076804 7.641114399513876e-10
35350.04800076804 1.2491477373005714e-09
35400.04800076804 8.874916452638499e-10
35450.04800076804 7.073273103749699e-10
35500.04800076804 2.8952705720761385e-09
35550.04800076804 1.4848449362932987e-09
35600.04800076804 1.996897989842704e-09
35650.04800076804 2.2336984039448803e-09
35700.04800076804 1.8176770796046731e-09
35750.04800076804 3.4938390293333073e-09
35800.04800076804 1.985869863181289e-09
35850.04800076804 9.275126146409973e-10
35900.04800076804 1.7820493303364046e-09
35950.04800076804 2.1271197393644834e-09
36000.04800076804 1.247761397940707e-09
36050.04800076804 1.6159374011774452e-09
36100.04800076804 1.4464403874746704e-09
36150.04800076804 3.919433975120713e-09
36200.04800076804 3.418621111904714e-09
36250.04800076804 2.7448143704435797e-09
36300.04800076804 5.3737554901070056e-09
36350.04800076804 3.119104920054457e-09
36400.04800076804 5.926649106943044e-09
36450.04800076804 3.98952635945863e-09
36500.04800076804 4.459747389680831e-09
36550.04800076804 8.474725743003995e-09
36600.04800076804 8.639689953168134e-09
36650.04800076804 6.440263100647751e-09
36700.04800076804 7.035622047782778e-09
36750.04800076804 8.621967120314675e-09
36800.04800076804 9.122090331866808e-09
36850.04800076804 4.507775578492289e-09
36900.04800076804 7.271595821390745e-09
36950.04800076804 8.985081440344454e-09
37000.04800076804 6.304520468762664e-09
37050.04800076804 1.0583400241509898e-08
37100.04800076804 6.558822801531375e-09
37150.04800076804 7.954637220218952e-09
37200.04800076804 1.0520990024003212e-08
37250.04800076804 7.48063139738106e-09
37300.04800076804 6.113885082905399e-09
37350.04800076804 9.839339277850185e-09
37400.04800076804 1.4127196800442414e-08
37450.04800076804 5.448247299258111e-09
37500.04800076804 8.722650055192535e-09
37550.04800076804 1.6974141430157727e-08
37600.04800076804 2.360590364687325e-08
37650.04800076804 9.382973113177422e-09
37700.04800076804 1.5284609061792144e-08
37750.04800076804 9.735428141718063e-09
37800.04800076804 1.0335934686565826e-08
37850.04800076804 5.990676806532017e-09
37900.04800076804 8.047104433793446e-09
37950.04800076804 1.3530613200370684e-08
38000.04800076804 1.4867602240877054e-08
38050.04800076804 1.9288088249986467e-08
38100.04800076804 2.2709569039278732e-08
38150.04800076804 2.286381302951754e-08
38200.04800076804 2.107208770812527e-08
38250.04800076804 2.24638978711669e-08
38300.04800076804 3.995240844342077e-08
38350.04800076804 3.149131934464812e-08
38400.04800076804 1.436802254265146e-08
38450.04800076804 8.66360338143705e-09
38500.04800076804 4.9935531741305225e-09
38550.04800076804 1.4024649936831324e-08
38600.04800076804 1.7123344436190728e-08
38650.04800076804 2.2397316858883458e-08
38700.04800076804 2.0149455453342294e-08
38750.04800076804 2.3306876036716382e-08
38800.04800076804 1.6834612349914684e-08
38850.04800076804 2.5907856696113997e-08
38900.04800076804 2.7327094712890908e-08
38950.04800076804 1.7005511539692528e-08
39000.04800076804 3.186513865903662e-08
39050.04800076804 1.838461809037432e-08
39100.04800076804 2.7983484497746135e-08
39150.04800076804 2.945538872742396e-08
39200.04800076804 2.118476594700756e-08
39250.04800076804 3.332581125166974e-08
39300.04800076804 2.6248227399325455e-08
39350.04800076804 4.922095516001282e-08
39400.04800076804 3.1500376661181324e-08
39450.04800076804 3.6234551781069686e-08
39500.04800076804 4.125453215373332e-08
39550.04800076804 2.5921638840242227e-08
39600.04800076804 3.834083430349423e-08
39650.04800076804 5.58900604062241e-08
39700.04800076804 4.051919133289709e-08
39750.04800076804 1.975256505588152e-08
39800.04800076804 2.6900309042064502e-08
39850.04800076804 5.4304568182233074e-08
39900.04800076804 5.919998141875399e-08
39950.04800076804 3.43512903042565e-08
40000.04800076804 5.8284142965062846e-08
40050.04800076804 5.3193319891990906e-08
40100.04800076804 2.0458344398799785e-08
40150.04800076804 5.332979009931689e-08
40200.04800076804 5.8028745904086854e-08
40250.04800076804 6.43189421509259e-08
40300.04800076804 6.281709199141437e-08
40350.04800076804 3.409126282533082e-08
40400.04800076804 5.962457515421672e-08
40450.04800076804 3.426005468971565e-08
40500.04800076804 6.927644163332416e-08
40550.04800076804 6.157713705429417e-08
40600.04800076804 5.8221729062040736e-08
40650.04800076804 4.694661420957877e-08
40700.04800076804 9.694805727049358e-08
40750.04800076804 6.539258857656816e-08
40800.04800076804 3.6216478285623273e-08
40850.04800076804 9.451618545887902e-08
40900.04800076804 8.461409545797116e-08
40950.04800076804 5.419384493125198e-08
41000.04800076804 6.850496257234405e-08
41050.04800076804 1.0112267186065978e-07
41100.04800076804 6.936448191815277e-08
41150.04800076804 3.201270871867879e-08
41200.04800076804 9.912892259107907e-08
41250.04800076804 7.668988244008595e-08
41300.04800076804 7.927255241075486e-08
41350.04800076804 1.0803175309903885e-07
41400.04800076804 8.459599415744567e-08
41450.04800076804 9.834598212137659e-08
41500.04800076804 6.263822178674932e-08
41550.04800076804 5.510877039230488e-08
41600.04800076804 7.746815611157368e-08
41650.04800076804 9.776793437199203e-08
41700.04800076804 9.788696321273837e-08
41750.04800076804 8.297874962171126e-08
41800.04800076804 1.1333803071581164e-07
41850.04800076804 7.126999666368938e-08
41900.04800076804 6.354169238016522e-08
41950.04800076804 8.249129022410872e-08
42000.04800076804 9.045166778313877e-08
42050.04800076804 7.694826258735358e-08
42100.04800076804 1.057808088485666e-07
42150.04800076804 7.97980817823508e-08
42200.04800076804 8.550262173193844e-08
42250.04800076804 6.687878690453238e-08
42300.04800076804 6.032554628078201e-08
42350.04800076804 9.088475625614619e-08
42400.04800076804 1.0467088675676886e-07
42450.04800076804 9.663580026175213e-08
42500.04800076804 9.039892311460431e-08
42550.04800076804 8.307089331130708e-08
42600.04800076804 8.103800201093976e-08
42650.04800076804 1.280129254633624e-07
42700.04800076804 5.612332842744155e-08
42750.04800076804 7.60153392969239e-08
42800.04800076804 9.238606345907584e-08
42850.04800076804 1.0513425055194796e-07
42900.04800076804 1.1650843780542167e-07
42950.04800076804 8.183162803343709e-08
43000.04800076804 1.0600028522335605e-07
43050.04800076804 4.476597238542666e-08
43100.04800076804 7.757381976715371e-08
43150.04800076804 7.633127250847081e-08
43200.04800076804 9.864231294621422e-08
43250.04800076804 1.4284758181053093e-07
43300.04800076804 1.2737826679065655e-07
43350.04800076804 6.658489336428712e-08
43400.04800076804 9.321812878459754e-08
43450.04800076804 6.337191875357358e-08
43500.04800076804 7.501766159620142e-08
43550.04800076804 7.171168995328914e-08
43600.04800076804 1.0905866968232436e-07
43650.04800076804 5.644334518418761e-08
43700.04800076804 1.2694634606135868e-07
43750.04800076804 1.190012873184255e-07
43800.04800076804 9.126000305118068e-08
43850.04800076804 9.521131501981695e-08
43900.04800076804 7.627506573943144e-08
43950.04800076804 5.2248769279627886e-08
44000.04800076804 4.365067195105257e-08
44050.04800076804 1.055736342319567e-07
44100.04800076804 1.415020094746964e-07
44150.04800076804 1.3046379005312003e-07
44200.04800076804 1.1451025379604153e-07
44250.04800076804 6.581147163993024e-08
44300.04800076804 4.964310437013152e-08
44350.04800076804 5.556391476087373e-08
44400.04800076804 5.615350710933331e-08
44450.04800076804 8.352966462628451e-08
44500.04800076804 6.945800381791137e-08
44550.04800076804 9.993091377091748e-08
44600.04800076804 6.933223127466186e-08
44650.04800076804 8.324938251586357e-08
44700.04800076804 5.671004154465813e-08
44750.04800076804 7.410230316363026e-08
44800.04800076804 5.226916265631697e-08
44850.04800076804 7.072487758695178e-08
44900.04800076804 5.3550719231246136e-08
44950.04800076804 5.0046552955507296e-08
45000.04800076804 6.510118749480737e-08
45050.04800076804 6.412421395066019e-08
45100.04800076804 6.248130832268486e-08
45150.04800076804 4.680673436120352e-08
45200.04800076804 2.7708296575841533e-08
45250.04800076804 3.2335371840933715e-08
45300.04800076804 4.326926842686911e-08
45350.04800076804 3.755640077867468e-08
45400.04800076804 4.351231531170079e-08
45450.04800076804 3.825423405784934e-08
45500.04800076804 4.41289123278992e-08
45550.04800076804 4.9767317945736e-08
45600.04800076804 3.7575756337758504e-08
45650.04800076804 3.567130844381057e-08
45700.04800076804 3.7882972336991344e-08
45750.04800076804 2.6811904383105843e-08
45800.04800076804 3.1768343144243044e-08
45850.04800076804 4.3848862469844875e-08
45900.04800076804 5.2144349525455654e-08
45950.04800076804 2.8929432080126328e-08
46000.04800076804 4.814829340349776e-08
46050.04800076804 4.773198108986816e-08
46100.04800076804 3.391140547804611e-08
46150.04800076804 4.146447296883481e-08
46200.04800076804 3.209256766586504e-08
46250.04800076804 1.6093317138464637e-08
46300.04800076804 5.119562022093164e-08
46350.04800076804 3.5945905479843466e-08
46400.04800076804 4.7680822292461734e-08
46450.04800076804 5.6898086686323856e-08
46500.04800076804 4.319298439188901e-08
46550.04800076804 3.4571909603730834e-08
46600.04800076804 4.203350515756917e-08
46650.04800076804 9.545301719423271e-08
46700.04800076804 5.575249366125368e-08
46750.04800076804 2.8804620782202306e-08
46800.04800076804 1.6308672320227928e-08
46850.04800076804 6.215493691954594e-08
46900.04800076804 5.408743661865293e-08
46950.04800076804 7.14863005078663e-08
47000.04800076804 3.7600460723460065e-08
47050.04800076804 5.724770249847475e-08
47100.04800076804 2.0451045180547733e-08
47150.04800076804 3.791550396270945e-08
47200.04800076804 5.290037748434169e-08
47250.04800076804 2.8366033837994382e-08
47300.04800076804 2.6202259104165993e-08
47350.04800076804 3.6179426020236536e-08
47400.04800076804 6.853441831761025e-08
47450.04800076804 3.009479796560893e-08
47500.04800076804 8.121545271348746e-08
47550.04800076804 3.7778405083448286e-08
47600.04800076804 6.240434375128348e-08
47650.04800076804 3.020412584961759e-08
47700.04800076804 5.821982588639869e-08
47750.04800076804 2.4053069907330932e-08
47800.04800076804 3.437262095257253e-08
47850.04800076804 1.5150354819237217e-08
47900.04800076804 2.500328033866795e-08
47950.04800076804 4.201195671599469e-08
48000.04800076804 7.83641764852443e-08
48050.04800076804 4.73358856700383e-08
48100.04800076804 3.3330845555659095e-08
48150.04800076804 3.900908745499586e-08
48200.04800076804 4.484188867404692e-08
48250.04800076804 3.8966195993390796e-08
48300.04800076804 8.507116224862139e-08
48350.04800076804 3.338380537792796e-08
48400.04800076804 1.4931385914433738e-08
48450.04800076804 2.5741949014350293e-08
48500.04800076804 5.127116913141176e-08
48550.04800076804 3.524817341542788e-08
48600.04800076804 7.020010345395308e-08
48650.04800076804 5.6741835903353217e-08
48700.04800076804 6.566178791799893e-08
48750.04800076804 4.0571304472019775e-08
48800.04800076804 7.426109430514418e-08
48850.04800076804 4.135987521664919e-08
48900.04800076804 4.974178323333459e-08
48950.04800076804 3.2565334054381535e-08
49000.04800076804 2.0196903807607336e-08
49050.04800076804 5.554451291979789e-08
49100.04800076804 5.544779695401843e-08
49150.04800076804 5.896730637917795e-08
49200.04800076804 6.696995887595983e-08
49250.04800076804 8.681947311075246e-08
49300.04800076804 6.148561160023761e-08
49350.04800076804 2.746671501563284e-08
49400.04800076804 4.0561371678207724e-08
49450.04800076804 4.091437930094319e-08
49500.04800076804 3.45703906595069e-08
49550.04800076804 6.8663186836354284e-09
49600.04800076804 2.043368203386899e-08
49650.04800076804 4.16877884810016e-08
49700.04800076804 5.1327723269537e-08
49750.04800076804 5.462376162595396e-08
49800.04800076804 3.168388360463967e-08
49850.04800076804 7.371746627811625e-08
49900.04800076804 6.55211139072029e-08
49950.04800076804 6.159127396018946e-08
50000.04800076804 4.931806602937776e-08
50050.04800076804 5.80991854556333e-08
50100.04800076804 4.840143257415802e-08
50150.04800076804 2.0303758516829643e-08
50200.04800076804 4.080616922159418e-09
50250.04800076804 2.2840912000262518e-08
50300.04800076804 1.6077765107696254e-08
50350.04800076804 5.416022549313476e-08
50400.04800076804 6.145474639587078e-08
50450.04800076804 4.5262263477972605e-08
50500.04800076804 7.00718975743034e-08
50550.04800076804 7.220558405958971e-08
50600.04800076804 4.873963685147692e-08
50650.04800076804 7.138690567593184e-08
50700.04800076804 7.76304828688206e-08
50750.04800076804 4.664665788319032e-08
50800.04800076804 1.532844908695604e-08
50850.04800076804 7.740476302744701e-09
50900.04800076804 4.8876229924930356e-08
50950.04800076804 5.057892668775732e-08
51000.04800076804 3.515152194255405e-08
51050.04800076804 5.279437281653018e-08
51100.04800076804 1.5687954795527018e-08
51150.04800076804 2.0889099707360848e-08
51200.04800076804 7.158713587543864e-08
51250.04800076804 4.607402096819186e-08
51300.04800076804 3.315755061896495e-08
51350.04800076804 3.287281538130713e-08
51400.04800076804 1.007781619635225e-08
51450.04800076804 8.409619959742228e-09
51500.04800076804 7.3743513370368985e-09
51550.04800076804 2.681332694841747e-08
51600.04800076804 2.639784519574348e-08
51650.04800076804 3.9721947331338844e-08
51700.04800076804 3.652298461113656e-08
51750.04800076804 2.2033564235275796e-08
51800.04800076804 5.2253999228057006e-08
51850.04800076804 4.2357519067741556e-08
51900.04800076804 4.719615079060994e-08
51950.04800076804 2.4500187657282768e-08
52000.04800076804 2.7180343920309318e-09
52050.04800076804 1.2866011433285747e-08
52100.04800076804 7.799252661857316e-09
52150.04800076804 4.236028509559146e-09
52200.04800076804 1.2724181989939583e-08
52250.04800076804 2.575580832618875e-08
52300.04800076804 3.377564277961661e-08
52350.04800076804 8.911329605406261e-09
52400.04800076804 9.969182325101677e-09
52450.04800076804 3.785762630980851e-08
52500.04800076804 3.125809196459002e-08
52550.04800076804 3.4486283449850056e-08
52600.04800076804 2.8197522800452096e-08
52650.04800076804 2.936222920652219e-08
52700.04800076804 2.087032655602565e-08
52750.04800076804 8.502057485250097e-09
52800.04800076804 1.3901332968112872e-08
52850.04800076804 1.7891562926387674e-08
52900.04800076804 6.9730159343978185e-09
52950.04800076804 1.2010285434294441e-08
53000.04800076804 2.8966867307333383e-08
53050.04800076804 8.243456138188291e-09
53100.04800076804 3.7057440007049346e-08
53150.04800076804 4.260041013476003e-08
53200.04800076804 1.569604840198066e-08
53250.04800076804 3.7671754094926025e-08
53300.04800076804 3.858856776936512e-08
53350.04800076804 3.741459420287218e-08
53400.04800076804 2.251194685475074e-08
53450.04800076804 5.5377278521564795e-09
53500.04800076804 1.3068903021089854e-09
53550.04800076804 3.0173641553950094e-09
53600.04800076804 1.3622147053263058e-08
53650.04800076804 1.6624091307304466e-08
53700.04800076804 1.3348741776205737e-08
53750.04800076804 1.1905677290145948e-08
53800.04800076804 1.1124086235834483e-08
53850.04800076804 1.9260322721989525e-08
53900.04800076804 3.211404475369302e-08
53950.04800076804 2.989058966527967e-08
54000.04800076804 1.8877373379451173e-08
54050.04800076804 2.0364646625920135e-08
54100.04800076804 4.032644146972302e-09
54150.04800076804 5.863418453076248e-09
54200.04800076804 9.638837334688763e-10
54250.04800076804 2.740251715607423e-09
54300.04800076804 8.780267248439333e-09
54350.04800076804 1.372683995530396e-08
54400.04800076804 1.0445457688921637e-08
54450.04800076804 9.504262318196729e-09
54500.04800076804 8.910833467794407e-09
54550.04800076804 8.92570223081944e-09
54600.04800076804 7.371029685747883e-09
54650.04800076804 8.735277174345648e-10
54700.04800076804 7.741887919332369e-09
54750.04800076804 7.792582679815173e-09
54800.04800076804 4.06367735692667e-09
54850.04800076804 7.1019265293304855e-09
54900.04800076804 1.3497078394135758e-08
54950.04800076804 2.2760480644288555e-08
55000.04800076804 6.7725906415094e-09
55050.04800076804 1.0013078636169412e-08
55100.04800076804 1.4561489228341565e-08
55150.04800076804 6.388425636315054e-09
55200.04800076804 4.364684608947773e-09
55250.04800076804 7.416133715486515e-09
55300.04800076804 4.962858988273091e-09
55350.04800076804 1.0235756325582407e-08
55400.04800076804 1.1266002070585686e-08
55450.04800076804 7.050052316228879e-09
55500.04800076804 2.602497799957841e-09
55550.04800076804 2.0934731362938195e-09
55600.04800076804 4.709398116577298e-09
55650.04800076804 4.362614897426328e-09
55700.04800076804 4.32509930785985e-09
55750.04800076804 3.2331460272344147e-09
55800.04800076804 1.2004149025604577e-09
55850.04800076804 2.547478524285189e-09
55900.04800076804 7.1775322544973616e-09
55950.04800076804 1.1694055280179103e-08
56000.04800076804 4.039983807764386e-09
56050.04800076804 4.665505513795523e-09
56100.04800076804 7.612338751276591e-09
56150.04800076804 2.6863229781772545e-09
56200.04800076804 4.547890258424513e-09
56250.04800076804 9.633705447305462e-09
56300.04800076804 5.301382763659975e-09
56350.04800076804 2.78281602537016e-09
56400.04800076804 7.765660086199295e-10
56450.04800076804 7.866927864517386e-10
56500.04800076804 4.102790414107195e-09
56550.04800076804 1.5827212483192268e-09
56600.04800076804 6.768922634816378e-09
56650.04800076804 8.341148518251898e-09
56700.04800076804 5.144508366603949e-09
56750.04800076804 1.5477338720450298e-09
56800.04800076804 3.275059729885597e-09
56850.04800076804 5.093310608297904e-09
56900.04800076804 2.5701613139414486e-09
56950.04800076804 6.304078770891823e-09
57000.04800076804 8.568704202907578e-09
57050.04800076804 3.6726737666143203e-09
57100.04800076804 9.165263245410603e-10
57150.04800076804 1.841141025083273e-09
57200.04800076804 1.3368872312796168e-09
57250.04800076804 2.1989348770470403e-09
57300.04800076804 3.7060544861502944e-09
57350.04800076804 1.6603847401132427e-09
57400.04800076804 5.456515975354612e-09
57450.04800076804 2.085272758512249e-09
57500.04800076804 1.9648177326931118e-09
57550.04800076804 3.17133982431829e-09
57600.04800076804 2.5038092598674566e-09
57650.04800076804 4.5048073044389926e-10
57700.04800076804 1.1355133712633096e-09
57750.04800076804 2.939418229807773e-09
57800.04800076804 1.0147263813990233e-09
57850.04800076804 8.800555247137217e-09
57900.04800076804 1.1195271257720194e-08
57950.04800076804 1.2745832767793905e-08
58000.04800076804 2.7909891480575022e-09
58050.04800076804 6.150096557963141e-09
58100.04800076804 4.808656972119439e-09
58150.04800076804 2.8821758800289806e-09
58200.04800076804 4.249561032205812e-10
58250.04800076804 1.0848052369983754e-09
58300.04800076804 1.2064659269357325e-09
58350.04800076804 1.7080844156602424e-09
58400.04800076804 5.071373846732699e-09
58450.04800076804 6.098546168954438e-09
58500.04800076804 6.547674546486075e-09
58550.04800076804 4.135668245389518e-09
58600.04800076804 1.255041465320995e-09
58650.04800076804 2.0084054331332305e-09
58700.04800076804 3.13418725252665e-09
58750.04800076804 2.3243973222526577e-09
58800.04800076804 1.601973133577115e-10
58850.04800076804 1.2761717659094394e-09
58900.04800076804 1.7959351716109513e-09
58950.04800076804 6.909319155492548e-10
59000.04800076804 2.1863855243822745e-09
59050.04800076804 4.0709238250577345e-09
59100.04800076804 3.42880972860743e-09
59150.04800076804 2.6617816564648284e-09
59200.04800076804 4.05192323964709e-09
59250.04800076804 4.180426943689884e-09
59300.04800076804 2.8522443617825354e-09
59350.04800076804 2.7959011803940134e-10
59400.04800076804 4.821621092576999e-10
59450.04800076804 3.336179574042854e-09
59500.04800076804 2.0026373550457194e-09
59550.04800076804 4.05795728749865e-09
59600.04800076804 5.307409154283979e-09
59650.04800076804 2.152173865794225e-09
59700.04800076804 1.3230954194682817e-09
59750.04800076804 5.908537160010969e-09
59800.04800076804 2.2970162531202556e-09
59850.04800076804 2.860071372020306e-09
59900.04800076804 7.494092901161168e-10
59950.04800076804 2.7279773971509984e-09
60000.04800076804 6.852836602751821e-09
60050.04800076804 8.622236767549804e-09
60100.04800076804 4.644739883258182e-09
60150.04800076804 1.453076050558107e-09
60200.04800076804 4.18425581973748e-09
60250.04800076804 9.105213048459772e-09
60300.04800076804 7.820875762422096e-09
60350.04800076804 4.351456351711739e-09
60400.04800076804 3.244697972698331e-09
60450.04800076804 5.205869051543029e-10
60500.04800076804 1.0633908927486703e-10
60550.04800076804 2.2958024816934783e-09
60600.04800076804 4.255429905916577e-09
60650.04800076804 2.153208432512773e-09
60700.04800076804 1.3201689031449722e-09
60750.04800076804 4.832919690104516e-10
60800.04800076804 3.7800888699145205e-09
60850.04800076804 8.370796977476123e-09
60900.04800076804 7.4278885611529445e-09
60950.04800076804 4.777395734448019e-09
61000.04800076804 6.139765184943286e-09
61050.04800076804 1.570673402991848e-09
61100.04800076804 1.5623767799399761e-09
61150.04800076804 3.689036700344149e-10
61200.04800076804 3.550243575219778e-09
61250.04800076804 5.4849010260118655e-09
61300.04800076804 4.1071139468670045e-09
61350.04800076804 9.026094904560003e-09
61400.04800076804 2.26459843911307e-09
61450.04800076804 6.17620674884388e-10
61500.04800076804 5.734935620320179e-10
61550.04800076804 2.8882623046717e-09
61600.04800076804 8.494892453885485e-10
61650.04800076804 2.115242508445232e-09
61700.04800076804 3.1903404144501477e-09
61750.04800076804 3.6529995241873736e-09
61800.04800076804 2.388031304459778e-09
61850.04800076804 5.142124390628335e-10
61900.04800076804 4.915083052100143e-09
61950.04800076804 6.803394415025792e-09
62000.04800076804 6.648176235887719e-09
62050.04800076804 1.1658725900610976e-08
62100.04800076804 3.671263753520849e-09
62150.04800076804 8.157230865349966e-09
62200.04800076804 7.535529660327296e-09
62250.04800076804 4.7825142000252095e-09
62300.04800076804 1.5565510718627733e-08
62350.04800076804 1.2390801325556302e-08
62400.04800076804 5.782056107074714e-09
62450.04800076804 6.970472217508171e-09
62500.04800076804 1.5063072779196673e-08
62550.04800076804 2.116278518593024e-08
62600.04800076804 1.1721585379746548e-08
62650.04800076804 8.83231496428199e-09
62700.04800076804 5.475568756230782e-09
62750.04800076804 1.1735650439403021e-08
62800.04800076804 6.735556105609162e-09
62850.04800076804 9.663515201250954e-09
62900.04800076804 9.680702010647469e-09
62950.04800076804 2.1250167533685538e-08
63000.04800076804 9.396933162536578e-09
63050.04800076804 3.135148496123164e-08
63100.04800076804 2.611489163839059e-08
63150.04800076804 1.775992708258443e-08
63200.04800076804 1.3567430144809937e-08
63250.04800076804 1.5625523003211552e-08
63300.04800076804 7.174345845827064e-09
63350.04800076804 6.44346046831412e-09
63400.04800076804 2.0204458933182347e-09
63450.04800076804 7.651189157621893e-10
63500.04800076804 5.894363902884063e-09
63550.04800076804 9.726333563263052e-09
63600.04800076804 8.109586600738517e-09
63650.04800076804 5.088800400400061e-09
63700.04800076804 9.953246432889235e-10
63750.04800076804 3.652823945384664e-09
63800.04800076804 1.0568044194198933e-08
63850.04800076804 7.600398390004277e-09
63900.04800076804 1.586077687798619e-09
63950.04800076804 4.990450438172238e-09
64000.04800076804 7.287338992619674e-09
64050.04800076804 2.165532205336406e-09
64100.04800076804 3.645981462655342e-10
64150.04800076804 5.708999155294592e-10
64200.04800076804 7.542216577809778e-10
64250.04800076804 3.5139912367031153e-09
64300.04800076804 2.9939174705383743e-09
64350.04800076804 1.8493998878397936e-09
64400.04800076804 5.928492189879139e-09
64450.04800076804 6.970782763392254e-09
64500.04800076804 2.617892718398262e-09
64550.04800076804 6.198013142343154e-09
64600.04800076804 3.96076684736314e-09
64650.04800076804 5.379132828657182e-09
64700.04800076804 1.432062594614697e-09
64750.04800076804 2.6128391453183773e-09
64800.04800076804 1.1378628998520266e-09
64850.04800076804 7.174565160572521e-10
64900.04800076804 6.282535762300616e-10
64950.04800076804 4.712460550314394e-10
65000.04800076804 1.159705707565398e-09
65050.04800076804 3.076107763808213e-09
65100.04800076804 4.638115698292767e-09
65150.04800076804 1.9556178082742228e-09
65200.04800076804 5.305644533052344e-10
65250.04800076804 2.5173093526476964e-09
65300.04800076804 3.673606185380582e-09
65350.04800076804 9.778122587794253e-09
65400.04800076804 3.3556003117680566e-09
65450.04800076804 3.3314311229146784e-09
65500.04800076804 4.030300769789127e-09
65550.04800076805 1.3187349278583497e-09
65600.04800076805 3.721835213205549e-09
65650.04800076805 1.8664641094373642e-09
65700.04800076805 1.6936263595930213e-09
65750.04800076805 1.1398715305194912e-09
65800.04800076805 3.3339293846931536e-09
65850.04800076805 5.135013410721362e-09
65900.04800076805 8.697970125791357e-10
65950.04800076805 2.3137952604998863e-09
66000.04800076805 2.982223997942385e-09
66050.04800076805 7.192712393075328e-09
66100.04800076805 3.7730024021971985e-09
66150.04800076805 3.628062131211139e-09
66200.04800076805 3.5230679657856188e-09
66250.04800076805 1.6335869620634317e-09
66300.04800076805 5.216645272618553e-10
66350.04800076805 3.195880781017942e-10
66400.04800076805 7.824754337140416e-10
66450.04800076805 3.616348532067631e-09
66500.04800076805 6.208583931338439e-09
66550.04800076805 6.687120155673774e-09
66600.04800076805 5.240988644239169e-09
66650.04800076805 3.152875164595055e-09
66700.04800076805 1.891558242649611e-09
66750.04800076805 2.4004719747827153e-09
66800.04800076805 2.6791521198111077e-09
66850.04800076805 1.6587482864690448e-09
66900.04800076805 7.895845316769421e-09
66950.04800076805 6.887097919186573e-09
67000.04800076805 8.633216914787776e-09
67050.04800076805 4.448015744761933e-09
67100.04800076805 2.034104079319035e-09
67150.04800076805 3.1581628171922913e-09
67200.04800076805 4.9913859985719e-09
67250.04800076805 4.420230122994762e-09
67300.04800076805 9.133510431539022e-09
67350.04800076805 3.5683773173988666e-09
67400.04800076805 9.366051027618147e-09
67450.04800076805 5.1453835408610685e-09
67500.04800076805 4.890187608653205e-09
67550.04800076805 1.2897169562968468e-08
67600.04800076805 2.022053985859794e-08
67650.04800076805 1.4045942012089304e-08
67700.04800076805 6.9626262839421976e-09
67750.04800076805 3.540569100699502e-09
67800.04800076805 5.606754919832308e-09
67850.04800076805 2.088903444155093e-09
67900.04800076805 2.5734684280496504e-09
67950.04800076805 2.160569893587795e-09
68000.04800076805 6.050682734453712e-09
68050.04800076805 7.181289359990813e-09
68100.04800076805 1.310693484666691e-08
68150.04800076805 1.1004596389550535e-08
68200.04800076805 6.948102777418115e-09
68250.04800076805 1.102939033512832e-09
68300.04800076805 7.518918064105648e-09
68350.04800076805 1.0219607175073551e-08
68400.04800076805 1.54298860509242e-08
68450.04800076805 1.2281416925693915e-08
68500.04800076805 6.216796648794622e-09
68550.04800076805 1.9877251431427122e-09
68600.04800076805 1.9864027428477826e-09
68650.04800076805 8.723627431576745e-10
68700.04800076805 3.1409134868455282e-09
68750.04800076805 6.636162307104089e-09
68800.04800076805 7.497346284054268e-09
68850.04800076805 2.926677605984161e-09
68900.04800076805 1.3205753432330515e-08
68950.04800076805 1.4187372272917444e-08
69000.04800076805 8.216191119308637e-09
69050.04800076805 3.4106979700170367e-09
69100.04800076805 1.0861528156949603e-08
69150.04800076805 1.758779156926149e-08
69200.04800076805 1.4203585242493664e-08
69250.04800076805 1.7687001112994577e-08
69300.04800076805 9.601454875029918e-09
69350.04800076805 2.1608097319798446e-08
69400.04800076805 7.0353910299020534e-09
69450.04800076805 1.8055719973876498e-08
69500.04800076805 7.914308455614388e-09
69550.04800076805 5.175437943977899e-09
69600.04800076805 1.0800688927276824e-09
69650.04800076805 5.577008035882296e-09
69700.04800076805 1.131526257900133e-08
69750.04800076805 6.752313202249051e-09
69800.04800076805 1.300641814586438e-08
69850.04800076805 1.3211202966929088e-08
69900.04800076805 7.625827777553052e-09
69950.04800076805 7.114435935403612e-09
70000.04800076805 8.736846900414313e-09
70050.04800076805 1.783874173588562e-08
70100.04800076805 1.3595470954678228e-08
70150.04800076805 9.40088662956628e-09
70200.04800076805 5.878432198305636e-09
70250.04800076805 7.812488616502932e-09
70300.04800076805 1.6778531514706178e-08
70350.04800076805 1.270868572789109e-08
70400.04800076805 5.3503688485092915e-09
70450.04800076805 5.456434396253878e-10
70500.04800076805 4.530275749360011e-09
70550.04800076805 4.525220290863906e-09
70600.04800076805 4.88515131863455e-09
70650.04800076805 1.3829902685917966e-08
70700.04800076805 1.557052570192053e-08
70750.04800076805 2.4431305455484314e-08
70800.04800076805 9.41937200793498e-09
70850.04800076805 1.0400941881774698e-08
70900.04800076805 1.3531709634078387e-08
70950.04800076805 1.849251199667227e-08
71000.04800076805 1.700162067339934e-08
71050.04800076805 1.7257393477089395e-08
71100.04800076805 1.2695625478272516e-08
71150.04800076805 7.086055714313336e-09
71200.04800076805 6.798600588302404e-09
71250.04800076805 1.3735631834220331e-08
71300.04800076805 1.8918739176976094e-08
71350.04800076805 1.903795021814932e-08
71400.04800076805 1.3148655910723007e-08
71450.04800076805 4.211737343463542e-09
71500.04800076805 5.532081883731307e-09
71550.04800076805 7.507601581733077e-09
71600.04800076805 8.771876398133987e-09
71650.04800076805 4.831384388938047e-09
71700.04800076805 3.2282864999903108e-09
71750.04800076805 9.27471506391423e-09
71800.04800076805 1.4826616159027358e-08
71850.04800076805 1.429739802713484e-08
71900.04800076805 6.670595478698321e-09
71950.04800076805 1.1146425121846206e-08
72000.04800076805 9.626744651517927e-09
72050.04800076805 3.8606386266295756e-09
72100.04800076805 5.212851619907568e-09
72150.04800076805 6.664243037836949e-09
72200.04800076805 1.0841215069013535e-08
72250.04800076805 1.7497439362002538e-08
72300.04800076805 9.116187152038163e-09
72350.04800076805 1.1759125842859167e-08
72400.04800076805 1.0565593553556813e-08
72450.04800076805 7.841680753398104e-09
72500.04800076805 1.1311425751656729e-08
72550.04800076805 3.477643372705848e-09
72600.04800076805 7.088176964575472e-09
72650.04800076805 1.3702648398604304e-08
72700.04800076805 6.60616222403248e-09
72750.04800076805 7.082371464434054e-09
72800.04800076805 3.753887928076307e-09
72850.04800076805 6.149203870531006e-09
72900.04800076805 1.4493607269609857e-08
72950.04800076805 7.632291741613131e-09
73000.04800076805 8.300500874492348e-09
73050.04800076805 3.3974061861620734e-09
73100.04800076805 5.266678759022587e-09
73150.04800076805 1.3768718561131756e-08
73200.04800076805 4.6992302103604465e-09
73250.04800076805 6.24093991494547e-09
73300.04800076805 4.17848639454207e-09
73350.04800076805 2.6974158463714654e-09
73400.04800076805 6.2292771569592224e-09
73450.04800076805 3.176110571128067e-09
73500.04800076805 2.6337621963997593e-09
73550.04800076805 5.023189206408765e-09
73600.04800076805 5.705486199025045e-09
73650.04800076805 5.623551237434596e-09
73700.04800076805 5.041750366421624e-09
73750.04800076805 1.282449819556391e-09
73800.04800076805 4.635759272073181e-09
73850.04800076805 7.522876660802158e-09
73900.04800076805 2.9539851233352868e-09
73950.04800076805 3.622849624942338e-09
74000.04800076805 1.312614802786583e-09
74050.04800076805 7.88374504310224e-09
74100.04800076805 5.573365867640524e-09
74150.04800076805 5.765661414698996e-09
74200.04800076805 2.234016707587375e-09
74250.04800076805 2.935227515460767e-10
74300.04800076805 5.479123062910437e-09
74350.04800076805 8.157405035460005e-09
74400.04800076805 7.298017096585762e-09
74450.04800076805 2.2063911325188644e-09
74500.04800076805 9.717497758767833e-10
74550.04800076805 2.985533501983981e-09
74600.04800076805 4.634041267088468e-09
74650.04800076805 4.907220280985772e-09
74700.04800076805 3.0970015578056084e-09
74750.04800076805 1.2629836402328991e-09
74800.04800076805 2.0565502984406417e-09
74850.04800076805 5.209507455913333e-09
74900.04800076805 7.392864225715557e-09
74950.04800076805 6.501393330004432e-09
75000.04800076805 2.5003456185334657e-09
75050.04800076805 2.4820045672343555e-10
75100.04800076805 5.778272224637258e-09
75150.04800076805 9.073524166925376e-09
75200.04800076805 9.310735792668563e-09
75250.04800076805 8.180394822222639e-09
75300.04800076805 4.9828957027033905e-09
75350.04800076805 1.0338791914374814e-09
75400.04800076805 8.5230410391378e-09
75450.04800076805 9.638612524737041e-09
75500.04800076805 9.341221233722071e-09
75550.04800076805 7.465452177561276e-09
75600.04800076805 8.287134427972611e-09
75650.04800076805 4.03983258022513e-09
75700.04800076805 1.1461189853781302e-08
75750.04800076805 5.8315827614041405e-09
75800.04800076805 8.72212842874637e-09
75850.04800076805 9.771582938922326e-09
75900.04800076805 1.0571545692343637e-08
75950.04800076805 4.253267510584225e-09
76000.04800076805 1.3208897975338029e-08
76050.04800076805 1.225888720645208e-08
76100.04800076805 1.009333708563303e-08
76150.04800076805 1.1613659529617582e-08
76200.04800076805 9.176073872843122e-09
76250.04800076805 4.082934907373928e-09
76300.04800076805 1.4966744213607775e-08
76350.04800076805 1.7461745621902432e-08
76400.04800076805 1.3713805137615389e-08
76450.04800076805 9.670643582217893e-09
76500.04800076805 6.168160463974472e-09
76550.04800076805 1.674824571247274e-09
76600.04800076805 2.7165860895374617e-10
76650.04800076805 2.5575473417633084e-10
76700.04800076805 5.257224835057596e-10
76750.04800076805 7.095583693896644e-10
76800.04800076805 1.5889784340227816e-09
76850.04800076805 8.647004529994318e-10
76900.04800076805 6.678188255885388e-10
76950.04800076805 2.103931060867203e-09
77000.04800076805 4.601876036192868e-09
77050.04800076805 5.137921200913322e-10
77100.04800076805 6.415895815604033e-10
77150.04800076805 5.244506142202859e-09
77200.04800076805 2.3677349500981144e-09
77250.04800076805 1.293826006821777e-09
77300.04800076805 4.322139883030496e-09
77350.04800076805 2.006206813722681e-09
77400.04800076805 2.295101237555243e-09
77450.04800076805 7.547038718175334e-09
77500.04800076805 4.884250687719268e-09
77550.04800076805 2.9188539346086e-09
77600.04800076805 1.2231340121171987e-09
77650.04800076805 1.8107969070535333e-09
77700.04800076805 1.7889958006286947e-09
77750.04800076805 6.3577291806527355e-09
77800.04800076805 7.025865564643099e-09
77850.04800076805 1.2384951300530169e-08
77900.04800076805 4.427221856382322e-09
77950.04800076805 6.350383142648246e-10
78000.04800076805 3.3685541193433692e-09
78050.04800076805 4.368240407060272e-09
78100.04800076805 5.808560574677557e-09
78150.04800076805 1.0485586380058036e-08
78200.04800076805 1.2046677670768466e-08
78250.04800076805 9.014996094532509e-09
78300.04800076805 2.4894041550856787e-09
78350.04800076805 6.862918547383173e-09
78400.04800076805 2.205672651003463e-09
78450.04800076805 6.107068883183246e-09
78500.04800076805 1.1643076620552715e-08
78550.04800076805 1.6149155074184245e-08
78600.04800076805 1.066365299757405e-08
78650.04800076805 8.513493609771859e-10
78700.04800076805 2.1395805506484276e-09
78750.04800076805 4.881385198282582e-09
78800.04800076805 3.9343374366437395e-09
78850.04800076805 1.1586376443449608e-09
78900.04800076805 4.984675793101205e-09
78950.04800076805 9.175759974220986e-09
79000.04800076805 6.305011033960954e-09
79050.04800076805 4.45767084600051e-09
79100.04800076805 6.351088652436926e-09
79150.04800076805 4.610686549691426e-09
79200.04800076805 6.27011375096986e-09
79250.04800076805 2.6360853102661997e-09
79300.04800076805 3.2228495542298594e-09
79350.04800076805 4.958587061076833e-09
79400.04800076805 2.412388683557185e-09
79450.04800076805 1.044021434742522e-08
79500.04800076805 1.4684311443451181e-08
79550.04800076805 1.081202491687968e-08
79600.04800076805 5.0448320033640195e-09
79650.04800076805 9.33962732401435e-09
79700.04800076805 6.493058542328709e-09
79750.04800076805 6.103794975125542e-09
79800.04800076805 3.163882371048078e-09
79850.04800076805 8.655971076606625e-09
79900.04800076805 1.642039010087901e-08
79950.04800076805 1.712138037862354e-08
