# %ECSV 1.0
# ---
# datatype:
# - {name: wav, unit: Angstrom, datatype: float64}
# - {name: flux_nu, unit: erg / (cm2 Hz s), datatype: float64}
# schema: astropy-2.0
wav flux_nu
3000.0480007680403 nan
3050.0480007680403 0.0
3100.0480007680403 0.0
3150.0480007680403 0.0
3200.0480007680403 0.0
3250.0480007680403 0.0
3300.0480007680403 0.0
3350.0480007680403 0.0
3400.0480007680403 0.0
3450.0480007680403 0.0
3500.0480007680403 0.0
3550.0480007680403 0.0
3600.0480007680403 0.0
3650.0480007680403 0.0
3700.0480007680403 0.0
3750.0480007680403 0.0
3800.0480007680403 0.0
3850.0480007680403 0.0
3900.0480007680403 0.0
3950.0480007680403 0.0
4000.0480007680403 0.0
4050.0480007680403 0.0
4100.04800076804 0.0
4150.04800076804 0.0
4200.04800076804 0.0
4250.04800076804 0.0
4300.04800076804 0.0
4350.04800076804 0.0
4400.04800076804 0.0
4450.04800076804 0.0
4500.04800076804 0.0
4550.04800076804 0.0
4600.04800076804 0.0
4650.04800076804 0.0
4700.04800076804 0.0
4750.04800076804 0.0
4800.04800076804 0.0
4850.04800076804 0.0
4900.04800076804 0.0
4950.04800076804 0.0
5000.04800076804 7.94664989368276e-12
5050.04800076804 2.0399262183304916e-11
5100.04800076804 2.3372735144943716e-11
5150.04800076804 2.7140156750740114e-11
5200.04800076804 3.152620790809078e-11
5250.04800076804 3.615270355169997e-11
5300.04800076804 4.135572499504667e-11
5350.04800076804 4.7094187404712845e-11
5400.04800076804 5.30307936976302e-11
5450.04800076804 5.972187294484165e-11
5500.04800076804 6.703355850843829e-11
5550.04800076804 7.491401564961435e-11
5600.04800076804 8.271953606101484e-11
5650.04800076804 8.975428494423089e-11
5700.04800076804 9.35494013910489e-11
5750.04800076804 9.57593117383485e-11
5800.04800076804 8.96933101521399e-11
5850.04800076804 7.013943231484819e-11
5900.04800076804 1.973818631553561e-11
5950.04800076804 3.535474426136006e-11
6000.04800076804 1.1997615657099718e-10
6050.04800076804 1.9267323836783495e-10
6100.04800076804 2.6046151337983667e-10
6150.04800076804 3.2345206806924146e-10
6200.04800076804 3.8474194167015284e-10
6250.04800076804 4.4331400464281235e-10
6300.04800076804 5.10180180877012e-10
6350.04800076804 5.81517048904501e-10
6400.04800076804 6.532394877832754e-10
6450.04800076804 6.923339118516897e-10
6500.04800076804 7.712139941556456e-10
6550.04800076804 8.747807540926441e-10
6600.04800076804 9.818630399460265e-10
6650.04800076804 1.1130239314943916e-09
6700.04800076804 1.2746465517695747e-09
6750.04800076804 1.4361142264252322e-09
6800.04800076804 1.6023795921984085e-09
6850.04800076804 1.7864472074833985e-09
6900.04800076804 1.7645881119776745e-09
6950.04800076804 1.718206618345277e-09
7000.04800076804 1.9614357055187022e-09
7050.04800076804 2.0022452629074023e-09
7100.04800076804 2.1325384327939795e-09
7150.04800076804 1.7463627157542702e-09
7200.04800076804 1.5932827208933964e-09
7250.04800076804 1.8636245888792883e-09
7300.04800076804 1.933660718710403e-09
7350.04800076804 2.2171860597866466e-09
7400.04800076804 2.5424580504105807e-09
7450.04800076804 2.993891760596818e-09
7500.04800076804 3.3362296831033207e-09
7550.04800076804 3.701506933829702e-09
7600.04800076804 4.052097241391498e-09
7650.04800076804 4.286463075777785e-09
7700.04800076804 2.891383223121164e-09
7750.04800076804 1.3109162815271694e-09
7800.04800076804 4.66333765456779e-09
7850.04800076804 5.308121866681211e-09
7900.04800076804 5.901013312673639e-09
7950.04800076804 6.4751871444355934e-09
8000.04800076804 6.706204997097957e-09
8050.04800076804 6.845199561182233e-09
8100.04800076804 5.0958766168255734e-09
8150.04800076804 4.461330472500339e-09
8200.04800076804 6.3159027002566465e-09
8250.04800076804 6.058697088024998e-09
8300.04800076804 6.618613439433016e-09
8350.04800076804 6.590215860954185e-09
8400.04800076804 6.9345683372313955e-09
8450.04800076804 8.108981991110647e-09
8500.04800076804 9.138988577111358e-09
8550.04800076804 1.0348706768420909e-08
8600.04800076804 1.1695125810666918e-08
8650.04800076804 1.2581851689523664e-08
8700.04800076804 1.2748382355790249e-08
8750.04800076804 1.3544822560762575e-08
8800.04800076804 1.3367878981831379e-08
8850.04800076804 1.0878392364406507e-08
8900.04800076804 4.290473546638793e-09
8950.04800076804 3.811024810598682e-09
9000.04800076804 3.4117597971100846e-09
9050.04800076804 7.991802225205544e-09
9100.04800076804 8.671726784511174e-09
9150.04800076804 7.877970384877851e-09
9200.04800076804 1.0008163313681394e-08
9250.04800076804 7.408177597009836e-09
9300.04800076804 5.585776196641619e-10
9350.04800076804 8.563796603350756e-10
9400.04800076804 2.4533441497394077e-09
9450.04800076804 2.3795547675808736e-09
9500.04800076804 1.8830651323109944e-09
9550.04800076804 2.0089901809244923e-09
9600.04800076804 1.920745609967479e-09
9650.04800076804 2.7763659100838287e-09
9700.04800076804 4.842329796162349e-09
9750.04800076804 4.797215122199462e-09
9800.04800076804 5.840740078001525e-09
9850.04800076804 7.013859383682103e-09
9900.04800076804 9.542114521667939e-09
9950.04800076804 1.0059550282779803e-08
10000.04800076804 1.3133480441043832e-08
10050.04800076804 1.4227222415326428e-08
10100.04800076804 1.757004973248803e-08
10150.04800076804 2.011954908564127e-08
10200.04800076804 2.309325608747969e-08
10250.04800076804 2.648661280894116e-08
10300.04800076804 3.062838405937309e-08
10350.04800076804 3.3620790601695816e-08
10400.04800076804 3.941845454990335e-08
10450.04800076804 4.2814289166826783e-08
10500.04800076804 4.540253193402479e-08
10550.04800076804 4.8106685704594124e-08
10600.04800076804 4.7844834026572425e-08
10650.04800076804 4.795195742564145e-08
10700.04800076804 4.5536857477471185e-08
10750.04800076804 4.474845730629827e-08
10800.04800076804 4.138059721032898e-08
10850.04800076804 3.662003515160852e-08
10900.04800076804 2.5609468730948824e-08
10950.04800076804 1.1814797027310308e-08
11000.04800076804 6.83888919824469e-09
11050.04800076804 3.5387030691683224e-09
11100.04800076804 1.949142227932988e-09
11150.04800076804 8.950848944722415e-10
11200.04800076804 7.482770769190522e-10
11250.04800076804 1.0036811004908905e-09
11300.04800076804 1.2865004288450051e-09
11350.04800076804 4.343068153579699e-10
11400.04800076804 1.5843361848128324e-09
11450.04800076804 9.892075451197673e-10
11500.04800076804 9.032886352846558e-10
11550.04800076804 2.881956323493123e-10
11600.04800076804 2.2172906735244982e-10
11650.04800076804 6.064325563845821e-10
11700.04800076804 7.686563243833506e-10
11750.04800076804 2.393925554394273e-10
11800.04800076804 1.1804367885330447e-09
11850.04800076804 2.110557617227714e-09
11900.04800076804 2.7219152053788356e-09
11950.04800076804 4.608015857599681e-09
12000.04800076804 7.180081159718072e-09
12050.04800076804 1.0732218060525078e-08
12100.04800076804 1.499187113507548e-08
12150.04800076804 2.0104125028491577e-08
12200.04800076804 2.465571910468312e-08
12250.04800076804 3.134124885024613e-08
12300.04800076804 3.949002062291501e-08
12350.04800076804 4.1791195145187065e-08
12400.04800076804 5.32013912985934e-08
12450.04800076804 6.331773955072099e-08
12500.04800076804 6.96695144542964e-08
12550.04800076804 7.602716447929569e-08
12600.04800076804 7.844654842369491e-08
12650.04800076804 7.706957780752721e-08
12700.04800076804 7.557361470885272e-08
12750.04800076804 6.551762419891121e-08
12800.04800076804 5.953417454918306e-08
12850.04800076804 4.433049958466115e-08
12900.04800076804 3.52249895293898e-08
12950.04800076804 2.9689526443744475e-08
13000.04800076804 3.086688420611134e-08
13050.04800076804 2.2673946799069873e-08
13100.04800076804 2.1085465028032068e-08
13150.04800076804 1.494452048658949e-08
13200.04800076804 1.4103180249361292e-08
13250.04800076804 9.420505878542837e-09
13300.04800076804 3.6623604401864284e-09
13350.04800076804 1.0759070546710088e-09
13400.04800076804 3.7115716816532007e-10
13450.04800076804 1.2648662210120286e-10
13500.04800076804 4.7551743256937354e-11
13550.04800076804 2.07685390638661e-11
13600.04800076804 5.693279659282997e-12
13650.04800076804 3.9490537437821597e-11
13700.04800076804 2.2271895495240138e-11
13750.04800076804 5.46060108725789e-11
13800.04800076804 5.719948207742294e-11
13850.04800076804 2.6652161908106377e-11
13900.04800076804 3.6622538785115845e-11
13950.04800076804 3.348222405470563e-11
14000.04800076804 3.618001511246892e-11
14050.04800076804 6.306952426613097e-11
14100.04800076804 5.396578668372309e-11
14150.04800076804 1.063996171177293e-10
14200.04800076804 6.626417447703548e-11
14250.04800076804 9.021255880163067e-11
14300.04800076804 2.6854971372062693e-10
14350.04800076804 2.2535063651048602e-10
14400.04800076804 2.46492010927628e-10
14450.04800076804 3.874677562709323e-10
14500.04800076804 8.865039250449269e-10
14550.04800076804 9.55299750350145e-10
14600.04800076804 1.6837951222358439e-09
14650.04800076804 1.5316133344285221e-09
14700.04800076804 8.799583666302625e-10
14750.04800076804 1.3036414987330924e-09
14800.04800076804 1.688030844306539e-09
14850.04800076804 1.6856348997208981e-09
14900.04800076804 2.0844425189550913e-09
14950.04800076804 2.705190091221219e-09
15000.04800076804 3.9706646069878e-09
15050.04800076804 4.253021647622696e-09
15100.04800076804 4.912299829195378e-09
15150.04800076804 4.837065236502281e-09
15200.04800076804 5.893116171438506e-09
15250.04800076804 9.197865510687654e-09
15300.04800076804 1.1046401953969147e-08
15350.04800076804 1.4501096107663588e-08
15400.04800076804 1.6995718882880303e-08
15450.04800076804 1.9772214985165405e-08
15500.04800076804 2.1793205781810435e-08
15550.04800076804 2.706437511630219e-08
15600.04800076804 3.0775740072363706e-08
15650.04800076804 3.345573603006533e-08
15700.04800076804 3.982861619928681e-08
15750.04800076804 4.3036162127312143e-08
15800.04800076804 4.4080254026093164e-08
15850.04800076804 4.683742067846623e-08
15900.04800076804 4.176090010993276e-08
15950.04800076804 3.819074500065768e-08
16000.04800076804 2.9382406678530842e-08
16050.04800076804 1.8569264593792103e-08
16100.04800076804 1.2069258922292063e-08
16150.04800076804 6.718965365709768e-09
16200.04800076804 3.670211315362306e-09
16250.04800076804 2.898353298302266e-09
16300.04800076804 1.9627533449392394e-09
16350.04800076804 2.3760338420885246e-09
16400.04800076804 2.8827121813862696e-09
16450.04800076804 2.8678835079164374e-09
16500.04800076804 2.9432562398880914e-09
16550.04800076804 2.844185698614741e-09
16600.04800076804 3.806477197305496e-09
16650.04800076804 2.7389379604422844e-09
16700.04800076804 4.58842146952243e-10
16750.04800076804 1.4829861523563394e-09
16800.04800076804 2.461295649102539e-09
16850.04800076804 2.531195478969303e-09
16900.04800076804 1.4804441884682275e-09
16950.04800076804 1.1075153960778258e-09
17000.04800076804 6.50231807310426e-10
17050.04800076804 1.0945060907012398e-09
17100.04800076804 1.6735285050769631e-09
17150.04800076804 9.681616496954871e-10
17200.04800076804 2.7167218694427602e-09
17250.04800076804 1.5793939765367912e-09
17300.04800076804 1.024136060043551e-09
17350.04800076804 1.1936588567645028e-09
17400.04800076804 1.6347571245558745e-09
17450.04800076804 2.0920405790426086e-09
17500.04800076804 2.745186130394097e-09
17550.04800076804 2.211340769145203e-09
17600.04800076804 1.6183888966398014e-09
17650.04800076804 1.3869332457357389e-09
17700.04800076804 1.1295946723035031e-09
17750.04800076804 9.562960221632588e-10
17800.04800076804 1.6286916368760275e-09
17850.04800076804 9.158048362801297e-10
17900.04800076804 7.896961498245558e-10
17950.04800076804 4.760816387613017e-10
18000.04800076804 7.580463505628988e-10
18050.04800076804 5.80920167919399e-10
18100.04800076804 5.754890722222398e-10
18150.04800076804 6.688326653822261e-10
18200.04800076804 3.535080538189274e-10
18250.04800076804 1.2691279164761773e-09
18300.04800076804 3.5347944956941205e-10
18350.04800076804 2.823039075745581e-10
18400.04800076804 1.9919364637924467e-10
18450.04800076804 7.440176700797576e-10
18500.04800076804 7.457164566281769e-10
18550.04800076804 4.382001641972288e-10
18600.04800076804 5.284128227031458e-10
18650.04800076804 3.2467869371870875e-10
18700.04800076804 1.438516702316947e-10
18750.04800076804 2.9840830469384614e-10
18800.04800076804 1.4986731179034512e-09
18850.04800076804 1.3232126759971005e-09
18900.04800076804 1.1676251551824629e-09
18950.04800076804 2.3760757479482507e-09
19000.04800076804 7.9487111299645e-10
19050.04800076804 4.658342767328686e-10
19100.04800076804 1.2316086540341125e-09
19150.04800076804 5.811668080088516e-10
19200.04800076804 1.1514332484674738e-09
19250.04800076804 7.99044582935234e-10
19300.04800076804 5.238107893905177e-10
19350.04800076804 6.462606561152786e-10
19400.04800076804 4.3437745781448326e-10
19450.04800076804 9.50165248634075e-10
19500.04800076804 8.070624284034385e-10
19550.04800076804 7.351948085176053e-10
19600.04800076804 1.1762220891550339e-09
19650.04800076804 1.4056655164177718e-09
19700.04800076804 1.4951015958167016e-09
19750.04800076804 2.0947881610896058e-09
19800.04800076804 2.200399433247693e-09
19850.04800076804 2.944861112624975e-09
19900.04800076804 2.7461229428689054e-09
19950.04800076804 4.079297167001494e-09
20000.04800076804 4.0413155625083226e-09
20050.04800076804 4.01876013635151e-09
20100.04800076804 5.354083785815679e-09
20150.04800076804 4.113252532877386e-09
20200.04800076804 4.437683776841603e-09
20250.04800076804 5.913005403635688e-09
20300.04800076804 5.673258841293436e-09
20350.04800076804 6.55737838950106e-09
20400.04800076804 5.834870575606942e-09
20450.04800076804 7.707246014930082e-09
20500.04800076804 7.86561514578367e-09
20550.04800076804 7.964483916584711e-09
20600.04800076804 8.4890425389725e-09
20650.04800076804 8.524222525765797e-09
20700.04800076804 8.342774019615757e-09
20750.04800076804 8.892936432867848e-09
20800.04800076804 8.419902969994717e-09
20850.04800076804 8.731309106715401e-09
20900.04800076804 8.77375352512973e-09
20950.04800076804 8.317171593631503e-09
21000.04800076804 8.193576115260403e-09
21050.04800076804 7.888072046363831e-09
21100.04800076804 7.574961556819044e-09
21150.04800076804 7.496725766677672e-09
21200.04800076804 7.0316698114707116e-09
21250.04800076804 6.655027644241905e-09
21300.04800076804 5.893955017812762e-09
21350.04800076804 5.8093366399989446e-09
21400.04800076804 5.580795858049684e-09
21450.04800076804 4.694187317182889e-09
21500.04800076804 4.7489924634528834e-09
21550.04800076804 4.4607426873515664e-09
21600.04800076804 3.97538318004954e-09
21650.04800076804 3.4270147827889696e-09
21700.04800076804 3.545912516955113e-09
21750.04800076804 3.6171677739712846e-09
21800.04800076804 3.0538314264222097e-09
21850.04800076804 2.653610442490585e-09
21900.04800076804 2.1970017882216077e-09
21950.04800076804 8.653965228585393e-10
22000.04800076804 1.907728319256062e-10
22050.04800076804 2.5925792717927614e-10
22100.04800076804 8.154130957374889e-10
22150.04800076804 7.897633143300392e-10
22200.04800076804 6.601399095450809e-10
22250.04800076804 6.546825144189426e-10
22300.04800076804 3.66653817711463e-10
22350.04800076804 4.3491536241360693e-10
22400.04800076804 2.255373987190226e-10
22450.04800076804 2.2499388119688008e-10
22500.04800076804 2.418436706266574e-10
22550.04800076804 1.1849925054145157e-10
22600.04800076804 1.6668831775168492e-10
22650.04800076804 2.8629892632321327e-10
22700.04800076804 1.596405616732869e-10
22750.04800076804 1.6126194979237926e-10
22800.04800076804 1.9550271752989628e-10
22850.04800076804 1.7041675860339935e-10
22900.04800076804 9.615003496757966e-11
22950.04800076804 7.438473410303549e-11
23000.04800076804 1.367242883274153e-10
23050.04800076804 1.5492457801473399e-10
23100.04800076804 5.98039249306519e-10
23150.04800076804 6.468608616751798e-10
23200.04800076804 4.4604095190100734e-11
23250.04800076804 9.385182527108515e-11
23300.04800076804 1.333484518860479e-10
23350.04800076804 9.121342560752441e-11
23400.04800076804 1.4846072964182567e-10
23450.04800076804 8.419152833047888e-11
23500.04800076804 8.977522366146215e-11
23550.04800076804 1.577847840610761e-10
23600.04800076804 2.3918630079041873e-10
23650.04800076804 3.067908917826581e-10
23700.04800076804 8.017105635668714e-11
23750.04800076804 7.154293233194554e-11
23800.04800076804 2.496414244276202e-10
23850.04800076804 1.8097423442228084e-10
23900.04800076804 3.831818754052214e-10
23950.04800076804 2.7944047037201005e-10
24000.04800076804 4.829839452133045e-10
24050.04800076804 5.73620806155874e-10
24100.04800076804 5.18232155568368e-10
24150.04800076804 7.310915866544645e-10
24200.04800076804 6.283986456815161e-10
24250.04800076804 4.021487227783692e-10
24300.04800076804 8.485596108781453e-10
24350.04800076804 5.449188273690326e-10
24400.04800076804 1.2116117423062526e-09
24450.04800076804 1.1279450522280673e-09
24500.04800076804 1.122832992499372e-09
24550.04800076804 1.6589592296654661e-09
24600.04800076804 1.9732716038243433e-09
24650.04800076804 2.292202244809334e-09
24700.04800076804 1.619568376033366e-09
24750.04800076804 1.909423179318743e-09
24800.04800076804 1.7216619964318136e-09
24850.04800076804 2.7528755211553004e-09
24900.04800076804 1.0688835763278954e-09
24950.04800076804 2.170465327049756e-09
25000.04800076804 2.155814493185896e-09
25050.04800076804 1.2312355647425737e-09
25100.04800076804 1.9158290829965135e-09
25150.04800076804 8.728842077795849e-10
25200.04800076804 1.3209619008484964e-09
25250.04800076804 5.334857056558099e-10
25300.04800076804 8.137857473274255e-10
25350.04800076804 3.4056878240345675e-10
25400.04800076804 9.467631591137576e-10
25450.04800076804 3.58966768038498e-10
25500.04800076804 2.895958939513447e-10
25550.04800076804 5.703057373815875e-10
25600.04800076804 2.3279892348677288e-10
25650.04800076804 1.642025332526881e-10
25700.04800076804 2.4601610954926e-10
25750.04800076804 8.923983094330355e-11
25800.04800076804 3.9808367881465343e-10
25850.04800076804 7.786448135069366e-11
25900.04800076804 1.2929870809681287e-10
25950.04800076804 4.1669623723491835e-11
26000.04800076804 3.4885266635493526e-10
26050.04800076804 6.077519921014844e-11
26100.04800076804 2.876566635635701e-10
26150.04800076804 1.4042828956860322e-10
26200.04800076804 1.6578917380562316e-10
26250.04800076804 8.535376141021842e-10
26300.04800076804 2.303949977482076e-10
26350.04800076804 1.1229566890732897e-09
26400.04800076804 1.6842206188714426e-09
26450.04800076804 1.1379216731868305e-09
26500.04800076804 1.969419907366708e-09
26550.04800076804 3.8866551269302986e-10
26600.04800076804 3.977462687345116e-10
26650.04800076804 8.906877398014613e-11
26700.04800076804 4.306165870174827e-11
26750.04800076804 6.942087461993758e-11
26800.04800076804 1.4780148854614753e-10
26850.04800076804 9.488879017752116e-11
26900.04800076804 3.954530347057313e-10
26950.04800076804 1.3414580721694043e-10
27000.04800076804 6.39356135559663e-10
27050.04800076804 6.726146051187318e-10
27100.04800076804 1.5685733667472725e-10
27150.04800076804 9.54806691585283e-10
27200.04800076804 1.424441192641227e-10
27250.04800076804 3.783571667310679e-10
27300.04800076804 2.363211758967763e-09
27350.04800076804 8.824919964691883e-10
27400.04800076804 6.356910564349977e-11
27450.04800076804 1.1860142621092194e-09
27500.04800076804 1.6205831635742119e-09
27550.04800076804 2.539016860726183e-10
27600.04800076804 6.864688659770439e-10
27650.04800076804 2.0442753846356814e-10
27700.04800076804 1.68902216747945e-10
27750.04800076804 9.076777386183332e-10
27800.04800076804 3.159931341063485e-10
27850.04800076804 4.3916800966236495e-10
27900.04800076804 6.168976999770255e-10
27950.04800076804 1.4143314692598435e-09
28000.04800076804 1.0432261992404107e-09
28050.04800076804 2.1256692164463133e-10
28100.04800076804 1.7121314465725951e-09
28150.04800076804 1.0016540957980637e-09
28200.04800076804 2.869984345054191e-10
28250.04800076804 2.0243002220036303e-09
28300.04800076804 2.845773492922586e-09
28350.04800076804 4.0368578460871634e-10
28400.04800076804 1.5042483334915888e-09
28450.04800076804 3.0492510770921332e-09
28500.04800076804 1.4572984467871315e-09
28550.04800076804 3.757827721739231e-10
28600.04800076804 2.5124590211550006e-09
28650.04800076804 2.3849185877329054e-09
28700.04800076804 1.9763655272009544e-09
28750.04800076804 4.156582974627794e-09
28800.04800076804 3.3495059799947646e-09
28850.04800076804 3.901591809946991e-09
28900.04800076804 1.7463919555477504e-09
28950.04800076804 5.614748080845919e-09
29000.04800076804 3.5297564223916077e-09
29050.04800076804 3.924899323157895e-09
29100.04800076804 3.0206011447797724e-09
29150.04800076804 6.6249880556042265e-09
29200.04800076804 4.228087993472309e-09
29250.04800076804 6.157579964222548e-09
29300.04800076804 3.340620244744193e-09
29350.04800076804 1.6079381212177598e-08
29400.04800076804 3.732174556205828e-09
29450.04800076804 4.900800565863096e-09
29500.04800076804 9.039510958057787e-09
29550.04800076804 5.0481549229932856e-09
29600.04800076804 8.270927680869248e-09
29650.04800076804 1.0505075643268082e-08
29700.04800076804 3.967397556828806e-09
29750.04800076804 7.892031074092508e-09
29800.04800076804 7.937617009539216e-09
29850.04800076804 1.3043972525013947e-08
29900.04800076804 1.3067027803290165e-08
29950.04800076804 8.855881955655144e-09
30000.04800076804 2.320131209521493e-09
30050.04800076804 4.217842286866502e-09
30100.04800076804 8.022501794178472e-09
30150.04800076804 1.2308996008113487e-08
30200.04800076804 7.353331583248057e-09
30250.04800076804 1.8146960233366508e-08
30300.04800076804 1.5893866030223486e-08
30350.04800076804 8.678708735401764e-09
30400.04800076804 1.6641063534034236e-08
30450.04800076804 1.1028210437666366e-08
30500.04800076804 9.805757689356739e-09
30550.04800076804 7.537029375245572e-09
30600.04800076804 1.8047908941180174e-08
30650.04800076804 1.2048694941531152e-08
30700.04800076804 9.340903731350886e-09
30750.04800076804 1.168991864665385e-08
30800.04800076804 8.292870043979651e-09
30850.04800076804 1.0277732638949852e-08
30900.04800076804 8.931956182228982e-09
30950.04800076804 4.6523672942006554e-09
31000.04800076804 7.325704321564562e-09
31050.04800076804 6.646196159884157e-09
31100.04800076804 4.225060442214145e-09
31150.04800076804 5.8477256380007335e-09
31200.04800076804 8.600633714266547e-09
31250.04800076804 4.247684162239277e-09
31300.04800076804 3.667285953898733e-09
31350.04800076804 4.796176234417477e-09
31400.04800076804 2.803877341141415e-09
31450.04800076804 4.1438732374646294e-09
31500.04800076804 1.9464249970272038e-09
31550.04800076804 2.4498246494057034e-09
31600.04800076804 1.6582984448143411e-09
31650.04800076804 1.4927936287137327e-09
31700.04800076804 1.931493660644476e-09
31750.04800076804 7.166122944793105e-10
31800.04800076804 1.8118158141483004e-09
31850.04800076804 5.853940731451238e-10
31900.04800076804 1.1588789294152197e-09
31950.04800076804 6.849009649124418e-10
32000.04800076804 7.1078732214083e-10
32050.04800076804 6.305910929727956e-10
32100.04800076804 4.926633034741884e-10
32150.04800076804 6.963597321833278e-10
32200.04800076804 3.815191098926257e-10
32250.04800076804 1.0128928944150255e-09
32300.04800076804 3.0711858983982443e-10
32350.04800076804 1.0777243908523333e-09
32400.04800076804 3.1643088220654234e-10
32450.04800076804 7.40626216592953e-10
32500.04800076804 4.1742380259647684e-10
32550.04800076804 7.6585481090409e-10
32600.04800076804 4.794967100341913e-10
32650.04800076804 1.2838028553411732e-09
32700.04800076804 6.780534833380692e-10
32750.04800076804 2.102427371608324e-09
32800.04800076804 1.4601834152485351e-09
32850.04800076804 3.08188477681519e-09
32900.04800076804 2.7288901316449413e-09
32950.04800076804 3.219391435396882e-09
33000.04800076804 1.6295260623128726e-09
33050.04800076804 1.8700353963276234e-09
33100.04800076804 6.257219657645946e-10
33150.04800076804 3.3103076494166613e-12
33200.04800076804 2.8935101654474036e-11
33250.04800076804 3.256639483480898e-11
33300.04800076804 1.1379556582698013e-10
33350.04800076804 3.813449759412721e-10
33400.04800076804 9.009713439309858e-10
33450.04800076804 7.126995535499988e-10
33500.04800076804 2.059056605911005e-09
33550.04800076804 9.600036790135466e-10
33600.04800076804 1.4725482127361645e-09
33650.04800076804 1.3185484011949098e-09
33700.04800076804 8.319867529611219e-10
33750.04800076804 1.938760214240953e-09
33800.04800076804 4.427090906314117e-10
33850.04800076804 1.1476227734200642e-09
33900.04800076804 1.258317206560705e-09
33950.04800076804 1.1214960185841987e-09
34000.04800076804 1.9845376516898455e-09
34050.04800076804 4.3684916042348357e-10
34100.04800076804 1.6063900371777971e-09
34150.04800076804 7.864916302355044e-10
34200.04800076804 1.5026123183110397e-09
34250.04800076804 1.1368343207968042e-09
34300.04800076804 1.0289191387011826e-09
34350.04800076804 2.1646986545538143e-09
34400.04800076804 8.693843205603549e-10
34450.04800076804 2.1478194646401915e-09
34500.04800076804 1.1059178255807806e-09
34550.04800076804 8.454898176792077e-10
34600.04800076804 2.886106350415148e-09
34650.04800076804 7.127243284893211e-10
34700.04800076804 1.550099373539202e-09
34750.04800076804 1.3955048165816546e-09
34800.04800076804 1.0713175435229163e-09
34850.04800076804 2.6912664964387853e-09
34900.04800076804 1.4204979442479198e-09
34950.04800076804 1.983647497210204e-09
35000.04800076804 4.013511027200681e-09
35050.04800076804 2.0878949271835445e-09
35100.04800076804 4.433385677187878e-09
35150.04800076804 3.7893929490426886e-09
35200.04800076804 3.814751971267511e-09
35250.04800076804 4.891117034899013e-09
35300.04800076804 2.6319423234391472e-09
35350.04800076804 4.423465158343599e-09
35400.04800076804 3.459370924032454e-09
35450.04800076804 2.784750735873875e-09
35500.04800076804 8.71053522584976e-09
35550.04800076804 4.7649486943797405e-09
35600.04800076804 5.9315755950092274e-09
35650.04800076804 6.211376674683135e-09
35700.04800076804 4.6074804578817454e-09
35750.04800076804 1.0093287578575215e-08
35800.04800076804 6.339241162457662e-09
35850.04800076804 3.5069185522712672e-09
35900.04800076804 6.263469670651805e-09
35950.04800076804 6.8415822149041495e-09
36000.04800076804 3.8178398590317304e-09
36050.04800076804 5.702953824482282e-09
36100.04800076804 5.055411019245428e-09
36150.04800076804 9.893688593499443e-09
36200.04800076804 8.610030548124988e-09
36250.04800076804 8.5004633830647e-09
36300.04800076804 1.2647398696789416e-08
36350.04800076804 8.850755267206543e-09
36400.04800076804 1.5328192981183648e-08
36450.04800076804 1.1726977763223205e-08
36500.04800076804 1.2585939045565282e-08
36550.04800076804 1.9931692323399327e-08
36600.04800076804 2.1385886550154408e-08
36650.04800076804 1.8456663593086583e-08
36700.04800076804 1.9287488644596565e-08
36750.04800076804 2.1963900906999805e-08
36800.04800076804 2.190142948660696e-08
36850.04800076804 1.3485635276394587e-08
36900.04800076804 1.988798804278004e-08
36950.04800076804 2.179407064619941e-08
37000.04800076804 1.7677668691048503e-08
37050.04800076804 2.517091612655462e-08
37100.04800076804 2.0428558000188576e-08
37150.04800076804 2.2164094157097255e-08
37200.04800076804 2.5133226899009036e-08
37250.04800076804 1.938370770180124e-08
37300.04800076804 1.8329840150628807e-08
37350.04800076804 2.6003791247577495e-08
37400.04800076804 3.486089640406708e-08
37450.04800076804 1.812084019145723e-08
37500.04800076804 2.2755605991142397e-08
37550.04800076804 3.973079234847392e-08
37600.04800076804 5.063823040565488e-08
37650.04800076804 2.589491378408086e-08
37700.04800076804 3.7416791252581234e-08
37750.04800076804 2.4610688946850897e-08
37800.04800076804 2.7931921518870175e-08
37850.04800076804 1.793906815585338e-08
37900.04800076804 2.3545603801357146e-08
37950.04800076804 3.498497117155228e-08
38000.04800076804 3.9926042308295247e-08
38050.04800076804 4.326539326158094e-08
38100.04800076804 4.973368573340868e-08
38150.04800076804 4.9298426290485866e-08
38200.04800076804 4.9936495738729634e-08
38250.04800076804 4.9171803864400536e-08
38300.04800076804 7.890619261024469e-08
38350.04800076804 6.852849396071069e-08
38400.04800076804 3.684474980815747e-08
38450.04800076804 2.8721404480227923e-08
38500.04800076804 1.7144840037566402e-08
38550.04800076804 3.580982896442663e-08
38600.04800076804 4.129796430946056e-08
38650.04800076804 5.550334530058243e-08
38700.04800076804 5.163794871423765e-08
38750.04800076804 5.627859940318583e-08
38800.04800076804 4.069114152824844e-08
38850.04800076804 6.239796944407891e-08
38900.04800076804 6.526021654229445e-08
38950.04800076804 4.342249415830859e-08
39000.04800076804 7.308177468855542e-08
39050.04800076804 4.974876017930083e-08
39100.04800076804 6.536470228710656e-08
39150.04800076804 6.373606695830496e-08
39200.04800076804 5.093784398858125e-08
39250.04800076804 7.42245860650494e-08
39300.04800076804 6.432367759035198e-08
39350.04800076804 1.0087929549379828e-07
39400.04800076804 7.359461952997044e-08
39450.04800076804 7.966113398358537e-08
39500.04800076804 8.618628129737733e-08
39550.04800076804 6.747378689981814e-08
39600.04800076804 8.452123408952608e-08
39650.04800076804 1.1468284485346326e-07
39700.04800076804 8.453694612492252e-08
39750.04800076804 4.988659321817725e-08
39800.04800076804 6.968661994940515e-08
39850.04800076804 1.097890682673447e-07
39900.04800076804 1.1514492469440348e-07
39950.04800076804 8.37314066054598e-08
40000.04800076804 1.217908333627029e-07
40050.04800076804 1.1079341920559909e-07
40100.04800076804 5.6147072124687236e-08
40150.04800076804 1.1606795878216273e-07
40200.04800076804 1.2009580728986294e-07
40250.04800076804 1.2663907875629803e-07
40300.04800076804 1.2862340119884149e-07
40350.04800076804 8.103269003815557e-08
40400.04800076804 1.260956587194564e-07
40450.04800076804 8.553702799795616e-08
40500.04800076804 1.381248887633812e-07
40550.04800076804 1.2995793822477535e-07
40600.04800076804 1.2159887564444572e-07
40650.04800076804 1.076387873521375e-07
40700.04800076804 1.8644291982065356e-07
40750.04800076804 1.3637790897561722e-07
40800.04800076804 8.932549773786319e-08
40850.04800076804 1.8224299371404647e-07
40900.04800076804 1.6289870455845763e-07
40950.04800076804 1.1385977198002136e-07
41000.04800076804 1.412677836765883e-07
41050.04800076804 1.8806429118188122e-07
41100.04800076804 1.3086329826468233e-07
41150.04800076804 7.931933092589644e-08
41200.04800076804 1.875488014234906e-07
41250.04800076804 1.526760531001364e-07
41300.04800076804 1.4353233256411534e-07
41350.04800076804 1.987105691132501e-07
41400.04800076804 1.6282568931891173e-07
41450.04800076804 1.816935524035753e-07
41500.04800076804 1.2782842693380926e-07
41550.04800076804 1.1549645990519547e-07
41600.04800076804 1.5769694334371304e-07
41650.04800076804 1.7811351673224097e-07
41700.04800076804 1.6608496603492304e-07
41750.04800076804 1.5021843246575706e-07
41800.04800076804 2.0835817922565268e-07
41850.04800076804 1.2562592527484875e-07
41900.04800076804 1.2508814021045912e-07
41950.04800076804 1.5737922879789207e-07
42000.04800076804 1.8093186517527775e-07
42050.04800076804 1.5170807350189764e-07
42100.04800076804 2.0430207109694082e-07
42150.04800076804 1.4579257246894322e-07
42200.04800076804 1.5393188598539354e-07
42250.04800076804 1.3099487285649952e-07
42300.04800076804 1.2805711312563577e-07
42350.04800076804 1.6503222051728754e-07
42400.04800076804 1.7767458011335635e-07
42450.04800076804 1.6174904797726886e-07
42500.04800076804 1.5079563268418987e-07
42550.04800076804 1.419538770739577e-07
42600.04800076804 1.469976010779523e-07
42650.04800076804 2.2031625356152905e-07
42700.04800076804 1.1081144529211824e-07
42750.04800076804 1.3349973422847537e-07
42800.04800076804 1.4840882327525978e-07
42850.04800076804 1.7250574726566329e-07
42900.04800076804 1.9355232378575516e-07
42950.04800076804 1.3723109877109984e-07
43000.04800076804 1.8167754141198573e-07
43050.04800076804 8.167867541984375e-08
43100.04800076804 1.318864965380732e-07
43150.04800076804 1.3695782222892716e-07
43200.04800076804 1.6523076938924826e-07
43250.04800076804 2.3006751647873806e-07
43300.04800076804 2.1705773810002965e-07
43350.04800076804 1.1485681425875233e-07
43400.04800076804 1.5883824085294805e-07
43450.04800076804 1.0813285733725507e-07
43500.04800076804 1.293304280553683e-07
43550.04800076804 1.2825621644190643e-07
43600.04800076804 1.773898376672197e-07
43650.04800076804 9.769196824800854e-08
43700.04800076804 2.0796976538889895e-07
43750.04800076804 1.9238903684524286e-07
43800.04800076804 1.4802640581469875e-07
43850.04800076804 1.5419051686815813e-07
43900.04800076804 1.3084518411512764e-07
43950.04800076804 9.39770415815228e-08
44000.04800076804 7.239367101985255e-08
44050.04800076804 1.5319922781461072e-07
44100.04800076804 1.8588678164547339e-07
44150.04800076804 1.75996749616641e-07
44200.04800076804 1.517317843002808e-07
44250.04800076804 9.915381159050088e-08
44300.04800076804 8.546623087512496e-08
44350.04800076804 8.692615364960391e-08
44400.04800076804 8.69426937837307e-08
44450.04800076804 1.0669503454872374e-07
44500.04800076804 8.935888467307838e-08
44550.04800076804 1.1743785100492584e-07
44600.04800076804 8.265018328002165e-08
44650.04800076804 1.0026207079463987e-07
44700.04800076804 7.521071854929723e-08
44750.04800076804 8.788794866894067e-08
44800.04800076804 6.943854839574936e-08
44850.04800076804 7.875082939278975e-08
44900.04800076804 5.887312709571008e-08
44950.04800076804 5.2822071917738884e-08
45000.04800076804 6.229930112861801e-08
45050.04800076804 6.365669158099627e-08
45100.04800076804 6.220957570523162e-08
45150.04800076804 4.8841781698606095e-08
45200.04800076804 2.9833910145254244e-08
45250.04800076804 3.521337634856318e-08
45300.04800076804 4.5206655469509815e-08
45350.04800076804 4.0864040454329257e-08
45400.04800076804 3.502432993423399e-08
45450.04800076804 3.208707335636237e-08
45500.04800076804 3.697950291090868e-08
45550.04800076804 4.1636437476609114e-08
45600.04800076804 2.9551187160592144e-08
45650.04800076804 2.887314698238447e-08
45700.04800076804 3.673850885463632e-08
45750.04800076804 2.8444245505794523e-08
45800.04800076804 2.387240821355698e-08
45850.04800076804 3.985133598452044e-08
45900.04800076804 4.246174732608316e-08
45950.04800076804 2.3019998147966667e-08
46000.04800076804 3.8742774810842636e-08
46050.04800076804 4.236137597336496e-08
46100.04800076804 2.4739266246685206e-08
46150.04800076804 4.003241357205927e-08
46200.04800076804 3.507596046112742e-08
46250.04800076804 1.656120131300644e-08
46300.04800076804 4.889167295413479e-08
46350.04800076804 3.319240194443574e-08
46400.04800076804 4.28654579247284e-08
46450.04800076804 6.082737087028007e-08
46500.04800076804 3.947944010409642e-08
46550.04800076804 4.8798354598021836e-08
46600.04800076804 5.084564404884341e-08
46650.04800076804 1.2000592587705927e-07
46700.04800076804 7.180062571131267e-08
46750.04800076804 4.38799820182022e-08
46800.04800076804 2.5158460371997382e-08
46850.04800076804 6.51321860744056e-08
46900.04800076804 5.2875005458522546e-08
46950.04800076804 7.81663817293474e-08
47000.04800076804 3.358416235382168e-08
47050.04800076804 7.035828257102339e-08
47100.04800076804 2.302766581738483e-08
47150.04800076804 3.783197937509916e-08
47200.04800076804 5.2117308127904505e-08
47250.04800076804 2.9836438455729974e-08
47300.04800076804 3.3482858879698856e-08
47350.04800076804 2.9694857090749174e-08
47400.04800076804 6.56118228704033e-08
47450.04800076804 2.6001082335475987e-08
47500.04800076804 7.527203371334911e-08
47550.04800076804 3.006042919158556e-08
47600.04800076804 6.42670703957024e-08
47650.04800076804 2.9513865443529224e-08
47700.04800076804 6.308784121399818e-08
47750.04800076804 2.4142351140630013e-08
47800.04800076804 4.671079671555489e-08
47850.04800076804 2.2109827534099744e-08
47900.04800076804 3.503178554493026e-08
47950.04800076804 3.9217165972326983e-08
48000.04800076804 8.113122624327864e-08
48050.04800076804 4.715425294223425e-08
48100.04800076804 5.017993754399651e-08
48150.04800076804 4.5095902362424094e-08
48200.04800076804 6.296236173376483e-08
48250.04800076804 4.494380156675807e-08
48300.04800076804 9.783255079755154e-08
48350.04800076804 4.082207517899065e-08
48400.04800076804 3.118990201859978e-08
48450.04800076804 3.88939645411511e-08
48500.04800076804 7.684656467151509e-08
48550.04800076804 3.907814067373233e-08
48600.04800076804 8.10767749839348e-08
48650.04800076804 5.1783036896923075e-08
48700.04800076804 8.719685581185514e-08
48750.04800076804 5.021613031682654e-08
48800.04800076804 9.348127275147791e-08
48850.04800076804 5.770818465368493e-08
48900.04800076804 7.517840741820187e-08
48950.04800076804 6.144864961383e-08
49000.04800076804 4.1229562315390096e-08
49050.04800076804 8.547571904593058e-08
49100.04800076804 6.695042921816617e-08
49150.04800076804 9.456971224390641e-08
49200.04800076804 7.443055988837586e-08
49250.04800076804 1.1507704945982008e-07
49300.04800076804 7.276868725841587e-08
49350.04800076804 4.993422844200697e-08
49400.04800076804 6.822255908214826e-08
49450.04800076804 7.275642429158857e-08
49500.04800076804 6.009387750534896e-08
49550.04800076804 1.7073327963742052e-08
49600.04800076804 4.7260518024848036e-08
49650.04800076804 6.415403072280804e-08
49700.04800076804 7.273176920335058e-08
49750.04800076804 9.938669094665568e-08
49800.04800076804 5.3879572813105796e-08
49850.04800076804 1.256478286273417e-07
49900.04800076804 9.601857016239187e-08
49950.04800076804 9.967418629156916e-08
50000.04800076804 9.141525379884913e-08
50050.04800076804 1.0171827218080091e-07
50100.04800076804 9.22617012024716e-08
50150.04800076804 4.0967634061721957e-08
50200.04800076804 1.2245838017901886e-08
50250.04800076804 5.504617754212815e-08
50300.04800076804 3.930227873945096e-08
50350.04800076804 9.561869563640127e-08
50400.04800076804 9.496642573212505e-08
50450.04800076804 7.754640093767084e-08
50500.04800076804 1.1681230875291523e-07
50550.04800076804 1.0976380636862078e-07
50600.04800076804 8.563232741310477e-08
50650.04800076804 1.0769578042835832e-07
50700.04800076804 1.3559161775799862e-07
50750.04800076804 9.0484464223781e-08
50800.04800076804 3.527939821952134e-08
50850.04800076804 2.168758013386061e-08
50900.04800076804 9.804853156505766e-08
50950.04800076804 9.527856477037047e-08
51000.04800076804 7.059823662072796e-08
51050.04800076804 9.281502316983354e-08
51100.04800076804 3.123835213773618e-08
51150.04800076804 4.683991144963502e-08
51200.04800076804 1.3041323286391793e-07
51250.04800076804 8.404655278185008e-08
51300.04800076804 6.19729836451249e-08
51350.04800076804 6.825485432577791e-08
51400.04800076804 2.680306353600067e-08
51450.04800076804 2.2378814456801303e-08
51500.04800076804 1.9433302935265213e-08
51550.04800076804 5.934460066110774e-08
51600.04800076804 5.12576939827781e-08
51650.04800076804 7.197774531623705e-08
51700.04800076804 7.091508219220675e-08
51750.04800076804 4.298919703450159e-08
51800.04800076804 9.687503169012326e-08
51850.04800076804 7.948874576307236e-08
51900.04800076804 9.897702179960652e-08
51950.04800076804 5.806949195333387e-08
52000.04800076804 8.782472510390165e-09
52050.04800076804 3.24762158244407e-08
52100.04800076804 2.2419765763356263e-08
52150.04800076804 1.357455099253206e-08
52200.04800076804 2.780380573578973e-08
52250.04800076804 5.175404675372295e-08
52300.04800076804 7.857738061297975e-08
52350.04800076804 2.621536402313486e-08
52400.04800076804 2.7000900234385163e-08
52450.04800076804 7.76528344646502e-08
52500.04800076804 6.873509304348444e-08
52550.04800076804 6.770815770231959e-08
52600.04800076804 5.3998522252896965e-08
52650.04800076804 5.489181206306594e-08
52700.04800076804 4.3130799021792824e-08
52750.04800076804 2.2484027729859207e-08
52800.04800076804 3.116328937030244e-08
52850.04800076804 3.985370498726689e-08
52900.04800076804 2.0236540940423733e-08
52950.04800076804 2.91900990358603e-08
53000.04800076804 6.53118682192797e-08
53050.04800076804 1.9798471801756132e-08
53100.04800076804 7.282506193539087e-08
53150.04800076804 8.593197775914874e-08
53200.04800076804 3.251252189426214e-08
53250.04800076804 7.673132079259043e-08
53300.04800076804 8.029621672191965e-08
53350.04800076804 7.957029548758119e-08
53400.04800076804 5.643370016090194e-08
53450.04800076804 1.576245939099025e-08
53500.04800076804 5.208499222207595e-09
53550.04800076804 1.0941109637837402e-08
53600.04800076804 3.560289941569369e-08
53650.04800076804 3.541870236502935e-08
53700.04800076804 2.9200957970672723e-08
53750.04800076804 2.7118238046150965e-08
53800.04800076804 2.6136122503013718e-08
53850.04800076804 4.200511589569046e-08
53900.04800076804 6.026226685616558e-08
53950.04800076804 6.506397437986847e-08
54000.04800076804 3.994493372234128e-08
54050.04800076804 4.40974005441085e-08
54100.04800076804 1.0871463669006582e-08
54150.04800076804 1.7040770060692743e-08
54200.04800076804 3.736505895921795e-09
54250.04800076804 8.91427690410986e-09
54300.04800076804 2.32562573582119e-08
54350.04800076804 3.428014382592224e-08
54400.04800076804 2.8715374741421127e-08
54450.04800076804 2.5602103431490326e-08
54500.04800076804 2.201940718523196e-08
54550.04800076804 2.145048912064078e-08
54600.04800076804 2.1255507527861288e-08
54650.04800076804 4.172914528305576e-09
54700.04800076804 2.4199466448457643e-08
54750.04800076804 2.288623727558817e-08
54800.04800076804 1.2745589106618246e-08
54850.04800076804 2.007870866591594e-08
54900.04800076804 3.46937746595686e-08
54950.04800076804 5.313746431790977e-08
55000.04800076804 1.557438320497311e-08
55050.04800076804 2.6930798863791352e-08
55100.04800076804 3.293594670041187e-08
55150.04800076804 1.7219626187989888e-08
55200.04800076804 1.3807478275988341e-08
55250.04800076804 2.10322084549588e-08
55300.04800076804 1.3273851942213961e-08
55350.04800076804 2.8870547916660735e-08
55400.04800076804 3.312216273496012e-08
55450.04800076804 1.916172509698689e-08
55500.04800076804 7.613311182802229e-09
55550.04800076804 8.105496900894814e-09
55600.04800076804 1.3818245508296668e-08
55650.04800076804 1.250990130972551e-08
55700.04800076804 1.3554049699668528e-08
55750.04800076804 1.1945840035520625e-08
55800.04800076804 5.330347720977675e-09
55850.04800076804 8.17907067754051e-09
55900.04800076804 2.14125918284083e-08
55950.04800076804 3.2173263254759453e-08
56000.04800076804 1.149146707894844e-08
56050.04800076804 1.4448180679126383e-08
56100.04800076804 2.2218721997949415e-08
56150.04800076804 9.982203024029014e-09
56200.04800076804 1.4656282882123336e-08
56250.04800076804 2.6061747799147687e-08
56300.04800076804 1.677621054997051e-08
56350.04800076804 1.1496032650968105e-08
56400.04800076804 4.1072738560653726e-09
56450.04800076804 3.975516088591679e-09
56500.04800076804 1.2772607800892793e-08
56550.04800076804 5.4524707722777334e-09
56600.04800076804 2.051432129607511e-08
56650.04800076804 2.4224497757953323e-08
56700.04800076804 1.7962165818031944e-08
56750.04800076804 5.6928031598426e-09
56800.04800076804 1.338394147516865e-08
56850.04800076804 1.600177666987247e-08
56900.04800076804 8.859130713296768e-09
56950.04800076804 1.9066569555381566e-08
57000.04800076804 2.49601576092868e-08
57050.04800076804 1.1197276220041678e-08
57100.04800076804 3.4995668057931714e-09
57150.04800076804 6.453729134185109e-09
57200.04800076804 5.243216083004273e-09
57250.04800076804 7.81881012532275e-09
57300.04800076804 1.2985506749572884e-08
57350.04800076804 5.980198258477108e-09
57400.04800076804 1.7429666037277507e-08
57450.04800076804 8.614243889729339e-09
57500.04800076804 8.258476818422222e-09
57550.04800076804 1.2579107916447407e-08
57600.04800076804 1.1157043934006182e-08
57650.04800076804 2.3954034769457907e-09
57700.04800076804 4.687080624292474e-09
57750.04800076804 9.163153123414686e-09
57800.04800076804 3.4772910438100532e-09
57850.04800076804 2.7811112115739547e-08
57900.04800076804 3.256162325870254e-08
57950.04800076804 3.5959377854548554e-08
58000.04800076804 1.012175629431363e-08
58050.04800076804 1.8572029633721042e-08
58100.04800076804 1.7251466419653603e-08
58150.04800076804 1.057272877045737e-08
58200.04800076804 2.447675091662176e-09
58250.04800076804 4.430392459813389e-09
58300.04800076804 4.942100065362725e-09
58350.04800076804 6.416998538061006e-09
58400.04800076804 1.5681989078283653e-08
58450.04800076804 1.830305588838083e-08
58500.04800076804 1.8678980452458995e-08
58550.04800076804 1.5126769252366058e-08
58600.04800076804 5.698056725701889e-09
58650.04800076804 7.665640212120259e-09
58700.04800076804 1.1104722005796663e-08
58750.04800076804 8.942191824504903e-09
58800.04800076804 1.3029742273147438e-09
58850.04800076804 6.068511649547208e-09
58900.04800076804 8.53996456689205e-09
58950.04800076804 3.4663922475249478e-09
59000.04800076804 9.435163177754488e-09
59050.04800076804 1.5509907611551155e-08
59100.04800076804 1.47855361711607e-08
59150.04800076804 1.092050976355532e-08
59200.04800076804 1.3339279356552652e-08
59250.04800076804 1.391417457160441e-08
59300.04800076804 1.0533290862751762e-08
59350.04800076804 1.921751774010982e-09
59400.04800076804 2.327553869960253e-09
59450.04800076804 1.165902526924189e-08
59500.04800076804 6.160275666116073e-09
59550.04800076804 1.3938679372056625e-08
59600.04800076804 1.8110416371057462e-08
59650.04800076804 8.17521209692152e-09
59700.04800076804 5.481054459384878e-09
59750.04800076804 2.024950942440032e-08
59800.04800076804 8.311678466018175e-09
59850.04800076804 1.1736692755145578e-08
59900.04800076804 3.723190722501051e-09
59950.04800076804 1.037059790185609e-08
60000.04800076804 2.389691496882981e-08
60050.04800076804 2.4586422998427746e-08
60100.04800076804 1.7461863375484842e-08
60150.04800076804 6.851007273085719e-09
60200.04800076804 1.57372708822681e-08
60250.04800076804 2.812151837358783e-08
60300.04800076804 2.3557474669898813e-08
60350.04800076804 1.3620357605702023e-08
60400.04800076804 1.2665075068727109e-08
60450.04800076804 2.991777622447129e-09
60500.04800076804 1.031710225256301e-09
60550.04800076804 1.0346121452813619e-08
60600.04800076804 1.5391325541549687e-08
60650.04800076804 8.866170723732483e-09
60700.04800076804 6.008549067237104e-09
60750.04800076804 2.8894741204286013e-09
60800.04800076804 1.38710209013986e-08
60850.04800076804 2.940265019031118e-08
60900.04800076804 2.6271660363087485e-08
60950.04800076804 1.874398959059157e-08
61000.04800076804 1.892955976855826e-08
61050.04800076804 6.588729256813582e-09
61100.04800076804 7.638028550806637e-09
61150.04800076804 2.406582054104491e-09
61200.04800076804 1.42319689680764e-08
61250.04800076804 2.0097399150235394e-08
61300.04800076804 1.756543470780342e-08
61350.04800076804 3.157342923339901e-08
61400.04800076804 1.0165943165221519e-08
61450.04800076804 3.415142159900741e-09
61500.04800076804 4.317110856348114e-09
61550.04800076804 1.1395716362402779e-08
61600.04800076804 4.29157409696511e-09
61650.04800076804 9.757028213092492e-09
61700.04800076804 1.1667887926638023e-08
61750.04800076804 1.3371866413607698e-08
61800.04800076804 1.0557880641346776e-08
61850.04800076804 3.4513782533344064e-09
61900.04800076804 1.94626783584684e-08
61950.04800076804 2.4119283334162478e-08
62000.04800076804 2.590649010988011e-08
62050.04800076804 3.082097640760178e-08
62100.04800076804 1.574583668446083e-08
62150.04800076804 2.639260019226733e-08
62200.04800076804 2.349457711371354e-08
62250.04800076804 1.6708208552091916e-08
62300.04800076804 4.297021036042748e-08
62350.04800076804 3.39069332176561e-08
62400.04800076804 1.4684006256395991e-08
62450.04800076804 2.0963245239098044e-08
62500.04800076804 4.045398131876019e-08
62550.04800076804 4.6371888292088285e-08
62600.04800076804 3.7261907142061765e-08
62650.04800076804 2.7310845143371704e-08
62700.04800076804 2.100850625655791e-08
62750.04800076804 3.4793898362146714e-08
62800.04800076804 2.017385644224648e-08
62850.04800076804 3.183407470494345e-08
62900.04800076804 2.4145671043713042e-08
62950.04800076804 4.8772216769310194e-08
63000.04800076804 2.955590293701421e-08
63050.04800076804 6.510855149645328e-08
63100.04800076804 5.621198892356756e-08
63150.04800076804 3.773175052333131e-08
63200.04800076804 3.677896411286914e-08
63250.04800076804 3.776931953816147e-08
63300.04800076804 2.648616542698697e-08
63350.04800076804 2.35878731450569e-08
63400.04800076804 8.519509695139318e-09
63450.04800076804 4.2999024896607155e-09
63500.04800076804 2.0062359345487772e-08
63550.04800076804 2.9040072998020577e-08
63600.04800076804 2.7373811068383094e-08
63650.04800076804 1.5952708128476465e-08
63700.04800076804 4.978175900951161e-09
63750.04800076804 1.3442337254144181e-08
63800.04800076804 3.180045836653821e-08
63850.04800076804 2.3200505354083073e-08
63900.04800076804 7.148296478290452e-09
63950.04800076804 1.7911658283249332e-08
64000.04800076804 2.3508851514855598e-08
64050.04800076804 8.96647610222331e-09
64100.04800076804 1.9601143197795625e-09
64150.04800076804 3.1286089664133335e-09
64200.04800076804 3.9144275147936125e-09
64250.04800076804 1.2303030523142028e-08
64300.04800076804 9.598334270259517e-09
64350.04800076804 6.479432175677448e-09
64400.04800076804 1.8947817139173e-08
64450.04800076804 2.084045923791884e-08
64500.04800076804 7.806869297686546e-09
64550.04800076804 1.7302842094526163e-08
64600.04800076804 9.464939866240067e-09
64650.04800076804 1.5250225303746756e-08
64700.04800076804 4.930875588933112e-09
64750.04800076804 8.552009420282234e-09
64800.04800076804 5.151375717765787e-09
64850.04800076804 3.4336248392945903e-09
64900.04800076804 3.41876507384959e-09
64950.04800076804 2.9798232862889883e-09
65000.04800076804 5.328069904072947e-09
65050.04800076804 9.878902909911355e-09
65100.04800076804 1.4896295544523405e-08
65150.04800076804 6.465902870426871e-09
65200.04800076804 2.919936010712477e-09
65250.04800076804 9.880496684498878e-09
65300.04800076804 1.062638552649458e-08
65350.04800076804 2.843990201808862e-08
65400.04800076804 1.0280251977384516e-08
65450.04800076804 1.0371953552693791e-08
65500.04800076804 1.2684458431906371e-08
65550.04800076805 5.038924073826694e-09
65600.04800076805 1.2223375988508086e-08
65650.04800076805 7.3919606363293e-09
65700.04800076805 6.833462909503208e-09
65750.04800076805 4.541858440377947e-09
65800.04800076805 1.068214345920021e-08
65850.04800076805 1.5630574341482325e-08
65900.04800076805 3.882538880638345e-09
65950.04800076805 7.128907885643214e-09
66000.04800076805 9.396297082586854e-09
66050.04800076805 2.169297625851304e-08
66100.04800076805 1.1233589587662038e-08
66150.04800076805 1.0008038889262018e-08
66200.04800076805 9.41006674958459e-09
66250.04800076805 5.745840875467604e-09
66300.04800076805 2.1948782734048033e-09
66350.04800076805 1.9149391727356722e-09
66400.04800076805 3.9506399664153185e-09
66450.04800076805 1.284184526404005e-08
66500.04800076805 1.9655877567912498e-08
66550.04800076805 1.9731240118416315e-08
66600.04800076805 1.513356943739192e-08
66650.04800076805 1.0720547176795564e-08
66700.04800076805 7.452818006119772e-09
66750.04800076805 7.887760777861228e-09
66800.04800076805 9.718962252298165e-09
66850.04800076805 6.041460407698518e-09
66900.04800076805 2.2489766502722217e-08
66950.04800076805 2.1287908085307983e-08
67000.04800076805 2.3842878249504557e-08
67050.04800076805 1.2853591781714934e-08
67100.04800076805 7.05707427100413e-09
67150.04800076805 8.756639662321617e-09
67200.04800076805 1.4329181148931509e-08
67250.04800076805 1.2921657456460736e-08
67300.04800076805 2.18783680071616e-08
67350.04800076805 9.792990970063838e-09
67400.04800076805 2.4564104794356432e-08
67450.04800076805 1.4759906698293695e-08
67500.04800076805 1.3608552909215895e-08
67550.04800076805 2.7667821118471887e-08
67600.04800076805 4.587183420356523e-08
67650.04800076805 3.290497157706809e-08
67700.04800076805 1.7979240209092345e-08
67750.04800076805 1.089597714327388e-08
67800.04800076805 1.6764836791406317e-08
67850.04800076805 6.926705089161482e-09
67900.04800076805 8.834509149702954e-09
67950.04800076805 6.939639700180869e-09
68000.04800076805 1.6279335552301445e-08
68050.04800076805 2.1242637974790924e-08
68100.04800076805 3.2441275719033806e-08
68150.04800076805 2.6217791422985457e-08
68200.04800076805 1.945274611662895e-08
68250.04800076805 3.9985197199036785e-09
68300.04800076805 2.020742760386912e-08
68350.04800076805 1.8234469508610214e-08
68400.04800076805 3.6630987503019844e-08
68450.04800076805 2.9132049097355123e-08
68500.04800076805 1.768631911509216e-08
68550.04800076805 6.950994327053732e-09
68600.04800076805 7.247072525999103e-09
68650.04800076805 3.4308158732369244e-09
68700.04800076805 9.751341102572486e-09
68750.04800076805 1.763471888849577e-08
68800.04800076805 2.0195994383914255e-08
68850.04800076805 7.654550995532565e-09
68900.04800076805 3.1776136300694535e-08
68950.04800076805 3.291584744961922e-08
69000.04800076805 2.1443346603041216e-08
69050.04800076805 1.0099269135676258e-08
69100.04800076805 2.815846335112979e-08
69150.04800076805 4.089067045790347e-08
69200.04800076805 2.8653931528365733e-08
69250.04800076805 4.068816358368636e-08
69300.04800076805 2.2661012265318894e-08
69350.04800076805 4.475227473866834e-08
69400.04800076805 1.4476400651117754e-08
69450.04800076805 4.043202736842485e-08
69500.04800076805 1.8712589466620986e-08
69550.04800076805 1.4740066999405545e-08
69600.04800076805 3.700257810586727e-09
69650.04800076805 1.451630812735686e-08
69700.04800076805 2.7943233836262807e-08
69750.04800076805 1.7239721629287403e-08
69800.04800076805 2.909997657929517e-08
69850.04800076805 3.0527367787558814e-08
69900.04800076805 1.941260075677341e-08
69950.04800076805 1.8653845759442203e-08
70000.04800076805 2.0033088546246416e-08
70050.04800076805 4.000278458241622e-08
70100.04800076805 2.828958724501418e-08
70150.04800076805 2.188520182864859e-08
70200.04800076805 1.458222714392009e-08
70250.04800076805 2.070030660094554e-08
70300.04800076805 3.892139858595257e-08
70350.04800076805 2.8000475963026362e-08
70400.04800076805 1.3742124656765562e-08
70450.04800076805 2.4056331291771937e-09
70500.04800076805 1.1396770178305067e-08
70550.04800076805 1.144340749982942e-08
70600.04800076805 1.1484333614632058e-08
70650.04800076805 3.110736976784619e-08
70700.04800076805 3.0933678224765573e-08
70750.04800076805 4.6513684239244675e-08
70800.04800076805 2.0509514606641827e-08
70850.04800076805 2.0897443552780098e-08
70900.04800076805 2.5700962527871522e-08
70950.04800076805 3.6608720335129324e-08
71000.04800076805 3.249653623725635e-08
71050.04800076805 3.300598027851961e-08
71100.04800076805 2.472958529628284e-08
71150.04800076805 1.7371498016255704e-08
71200.04800076805 1.552200181644856e-08
71250.04800076805 2.593148392650457e-08
71300.04800076805 3.523740480608468e-08
71350.04800076805 3.715909275331888e-08
71400.04800076805 2.852355517524421e-08
71450.04800076805 1.1290186592088362e-08
71500.04800076805 1.3032978391145946e-08
71550.04800076805 1.6936177252696107e-08
71600.04800076805 1.9872637989684842e-08
71650.04800076805 1.2996886070578607e-08
71700.04800076805 9.19046106247713e-09
71750.04800076805 2.0638182333101322e-08
71800.04800076805 3.076182168365848e-08
71850.04800076805 2.915977153955818e-08
71900.04800076805 1.494248514732852e-08
71950.04800076805 2.200382295996269e-08
72000.04800076805 2.002473135350529e-08
72050.04800076805 9.963557713526693e-09
72100.04800076805 1.2421847195060366e-08
72150.04800076805 1.2699151200124511e-08
72200.04800076805 2.1961682228562788e-08
72250.04800076805 3.123426768381662e-08
72300.04800076805 1.907455483382807e-08
72350.04800076805 2.3468168623742006e-08
72400.04800076805 2.0263200739269884e-08
72450.04800076805 1.5637645513958992e-08
72500.04800076805 2.2042464865348462e-08
72550.04800076805 7.942992213982598e-09
72600.04800076805 1.4869042817516346e-08
72650.04800076805 2.6898967195264554e-08
72700.04800076805 1.639105783180328e-08
72750.04800076805 1.7015128590847718e-08
72800.04800076805 9.886175970907684e-09
72850.04800076805 1.3634277140296918e-08
72900.04800076805 2.8922534738531955e-08
72950.04800076805 1.7358325150361864e-08
73000.04800076805 1.8208616685108393e-08
73050.04800076805 9.225278153044675e-09
73100.04800076805 1.2047303720329123e-08
73150.04800076805 2.9503357334805754e-08
73200.04800076805 1.0907994765126475e-08
73250.04800076805 1.522552469275377e-08
73300.04800076805 1.1315764064277196e-08
73350.04800076805 7.726575002036936e-09
73400.04800076805 1.5048158888490172e-08
73450.04800076805 8.15331924793892e-09
73500.04800076805 7.103083950795805e-09
73550.04800076805 1.3083672024634532e-08
73600.04800076805 1.2691513035385818e-08
73650.04800076805 1.4222330113515101e-08
73700.04800076805 1.3560639184668178e-08
73750.04800076805 4.608167680704255e-09
73800.04800076805 1.20893965148028e-08
73850.04800076805 1.7265597532374764e-08
73900.04800076805 9.54366676883184e-09
73950.04800076805 1.0151580871238407e-08
74000.04800076805 5.075170524544908e-09
74050.04800076805 2.0678702092378218e-08
74100.04800076805 1.384257588412245e-08
74150.04800076805 1.4026426964541894e-08
74200.04800076805 7.91918739894129e-09
74250.04800076805 1.6103229252639227e-09
74300.04800076805 1.3081306908284141e-08
74350.04800076805 1.9791605809844792e-08
74400.04800076805 1.8626069556289738e-08
74450.04800076805 7.039075887175326e-09
74500.04800076805 4.148428794647131e-09
74550.04800076805 9.616245158701149e-09
74600.04800076805 1.1751513327007848e-08
74650.04800076805 1.1962424983941641e-08
74700.04800076805 7.766869360870726e-09
74750.04800076805 5.045453175226251e-09
74800.04800076805 7.534073701523922e-09
74850.04800076805 1.0311619145157824e-08
74900.04800076805 1.8183570786610955e-08
74950.04800076805 1.758992156559613e-08
75000.04800076805 7.783848382146718e-09
75050.04800076805 2.1809500689809996e-09
75100.04800076805 1.669243954690591e-08
75150.04800076805 1.96030537219153e-08
75200.04800076805 2.105177586072598e-08
75250.04800076805 2.142305797604419e-08
75300.04800076805 1.6305074094122433e-08
75350.04800076805 4.996289567466878e-09
75400.04800076805 2.302470769000705e-08
75450.04800076805 2.052759550987947e-08
75500.04800076805 1.9569871991491943e-08
75550.04800076805 1.842310642920106e-08
75600.04800076805 2.3293227206601413e-08
75650.04800076805 1.2999337803052314e-08
75700.04800076805 2.4087076093811348e-08
75750.04800076805 1.196057417331926e-08
75800.04800076805 1.9916124255627265e-08
75850.04800076805 2.310474149463097e-08
75900.04800076805 2.3416721624169974e-08
75950.04800076805 1.0822744820790503e-08
76000.04800076805 2.6268862409998143e-08
76050.04800076805 2.4802664489181458e-08
76100.04800076805 2.2059444737289858e-08
76150.04800076805 2.480383903334239e-08
76200.04800076805 2.209404796125884e-08
76250.04800076805 1.4466519060960017e-08
76300.04800076805 3.650867169848895e-08
76350.04800076805 4.137370582082139e-08
76400.04800076805 3.2021730748039314e-08
76450.04800076805 2.5064597503778828e-08
76500.04800076805 1.6800062305054973e-08
76550.04800076805 6.864425381876655e-09
76600.04800076805 1.5431947770752117e-09
76650.04800076805 1.7889279762421801e-09
76700.04800076805 2.812335312860751e-09
76750.04800076805 2.9588795608883334e-09
76800.04800076805 6.524249583754149e-09
76850.04800076805 2.2877887496346137e-09
76900.04800076805 2.186878155714286e-09
76950.04800076805 6.668655920756301e-09
77000.04800076805 9.898621976673454e-09
77050.04800076805 2.62080035789672e-09
77100.04800076805 3.0324007936359257e-09
77150.04800076805 1.1777537106150165e-08
77200.04800076805 7.098450236938279e-09
77250.04800076805 6.123805905615172e-09
77300.04800076805 1.0552589338971766e-08
77350.04800076805 4.584161020872304e-09
77400.04800076805 5.215284122498803e-09
77450.04800076805 1.254219222331891e-08
77500.04800076805 9.487576646496462e-09
77550.04800076805 7.97902929617379e-09
77600.04800076805 4.690312903460436e-09
77650.04800076805 6.36702149837866e-09
77700.04800076805 5.135992377022703e-09
77750.04800076805 1.4361217596285061e-08
77800.04800076805 1.4047773312061336e-08
77850.04800076805 2.657835079128818e-08
77900.04800076805 1.2911658552876866e-08
77950.04800076805 3.2456055458867577e-09
78000.04800076805 8.885099252468941e-09
78050.04800076805 1.1180863180228892e-08
78100.04800076805 1.1870647490291311e-08
78150.04800076805 2.1829581613569805e-08
78200.04800076805 2.230745999650332e-08
78250.04800076805 2.124873503845716e-08
78300.04800076805 1.0024104786005257e-08
78350.04800076805 1.7767998676367382e-08
78400.04800076805 7.070600562734622e-09
78450.04800076805 1.7299278299220266e-08
78500.04800076805 2.4717915544191113e-08
78550.04800076805 3.1991397417954434e-08
78600.04800076805 2.2893325562671804e-08
78650.04800076805 3.3258812950133898e-09
78700.04800076805 7.300863143064432e-09
78750.04800076805 1.1578216540412596e-08
78800.04800076805 1.2776564266195955e-08
78850.04800076805 4.689670300376376e-09
78900.04800076805 1.3325757556252853e-08
78950.04800076805 1.9847985653901797e-08
79000.04800076805 1.5819626152310853e-08
79050.04800076805 1.1550104274531572e-08
79100.04800076805 1.4597386149626179e-08
79150.04800076805 1.3205633852012864e-08
79200.04800076805 1.6735198521779665e-08
79250.04800076805 8.914865453034299e-09
79300.04800076805 8.20417603669243e-09
79350.04800076805 1.3621765507120266e-08
79400.04800076805 7.69282798913273e-09
79450.04800076805 2.2591945412968214e-08
79500.04800076805 3.2348871014522316e-08
79550.04800076805 2.39568570607042e-08
79600.04800076805 1.1306620089179647e-08
79650.04800076805 1.9161762786233386e-08
79700.04800076805 1.6535854106061743e-08
79750.04800076805 1.6393014411339698e-08
79800.04800076805 8.835294652753517e-09
79850.04800076805 1.8486913905133532e-08
79900.04800076805 3.499425570801559e-08
79950.04800076805 3.021920200762983e-08
