# %ECSV 1.0
# ---
# datatype:
# - {name: wav, unit: Angstrom, datatype: float64}
# - {name: flux_nu, unit: erg / (cm2 Hz s), datatype: float64}
# meta: {C/O: '1.50', Kzz: '1.0000E+05', Teff: '1000.', Y: '0.28', '[Fe/H]': '0.00', f_hole: '1.00', f_rain: '0.00', grav: '1000.'}
# schema: astropy-2.0
wav flux_nu
4000.0559999999996 nan
4050.0559999999996 3.467753601456814e-13
4100.056 2.1366584290899484e-11
4150.056 7.654277382100246e-11
4200.056 6.766368553310184e-11
4250.056 1.445729309130032e-10
4300.056 2.010918702140087e-10
4350.056 2.1947715186700227e-10
4400.056 2.66115889992002e-10
4450.056 3.1417876147000526e-10
4500.056 3.047693789200092e-10
4550.056 3.3518154858999227e-10
4600.056 2.734448910179983e-10
4650.056 2.1823770241999785e-10
4700.056 1.68616086659999e-10
4750.056 7.549638236799929e-11
4800.056 2.1809578021299683e-11
4850.056 5.6609343995999325e-12
4900.056 2.2549328942999832e-12
4950.056 1.0035457942399907e-12
5000.056 3.518033764399959e-13
5050.056 1.3484244420999944e-13
5100.056 1.0564406682699982e-13
5150.056 9.024791965199977e-14
5200.056 7.746226772799986e-14
5250.056 6.574214889899986e-14
5300.056 5.647422497999989e-14
5350.056 5.005068071199995e-14
5400.056 4.583037880699992e-14
5450.056 4.268779001899989e-14
5500.056 4.033214186e-14
5550.056 3.859256196099999e-14
5600.056 3.7238093525999915e-14
5650.056 3.5900060828999996e-14
5700.056 3.4415552129e-14
5750.056 3.153375763299994e-14
5800.056 2.7009634575999938e-14
5850.056 1.8988306856599816e-14
5900.056 6.650544321735925e-15
5950.056 3.72140753080005e-14
6000.056 7.798770597400046e-14
6050.056 1.4144903592000134e-13
6100.056 2.4129943670000156e-13
6150.056 4.0413640723000286e-13
6200.056 6.758046111400045e-13
6250.056 1.131317528530008e-12
6300.056 1.8848188135000143e-12
6350.056 3.1221835079000243e-12
6400.056 5.111348852800038e-12
6450.056 8.218531218100039e-12
6500.056 1.2908002467200075e-11
6550.056 1.9844164171000146e-11
6600.056 2.993336213200023e-11
6650.056 4.419878893900026e-11
6700.056 5.5485898355600484e-11
6750.056 8.789244038000043e-11
6800.056 1.1478033243000038e-10
6850.056 1.3192582956000013e-10
6900.056 1.2881555381000006e-10
6950.056 1.172467639799998e-10
7000.056 1.1640150498000039e-10
7050.056 1.270940074399998e-10
7100.056 1.396835255500001e-10
7150.056 1.4695302393699914e-10
7200.056 1.4581903047700173e-10
7250.056 1.3676954227199722e-10
7300.056 1.2102324993300025e-10
7350.056 1.0380654097799935e-10
7400.056 8.680947837500018e-11
7450.056 6.965783196299991e-11
7500.056 5.33478366359997e-11
7550.056 3.843241374699973e-11
7600.056 2.675145788599976e-11
7650.056 6.71306902956968e-12
7700.056 4.457613861934213e-12
7750.056 2.273320895300045e-11
7800.056 4.4664739721480785e-11
7850.056 9.920556437300112e-11
7900.056 1.7050541398000155e-10
7950.056 2.1753510873720308e-10
8000.056 4.247991937500039e-10
8050.056 6.159872912800059e-10
8100.056 8.438861818400013e-10
8150.056 1.1154408259400025e-09
8200.056 1.4850658531000312e-09
8250.056 1.8781707573800204e-09
8300.056 2.3667203342501126e-09
8350.056 2.9037338629999815e-09
8400.056 3.5449902704999603e-09
8450.056 4.338921442999988e-09
8500.056 4.6931168148298175e-09
8550.056 6.008388493100179e-09
8600.056 7.436136701100061e-09
8650.056 8.73030387400008e-09
8700.056 1.0140310159800073e-08
8750.056 1.1742179389000067e-08
8800.056 1.3404926124000107e-08
8850.056 1.4789704874000028e-08
8900.056 1.4546605120499785e-08
8950.056 1.3957957507699896e-08
9000.056 1.7528383916099424e-08
9050.056 2.2937072719800302e-08
9100.056 2.5967568044700486e-08
9150.056 2.854334777320097e-08
9200.056 3.261877274399821e-08
9250.056 3.4003028021097174e-08
9300.056 2.1238433880689838e-08
9350.056 2.685109097942248e-08
9400.056 3.739163125063567e-08
9450.056 3.9549728668911e-08
9500.056 3.9941435733410535e-08
9550.056 4.3988416124008294e-08
9600.056 4.625151533818295e-08
9650.056 5.232284167350639e-08
9700.056 6.276941392753533e-08
9750.056 6.794393265885385e-08
9800.056 7.567006426679514e-08
9850.056 8.476959099499903e-08
9900.056 9.109438230099942e-08
9950.056 9.522469357399944e-08
10000.056 8.463736906899939e-08
10050.056 1.0735432649700024e-07
10100.056 1.2198842438500024e-07
10150.056 1.3300521065999813e-07
10200.056 1.4691447684000116e-07
10250.056 1.610873384100012e-07
10300.056 1.7697901337999947e-07
10350.056 1.946090240000023e-07
10400.056 2.117396925399991e-07
10450.056 2.25849653459999e-07
10500.056 2.361043722500007e-07
10550.056 2.4655683832000055e-07
10600.056 2.5940392645999803e-07
10650.056 2.7447238789000454e-07
10700.056 2.8842291498000353e-07
10750.056 3.0150830677000377e-07
10800.056 3.1152999006000286e-07
10850.056 3.183428691199994e-07
10900.056 2.9241941181999836e-07
10950.056 2.2332486845399885e-07
11000.056 1.834756849941813e-07
11050.056 1.4299808030279693e-07
11100.056 1.0969141245792374e-07
11150.056 8.28666450211647e-08
11200.056 9.014769242026305e-08
11250.056 1.1061113121424502e-07
11300.056 1.131405092881329e-07
11350.056 6.103976098515906e-08
11400.056 1.0155070356773936e-07
11450.056 8.892520173540843e-08
11500.056 8.911095759253552e-08
11550.056 5.690286468736126e-08
11600.056 5.882452357726864e-08
11650.056 7.984185871279139e-08
11700.056 7.195451443530932e-08
11750.056 4.4219286891062036e-08
11800.056 8.694104016715595e-08
11850.056 1.3517818141259927e-07
11900.056 1.6611474128279014e-07
11950.056 2.1311897709840878e-07
12000.056 2.5329036667799875e-07
12050.056 3.0337821954002464e-07
12100.056 3.5318522946399004e-07
12150.056 4.1326898286999295e-07
12200.056 4.6147982525998795e-07
12250.056 5.186071890899918e-07
12300.056 5.754012033800096e-07
12350.056 5.850378123200012e-07
12400.056 5.893601664199903e-07
12450.056 5.573996923100088e-07
12500.056 5.698312864099951e-07
12550.056 6.126856104900215e-07
12600.056 7.791814205800101e-07
12650.056 8.005999705100028e-07
12700.056 8.217978889900225e-07
12750.056 7.923440053100083e-07
12800.056 7.839734703900025e-07
12850.056 6.973405942400013e-07
12900.056 6.410272691900125e-07
12950.056 6.127359633749953e-07
13000.056 5.941852548529901e-07
13050.056 5.373930907430803e-07
13100.056 5.065147817405728e-07
13150.056 4.2839640603764054e-07
13200.056 3.80854724206989e-07
13250.056 2.8865590089604206e-07
13300.056 1.6219914341874866e-07
13350.056 5.8426825612256906e-08
13400.056 3.298881270636752e-08
13450.056 2.128592726359574e-08
13500.056 1.4116238792799585e-08
13550.056 1.0304720621933813e-08
13600.056 6.855907148467992e-09
13650.056 1.5135960868059754e-08
13700.056 1.1956766967249014e-08
13750.056 1.4734502315286004e-08
13800.056 1.7515062664510617e-08
13850.056 1.3405050482749376e-08
13900.056 1.3569721523541045e-08
13950.056 1.2719473295848086e-08
14000.056 1.2252028638547906e-08
14050.056 1.5103789284737017e-08
14100.056 1.2737084971745294e-08
14150.056 1.7904859590451532e-08
14200.056 1.4474131229259916e-08
14250.056 1.4878496264536946e-08
14300.056 2.3733615313299212e-08
14350.056 2.4454369037154677e-08
14400.056 2.5997697386628273e-08
14450.056 3.030940983759726e-08
14500.056 4.8454583697206824e-08
14550.056 5.16073125255565e-08
14600.056 7.019127127822168e-08
14650.056 6.885815508751706e-08
14700.056 5.70357619358301e-08
14750.056 7.017879677907169e-08
14800.056 8.615645268130032e-08
14850.056 9.3902111488091e-08
14900.056 9.503601503634357e-08
14950.056 1.0973281055486838e-07
15000.056 1.2439928405043626e-07
15050.056 1.4735263916983484e-07
15100.056 1.577732723698019e-07
15150.056 1.7542113067718533e-07
15200.056 1.8362614209816714e-07
15250.056 2.25827000683402e-07
15300.056 2.475414341759797e-07
15350.056 2.8511484189798857e-07
15400.056 3.159477969510221e-07
15450.056 3.443291092700178e-07
15500.056 3.607750803999939e-07
15550.056 4.0009544966999014e-07
15600.056 4.137257926100041e-07
15650.056 4.287982218000129e-07
15700.056 4.6659215649002347e-07
15750.056 4.777310651099949e-07
15800.056 4.6788998006000865e-07
15850.056 4.756743211500011e-07
15900.056 4.4324192437000393e-07
15950.056 4.058420529799826e-07
16000.056 3.394358934700033e-07
16050.056 2.5440122210198953e-07
16100.056 1.9481645657498757e-07
16150.056 1.42133796181197e-07
16200.056 1.0236708512758087e-07
16250.056 9.139252846204917e-08
16300.056 7.851542453686788e-08
16350.056 8.78813268707651e-08
16400.056 1.0213425373861408e-07
16450.056 1.1005036888978975e-07
16500.056 1.210759538329556e-07
16550.056 1.1751631480809121e-07
16600.056 1.1971680664537703e-07
16650.056 8.87550915487323e-08
16700.056 3.9106838873340694e-08
16750.056 5.6204556173509654e-08
16800.056 8.447590030170579e-08
16850.056 8.973683080728324e-08
16900.056 7.823602616020081e-08
16950.056 6.60880141465164e-08
17000.056 5.360372733063775e-08
17050.056 7.702933680941564e-08
17100.056 9.315944035300146e-08
17150.056 7.791147935120303e-08
17200.056 1.0898109387498269e-07
17250.056 9.618217638595483e-08
17300.056 8.027289909080096e-08
17350.056 7.316139647147203e-08
17400.056 7.92129258164221e-08
17450.056 8.563539932463437e-08
17500.056 9.612087888202044e-08
17550.056 8.756032777993848e-08
17600.056 7.888813615177994e-08
17650.056 7.763924688639673e-08
17700.056 6.259477216947728e-08
17750.056 5.7185279745716403e-08
17800.056 7.321666004281195e-08
17850.056 5.253305366723512e-08
17900.056 5.271187652696319e-08
17950.056 4.341549098681668e-08
18000.056 4.942580475560056e-08
18050.056 4.535300132792468e-08
18100.056 4.906164833335729e-08
18150.056 5.937233982501505e-08
18200.056 3.9397501911383506e-08
18250.056 7.560308408269828e-08
18300.056 4.939492464207115e-08
18350.056 4.4257163875308687e-08
18400.056 4.148342790755903e-08
18450.056 5.063622434522608e-08
18500.056 5.367178524042575e-08
18550.056 4.237564063332176e-08
18600.056 3.682354107355323e-08
18650.056 3.571770973595894e-08
18700.056 3.4021585527684806e-08
18750.056 4.54368904927209e-08
18800.056 7.513027306466503e-08
18850.056 8.429363208092475e-08
18900.056 7.738877096285534e-08
18950.056 1.1800965254126455e-07
19000.056 8.51021928281621e-08
19050.056 6.732625988077176e-08
19100.056 1.0460507022899684e-07
19150.056 7.770834728049262e-08
19200.056 9.727149221152457e-08
19250.056 7.368398455370412e-08
19300.056 6.848566713770395e-08
19350.056 6.163975118878084e-08
19400.056 4.304213098826743e-08
19450.056 7.247977060585102e-08
19500.056 7.346150449981646e-08
19550.056 5.603633956672475e-08
19600.056 7.097686150588996e-08
19650.056 8.459741937455895e-08
19700.056 8.36118491913695e-08
19750.056 9.023599627675175e-08
19800.056 9.485369312735353e-08
19850.056 1.2007239812133472e-07
19900.056 9.566441792385582e-08
19950.056 1.405888853135429e-07
20000.056 1.2760457715731706e-07
20050.056 1.4659505850943708e-07
20100.056 1.587800449460419e-07
20150.056 1.618230552869562e-07
20200.056 1.760183260308593e-07
20250.056 1.9967052538169521e-07
20300.056 1.976002701279146e-07
20350.056 2.2443664207116597e-07
20400.056 2.2015263107746152e-07
20450.056 2.475842048609756e-07
20500.056 2.6385448721595226e-07
20550.056 2.6311214489201683e-07
20600.056 2.8957828359602415e-07
20650.056 2.8911629705400925e-07
20700.056 2.9481213026801883e-07
20750.056 2.9950817437998793e-07
20800.056 3.0663061257997996e-07
20850.056 2.997945345779942e-07
20900.056 3.0869476110996473e-07
20950.056 2.985475363300079e-07
21000.056 2.909154969500141e-07
21050.056 2.8572887732999155e-07
21100.056 2.741651730850081e-07
21150.056 2.743216764039606e-07
21200.056 2.584785804970094e-07
21250.056 2.4575588638596465e-07
21300.056 2.214062615169894e-07
21350.056 2.1747003889759513e-07
21400.056 2.082608037910365e-07
21450.056 1.9291782446669914e-07
21500.056 1.803085998360401e-07
21550.056 1.682308547858067e-07
21600.056 1.5242618911011319e-07
21650.056 1.3787353456070356e-07
21700.056 1.367359459450052e-07
21750.056 1.2061868081087036e-07
21800.056 1.042277479123949e-07
21850.056 9.295548268849486e-08
21900.056 7.245029035919223e-08
21950.056 4.8872504194915064e-08
22000.056 2.235854080008873e-08
22050.056 1.8235508988868866e-08
22100.056 2.9380749541111708e-08
22150.056 3.552150371339484e-08
22200.056 3.94585381158707e-08
22250.056 3.579192240373973e-08
22300.056 2.849156675979708e-08
22350.056 2.8153440385438162e-08
22400.056 2.140570314365991e-08
22450.056 1.9371720087635888e-08
22500.056 1.9410133719787154e-08
22550.056 1.601472195122642e-08
22600.056 1.6445074392644343e-08
22650.056 1.833054578549047e-08
22700.056 1.6042812979863552e-08
22750.056 1.6351746300074076e-08
22800.056 1.5890251363718994e-08
22850.056 1.379761707133832e-08
22900.056 1.2673187654993754e-08
22950.056 1.1797636914755973e-08
23000.056 1.4891533089508902e-08
23050.056 1.87728690572848e-08
23100.056 3.2651379797052925e-08
23150.056 3.366844561875764e-08
23200.056 8.997646072127956e-09
23250.056 1.2965142348591866e-08
23300.056 1.151892962025528e-08
23350.056 1.1567046232779288e-08
23400.056 1.2092429608807286e-08
23450.056 1.1365022393743899e-08
23500.056 1.2455141052398317e-08
23550.056 1.5580983343322442e-08
23600.056 1.8623785905910243e-08
23650.056 2.327059761615656e-08
23700.056 1.325501917820494e-08
23750.056 1.1608657509048411e-08
23800.056 1.4114796496309988e-08
23850.056 1.5525667411478272e-08
23900.056 2.340833943534969e-08
23950.056 2.351990029606338e-08
24000.056 2.7742845966691147e-08
24050.056 3.131646295013366e-08
24100.056 2.9502093180211836e-08
24150.056 3.441324267232406e-08
24200.056 3.4036051608360636e-08
24250.056 2.912173748900087e-08
24300.056 3.606157657870958e-08
24350.056 3.124172855003228e-08
24400.056 4.077077707723542e-08
24450.056 3.96181390079831e-08
24500.056 4.00336900816377e-08
24550.056 4.741535772209388e-08
24600.056 4.7579610306917334e-08
24650.056 5.8910667570505125e-08
24700.056 4.39069694621755e-08
24750.056 4.872482617873079e-08
24800.056 4.9251675717431125e-08
24850.056 6.62095281197703e-08
24900.056 4.0064343170639976e-08
24950.056 6.599597335942625e-08
25000.056 5.8415639573513143e-08
25050.056 4.2475109327802505e-08
25100.056 5.873118747922979e-08
25150.056 4.164061860768749e-08
25200.056 5.2883428675211714e-08
25250.056 3.614002475568273e-08
25300.056 5.025336878855713e-08
25350.056 3.195414560024481e-08
25400.056 5.422227926895379e-08
25450.056 3.207201494240736e-08
25500.056 3.3185381445220947e-08
25550.056 3.6744357628046865e-08
25600.056 3.337659367257648e-08
25650.056 2.3898784389288433e-08
25700.056 4.247608204029904e-08
25750.056 2.073530965509422e-08
25800.056 4.5615799811272634e-08
25850.056 2.3317710862198507e-08
25900.056 3.2051258874673786e-08
25950.056 1.904022779921916e-08
26000.056 4.732320663062499e-08
26050.056 2.8441561643525873e-08
26100.056 4.709945933596914e-08
26150.056 3.683161769180151e-08
26200.056 4.017417162771587e-08
26250.056 6.430196725869916e-08
26300.056 4.335336452143035e-08
26350.056 7.562942238845524e-08
26400.056 7.246474080837605e-08
26450.056 7.31762349730744e-08
26500.056 8.296156870045812e-08
26550.056 4.8131643908730284e-08
26600.056 6.731318992833334e-08
26650.056 3.2661292722891995e-08
26700.056 3.041828126511499e-08
26750.056 2.162128577755793e-08
26800.056 3.381981328359431e-08
26850.056 2.0329178651257024e-08
26900.056 4.3823259806112396e-08
26950.056 2.375770550218065e-08
27000.056 5.4860244104377185e-08
27050.056 4.431766415658797e-08
27100.056 3.382428946146162e-08
27150.056 6.011977324646714e-08
27200.056 3.637005575127037e-08
27250.056 4.5212408084812806e-08
27300.056 9.50438328292723e-08
27350.056 6.929858282228803e-08
27400.056 2.3892274977606174e-08
27450.056 8.537450424300012e-08
27500.056 8.531011481744048e-08
27550.056 3.9514055347700785e-08
27600.056 7.071712314987932e-08
27650.056 3.615127411936342e-08
27700.056 2.9681009201817398e-08
27750.056 7.423077999857356e-08
27800.056 3.62767364941837e-08
27850.056 4.3296359535831505e-08
27900.056 4.7984618898667745e-08
27950.056 7.956183472492722e-08
28000.056 6.14858650751067e-08
28050.056 2.6062043217006654e-08
28100.056 8.156871175732576e-08
28150.056 5.146578221729329e-08
28200.056 2.9492487036613327e-08
28250.056 8.030821951724736e-08
28300.056 9.4965988540187e-08
28350.056 3.6812512385153124e-08
28400.056 6.327221781972387e-08
28450.056 8.59277021166889e-08
28500.056 6.490480878986766e-08
28550.056 2.8528796202577847e-08
28600.056 9.185496897016385e-08
28650.056 7.634334261698922e-08
28700.056 6.844098648805603e-08
28750.056 9.761133859060584e-08
28800.056 8.132038656454946e-08
28850.056 9.33584097437425e-08
28900.056 5.181166604892744e-08
28950.056 1.0727985074583804e-07
29000.056 8.748167895771108e-08
29050.056 9.945509513293597e-08
29100.056 7.041465106449062e-08
29150.056 1.291432309132679e-07
29200.056 8.665396540510462e-08
29250.056 1.1794471873829802e-07
29300.056 7.079252600950644e-08
29350.056 1.8326856627791449e-07
29400.056 9.979016540887675e-08
29450.056 1.0781322128604923e-07
29500.056 1.209689550497254e-07
29550.056 1.0929306097760513e-07
29600.056 1.2637375223285258e-07
29650.056 1.2733804612299403e-07
29700.056 1.0166796071752776e-07
29750.056 1.3430347396338047e-07
29800.056 1.3875296266896642e-07
29850.056 1.443106746503633e-07
29900.056 1.4274628458727698e-07
29950.056 1.4320464855875024e-07
30000.056 7.280846022324723e-08
30050.056 8.869090991491075e-08
30100.056 9.617576278618915e-08
30150.056 1.4981438948799252e-07
30200.056 1.1763529895980075e-07
30250.056 1.69226871611024e-07
30300.056 1.4314646496800624e-07
30350.056 1.2673259412490532e-07
30400.056 1.5280019847160094e-07
30450.056 1.118442935700203e-07
30500.056 1.009353166405997e-07
30550.056 1.0474909170100016e-07
30600.056 1.2181555354499784e-07
30650.056 9.898340960898971e-08
30700.056 9.30773934173877e-08
30750.056 9.358347073478587e-08
30800.056 8.564599422751947e-08
30850.056 7.659760186357552e-08
30900.056 7.142868615598508e-08
30950.056 6.463080564061486e-08
31000.056 6.019954313060672e-08
31050.056 6.810275906100237e-08
31100.056 4.857919663149869e-08
31150.056 5.812214622719617e-08
31200.056 6.579135918401304e-08
31250.056 4.6748472681994395e-08
31300.056 4.5841015626612265e-08
31350.056 4.580905299824362e-08
31400.056 3.5306910339571734e-08
31450.056 4.064704298679164e-08
31500.056 3.045137061157269e-08
31550.056 3.469707119355555e-08
31600.056 2.846260788810341e-08
31650.056 2.54984582996452e-08
31700.056 2.7872723050096293e-08
31750.056 2.0991054814066253e-08
31800.056 2.8440535739495554e-08
31850.056 2.0501828090554355e-08
31900.056 2.667322662430222e-08
31950.056 1.7133735768311467e-08
32000.056 2.3405326049547204e-08
32050.056 2.3430206514481196e-08
32100.056 2.1755915397641853e-08
32150.056 2.538059538059812e-08
32200.056 2.009039622563121e-08
32250.056 2.91895120232061e-08
32300.056 1.8946786620535244e-08
32350.056 3.03017721235992e-08
32400.056 1.9559914752096873e-08
32450.056 2.8247189765291577e-08
32500.056 2.541392293155582e-08
32550.056 2.5893484128996915e-08
32600.056 2.994262314248015e-08
32650.056 3.8239866023192246e-08
32700.056 3.51509711613076e-08
32750.056 4.202677224990505e-08
32800.056 4.119308046717469e-08
32850.056 4.515817511859591e-08
32900.056 4.913765218629646e-08
32950.056 5.1346460696897406e-08
33000.056 4.360841149598905e-08
33050.056 4.1141991953613554e-08
33100.056 2.2957349828094462e-08
33150.056 5.510530582290631e-09
33200.056 5.709615219737303e-09
33250.056 4.048599545998751e-09
33300.056 5.229457706501391e-09
33350.056 8.653599435500582e-09
33400.056 1.2640108124496721e-08
33450.056 1.7320212411279187e-08
33500.056 2.6827041510010193e-08
33550.056 2.4017535773567352e-08
33600.056 3.563565742379569e-08
33650.056 3.779572001000149e-08
33700.056 3.045120758649315e-08
33750.056 4.499312227410461e-08
33800.056 3.160424472533698e-08
33850.056 3.995088347869532e-08
33900.056 3.216028164429867e-08
33950.056 3.438216167519285e-08
34000.056 4.280461952461017e-08
34050.056 2.4902266159285802e-08
34100.056 4.1646305518002306e-08
34150.056 3.086214149411736e-08
34200.056 3.5413588077886224e-08
34250.056 3.521479223388674e-08
34300.056 2.9641238968426437e-08
34350.056 3.119496799530206e-08
34400.056 2.570729170227677e-08
34450.056 3.6756289701789876e-08
34500.056 3.308739889350105e-08
34550.056 2.4513249952200676e-08
34600.056 4.322072344900008e-08
34650.056 2.8392267253900084e-08
34700.056 3.668609756539902e-08
34750.056 3.588166423328855e-08
34800.056 3.041414604789535e-08
34850.056 3.91591740665057e-08
34900.056 3.7255509233186124e-08
34950.056 3.990327718899218e-08
35000.056 5.786156918700996e-08
35050.056 3.6504448160003516e-08
35100.056 4.906506169690066e-08
35150.056 4.9799369354308326e-08
35200.056 4.9021964725398886e-08
35250.056 6.443906493238133e-08
35300.056 4.687001911240802e-08
35350.056 5.018957613098852e-08
35400.056 5.683368000600233e-08
35450.056 4.015807907331875e-08
35500.056 7.314592750959515e-08
35550.056 6.485825263439499e-08
35600.056 6.096796230162317e-08
35650.056 6.873944780080766e-08
35700.056 5.960413437339279e-08
35750.056 7.578212978299505e-08
35800.056 9.354849712920203e-08
35850.056 6.073454212569838e-08
35900.056 8.354275588300737e-08
35950.056 8.139729518998681e-08
36000.056 7.994942040701182e-08
36050.056 7.954044460998304e-08
36100.056 7.815253890236077e-08
36150.056 8.825088812698613e-08
36200.056 9.738214366498372e-08
36250.056 8.692912395888397e-08
36300.056 1.0776806127700784e-07
36350.056 1.0123214095420442e-07
36400.056 1.0501163639699189e-07
36450.056 1.1491233831369622e-07
36500.056 1.1796558769759709e-07
36550.056 1.3196794784403413e-07
36600.056 1.47913328533993e-07
36650.056 1.3596222819837958e-07
36700.056 1.4231003939737997e-07
36750.056 1.5902571974403906e-07
36800.056 1.5916675147899648e-07
36850.056 1.4821675033076605e-07
36900.056 1.592124836925885e-07
36950.056 1.78554598396978e-07
37000.056 1.6568704387699043e-07
37050.056 1.7743951432600746e-07
37100.056 1.7784795384348812e-07
37150.056 1.675561691130124e-07
37200.056 1.9713182638299415e-07
37250.056 1.817135522529646e-07
37300.056 1.6618012026323903e-07
37350.056 1.8531521558502067e-07
37400.056 2.3942139482599406e-07
37450.056 1.8946090405039722e-07
37500.056 1.9053648669658663e-07
37550.056 2.3606219007608673e-07
37600.056 2.6150588487002006e-07
37650.056 1.9247508239702042e-07
37700.056 2.536064687340209e-07
37750.056 2.053161693140188e-07
37800.056 2.2492690469708766e-07
37850.056 1.811391279040061e-07
37900.056 2.002479501860606e-07
37950.056 2.2860595918896825e-07
38000.056 2.5957540221299607e-07
38050.056 2.5755326940904717e-07
38100.056 2.688753315760238e-07
38150.056 2.850249180799886e-07
38200.056 2.922449601320376e-07
38250.056 2.7676492254300314e-07
38300.056 3.4017287432995126e-07
38350.056 3.430739205800433e-07
38400.056 2.5734894779593855e-07
38450.056 2.6914642131193993e-07
38500.056 2.1882444611304955e-07
38550.056 2.979860888300507e-07
38600.056 2.892947295809728e-07
38650.056 3.090305229049734e-07
38700.056 3.2664648800999604e-07
38750.056 3.350428251999901e-07
38800.056 2.941436728419223e-07
38850.056 3.2212302922003084e-07
38900.056 3.686506482419909e-07
38950.056 3.1275502161798983e-07
39000.056 3.5322695927997777e-07
39050.056 3.346766255700165e-07
39100.056 3.417134843560139e-07
39150.056 3.6344130776999663e-07
39200.056 3.441574403529842e-07
39250.056 3.902149202499774e-07
39300.056 3.6093848274992877e-07
39350.056 4.1522847981002474e-07
39400.056 3.8063758195803313e-07
39450.056 3.91448503968998e-07
39500.056 3.972057478800203e-07
39550.056 3.821645974940685e-07
39600.056 4.170360818299285e-07
39650.056 4.544277024199887e-07
39700.056 4.292371134300383e-07
39750.056 3.7098997311208027e-07
39800.056 4.1228956808994803e-07
39850.056 4.895099822000081e-07
39900.056 4.7657497871999557e-07
39950.056 4.5635254399996056e-07
40000.056 5.190248091900404e-07
40050.056 4.798354034400205e-07
40100.056 4.148964211920228e-07
40150.056 5.042030313300069e-07
40200.056 5.199995381499088e-07
40250.056 5.06003029609924e-07
40300.056 5.108148786200466e-07
40350.056 4.872103686499673e-07
40400.056 5.55912070995997e-07
40450.056 5.000437112040443e-07
40500.056 5.5919371042001e-07
40550.056 5.693960690919432e-07
40600.056 5.480593321600324e-07
40650.056 5.241453949969303e-07
40700.056 6.563404956399751e-07
40750.056 5.428568361799214e-07
40800.056 4.791233959298502e-07
40850.056 6.46990915400076e-07
40900.056 6.21436244806015e-07
40950.056 5.563532084900166e-07
41000.056 5.861971020400033e-07
41050.056 6.682363929599507e-07
41100.056 5.811660288399573e-07
41150.056 4.746916498379628e-07
41200.056 6.44459091029998e-07
41250.056 5.885249057499698e-07
41300.056 5.442665772399211e-07
41350.056 6.676574650000371e-07
41400.056 6.097321578700415e-07
41450.056 6.4185567756002e-07
41500.056 5.340099549509684e-07
41550.056 5.303944938750891e-07
41600.056 6.194068029430531e-07
41650.056 6.299811323200214e-07
41700.056 5.756470178999081e-07
41750.056 5.871284449599814e-07
41800.056 7.025920887599956e-07
41850.056 4.837167967499904e-07
41900.056 5.70824987383902e-07
41950.056 6.096509756600672e-07
42000.056 6.085179165200097e-07
42050.056 5.29357411299989e-07
42100.056 7.09327044220039e-07
42150.056 5.204194344900196e-07
42200.056 5.182124854819708e-07
42250.056 5.518445434149492e-07
42300.056 5.191622297859842e-07
42350.056 6.054728386100737e-07
42400.056 5.948775395700646e-07
42450.056 5.202647413600349e-07
42500.056 5.270128866099862e-07
42550.056 4.990622358299804e-07
42600.056 5.389135328060704e-07
42650.056 6.566629035198778e-07
42700.056 5.426258409779179e-07
42750.056 5.022691972100365e-07
42800.056 5.622703026180502e-07
42850.056 6.177972058098689e-07
42900.056 6.57311544090083e-07
42950.056 5.140660796398795e-07
43000.056 5.896638672100129e-07
43050.056 4.1197163675413827e-07
43100.056 5.350883394399402e-07
43150.056 4.990116542340461e-07
43200.056 5.554814285700027e-07
43250.056 6.804368259500378e-07
43300.056 6.659647230800148e-07
43350.056 4.549812820998808e-07
43400.056 5.555921920399965e-07
43450.056 4.8191224437207e-07
43500.056 5.146093544300044e-07
43550.056 5.090319520720382e-07
43600.056 6.31821748700055e-07
43650.056 4.680728314960095e-07
43700.056 6.447494072300444e-07
43750.056 5.863586803700549e-07
43800.056 5.556959587599349e-07
43850.056 4.98636604030081e-07
43900.056 5.450665010599502e-07
43950.056 4.1344114838995365e-07
44000.056 3.848190122070091e-07
44050.056 5.645064715500046e-07
44100.056 6.539406836400498e-07
44150.056 6.423024742999639e-07
44200.056 5.71356035710005e-07
44250.056 4.5840869363300367e-07
44300.056 4.166270429370725e-07
44350.056 4.5652753323007175e-07
44400.056 4.4451836977898033e-07
44450.056 5.247340753199962e-07
44500.056 5.199939028500973e-07
44550.056 6.009213508099553e-07
44600.056 5.329475150130379e-07
44650.056 5.479672018710314e-07
44700.056 4.335496117499782e-07
44750.056 5.139740604000532e-07
44800.056 4.855587072100471e-07
44850.056 5.545424381400683e-07
44900.056 4.6498586960003674e-07
44950.056 4.943968578120214e-07
45000.056 5.232987304300001e-07
45050.056 5.187008649499924e-07
45100.056 5.342807149800119e-07
45150.056 5.132619362099815e-07
45200.056 4.2997291683502765e-07
45250.056 4.718450249499065e-07
45300.056 4.549465966300471e-07
45350.056 4.4990231697795704e-07
45400.056 5.553228853900421e-07
45450.056 5.23209551819978e-07
45500.056 5.230537519200092e-07
45550.056 5.876725968999107e-07
45600.056 5.677640307100397e-07
45650.056 4.897771824739357e-07
45700.056 4.605061360900252e-07
45750.056 4.382623137539886e-07
45800.056 5.630837446600099e-07
45850.056 5.917965254099951e-07
45900.056 6.015013584000268e-07
45950.056 5.002440110599901e-07
46000.056 5.850954776400436e-07
46050.056 5.277425068000139e-07
46100.056 5.760876292899792e-07
46150.056 4.897298380199741e-07
46200.056 4.815751362800402e-07
46250.056 3.647215724339551e-07
46300.056 5.290738540699824e-07
46350.056 5.05722863590024e-07
46400.056 5.198359489800193e-07
46450.056 4.887136075700257e-07
46500.056 4.859921587100854e-07
46550.056 4.266365573400032e-07
46600.056 4.909868828139762e-07
46650.056 6.445808629500029e-07
46700.056 5.228472246899852e-07
46750.056 3.980684602740316e-07
46800.056 3.3681314996602233e-07
46850.056 6.24996393630077e-07
46900.056 5.777959159499588e-07
46950.056 5.829210408999802e-07
47000.056 5.207826368300503e-07
47050.056 5.244027829798616e-07
47100.056 3.8623797163204095e-07
47150.056 4.7556616393605677e-07
47200.056 5.522456192200129e-07
47250.056 4.3113593338997106e-07
47300.056 3.470489106660045e-07
47350.056 5.663668981699839e-07
47400.056 5.634387291599575e-07
47450.056 5.136339215470456e-07
47500.056 5.836314675299658e-07
47550.056 5.133027691500062e-07
47600.056 5.317178996199537e-07
47650.056 4.723322911359214e-07
47700.056 4.996763721321209e-07
47750.056 3.8152408023000727e-07
47800.056 4.179005032900209e-07
47850.056 3.1873294289100717e-07
47900.056 3.945158571679532e-07
47950.056 4.773845296400112e-07
48000.056 6.034007898400326e-07
48050.056 5.376588207899989e-07
48100.056 3.768455030360104e-07
48150.056 4.516572593100284e-07
48200.056 4.3757523724199203e-07
48250.056 4.354214057700056e-07
48300.056 5.796005352899228e-07
48350.056 3.956818612300027e-07
48400.056 2.812440353649538e-07
48450.056 4.237314082490826e-07
48500.056 5.178151267699301e-07
48550.056 4.378423807560073e-07
48600.056 4.889065034800087e-07
48650.056 4.942243902699785e-07
48700.056 4.716007867500072e-07
48750.056 3.136159106611157e-07
48800.056 5.53461859030019e-07
48850.056 3.778691640659275e-07
48900.056 5.480584856899905e-07
48950.056 4.0816827243002514e-07
49000.056 2.750296732089846e-07
49050.056 4.871045088399456e-07
49100.056 4.855874216110622e-07
49150.056 4.3877018186299986e-07
49200.056 5.175857330500485e-07
49250.056 5.016938178400498e-07
49300.056 4.467178708919875e-07
49350.056 3.1159359805004813e-07
49400.056 4.0539692108994523e-07
49450.056 4.25359947300115e-07
49500.056 3.6233409502797715e-07
49550.056 2.2791648856501154e-07
49600.056 3.4562863021205884e-07
49650.056 3.862642148799678e-07
49700.056 3.802021957839069e-07
49750.056 4.698422175899472e-07
49800.056 3.8233822491200375e-07
49850.056 5.197437098900754e-07
49900.056 4.412552067079861e-07
49950.056 4.032088322899826e-07
50000.056 3.9961932887998457e-07
50050.056 4.626520757399743e-07
50100.056 3.978471870199996e-07
50150.056 2.807934849999777e-07
50200.056 1.6885232256102726e-07
50250.056 3.7739655030996933e-07
50300.056 3.2068348577502384e-07
50350.056 4.7057023890204914e-07
50400.056 4.0691422791997415e-07
50450.056 3.303314365390144e-07
50500.056 4.32181425630037e-07
50550.056 4.020631228900204e-07
50600.056 3.3439019233092807e-07
50650.056 4.3443362215007287e-07
50700.056 4.855780818599202e-07
50750.056 3.817355160980502e-07
50800.056 2.521116241169635e-07
50850.056 2.4725054315805746e-07
50900.056 4.680666670099901e-07
50950.056 3.6313892942002976e-07
51000.056 4.096089901410267e-07
51050.056 3.908824570299788e-07
51100.056 2.3126444916096772e-07
51150.056 3.1524005739200447e-07
51200.056 5.114873338699642e-07
51250.056 3.5034764444796776e-07
51300.056 2.829857210540793e-07
51350.056 3.2358564388397933e-07
51400.056 2.1224732140600476e-07
51450.056 1.8373711307596187e-07
51500.056 1.9965906536405516e-07
51550.056 3.7847994663002554e-07
51600.056 2.789013273690175e-07
51650.056 2.91142622839955e-07
51700.056 3.309378537619541e-07
51750.056 2.4374917323000646e-07
51800.056 3.4972455199992105e-07
51850.056 3.152487208979863e-07
51900.056 4.579329829900484e-07
51950.056 3.52520161679971e-07
52000.056 1.5625190535197497e-07
52050.056 2.7319946722002185e-07
52100.056 2.1599398139499153e-07
52150.056 1.9154300887901293e-07
52200.056 2.1051612476699022e-07
52250.056 2.7125640451202505e-07
52300.056 4.080115320399797e-07
52350.056 2.7982662721999926e-07
52400.056 2.1526651145001864e-07
52450.056 3.3851408773002687e-07
52500.056 3.425149010659283e-07
52550.056 3.3863958564995924e-07
52600.056 2.869574769200287e-07
52650.056 2.858674106970467e-07
52700.056 2.552556734290024e-07
52750.056 1.8885809716499266e-07
52800.056 2.289304371120257e-07
52850.056 2.4829925033393427e-07
52900.056 2.2855337812377175e-07
52950.056 2.4723661128200196e-07
53000.056 3.252397351250076e-07
53050.056 1.9304525196194057e-07
53100.056 2.6963409516598266e-07
53150.056 3.781448323000241e-07
53200.056 1.8399995338198155e-07
53250.056 3.3014443392002543e-07
53300.056 3.3677001726316205e-07
53350.056 3.3539236625999385e-07
53400.056 3.200374983100079e-07
53450.056 1.9057368281499023e-07
53500.056 1.2256040376356644e-07
53550.056 1.8540180744397997e-07
53600.056 2.75566000407041e-07
53650.056 2.079384085109806e-07
53700.056 2.0232887795801164e-07
53750.056 2.0793380714899842e-07
53800.056 2.1350495733202803e-07
53850.056 2.849641076609128e-07
53900.056 2.2913811141803694e-07
53950.056 3.134859688400018e-07
54000.056 2.2559333374603916e-07
54050.056 2.5073652010400597e-07
54100.056 1.334035281119805e-07
54150.056 1.8630848003704152e-07
54200.056 1.0200748476298711e-07
54250.056 1.5072317428901202e-07
54300.056 1.635729375061967e-07
54350.056 2.2389281418996653e-07
54400.056 2.469984928849563e-07
54450.056 2.2258299333502292e-07
54500.056 2.12158711399013e-07
54550.056 1.7989416703099689e-07
54600.056 2.0622512242899903e-07
54650.056 1.2466266359597974e-07
54700.056 2.3978311222297497e-07
54750.056 2.3046944095497817e-07
54800.056 1.5860480094200805e-07
54850.056 1.956304553439948e-07
54900.056 2.3652533534998415e-07
54950.056 2.8636368219797203e-07
55000.056 1.7606571954298051e-07
55050.056 2.086223653799886e-07
55100.056 2.2735710894403056e-07
55150.056 1.6468660772515388e-07
55200.056 1.7876253909439154e-07
55250.056 1.8136790997803072e-07
55300.056 1.5387066485959197e-07
55350.056 2.3580999165903053e-07
55400.056 2.3627613659002926e-07
55450.056 1.7478721880196774e-07
55500.056 1.0561597327301756e-07
55550.056 1.546723853679799e-07
55600.056 1.792471767799862e-07
55650.056 1.3579156549218958e-07
55700.056 1.706406164620287e-07
55750.056 1.6777469916898127e-07
55800.056 1.3491376687301088e-07
55850.056 1.1373426349499248e-07
55900.056 1.8069914597397324e-07
55950.056 2.610350594560359e-07
56000.056 1.488255457799613e-07
56050.056 1.656918947170175e-07
56100.056 2.0218388147998866e-07
56150.056 1.570892752320131e-07
56200.056 1.4879827466896451e-07
56250.056 1.8203503013404802e-07
56300.056 1.8957818249297138e-07
56350.056 2.0007359599003208e-07
56400.056 1.2458689512749349e-07
56450.056 1.328720071090145e-07
56500.056 1.5628019298102112e-07
56550.056 1.0148139019859898e-07
56600.056 1.9057877716195795e-07
56650.056 1.9951615075702787e-07
56700.056 2.1359305524999827e-07
56750.056 1.2561581089699868e-07
56800.056 1.8362988160402775e-07
56850.056 1.5978883821401825e-07
56900.056 1.2812531387199804e-07
56950.056 2.032266693549937e-07
57000.056 2.1095725333999195e-07
57050.056 1.657595246799525e-07
57100.056 8.352522235279949e-08
57150.056 1.4434173541154157e-07
57200.056 1.1664851965999443e-07
57250.056 1.2969560203999206e-07
57300.056 1.6549157655302168e-07
57350.056 1.1190631681399848e-07
57400.056 2.0419886445299962e-07
57450.056 1.6282351336995608e-07
57500.056 1.5943875745906554e-07
57550.056 1.9216948218982202e-07
57600.056 1.9047935338897217e-07
57650.056 8.550598378820282e-08
57700.056 1.200861569149964e-07
57750.056 1.556281187500045e-07
57800.056 1.0338261607096731e-07
57850.056 2.1503860874304126e-07
57900.056 2.394216532010182e-07
57950.056 2.2597563260299267e-07
58000.056 1.4644187423497094e-07
58050.056 1.815432478259933e-07
58100.056 1.865733465170262e-07
58150.056 1.8009824463696024e-07
58200.056 9.153330293400329e-08
58250.056 1.1715839387797606e-07
58300.056 8.979375580200939e-08
58350.056 1.1907781246601771e-07
58400.056 1.4996855514501473e-07
58450.056 1.6079014622202867e-07
58500.056 1.6886545856702227e-07
58550.056 1.8316199525301064e-07
58600.056 1.2487875816608216e-07
58650.056 1.5362732799727647e-07
58700.056 1.4738335732297397e-07
58750.056 1.8120871588300468e-07
58800.056 6.624612815778655e-08
58850.056 1.296011077370043e-07
58900.056 1.5392132754400152e-07
58950.056 1.1101855101556601e-07
59000.056 1.6529976915902738e-07
59050.056 1.4761181580597554e-07
59100.056 2.1049832783898812e-07
59150.056 1.7231412088495393e-07
59200.056 1.552760450829947e-07
59250.056 1.863072148120403e-07
59300.056 1.958446303650007e-07
59350.056 9.452085062099992e-08
59400.056 9.284769549657867e-08
59450.056 1.7290201493299014e-07
59500.056 1.0710066330997795e-07
59550.056 1.4256415235399696e-07
59600.056 1.9576857776300734e-07
59650.056 1.713569758150095e-07
59700.056 1.191381071099989e-07
59750.056 2.2270838219294814e-07
59800.056 1.583808205730028e-07
59850.056 1.820326396110046e-07
59900.056 1.226899015163801e-07
59950.056 1.6092490676701348e-07
60000.056 2.3940049878605223e-07
60050.056 2.0480928989804663e-07
60100.056 2.0818695171494194e-07
60150.056 1.4270131378998522e-07
60200.056 1.757811620979675e-07
60250.056 1.8918141804903846e-07
60300.056 1.9109807655695764e-07
60350.056 1.3805941924801672e-07
60400.056 1.9029109190895887e-07
60450.056 9.773663882898824e-08
60500.056 6.957367604401645e-08
60550.056 1.680854211650278e-07
60600.056 1.70358875088006e-07
60650.056 1.6160859138576207e-07
60700.056 1.4115336451300057e-07
60750.056 1.167262751840185e-07
60800.056 1.7278157666000219e-07
60850.056 2.2823668911802408e-07
60900.056 2.022442182300482e-07
60950.056 1.6221451312704378e-07
61000.056 1.9250808109799583e-07
61050.056 1.3646721527398624e-07
61100.056 1.6004088062001778e-07
61150.056 9.076936007960482e-08
61200.056 1.8894722952602516e-07
61250.056 1.957999682159827e-07
61300.056 1.534224585340328e-07
61350.056 2.2004138275395428e-07
61400.056 1.5290844750102458e-07
61450.056 1.316615929440075e-07
61500.056 1.158830371200646e-07
61550.056 1.5823951404396395e-07
61600.056 1.218105244624006e-07
61650.056 1.272093059490204e-07
61700.056 1.2802358419899002e-07
61750.056 1.5165620087899976e-07
61800.056 1.8216500209398966e-07
61850.056 1.0277422990598626e-07
61900.056 2.0594687766602803e-07
61950.056 1.8572460678599097e-07
62000.056 1.63149204367005e-07
62050.056 1.812345378319798e-07
62100.056 1.6547828913894266e-07
62150.056 1.6981864279004655e-07
62200.056 1.8237434622396538e-07
62250.056 1.937118912069497e-07
62300.056 2.2352813928397644e-07
62350.056 2.0515322562797856e-07
62400.056 1.4893324525102149e-07
62450.056 1.6667043063799397e-07
62500.056 2.0968893787198482e-07
62550.056 2.2028494569598466e-07
62600.056 2.0264017011201013e-07
62650.056 1.7522715265001685e-07
62700.056 1.8438824021200437e-07
62750.056 2.3091088689496197e-07
62800.056 1.9293577042697823e-07
62850.056 1.9990956003197148e-07
62900.056 1.891539864509416e-07
62950.056 2.2075772519201825e-07
63000.056 1.6286862243101116e-07
63050.056 2.5830569429000347e-07
63100.056 2.564767931499785e-07
63150.056 1.9341788768298782e-07
63200.056 2.2582932284001259e-07
63250.056 2.1510284926999617e-07
63300.056 1.9069125125399327e-07
63350.056 2.3675159610999556e-07
63400.056 1.476611277489892e-07
63450.056 1.1802655352701936e-07
63500.056 2.2815870364801036e-07
63550.056 2.040370987939657e-07
63600.056 1.8239607001901568e-07
63650.056 1.9193695775001002e-07
63700.056 1.3806090602798124e-07
63750.056 1.711612694359708e-07
63800.056 1.7651993607502616e-07
63850.056 1.8922967249201286e-07
63900.056 1.4776253876104461e-07
63950.056 1.6646593264004824e-07
64000.056 2.034472122500164e-07
64050.056 1.5528212115796748e-07
64100.056 7.846972098400617e-08
64150.056 9.616558747398933e-08
64200.056 9.309555830501337e-08
64250.056 1.6301637079599217e-07
64300.056 1.3304400414398281e-07
64350.056 1.0989591511101859e-07
64400.056 1.6110452438799176e-07
64450.056 1.5317682014601268e-07
64500.056 1.0889883053998992e-07
64550.056 1.4940725492500683e-07
64600.056 1.3014919476097464e-07
64650.056 1.62365317248004e-07
64700.056 8.358369937198549e-08
64750.056 1.0478998315100156e-07
64800.056 9.622056447401756e-08
64850.056 8.697132397801755e-08
64900.056 9.482104254997056e-08
64950.056 8.856251490999563e-08
65000.056 1.0835841738602624e-07
65050.056 1.3210554050898655e-07
65100.056 1.2823006969199764e-07
65150.056 1.2654726644799833e-07
65200.056 9.76848336919911e-08
65250.056 1.3575871839297607e-07
65300.056 1.3373742906001874e-07
65350.056 2.0141186267400225e-07
65400.056 1.193465092159949e-07
65450.056 1.208664240079796e-07
65500.056 1.527475979100079e-07
65550.056 1.0561638825899143e-07
65600.056 1.486228163420373e-07
65650.056 1.3083140692600398e-07
65700.056 1.2425031460902735e-07
65750.056 9.98818141810165e-08
65800.056 1.3341751163002783e-07
65850.056 1.7321973577998368e-07
65900.056 9.306131883301426e-08
65950.056 7.819849555799923e-08
66000.056 9.936017172502625e-08
66050.056 1.9472618584002767e-07
66100.056 1.2646752573700706e-07
66150.056 1.1361221581000867e-07
66200.056 1.0317383533498794e-07
66250.056 9.619542173000361e-08
66300.056 7.333034242700134e-08
66350.056 7.107602252902676e-08
66400.056 9.82659307439828e-08
66450.056 1.5019520877400406e-07
66500.056 2.0193759661004455e-07
66550.056 1.7397290152495844e-07
66600.056 1.361301987580439e-07
66650.056 1.4657690804501786e-07
66700.056 1.224292725020032e-07
66750.056 1.617868327300045e-07
66800.056 1.5908651607998658e-07
66850.056 1.0548272587904771e-07
66900.056 1.6163686190407157e-07
66950.056 1.9311908025405072e-07
67000.056 2.1447682429000983e-07
67050.056 1.2235355492995817e-07
67100.056 1.265958130440134e-07
67150.056 1.1341270197500394e-07
67200.056 1.5394552556403725e-07
67250.056 1.4124152747001688e-07
67300.056 1.6023319292300647e-07
67350.056 1.4665147941501713e-07
67400.056 1.8320406057095668e-07
67450.056 1.4526496097403594e-07
67500.056 1.1158708877900812e-07
67550.056 1.550744506030392e-07
67600.056 2.3511384785998283e-07
67650.056 1.7569393210106186e-07
67700.056 1.4022044200594682e-07
67750.056 1.2600957200099594e-07
67800.056 1.4017618307291066e-07
67850.056 1.1719781893200792e-07
67900.056 1.36069985802986e-07
67950.056 1.2336555675299156e-07
68000.056 1.6080241301997926e-07
68050.056 1.4909975371198065e-07
68100.056 1.5696323420504156e-07
68150.056 1.3846537157297074e-07
68200.056 1.4372417614504065e-07
68250.056 1.0979621327098101e-07
68300.056 1.3951394010398863e-07
68350.056 1.2192526696896785e-07
68400.056 1.686825639209875e-07
68450.056 1.7862283159803162e-07
68500.056 1.5219555741597119e-07
68550.056 1.1368768563299897e-07
68600.056 1.214960391510082e-07
68650.056 8.16649543910099e-08
68700.056 1.2542659647701695e-07
68750.056 1.487328851000215e-07
68800.056 1.4850759578393803e-07
68850.056 1.1844332048895523e-07
68900.056 2.1850055233900892e-07
68950.056 2.072775559400715e-07
69000.056 1.6020028633899524e-07
69050.056 1.1952645221396913e-07
69100.056 2.170315985399853e-07
69150.056 2.2534791503402372e-07
69200.056 1.4478219428702029e-07
69250.056 2.039801823499846e-07
69300.056 1.9084827405503793e-07
69350.056 1.84832811019967e-07
69400.056 1.2262837517397862e-07
69450.056 1.9620924791999663e-07
69500.056 1.6470228800596557e-07
69550.056 1.6134469721800527e-07
69600.056 7.709887432800578e-08
69650.056 1.403601475610505e-07
69700.056 1.8896347989800055e-07
69750.056 1.349439061219956e-07
69800.056 1.7251756848998003e-07
69850.056 1.8772814135405422e-07
69900.056 1.697219164649706e-07
69950.056 1.6453900740504228e-07
70000.056 1.3664782885699972e-07
70050.056 2.105678398590542e-07
70100.056 1.334191849350202e-07
70150.056 1.4773670322799647e-07
70200.056 1.287746771309958e-07
70250.056 1.4385362483298602e-07
70300.056 1.714045501529823e-07
70350.056 1.631332434570026e-07
70400.056 1.455725098670036e-07
70450.056 8.248932592101347e-08
70500.056 1.2425729357901891e-07
70550.056 1.1045644006099961e-07
70600.056 1.1382988866100106e-07
70650.056 1.5227356932201435e-07
70700.056 1.4571818145503113e-07
70750.056 1.851960584600776e-07
70800.056 1.3741171587398144e-07
70850.056 1.22484744563008e-07
70900.056 1.5353340525199123e-07
70950.056 1.5983755963104295e-07
71000.056 1.4614012054397133e-07
71050.056 1.533435434060081e-07
71100.056 1.1917865717601596e-07
71150.056 1.1339728090698782e-07
71200.056 1.3339488798502565e-07
71250.056 1.4636792388200709e-07
71300.056 1.3310664603697321e-07
71350.056 1.6146006906602413e-07
71400.056 1.5025136856594898e-07
71450.056 1.1109181064600752e-07
71500.056 1.1677078649996961e-07
71550.056 1.00446682486e-07
71600.056 1.3828728652699106e-07
71650.056 1.2846766159200353e-07
71700.056 1.0009094380798547e-07
71750.056 1.1100332945799717e-07
71800.056 1.3999530981799919e-07
71850.056 1.3876649332097006e-07
71900.056 1.1404108830898355e-07
71950.056 1.2998146431394045e-07
72000.056 1.2333975843202512e-07
72050.056 1.0020105501501865e-07
72100.056 1.0543469334599705e-07
72150.056 1.2663810630096617e-07
72200.056 1.0201618624802242e-07
72250.056 1.429259026360219e-07
72300.056 1.0708774013401581e-07
72350.056 1.202466300739703e-07
72400.056 1.1002325596201736e-07
72450.056 1.0669867881294038e-07
72500.056 1.2479597864703558e-07
72550.056 7.457311071801563e-08
72600.056 1.1583630844000841e-07
72650.056 1.1881309074702086e-07
72700.056 1.0423796242398464e-07
72750.056 1.2214559807398717e-07
72800.056 8.834597735402504e-08
72850.056 8.869319795701704e-08
72900.056 1.3438506663500662e-07
72950.056 1.0175915016101036e-07
73000.056 1.0213205136097089e-07
73050.056 8.505718728402511e-08
73100.056 1.0309576076001541e-07
73150.056 1.3506451667098254e-07
73200.056 8.525869766895929e-08
73250.056 1.09515675102985e-07
73300.056 8.121030103197158e-08
73350.056 8.204911126298482e-08
73400.056 1.076975336499846e-07
73450.056 8.679334381699252e-08
73500.056 9.242644833602133e-08
73550.056 1.0365782909799336e-07
73600.056 9.56938501649635e-08
73650.056 1.0155446492700736e-07
73700.056 9.063625327597196e-08
73750.056 7.510050597795826e-08
73800.056 9.252087211902963e-08
73850.056 9.901130582196308e-08
73900.056 9.505922682197234e-08
73950.056 9.747496459003297e-08
74000.056 7.3110837485986e-08
74050.056 1.1854622802501905e-07
74100.056 1.0509680924095352e-07
74150.056 1.0905468211798205e-07
74200.056 8.549407400396639e-08
74250.056 6.972026274400051e-08
74300.056 9.250694769599317e-08
74350.056 1.0884684829601612e-07
74400.056 1.078834329940029e-07
74450.056 8.523829370698136e-08
74500.056 7.952199078997368e-08
74550.056 9.727869295703763e-08
74600.056 7.915242030501394e-08
74650.056 7.902028939102169e-08
74700.056 9.115097074301511e-08
74750.056 7.324362110398369e-08
74800.056 8.469680451001941e-08
74850.056 1.1375843357803208e-07
74900.056 1.2317361914796324e-07
74950.056 1.0226197675397392e-07
75000.056 1.072035964180083e-07
75050.056 7.801880525100849e-08
75100.056 1.2685342614504543e-07
75150.056 1.226688041940198e-07
75200.056 1.1242414451497914e-07
75250.056 1.240929837269762e-07
75300.056 1.213071296070075e-07
75350.056 8.716889285499041e-08
75400.056 1.3722835523000524e-07
75450.056 1.2417632424403554e-07
75500.056 1.0752943186600452e-07
75550.056 1.0484812790501117e-07
75600.056 1.4233775414602588e-07
75650.056 1.1550356434800128e-07
75700.056 1.2738778776197387e-07
75750.056 1.1250742783008972e-07
75800.056 1.1476309517896298e-07
75850.056 1.311427371090542e-07
75900.056 1.2573226628099086e-07
75950.056 1.1520576122699137e-07
76000.056 1.2294858008295993e-07
76050.056 1.2483349954196064e-07
76100.056 1.2475139293397442e-07
76150.056 1.3307705039396086e-07
76200.056 1.2411679406404693e-07
76250.056 1.3227211254097818e-07
76300.056 1.571125114829776e-07
76350.056 1.8156688800003633e-07
76400.056 1.443619162840385e-07
76450.056 1.5480825091504178e-07
76500.056 1.40133068296016e-07
76550.056 9.724812439300022e-08
76600.056 5.2190429895006386e-08
76650.056 6.75456013659996e-08
76700.056 6.41869358149948e-08
76750.056 6.496028695101386e-08
76800.056 9.055627114101359e-08
76850.056 7.544633428804096e-08
76900.056 7.60401829589748e-08
76950.056 6.496880314301256e-08
77000.056 7.60224237520021e-08
77050.056 6.254728254299227e-08
77100.056 7.324221843300067e-08
77150.056 8.343242527099903e-08
77200.056 6.906426756300748e-08
77250.056 8.071437598900984e-08
77300.056 8.515823373499071e-08
77350.056 6.753719288197471e-08
77400.056 7.032249942999965e-08
77450.056 7.957344726800103e-08
77500.056 8.203279374899797e-08
77550.056 8.292484964300962e-08
77600.056 7.96715857829971e-08
77650.056 8.468758148601839e-08
77700.056 8.784961683396357e-08
77750.056 8.635574493701459e-08
77800.056 9.752975222201201e-08
77850.056 1.0766519147801129e-07
77900.056 8.771333135697437e-08
77950.056 9.024145534501356e-08
78000.056 9.83766180900053e-08
78050.056 7.660475686500048e-08
78100.056 8.932322751103961e-08
78150.056 9.27112447320297e-08
78200.056 1.1537974056099248e-07
78250.056 1.0172444199900351e-07
78300.056 9.063655820599693e-08
78350.056 9.957143153902658e-08
78400.056 1.0700276377996912e-07
78450.056 1.0037306412802648e-07
78500.056 1.2982748809699476e-07
78550.056 1.1323575134097497e-07
78600.056 1.1931028928700797e-07
78650.056 9.384821876800552e-08
78700.056 1.0422409207902374e-07
78750.056 1.1016264858502117e-07
78800.056 1.0850037814697396e-07
78850.056 9.415984327497187e-08
78900.056 1.0370165274702731e-07
78950.056 1.1158580154499533e-07
79000.056 1.0998201643902832e-07
79050.056 1.030261956509947e-07
79100.056 1.1308596004699406e-07
79150.056 1.0092494359602863e-07
79200.056 1.1658673710498452e-07
79250.056 9.886762581400215e-08
79300.056 1.1159474380699757e-07
79350.056 1.2150056501901457e-07
79400.056 9.278913282602837e-08
79450.056 1.095186251420114e-07
79500.056 1.3781845699398632e-07
79550.056 1.3616638286806214e-07
79600.056 1.1115438131700401e-07
79650.056 1.268803790959783e-07
79700.056 1.1248143967300658e-07
79750.056 1.2168354084101154e-07
79800.056 9.38169400770629e-08
79850.056 1.3552766441901097e-07
79900.056 1.4627366013799635e-07
79950.056 1.5861982532001556e-07
