# %ECSV 1.0
# ---
# datatype:
# - {name: wav, unit: Angstrom, datatype: float64}
# - {name: flux_nu, unit: erg / (cm2 Hz s), datatype: float64}
# meta: {C/O: '1.00', Kzz: '1.0000E+05', Teff: '650.', Y: '0.28', '[Fe/H]': '0.50', f_hole: '1.00', f_rain: '0.00', grav: '3160.'}
# schema: astropy-2.0
wav flux_nu
4000.0559999999996 nan
4050.0559999999996 7.446998652365329e-16
4100.056 8.471126908040167e-14
4150.056 7.738157023600078e-13
4200.056 7.683652466241739e-13
4250.056 6.535318646500056e-12
4300.056 1.4495524602000034e-11
4350.056 2.4803353167000096e-11
4400.056 3.828556322100013e-11
4450.056 5.62185601790001e-11
4500.056 7.550016044000006e-11
4550.056 7.181773914399957e-11
4600.056 1.1674710774599929e-11
4650.056 5.238776044899959e-12
4700.056 1.9795597597399786e-12
4750.056 4.992378095999938e-13
4800.056 1.6681003631999868e-13
4850.056 8.266937117899957e-14
4900.056 5.679702664499983e-14
4950.056 4.281833635499986e-14
5000.056 2.964611956899987e-14
5050.056 2.2167413606999992e-14
5100.056 2.259007233800004e-14
5150.056 2.393686350000002e-14
5200.056 2.540528709200002e-14
5250.056 2.6742196751000012e-14
5300.056 2.8105887290000013e-14
5350.056 2.967645783300002e-14
5400.056 3.1396437140000024e-14
5450.056 3.321084861200005e-14
5500.056 3.5036233255000037e-14
5550.056 3.6727613930000016e-14
5600.056 3.807559141100001e-14
5650.056 3.8802335126999984e-14
5700.056 3.842163949000001e-14
5750.056 3.658592842799997e-14
5800.056 3.2259620477999914e-14
5850.056 2.2761688983999763e-14
5900.056 7.86891692658325e-15
5950.056 4.3236871875000763e-14
6000.056 8.745370867600024e-14
6050.056 1.5262429416000137e-13
6100.056 2.4538741069000174e-13
6150.056 3.7341915275000214e-13
6200.056 5.494254433100026e-13
6250.056 7.852798354200037e-13
6300.056 1.1076879049000046e-12
6350.056 1.5359321954000066e-12
6400.056 2.10100895050001e-12
6450.056 2.809469585000003e-12
6500.056 3.7615560907000174e-12
6550.056 5.0013017317000045e-12
6600.056 6.581623966000055e-12
6650.056 8.576890439500038e-12
6700.056 1.0440761919500063e-11
6750.056 1.3597247339000045e-11
6800.056 1.5908628047000037e-11
6850.056 1.649883907399999e-11
6900.056 1.4848372463000017e-11
6950.056 1.2962577745799979e-11
7000.056 1.2828319583999993e-11
7050.056 1.3595462930999942e-11
7100.056 1.470160981399998e-11
7150.056 1.4514745678099866e-11
7200.056 1.4133672819300088e-11
7250.056 1.4196863399399547e-11
7300.056 1.3567788368500401e-11
7350.056 1.3479396919399937e-11
7400.056 1.3299858530800158e-11
7450.056 1.3206410321000175e-11
7500.056 1.2886761094999982e-11
7550.056 1.2313181336999988e-11
7600.056 1.1482082990999969e-11
7650.056 5.370865591619879e-12
7700.056 4.9572115238201045e-12
7750.056 1.2239809693900142e-11
7800.056 1.7385690639500066e-11
7850.056 2.5607123390000074e-11
7900.056 3.4625879362000105e-11
7950.056 4.059802772580027e-11
8000.056 6.006421785900044e-11
8050.056 7.725776572800057e-11
8100.056 9.079865466099899e-11
8150.056 1.0546739737300072e-10
8200.056 1.4454872267500363e-10
8250.056 1.7075873581159952e-10
8300.056 2.1045067735800656e-10
8350.056 2.5265563630599864e-10
8400.056 3.052368174999992e-10
8450.056 3.7672872919999985e-10
8500.056 4.2900099554999343e-10
8550.056 5.307856297500097e-10
8600.056 6.406809820400041e-10
8650.056 7.491667430300048e-10
8700.056 8.60378000350006e-10
8750.056 9.93435340000006e-10
8800.056 1.1227132179000052e-09
8850.056 1.1898579192999948e-09
8900.056 9.341286070199739e-10
8950.056 8.842421452579974e-10
9000.056 9.844448890599467e-10
9050.056 1.6265328785730164e-09
9100.056 1.8206863471910548e-09
9150.056 1.9881448836400405e-09
9200.056 2.4138604211800137e-09
9250.056 2.341708679941932e-09
9300.056 5.961204533730429e-10
9350.056 8.772263876448984e-10
9400.056 1.9165383729964577e-09
9450.056 1.7709622532122326e-09
9500.056 1.6550609180978442e-09
9550.056 1.7871330052368589e-09
9600.056 1.942751867285723e-09
9650.056 2.5714069881323833e-09
9700.056 4.015464257473364e-09
9750.056 4.298569503083477e-09
9800.056 5.125302553218861e-09
9850.056 6.115068758819893e-09
9900.056 7.637210609800183e-09
9950.056 8.424780638100131e-09
10000.056 8.572012640599966e-09
10050.056 1.1239643111000108e-08
10100.056 1.2960876619000117e-08
10150.056 1.4197613308000077e-08
10200.056 1.5326862447200376e-08
10250.056 1.7601293931300242e-08
10300.056 2.075424216629931e-08
10350.056 2.1944182772000575e-08
10400.056 2.5913215102000155e-08
10450.056 2.9065301555998835e-08
10500.056 3.2151515154999654e-08
10550.056 3.558489969700011e-08
10600.056 3.792476789000003e-08
10650.056 4.019671521600031e-08
10700.056 4.114187862200021e-08
10750.056 4.2883571998000166e-08
10800.056 4.334311520600028e-08
10850.056 4.1987198947000227e-08
10900.056 3.468191911799925e-08
10950.056 2.0498474615699926e-08
11000.056 1.310602238782866e-08
11050.056 7.315070223615581e-09
11100.056 4.1353040442708565e-09
11150.056 2.2022519170403765e-09
11200.056 2.2454679181177194e-09
11250.056 3.2643024110814205e-09
11300.056 3.700204741744116e-09
11350.056 1.462001197303274e-09
11400.056 4.842466172642761e-09
11450.056 2.9992601309675174e-09
11500.056 3.053710026892275e-09
11550.056 1.2793657536367475e-09
11600.056 1.064983603099891e-09
11650.056 2.255956890463844e-09
11700.056 2.704232556763185e-09
11750.056 1.2654038242544313e-09
11800.056 4.260485139912806e-09
11850.056 6.832546057419861e-09
11900.056 8.908106630709666e-09
11950.056 1.3175779291101054e-08
12000.056 1.821242980880053e-08
12050.056 2.4979344290400573e-08
12100.056 3.2019065259299014e-08
12150.056 4.143786214299889e-08
12200.056 4.918142948099993e-08
12250.056 6.085669089999801e-08
12300.056 7.56299721280019e-08
12350.056 8.050478881999963e-08
12400.056 9.863450807599905e-08
12450.056 1.1421512843600136e-07
12500.056 1.2482912362500391e-07
12550.056 1.3935292516099914e-07
12600.056 1.4679671026700066e-07
12650.056 1.4521391585599964e-07
12700.056 1.4150083254300052e-07
12750.056 1.2236282520500137e-07
12800.056 1.0941901630799934e-07
12850.056 8.172547187399913e-08
12900.056 6.667190769810077e-08
12950.056 5.677116123280118e-08
13000.056 5.781444011000365e-08
13050.056 4.479413148065012e-08
13100.056 4.381809757912661e-08
13150.056 3.153278123854449e-08
13200.056 2.9559543631898895e-08
13250.056 2.0233816168333976e-08
13300.056 8.817011922054626e-09
13350.056 2.72319566496341e-09
13400.056 8.127626524261051e-10
13450.056 3.552596896893329e-10
13500.056 1.7061647864307306e-10
13550.056 8.259950097935028e-11
13600.056 4.006021921032511e-11
13650.056 1.5432247411424792e-10
13700.056 9.996220663425059e-11
13750.056 2.2398412539142836e-10
13800.056 2.564166368956583e-10
13850.056 1.3144345121518025e-10
13900.056 1.5602035565451718e-10
13950.056 1.5571238754174526e-10
14000.056 1.742855605515753e-10
14050.056 2.47951151848781e-10
14100.056 1.9738743640227103e-10
14150.056 3.318719203725383e-10
14200.056 2.3658144728910447e-10
14250.056 2.826661697335284e-10
14300.056 7.09544469293314e-10
14350.056 6.240320277911398e-10
14400.056 6.335699298980808e-10
14450.056 9.940209027258167e-10
14500.056 1.9365684946245713e-09
14550.056 1.9899117385629008e-09
14600.056 3.3412161116773523e-09
14650.056 2.514578288557873e-09
14700.056 1.462662968944568e-09
14750.056 1.574377211265684e-09
14800.056 2.092487902579321e-09
14850.056 2.2318312225829366e-09
14900.056 2.3833054777491243e-09
14950.056 2.6884921796307506e-09
15000.056 4.640029063404966e-09
15050.056 4.88824044115261e-09
15100.056 4.348673480650201e-09
15150.056 3.924309126243813e-09
15200.056 5.893277537497685e-09
15250.056 1.0254540487191119e-08
15300.056 1.230199777001103e-08
15350.056 1.599673696339952e-08
15400.056 1.972084919018291e-08
15450.056 2.418214689869337e-08
15500.056 2.8138545389896897e-08
15550.056 3.672837296570348e-08
15600.056 4.603073585949837e-08
15650.056 5.5308293750002496e-08
15700.056 6.886364120500007e-08
15750.056 7.584879097100149e-08
15800.056 8.105989082699924e-08
15850.056 8.75662648210015e-08
15900.056 8.219761722300013e-08
15950.056 7.647167082199843e-08
16000.056 6.148211175400025e-08
16050.056 4.075380631799853e-08
16100.056 2.7203610995998906e-08
16150.056 1.6566459909599038e-08
16200.056 9.65169069362034e-09
16250.056 7.398559140718962e-09
16300.056 5.5997504426453316e-09
16350.056 6.6947299699691836e-09
16400.056 7.987358867727164e-09
16450.056 8.298361895865669e-09
16500.056 8.958534330132499e-09
16550.056 8.833549811749684e-09
16600.056 1.1115503382978063e-08
16650.056 7.59509111650605e-09
16700.056 1.8417053219571927e-09
16750.056 4.682173008997486e-09
16800.056 7.398112581652986e-09
16850.056 7.732306906403456e-09
16900.056 5.37242217428743e-09
16950.056 4.077488495262523e-09
17000.056 2.818768754558609e-09
17050.056 4.7721412918468885e-09
17100.056 6.623325341528138e-09
17150.056 4.803424906457758e-09
17200.056 9.618626100930098e-09
17250.056 6.623735613823113e-09
17300.056 5.1862041858164604e-09
17350.056 4.960648577253824e-09
17400.056 6.2341298426329986e-09
17450.056 7.229185333053379e-09
17500.056 8.417684295901843e-09
17550.056 6.877616163870802e-09
17600.056 5.9605863482613615e-09
17650.056 5.194374154845867e-09
17700.056 4.117297019917694e-09
17750.056 3.319290732091839e-09
17800.056 5.057511442965135e-09
17850.056 2.934929840811844e-09
17900.056 2.705167652326241e-09
17950.056 1.8461202419558591e-09
18000.056 2.7408769232724395e-09
18050.056 1.6523389764742466e-09
18100.056 1.9848305456092676e-09
18150.056 2.0872148923820117e-09
18200.056 1.3102077081173513e-09
18250.056 3.79359933219548e-09
18300.056 1.2380746413784026e-09
18350.056 1.112714747749507e-09
18400.056 8.703644234527697e-10
18450.056 2.3037471248800025e-09
18500.056 2.2133299678186217e-09
18550.056 1.4115922725145915e-09
18600.056 1.4490899610372318e-09
18650.056 1.0526512549239207e-09
18700.056 5.576031423618084e-10
18750.056 1.1147273004740794e-09
18800.056 3.801058525683341e-09
18850.056 3.764153630627356e-09
18900.056 3.1176059812187516e-09
18950.056 6.271916504430194e-09
19000.056 2.3582136822291307e-09
19050.056 1.3065780744552754e-09
19100.056 2.80293883753289e-09
19150.056 1.3441297245119753e-09
19200.056 2.156263147895669e-09
19250.056 1.3508168386727743e-09
19300.056 1.0156084295136743e-09
19350.056 9.412793019902829e-10
19400.056 7.361041053896813e-10
19450.056 1.3018700484446037e-09
19500.056 1.1789297021499052e-09
19550.056 1.2667108937101973e-09
19600.056 1.9824568885107095e-09
19650.056 1.9944136831186055e-09
19700.056 2.2457662319216263e-09
19750.056 3.477889281035933e-09
19800.056 2.7050964460455475e-09
19850.056 3.829245327200711e-09
19900.056 3.99502061062387e-09
19950.056 6.249428187764671e-09
20000.056 6.957352457206845e-09
20050.056 6.7703890756282345e-09
20100.056 1.064487764874878e-08
20150.056 7.170251395806676e-09
20200.056 6.345649437856102e-09
20250.056 1.0708036586754649e-08
20300.056 1.1703595348925214e-08
20350.056 1.2633010827359377e-08
20400.056 1.1675194454969713e-08
20450.056 1.9044519948404264e-08
20500.056 2.1781557885795174e-08
20550.056 2.340712662070229e-08
20600.056 2.6457451598202727e-08
20650.056 3.059095035090004e-08
20700.056 3.30878523632004e-08
20750.056 3.5934499488998546e-08
20800.056 3.717157701059549e-08
20850.056 4.03165930560008e-08
20900.056 4.26487662769973e-08
20950.056 4.166460149400188e-08
21000.056 4.0945620359000673e-08
21050.056 4.1580659785998335e-08
21100.056 4.0010872020000564e-08
21150.056 3.990064221599625e-08
21200.056 3.733373554300175e-08
21250.056 3.49548831523963e-08
21300.056 3.0328192218500315e-08
21350.056 2.945724623389856e-08
21400.056 2.8155774606802977e-08
21450.056 2.3951454340890295e-08
21500.056 2.140521593841283e-08
21550.056 1.9243633233261497e-08
21600.056 1.6808905549349274e-08
21650.056 1.318737842531769e-08
21700.056 1.275803223342963e-08
21750.056 1.0776011202788069e-08
21800.056 8.016321702486753e-09
21850.056 7.000275735443866e-09
21900.056 5.023415075194713e-09
21950.056 2.6773601470876e-09
22000.056 7.433409510924422e-10
22050.056 7.93890678461926e-10
22100.056 2.294277895393222e-09
22150.056 2.030921812151316e-09
22200.056 2.2315984005135244e-09
22250.056 1.907817367239007e-09
22300.056 1.1644688883282068e-09
22350.056 1.3536389859106016e-09
22400.056 6.603252572073911e-10
22450.056 8.363755523837662e-10
22500.056 7.376394192426527e-10
22550.056 5.095624806038212e-10
22600.056 4.605839394165874e-10
22650.056 7.02952227566007e-10
22700.056 5.877238388081701e-10
22750.056 6.6417734852038e-10
22800.056 7.079342964930174e-10
22850.056 5.466136832628289e-10
22900.056 4.664518327239436e-10
22950.056 4.2426385357625476e-10
23000.056 5.361390548802309e-10
23050.056 7.083077893575983e-10
23100.056 2.3169217635954955e-09
23150.056 2.0335801480984205e-09
23200.056 1.8071921090701292e-10
23250.056 5.276932346560283e-10
23300.056 4.5176985969735026e-10
23350.056 5.441155806392492e-10
23400.056 4.691675159768706e-10
23450.056 3.7865379516255426e-10
23500.056 4.316970868434552e-10
23550.056 6.893821062337972e-10
23600.056 1.0904648475909439e-09
23650.056 1.4266894684798934e-09
23700.056 4.066612830618687e-10
23750.056 3.9835007440867463e-10
23800.056 1.0930287967525172e-09
23850.056 8.821612500831411e-10
23900.056 1.7347785145069e-09
23950.056 1.2333231894711524e-09
24000.056 2.1012291748750402e-09
24050.056 2.2462561437816884e-09
24100.056 2.1924744030156442e-09
24150.056 3.057984370912972e-09
24200.056 2.425503600908519e-09
24250.056 2.077115549807318e-09
24300.056 3.332144106343117e-09
24350.056 2.5798661435353806e-09
24400.056 4.559014006381856e-09
24450.056 4.406705103976241e-09
24500.056 4.049484716843043e-09
24550.056 5.814593584689385e-09
24600.056 5.838711430424218e-09
24650.056 7.97244503432404e-09
24700.056 4.756228044487062e-09
24750.056 5.59150181966048e-09
24800.056 4.9669399793181866e-09
24850.056 8.377237450661432e-09
24900.056 3.2348504584980065e-09
24950.056 6.9821303306257065e-09
25000.056 5.9012058254594956e-09
25050.056 3.384492621950249e-09
25100.056 5.6266558657181555e-09
25150.056 2.944085312590232e-09
25200.056 4.059513275488128e-09
25250.056 1.7480360975434544e-09
25300.056 2.7665703218810435e-09
25350.056 1.3001055356440292e-09
25400.056 3.1522387817444406e-09
25450.056 1.2045351442053779e-09
25500.056 1.1231471019641756e-09
25550.056 1.9156231162099055e-09
25600.056 1.3863742091149825e-09
25650.056 6.619981363911693e-10
25700.056 1.1650427655963533e-09
25750.056 3.664232334833615e-10
25800.056 1.6177781817925756e-09
25850.056 4.2613136555093733e-10
25900.056 6.56244819116141e-10
25950.056 2.134317158198477e-10
26000.056 1.5718720501826943e-09
26050.056 3.530751648661983e-10
26100.056 1.3120529384628578e-09
26150.056 7.272118579022131e-10
26200.056 8.238502393274199e-10
26250.056 3.3302041109109246e-09
26300.056 1.1463388343080813e-09
26350.056 4.542200111559132e-09
26400.056 4.750193925170647e-09
26450.056 3.77562166245248e-09
26500.056 6.1456317797754425e-09
26550.056 1.4283606427751769e-09
26600.056 1.8742506463185537e-09
26650.056 4.3093808093848034e-10
26700.056 3.1303780188618284e-10
26750.056 2.8007058878045954e-10
26800.056 6.628040587490579e-10
26850.056 3.575651292955214e-10
26900.056 1.402138369495053e-09
26950.056 5.643675616431874e-10
27000.056 2.40701207977882e-09
27050.056 2.3199415755195962e-09
27100.056 6.608043125412526e-10
27150.056 3.318645066470422e-09
27200.056 6.690361771339771e-10
27250.056 1.5154865400310813e-09
27300.056 6.430609502816082e-09
27350.056 2.962421904390305e-09
27400.056 2.961537119049382e-10
27450.056 3.5178229856337276e-09
27500.056 4.212935900559391e-09
27550.056 8.809709524483378e-10
27600.056 2.1632200481786925e-09
27650.056 7.287967084117751e-10
27700.056 5.808781436600704e-10
27750.056 2.792644689723054e-09
27800.056 9.699802688958127e-10
27850.056 1.363815273597596e-09
27900.056 1.48093482958266e-09
27950.056 3.2948505571703724e-09
28000.056 2.5649076864582714e-09
28050.056 4.964463658000519e-10
28100.056 2.8883016863777665e-09
28150.056 1.951551511294166e-09
28200.056 7.284557859787386e-10
28250.056 3.6695316059756313e-09
28300.056 3.688629557494455e-09
28350.056 9.235633327385907e-10
28400.056 2.670262334188704e-09
28450.056 4.28734595472953e-09
28500.056 2.80862274262398e-09
28550.056 7.337396073289689e-10
28600.056 4.541381811029966e-09
28650.056 3.1825323415632207e-09
28700.056 3.6572699131550215e-09
28750.056 5.890370463648631e-09
28800.056 3.4668231447151422e-09
28850.056 5.245897141842372e-09
28900.056 2.665697126293601e-09
28950.056 4.9205791003483734e-09
29000.056 4.171544337344197e-09
29050.056 5.4223874695537125e-09
29100.056 3.29838516503996e-09
29150.056 6.014553196768031e-09
29200.056 5.206908393671242e-09
29250.056 7.652460643363998e-09
29300.056 3.809726163106294e-09
29350.056 1.2467907015221979e-08
29400.056 4.7917403504773775e-09
29450.056 5.079750546334145e-09
29500.056 8.9979765188669e-09
29550.056 5.170893392153548e-09
29600.056 6.890744752334216e-09
29650.056 1.14851928977473e-08
29700.056 4.97625904318288e-09
29750.056 9.774031451131594e-09
29800.056 9.0059064284309e-09
29850.056 1.1737778275950698e-08
29900.056 9.214000621744197e-09
29950.056 8.502354320568803e-09
30000.056 5.767292744756659e-10
30050.056 1.6693193669267751e-09
30100.056 3.777722509451738e-09
30150.056 9.599151805426655e-09
30200.056 8.109245788093163e-09
30250.056 1.6001087079723545e-08
30300.056 1.5339810574120476e-08
30350.056 7.918477010615978e-09
30400.056 1.7825436672836154e-08
30450.056 1.1017405661193388e-08
30500.056 1.0636323248799168e-08
30550.056 9.048396038853811e-09
30600.056 2.2183488762492436e-08
30650.056 1.2307414081952779e-08
30700.056 1.025612307139223e-08
30750.056 1.4939393961582882e-08
30800.056 1.1915448575937814e-08
30850.056 1.2351401982294237e-08
30900.056 8.161231711877077e-09
30950.056 7.729127776902682e-09
31000.056 8.352888144891765e-09
31050.056 8.718049453708895e-09
31100.056 4.934999024517403e-09
31150.056 8.444574937129276e-09
31200.056 1.3666204445001843e-08
31250.056 7.474381451331648e-09
31300.056 6.0451434039486806e-09
31350.056 8.374600801923702e-09
31400.056 6.014877349858998e-09
31450.056 7.214588876618559e-09
31500.056 3.2827648857355365e-09
31550.056 5.0684892343417364e-09
31600.056 3.5477381658057095e-09
31650.056 3.0396745954029912e-09
31700.056 3.424588536580707e-09
31750.056 1.867558926128398e-09
31800.056 3.705945659050209e-09
31850.056 1.2666457879539332e-09
31900.056 2.4833625325100724e-09
31950.056 1.3205831937314154e-09
32000.056 1.7468636607960948e-09
32050.056 1.873499143842835e-09
32100.056 1.5195457470781705e-09
32150.056 2.0856820191808824e-09
32200.056 1.2133085916135102e-09
32250.056 2.6780521688800473e-09
32300.056 1.0509708169129203e-09
32350.056 2.819008587946264e-09
32400.056 9.364742245833062e-10
32450.056 2.437901918935263e-09
32500.056 1.3546334391353189e-09
32550.056 2.1333588136200518e-09
32600.056 1.831392218713788e-09
32650.056 3.6295567977724575e-09
32700.056 2.3767038207033053e-09
32750.056 5.4346201296315e-09
32800.056 4.893949147646028e-09
32850.056 7.322342378890144e-09
32900.056 7.238585704159074e-09
32950.056 7.648401245104024e-09
33000.056 4.551219855125594e-09
33050.056 5.365157530430789e-09
33100.056 1.7569056311412035e-09
33150.056 1.9905630094523424e-11
33200.056 8.786058880625585e-11
33250.056 9.739150255817662e-11
33300.056 3.0654305429106607e-10
33350.056 8.634091892331964e-10
33400.056 1.9740509879797093e-09
33450.056 2.0490345655276683e-09
33500.056 5.411776710922504e-09
33550.056 2.2798642940497885e-09
33600.056 4.717958167777835e-09
33650.056 4.588657230329983e-09
33700.056 2.4349618901888006e-09
33750.056 6.0898334954334925e-09
33800.056 1.4768266559909843e-09
33850.056 3.5740157665832238e-09
33900.056 3.362777298104462e-09
33950.056 3.0206881087240978e-09
34000.056 5.079737615426422e-09
34050.056 1.415447672962117e-09
34100.056 4.5078647635635035e-09
34150.056 2.2296778311114484e-09
34200.056 4.3210301665096465e-09
34250.056 3.59381727410365e-09
34300.056 2.7645026243919517e-09
34350.056 4.7211909361606134e-09
34400.056 2.160793927299479e-09
34450.056 5.189702329695638e-09
34500.056 3.538244563019368e-09
34550.056 1.988128629082428e-09
34600.056 7.021581959000189e-09
34650.056 2.0728200980361458e-09
34700.056 5.439280973374051e-09
34750.056 4.029391638880154e-09
34800.056 2.9254340681874562e-09
34850.056 7.61858144480562e-09
34900.056 3.49594288291937e-09
34950.056 6.491877437298722e-09
35000.056 1.1224957241339856e-08
35050.056 4.9587702734877045e-09
35100.056 1.1243333879667885e-08
35150.056 1.0080480052515383e-08
35200.056 8.315132732802914e-09
35250.056 1.4157259959983264e-08
35300.056 6.297281655794208e-09
35350.056 9.21224481587942e-09
35400.056 9.154647238553456e-09
35450.056 6.348850871234993e-09
35500.056 1.747413919627991e-08
35550.056 1.1686070326564345e-08
35600.056 1.2664917077106168e-08
35650.056 1.4197837317322347e-08
35700.056 1.1817458530571856e-08
35750.056 1.964354411545946e-08
35800.056 1.8851032149841744e-08
35850.056 1.0025442857313706e-08
35900.056 1.5287256754386067e-08
35950.056 1.7787226283507577e-08
36000.056 1.713522132480293e-08
36050.056 1.5170395453674532e-08
36100.056 1.3613785758498122e-08
36150.056 2.1797926058636382e-08
36200.056 2.4847302331655192e-08
36250.056 1.8374862912069735e-08
36300.056 3.135509509941712e-08
36350.056 2.4722738550143626e-08
36400.056 3.044806089401302e-08
36450.056 2.7885611790973158e-08
36500.056 3.133093440282608e-08
36550.056 4.087360126515712e-08
36600.056 4.615407479799051e-08
36650.056 3.5881379746445846e-08
36700.056 3.614757457808626e-08
36750.056 4.630198560901028e-08
36800.056 4.924037367849623e-08
36850.056 3.693216790786269e-08
36900.056 4.5303648261979615e-08
36950.056 5.2029556348989e-08
37000.056 4.172723670219423e-08
37050.056 5.376805148089962e-08
37100.056 4.167511873794324e-08
37150.056 4.555467722046187e-08
37200.056 6.255250585299294e-08
37250.056 4.340249467598994e-08
37300.056 3.8000492138498126e-08
37350.056 5.4475268050511085e-08
37400.056 7.377286020499853e-08
37450.056 4.1914146252237347e-08
37500.056 4.848997071977659e-08
37550.056 7.69230190300241e-08
37600.056 9.413726083701098e-08
37650.056 4.538042247840682e-08
37700.056 7.368122661880636e-08
37750.056 5.392897188800773e-08
37800.056 6.125436953561537e-08
37850.056 3.999908374320096e-08
37900.056 4.6828971486706114e-08
37950.056 6.667427398739643e-08
38000.056 6.711962141499717e-08
38050.056 7.532671607141643e-08
38100.056 9.092832628540358e-08
38150.056 9.345538087199592e-08
38200.056 8.515409896650314e-08
38250.056 8.436037567850842e-08
38300.056 1.2021437324497548e-07
38350.056 1.1655441901702288e-07
38400.056 6.996453613336832e-08
38450.056 5.500794414927818e-08
38500.056 4.191224608021055e-08
38550.056 8.12148996530164e-08
38600.056 7.923133648898503e-08
38650.056 8.818777081598924e-08
38700.056 9.282751105099612e-08
38750.056 8.712030825200164e-08
38800.056 8.303716760899214e-08
38850.056 9.290748957800607e-08
38900.056 1.1091740457338327e-07
38950.056 8.139950847960104e-08
39000.056 1.0037808057598134e-07
39050.056 8.898662165103175e-08
39100.056 9.72531579682911e-08
39150.056 1.1791987708999651e-07
39200.056 9.694893193799333e-08
39250.056 1.2141910980200225e-07
39300.056 1.0514603699899188e-07
39350.056 1.3883963539100287e-07
39400.056 1.0710442570200752e-07
39450.056 1.2604421714580106e-07
39500.056 1.3508042078500592e-07
39550.056 9.751189813902184e-08
39600.056 1.2703397755099805e-07
39650.056 1.5826512895199183e-07
39700.056 1.410216328210129e-07
39750.056 9.389519144762634e-08
39800.056 1.082818030069995e-07
39850.056 1.6997543634000567e-07
39900.056 1.7133742840700546e-07
39950.056 1.2557635649999233e-07
40000.056 1.6717343785500155e-07
40050.056 1.5995826471900022e-07
40100.056 9.567350538441502e-08
40150.056 1.5984005240400945e-07
40200.056 1.6806839682097718e-07
40250.056 1.754056641899675e-07
40300.056 1.7426836436601708e-07
40350.056 1.3279866423997846e-07
40400.056 1.78214122090717e-07
40450.056 1.2269116189018994e-07
40500.056 1.8275037765398732e-07
40550.056 1.925941264119673e-07
40600.056 1.7794302860000573e-07
40650.056 1.5482198813108022e-07
40700.056 2.404337993849894e-07
40750.056 1.7436525263297658e-07
40800.056 1.3051113786596156e-07
40850.056 2.4059673923002524e-07
40900.056 2.2476043303998828e-07
40950.056 1.812407812640133e-07
41000.056 1.7877354177299294e-07
41050.056 2.460680529599758e-07
41100.056 2.1387609406598593e-07
41150.056 1.2639184790559396e-07
41200.056 2.3795297425801455e-07
41250.056 2.109175758242772e-07
41300.056 1.995655260199998e-07
41350.056 2.5431280220999726e-07
41400.056 2.1755568354801243e-07
41450.056 2.5096584477998895e-07
41500.056 1.8217346969837343e-07
41550.056 1.6805354316403911e-07
41600.056 1.9575788652821595e-07
41650.056 2.3214921741001134e-07
41700.056 2.2910770575996985e-07
41750.056 2.0939906736298714e-07
41800.056 2.505749358200229e-07
41850.056 1.7612703281198456e-07
41900.056 1.8893485616296003e-07
41950.056 2.199582478300114e-07
42000.056 1.9255626781493e-07
42050.056 1.6885606917202037e-07
42100.056 2.40634837366972e-07
42150.056 1.7922910414700434e-07
42200.056 1.78747926751985e-07
42250.056 1.8120551999200646e-07
42300.056 1.6667745213999515e-07
42350.056 2.141917218220171e-07
42400.056 2.2843059864001226e-07
42450.056 1.9140965997202814e-07
42500.056 1.9636160396399188e-07
42550.056 1.75691651371992e-07
42600.056 2.0060022072904696e-07
42650.056 2.738039501049631e-07
42700.056 1.7776970512595443e-07
42750.056 1.6931242306302587e-07
42800.056 2.1709553835401027e-07
42850.056 2.437502913729567e-07
42900.056 2.6063334365202524e-07
42950.056 1.9579884163098075e-07
43000.056 2.3032669364799902e-07
43050.056 1.3099014676402807e-07
43100.056 2.0690796922998645e-07
43150.056 1.730055595060101e-07
43200.056 2.11007481502012e-07
43250.056 3.053228531800171e-07
43300.056 2.7851124028000376e-07
43350.056 1.4837799364397203e-07
43400.056 2.1430128378601158e-07
43450.056 1.6343389421201864e-07
43500.056 1.8143971553101418e-07
43550.056 1.8074442529100913e-07
43600.056 2.5184230746801674e-07
43650.056 1.5334641370099766e-07
43700.056 2.817257307550319e-07
43750.056 2.4636581350199657e-07
43800.056 2.2307029050598245e-07
43850.056 2.0426071113702742e-07
43900.056 1.9027852332898582e-07
43950.056 1.3692638961798626e-07
44000.056 1.2261445744100067e-07
44050.056 2.445231623400116e-07
44100.056 3.309751910900086e-07
44150.056 3.2317798660998645e-07
44200.056 2.730688517700049e-07
44250.056 1.6569493829099392e-07
44300.056 1.3013647213301886e-07
44350.056 1.5417260273572241e-07
44400.056 1.4774776669499168e-07
44450.056 2.3094376649801165e-07
44500.056 2.0367135225303236e-07
44550.056 2.8660732754998764e-07
44600.056 2.53171533347009e-07
44650.056 2.3643378945299297e-07
44700.056 1.613551015139832e-07
44750.056 2.1135581028403728e-07
44800.056 1.7279845313501473e-07
44850.056 2.4996087034001457e-07
44900.056 1.927444593639975e-07
44950.056 2.1617109166701578e-07
45000.056 2.43635856320006e-07
45050.056 2.3344192458998288e-07
45100.056 2.2409531191201367e-07
45150.056 2.1392558500898756e-07
45200.056 1.5893399161801107e-07
45250.056 1.8242241586497066e-07
45300.056 1.6891419096502096e-07
45350.056 1.5057389842021078e-07
45400.056 2.900995455400267e-07
45450.056 2.635832103060196e-07
45500.056 2.906785200120174e-07
45550.056 3.2284915783995225e-07
45600.056 3.0040475641002383e-07
45650.056 2.5153895203098875e-07
45700.056 1.6589933074899434e-07
45750.056 1.4913676722400538e-07
45800.056 3.222944728200148e-07
45850.056 2.86382176133996e-07
45900.056 3.1745431155999645e-07
45950.056 2.5187345941499177e-07
46000.056 3.0416277043003136e-07
46050.056 2.375656996280049e-07
46100.056 3.367756978399821e-07
46150.056 2.1004342474600068e-07
46200.056 1.8858282298598487e-07
46250.056 9.261387429859087e-08
46300.056 2.2021752915800431e-07
46350.056 2.3484617578402043e-07
46400.056 2.2252572401300992e-07
46450.056 1.9136583436699312e-07
46500.056 2.1219833013403734e-07
46550.056 1.374006021290057e-07
46600.056 1.8053262929317546e-07
46650.056 2.6822584840901594e-07
46700.056 1.8552467423196823e-07
46750.056 1.0744481908161577e-07
46800.056 8.036372405799924e-08
46850.056 2.5859432762103165e-07
46900.056 2.678157936579883e-07
46950.056 2.509434225399797e-07
47000.056 2.427285723520267e-07
47050.056 1.8745955846794404e-07
47100.056 1.364507146900077e-07
47150.056 2.0327170902202646e-07
47200.056 2.3641654263198952e-07
47250.056 1.3524273006398348e-07
47300.056 9.47781256775146e-08
47350.056 2.6160488225000684e-07
47400.056 2.400372566799858e-07
47450.056 1.9884739751972747e-07
47500.056 2.744349322799848e-07
47550.056 2.2993280835500968e-07
47600.056 2.315461138879796e-07
47650.056 2.319799830719853e-07
47700.056 1.8607500392953974e-07
47750.056 1.411195214030018e-07
47800.056 1.268263164240145e-07
47850.056 7.286684420640827e-08
47900.056 1.0459011545179413e-07
47950.056 2.1224889554400897e-07
48000.056 2.7172613878000176e-07
48050.056 2.3196973242198558e-07
48100.056 1.0950495893140405e-07
48150.056 1.7347696938700536e-07
48200.056 1.3808806387359545e-07
48250.056 1.7258584761800057e-07
48300.056 2.582680792099943e-07
48350.056 1.6544686868298795e-07
48400.056 5.804737623042861e-08
48450.056 1.1173384538812331e-07
48500.056 1.6658022286096686e-07
48550.056 1.7925130337901697e-07
48600.056 2.0160989724000656e-07
48650.056 2.512331713699939e-07
48700.056 1.799637295640159e-07
48750.056 1.1327530785902915e-07
48800.056 2.16168831066013e-07
48850.056 1.3001856937047839e-07
48900.056 1.8360578950298554e-07
48950.056 1.1548855354199833e-07
49000.056 6.607762462270748e-08
49050.056 1.6968398956098006e-07
49100.056 1.9905067961032776e-07
49150.056 1.4936767793739832e-07
49200.056 2.191287236500247e-07
49250.056 2.1717573564201154e-07
49300.056 1.829677640079934e-07
49350.056 9.213414385721783e-08
49400.056 1.30996665826973e-07
49450.056 1.2705312604153003e-07
49500.056 1.0728140942498799e-07
49550.056 3.6268826170399864e-08
49600.056 7.965145168909219e-08
49650.056 1.3329608855299616e-07
49700.056 1.4484890665096807e-07
49750.056 1.6259289022699025e-07
49800.056 1.1268757438143646e-07
49850.056 1.930416201540204e-07
49900.056 1.6960683069999503e-07
49950.056 1.5190703736999674e-07
50000.056 1.3446057201918833e-07
50050.056 1.6105179026900097e-07
50100.056 1.3145787292899304e-07
50150.056 7.321667928798977e-08
50200.056 2.2286212673347435e-08
50250.056 9.281414210299696e-08
50300.056 6.49779493096083e-08
50350.056 1.5225485176601792e-07
50400.056 1.520819091669919e-07
50450.056 1.0814549573020069e-07
50500.056 1.6925284235701e-07
50550.056 1.6024141661000492e-07
50600.056 1.1320948038897058e-07
50650.056 1.7179472429802755e-07
50700.056 1.839685534599918e-07
50750.056 1.2148645318900755e-07
50800.056 5.640250161409036e-08
50850.056 4.0217325975914936e-08
50900.056 1.5217905072000238e-07
50950.056 1.3077451522399801e-07
51000.056 1.162391587171112e-07
51050.056 1.4227918763998238e-07
51100.056 6.237536553049434e-08
51150.056 7.679035931035174e-08
51200.056 1.8320369701999214e-07
51250.056 1.2724340246298122e-07
51300.056 8.758411648301875e-08
51350.056 9.849143387308637e-08
51400.056 4.727428140540728e-08
51450.056 3.720447883534001e-08
51500.056 3.3808120977051485e-08
51550.056 9.858983070321124e-08
51600.056 7.747367529700965e-08
51650.056 9.342737640299154e-08
51700.056 1.0474664682734746e-07
51750.056 7.317696352800931e-08
51800.056 1.2250320117698042e-07
51850.056 9.957682629499574e-08
51900.056 1.397105322390062e-07
51950.056 9.34811936529903e-08
52000.056 1.6959710159794653e-08
52050.056 5.5432581354006614e-08
52100.056 3.79659248159958e-08
52150.056 2.6140910077564322e-08
52200.056 5.101489979039857e-08
52250.056 7.562583042831224e-08
52300.056 1.1273635972899647e-07
52350.056 4.7067974533019126e-08
52400.056 4.5163343388000844e-08
52450.056 1.1085999757701232e-07
52500.056 9.820483053877588e-08
52550.056 9.703936712399297e-08
52600.056 7.448026845860334e-08
52650.056 8.50177972030087e-08
52700.056 6.181547009639983e-08
52750.056 3.43089777044936e-08
52800.056 5.0715981101107384e-08
52850.056 5.981729040298388e-08
52900.056 3.801739108115292e-08
52950.056 5.177017275180444e-08
53000.056 7.96235450600047e-08
53050.056 3.7086130935791446e-08
53100.056 8.897658345999919e-08
53150.056 1.0236643559200794e-07
53200.056 4.161686812349588e-08
53250.056 8.827706906200678e-08
53300.056 1.0257282782523618e-07
53350.056 8.73236783999986e-08
53400.056 6.680627260199556e-08
53450.056 2.8744022238792904e-08
53500.056 9.797870248256474e-09
53550.056 2.0058528587499686e-08
53600.056 5.6292576062207334e-08
53650.056 4.6925989081995575e-08
53700.056 4.1617676742694845e-08
53750.056 4.015558711699436e-08
53800.056 4.3030402009402196e-08
53850.056 6.692425091998134e-08
53900.056 6.816442183110157e-08
53950.056 7.685155279700303e-08
54000.056 5.461061632906174e-08
54050.056 6.86418645179937e-08
54100.056 1.8749679911198488e-08
54150.056 2.9477301099406966e-08
54200.056 7.821940608327472e-09
54250.056 1.757632386880191e-08
54300.056 2.870310237717786e-08
54350.056 4.458415655679795e-08
54400.056 4.291659519568994e-08
54450.056 4.094411649602089e-08
54500.056 4.2236555015405316e-08
54550.056 3.405369376189945e-08
54600.056 3.53524932584968e-08
54650.056 8.010093200188561e-09
54700.056 3.9741256807896446e-08
54750.056 3.865460983959439e-08
54800.056 2.245064402125609e-08
54850.056 2.69751594891027e-08
54900.056 3.7931915392400005e-08
54950.056 6.45512491585906e-08
55000.056 2.7640405074897623e-08
55050.056 3.3082576478281074e-08
55100.056 4.490074205801217e-08
55150.056 2.4810595567626913e-08
55200.056 2.5421723725178796e-08
55250.056 3.218408295470694e-08
55300.056 2.315089378960145e-08
55350.056 3.906611973690165e-08
55400.056 3.419491189839946e-08
55450.056 2.808987597429238e-08
55500.056 1.1323530825101946e-08
55550.056 1.5232145111320018e-08
55600.056 2.6885116455100522e-08
55650.056 1.972612340709641e-08
55700.056 2.4345011974205227e-08
55750.056 1.9031189100696313e-08
55800.056 1.0217584410440587e-08
55850.056 1.0306389976628422e-08
55900.056 2.580852440923472e-08
55950.056 4.3640511691017856e-08
56000.056 1.942571364229384e-08
56050.056 1.9469980063403144e-08
56100.056 2.8480976526520975e-08
56150.056 1.9188349644501548e-08
56200.056 1.5714177319765484e-08
56250.056 3.890486000870619e-08
56300.056 2.915090158473776e-08
56350.056 1.764923779240283e-08
56400.056 8.455313869846128e-09
56450.056 9.717619816553481e-09
56500.056 2.2900620597272722e-08
56550.056 8.830480124622614e-09
56600.056 2.462755046639856e-08
56650.056 2.8363501578700435e-08
56700.056 2.5970410932498478e-08
56750.056 1.1425916114999755e-08
56800.056 1.3692786826249985e-08
56850.056 1.923584810378641e-08
56900.056 1.1526832948855852e-08
56950.056 2.8114709488996565e-08
57000.056 3.2686447133207054e-08
57050.056 2.1011234623592227e-08
57100.056 5.883056648802822e-09
57150.056 1.4071461459637387e-08
57200.056 9.280346615879982e-09
57250.056 1.3799241470018492e-08
57300.056 1.7047096450361907e-08
57350.056 9.686200499680628e-09
57400.056 2.9032325351440838e-08
57450.056 1.464203024472067e-08
57500.056 1.3194481621387848e-08
57550.056 1.8039801474030383e-08
57600.056 1.25314843872404e-08
57650.056 5.092585063344159e-09
57700.056 1.0348456264879742e-08
57750.056 1.823030955733006e-08
57800.056 1.0484450806322584e-08
57850.056 3.0098009651709216e-08
57900.056 3.705331810670422e-08
57950.056 3.888333133130397e-08
58000.056 1.499108896315912e-08
58050.056 2.608076571009547e-08
58100.056 2.089441746090525e-08
58150.056 1.8315865628989653e-08
58200.056 5.325390031141104e-09
58250.056 9.315605310737981e-09
58300.056 7.082141152841832e-09
58350.056 1.1089824469698314e-08
58400.056 1.8914795555901965e-08
58450.056 2.8072353812900684e-08
58500.056 2.9957787470002076e-08
58550.056 2.08234957092976e-08
58600.056 1.0195546035705367e-08
58650.056 1.595828568143551e-08
58700.056 1.4061663173497698e-08
58750.056 1.9527697062199982e-08
58800.056 2.5177421682934726e-09
58850.056 1.0657754307651485e-08
58900.056 1.0602119609401155e-08
58950.056 7.294195584585008e-09
59000.056 1.4390456292811539e-08
59050.056 1.5509534545412825e-08
59100.056 1.558045614181482e-08
59150.056 1.5582285311366534e-08
59200.056 2.028572973399973e-08
59250.056 2.4664926969805386e-08
59300.056 2.2331188168295263e-08
59350.056 4.728274951469698e-09
59400.056 5.487709205127048e-09
59450.056 2.1309317809488047e-08
59500.056 1.12806846045455e-08
59550.056 1.7264614358918587e-08
59600.056 2.6063654038698298e-08
59650.056 1.3804270722640459e-08
59700.056 1.0590890729242666e-08
59750.056 3.6301004328292987e-08
59800.056 1.6573494841437022e-08
59850.056 1.965224204149905e-08
59900.056 8.791826093001497e-09
59950.056 1.5485391895139427e-08
60000.056 3.138250668963817e-08
60050.056 3.689667813730724e-08
60100.056 3.353970904699436e-08
60150.056 1.2693161868188017e-08
60200.056 1.8080405633347274e-08
60250.056 3.1880033290885195e-08
60300.056 2.8801665894766547e-08
60350.056 1.7333257334499117e-08
60400.056 2.1911523436992088e-08
60450.056 5.750465636709064e-09
60500.056 2.657974352675174e-09
60550.056 1.58525895660562e-08
60600.056 2.0567589202599518e-08
60650.056 1.633151270673199e-08
60700.056 1.1295282558099324e-08
60750.056 6.401437275442647e-09
60800.056 1.9959080700855534e-08
60850.056 3.037359910165887e-08
60900.056 2.299290540970454e-08
60950.056 1.6529836932631202e-08
61000.056 2.866091759258978e-08
61050.056 1.1951943105107553e-08
61100.056 1.2966099735221877e-08
61150.056 4.987134621978861e-09
61200.056 2.048279512320503e-08
61250.056 1.8027066317898934e-08
61300.056 1.2070512892213624e-08
61350.056 2.289851945075682e-08
61400.056 9.685372791902332e-09
61450.056 7.384649203731658e-09
61500.056 6.3137332241104955e-09
61550.056 1.20091206165967e-08
61600.056 7.281299141414599e-09
61650.056 8.269467075580872e-09
61700.056 1.3222451289439831e-08
61750.056 1.328637091641874e-08
61800.056 1.5054941213449476e-08
61850.056 5.1532724410788545e-09
61900.056 2.392759162700451e-08
61950.056 1.8473474749444983e-08
62000.056 1.394986893289854e-08
62050.056 3.16001854466068e-08
62100.056 1.3976344930549378e-08
62150.056 2.444341979020687e-08
62200.056 2.0576482696097082e-08
62250.056 1.9032133901455245e-08
62300.056 3.1881253211497626e-08
62350.056 3.16257408728045e-08
62400.056 2.443356828480305e-08
62450.056 2.2568047707294463e-08
62500.056 3.287292780100327e-08
62550.056 4.526093300799155e-08
62600.056 2.3569455323405557e-08
62650.056 2.2845090286252028e-08
62700.056 2.0072115748403607e-08
62750.056 3.4846393276984534e-08
62800.056 2.7559630080798117e-08
62850.056 2.430447712354406e-08
62900.056 3.395662636059252e-08
62950.056 4.8086761143998584e-08
63000.056 1.863317136997254e-08
63050.056 6.136775048600666e-08
63100.056 6.751355052999542e-08
63150.056 4.330213616169719e-08
63200.056 3.4313370041699885e-08
63250.056 4.503476582200137e-08
63300.056 2.1805304685639253e-08
63350.056 3.208111931100308e-08
63400.056 1.3986400210416641e-08
63450.056 7.622425447362491e-09
63500.056 3.809316088660592e-08
63550.056 4.427184368988663e-08
63600.056 2.573798204370086e-08
63650.056 2.9433965974002123e-08
63700.056 1.07092342550966e-08
63750.056 2.1291838787875214e-08
63800.056 3.6988178248429473e-08
63850.056 3.114872453379854e-08
63900.056 1.4859112892513733e-08
63950.056 1.967153954350991e-08
64000.056 3.1366210787800355e-08
64050.056 1.1615265552195143e-08
64100.056 4.68331787454999e-09
64150.056 6.2062461427988255e-09
64200.056 6.4277633536747296e-09
64250.056 2.14099347521025e-08
64300.056 1.6132753109695475e-08
64350.056 1.0431775990404981e-08
64400.056 2.404598222979848e-08
64450.056 2.2839032324803953e-08
64500.056 1.2951834338998687e-08
64550.056 2.4760140446001095e-08
64600.056 1.6840709576001927e-08
64650.056 2.527774960899473e-08
64700.056 7.767710997498488e-09
64750.056 1.2033184387099376e-08
64800.056 8.349212945501708e-09
64850.056 6.7483202036101915e-09
64900.056 6.688101940737179e-09
64950.056 5.631622463829292e-09
65000.056 8.043649352103799e-09
65050.056 1.856125483549688e-08
65100.056 1.4807279005401936e-08
65150.056 1.5995124893197985e-08
65200.056 6.2604721944192724e-09
65250.056 1.1949785525393284e-08
65300.056 1.5741952179563094e-08
65350.056 3.11547730141015e-08
65400.056 1.3215278822000567e-08
65450.056 1.3813389815876239e-08
65500.056 1.952022210720131e-08
65550.056 9.327196383610382e-09
65600.056 2.0888673034752075e-08
65650.056 1.388481101655106e-08
65700.056 1.1531377768202731e-08
65750.056 7.896434443034188e-09
65800.056 1.4721580983704103e-08
65850.056 2.6631709620593452e-08
65900.056 7.232339387098939e-09
65950.056 8.47592565621046e-09
66000.056 1.0018166494301345e-08
66050.056 2.3827743679412387e-08
66100.056 1.4333896526697955e-08
66150.056 1.3471144334001633e-08
66200.056 1.4048697594677485e-08
66250.056 8.966057386110771e-09
66300.056 6.7833565990718006e-09
66350.056 4.449486310041146e-09
66400.056 7.790771935779213e-09
66450.056 1.960969737240287e-08
66500.056 2.9340207830011608e-08
66550.056 2.5302644045295154e-08
66600.056 1.95688199903033e-08
66650.056 1.4104068466753112e-08
66700.056 1.2529523167703756e-08
66750.056 2.0454338681096246e-08
66800.056 1.4473581005698546e-08
66850.056 1.0122886569821407e-08
66900.056 2.8190385082387037e-08
66950.056 2.6112725959415166e-08
67000.056 4.215697485600771e-08
67050.056 1.568949477649417e-08
67100.056 1.322773606640171e-08
67150.056 1.4027846611422788e-08
67200.056 2.4542698047000604e-08
67250.056 2.0698034872005515e-08
67300.056 2.9215704548302138e-08
67350.056 1.5776030187875254e-08
67400.056 3.051239084629412e-08
67450.056 2.0766043013201997e-08
67500.056 1.3970134046701911e-08
67550.056 3.304060287831573e-08
67600.056 5.570918206999601e-08
67650.056 3.7401979589423774e-08
67700.056 2.4511950920790864e-08
67750.056 1.6759817936004322e-08
67800.056 2.1040769613687916e-08
67850.056 1.258086393102032e-08
67900.056 1.577840193449882e-08
67950.056 1.3979925985700517e-08
68000.056 2.9434168128895592e-08
68050.056 1.8625920581296012e-08
68100.056 2.5874701590010374e-08
68150.056 2.7862580750893065e-08
68200.056 2.5325081220106586e-08
68250.056 1.1181358143697951e-08
68300.056 3.1886049268202875e-08
68350.056 3.1420514372592884e-08
68400.056 3.822060356579787e-08
68450.056 4.087229611540949e-08
68500.056 2.619231963838739e-08
68550.056 1.1809176871900748e-08
68600.056 1.2977461393380718e-08
68650.056 6.851316057583508e-09
68700.056 1.560479545500364e-08
68750.056 2.2348494980203356e-08
68800.056 2.0700667357690103e-08
68850.056 1.52595814237916e-08
68900.056 4.8397079977800364e-08
68950.056 4.485824664720695e-08
69000.056 2.4966316261802672e-08
69050.056 1.469942151610008e-08
69100.056 4.5872207672002574e-08
69150.056 5.55027019188126e-08
69200.056 3.645598619860218e-08
69250.056 5.174272052999306e-08
69300.056 5.029344330961698e-08
69350.056 4.8514035697497395e-08
69400.056 2.3296563158597046e-08
69450.056 4.1202553202989475e-08
69500.056 2.9526439123795305e-08
69550.056 2.475825237480073e-08
69600.056 6.873632088641433e-09
69650.056 2.2795756227808736e-08
69700.056 4.389899227799766e-08
69750.056 2.4443554624899563e-08
69800.056 4.115702109299774e-08
69850.056 4.442984813741102e-08
69900.056 3.2933617214032265e-08
69950.056 3.170989648777303e-08
70000.056 2.714366399899529e-08
70050.056 5.5309935599017656e-08
70100.056 3.0074304686402975e-08
70150.056 3.295393642800112e-08
70200.056 2.285919698329393e-08
70250.056 2.7595591787403144e-08
70300.056 4.092853909939714e-08
70350.056 4.324297538759993e-08
70400.056 2.289800014699376e-08
70450.056 6.756546015772402e-09
70500.056 2.228401288530218e-08
70550.056 1.7142066351819684e-08
70600.056 2.16207475354016e-08
70650.056 2.9170163362996838e-08
70700.056 3.6064201308114275e-08
70750.056 5.986904065801424e-08
70800.056 3.051819091638703e-08
70850.056 2.6991659756395497e-08
70900.056 4.2569508893394924e-08
70950.056 4.187192875101411e-08
71000.056 3.884935083439317e-08
71050.056 4.2933130097100747e-08
71100.056 3.061180010499951e-08
71150.056 2.3696739989494304e-08
71200.056 2.5633192595004627e-08
71250.056 3.979421773600305e-08
71300.056 4.6080815771699364e-08
71350.056 5.237756414470485e-08
71400.056 4.0844796504788624e-08
71450.056 1.7561484123580416e-08
71500.056 2.3767233604992963e-08
71550.056 1.9581833922800427e-08
71600.056 3.150549108099918e-08
71650.056 1.997096387170046e-08
71700.056 1.412313276373937e-08
71750.056 2.7848857372010055e-08
71800.056 4.1015651324401316e-08
71850.056 3.881766938699629e-08
71900.056 2.5419212660093486e-08
71950.056 3.630252338988494e-08
72000.056 3.304914318600406e-08
72050.056 1.5771859397627337e-08
72100.056 1.9883513678801942e-08
72150.056 3.23494400288917e-08
72200.056 2.7157165796904346e-08
72250.056 5.005151723500545e-08
72300.056 2.512804845320305e-08
72350.056 3.281557201098895e-08
72400.056 2.8326578016002786e-08
72450.056 2.6846725475580608e-08
72500.056 3.4581394410102685e-08
72550.056 1.2299429670706722e-08
72600.056 2.5575759897003963e-08
72650.056 3.8898522874014946e-08
72700.056 2.013587630099241e-08
72750.056 2.7791923517398006e-08
72800.056 1.4661402193313637e-08
72850.056 1.716526925070589e-08
72900.056 4.191610875000791e-08
72950.056 2.4399475348965883e-08
73000.056 2.2804189739127803e-08
73050.056 1.4443150590002999e-08
73100.056 2.1863032995306368e-08
73150.056 4.5354237948995104e-08
73200.056 1.7761410736506646e-08
73250.056 2.517610988989863e-08
73300.056 1.4147595827886484e-08
73350.056 1.0962076353997054e-08
73400.056 2.377143324299989e-08
73450.056 1.4311263459601564e-08
73500.056 1.4039791121703538e-08
73550.056 2.1632145235301946e-08
73600.056 2.3017830405490984e-08
73650.056 2.2581812064147184e-08
73700.056 1.662905613348684e-08
73750.056 1.0117605201953954e-08
73800.056 1.745626893910635e-08
73850.056 2.3822836523590784e-08
73900.056 1.4405343178935157e-08
73950.056 1.9400677620504748e-08
74000.056 8.987235536598729e-09
74050.056 3.012753213061073e-08
74100.056 2.4505272776588722e-08
74150.056 2.539441067699811e-08
74200.056 1.2031838318036656e-08
74250.056 6.303215904997658e-09
74300.056 2.1997923301400463e-08
74350.056 3.039170398390663e-08
74400.056 2.4875809269999735e-08
74450.056 1.3707690091389735e-08
74500.056 8.933934057819335e-09
74550.056 1.607474802778654e-08
74600.056 1.2771683685020446e-08
74650.056 1.430498949520301e-08
74700.056 1.558470996872456e-08
74750.056 9.010024642435774e-09
74800.056 1.1315531402899936e-08
74850.056 2.7513226442008687e-08
74900.056 3.220474763258509e-08
74950.056 2.531161999639573e-08
75000.056 1.9464058860697127e-08
75050.056 6.022486301881786e-09
75100.056 2.9292255522715993e-08
75150.056 3.513092301000746e-08
75200.056 2.774801107499417e-08
75250.056 2.9117554936983515e-08
75300.056 2.617699987500087e-08
75350.056 9.45349538890084e-09
75400.056 3.967351848800444e-08
75450.056 3.658939058400962e-08
75500.056 2.8510550590994818e-08
75550.056 2.195054208450521e-08
75600.056 3.387988069300172e-08
75650.056 2.4443122297107836e-08
75700.056 3.578513486659379e-08
75750.056 2.684916304411705e-08
75800.056 2.692534909878795e-08
75850.056 3.5207131415916e-08
75900.056 3.2311468981292164e-08
75950.056 2.225552834169842e-08
76000.056 3.7198073863987007e-08
76050.056 3.178900801888792e-08
76100.056 3.2523387659994e-08
76150.056 3.3158741593090676e-08
76200.056 3.147382686221494e-08
76250.056 2.459539188304024e-08
76300.056 5.398923221900039e-08
76350.056 6.562127525401185e-08
76400.056 4.062714425000804e-08
76450.056 3.906441532650956e-08
76500.056 3.309046069799996e-08
76550.056 1.2754646595546409e-08
76600.056 4.027100971101704e-09
76650.056 6.008225908998691e-09
76700.056 6.1707249584991115e-09
76750.056 6.389907428761444e-09
76800.056 1.1313669764002379e-08
76850.056 9.252637380316667e-09
76900.056 1.3473889075994312e-08
76950.056 9.450637095461404e-09
77000.056 1.698322594659727e-08
77050.056 7.811544052518366e-09
77100.056 1.1844548905530063e-08
77150.056 1.8125958638401254e-08
77200.056 1.0536350424400159e-08
77250.056 1.2465972125600998e-08
77300.056 1.9602477374395665e-08
77350.056 1.135487638750159e-08
77400.056 1.6365353393405483e-08
77450.056 2.3915220308995376e-08
77500.056 1.9963256142201344e-08
77550.056 1.6955726718682086e-08
77600.056 1.2634107951690704e-08
77650.056 1.4690656408771642e-08
77700.056 2.205813512008756e-08
77750.056 2.1342404977211145e-08
77800.056 3.241935231510204e-08
77850.056 4.0766413898996306e-08
77900.056 1.866196132158819e-08
77950.056 1.1938926425812446e-08
78000.056 2.3948423871495318e-08
78050.056 1.5435606900660387e-08
78100.056 2.164410797390999e-08
78150.056 2.7176822256009314e-08
78200.056 3.987187065099834e-08
78250.056 3.107796038799768e-08
78300.056 1.4727935457298006e-08
78350.056 2.5089377163210466e-08
78400.056 1.8392109965788785e-08
78450.056 2.4705420268306798e-08
78500.056 4.157108841388757e-08
78550.056 3.897989698899516e-08
78600.056 3.2898894555798755e-08
78650.056 1.3669703844800669e-08
78700.056 1.700125003320158e-08
78750.056 2.629157963100273e-08
78800.056 1.9909029326992175e-08
78850.056 1.4035689853092819e-08
78900.056 2.3564760965908548e-08
78950.056 2.949455097809848e-08
79000.056 2.4411148482040515e-08
79050.056 2.1631424408601563e-08
79100.056 2.6019294722002143e-08
79150.056 1.9523031935300724e-08
79200.056 2.687972201399414e-08
79250.056 1.6120802862504575e-08
79300.056 2.1762453885144327e-08
79350.056 2.508118278236104e-08
79400.056 1.345208426088619e-08
79450.056 2.981498267951091e-08
79500.056 4.991706418499592e-08
79550.056 4.286744088101332e-08
79600.056 2.3870463727888505e-08
79650.056 3.9077108065994317e-08
79700.056 2.413173168300037e-08
79750.056 2.623127370238645e-08
79800.056 1.9522599758613772e-08
79850.056 3.838607085900944e-08
79900.056 5.2331762965000826e-08
79950.056 5.964672222000532e-08
