# %ECSV 1.0
# ---
# datatype:
# - {name: wav, unit: Angstrom, datatype: float64}
# - {name: flux_nu, unit: erg / (cm2 Hz s), datatype: float64}
# meta: {C/O: '1.00', Kzz: '1.0000E+05', Teff: '750.', Y: '0.28', '[Fe/H]': '0.50', f_hole: '1.00', f_rain: '0.00', grav: '3160.'}
# schema: astropy-2.0
wav flux_nu
4000.0559999999996 nan
4050.0559999999996 4.132446528026433e-15
4100.056 5.690757219850117e-13
4150.056 4.999042514400045e-12
4200.056 4.7706355528258746e-12
4250.056 3.385789045200025e-11
4300.056 6.572861732500035e-11
4350.056 9.746851830500026e-11
4400.056 1.3551078248000043e-10
4450.056 1.851851970200009e-10
4500.056 2.2113914122000048e-10
4550.056 2.0874078756399864e-10
4600.056 4.377619258099977e-11
4650.056 2.1312755511999883e-11
4700.056 8.689178052899911e-12
4750.056 2.14165412417997e-12
4800.056 5.215116724799942e-13
4850.056 1.864022727499986e-13
4900.056 1.1108787999599955e-13
4950.056 7.77557970169997e-14
5000.056 5.060632926499975e-14
5050.056 3.6100136620999975e-14
5100.056 3.609815351100004e-14
5150.056 3.759190683300004e-14
5200.056 3.920970074400002e-14
5250.056 4.057001589900001e-14
5300.056 4.1958988065000016e-14
5350.056 4.3663032081000027e-14
5400.056 4.5594198160000025e-14
5450.056 4.754767701400005e-14
5500.056 4.9405583188000064e-14
5550.056 5.103402717700003e-14
5600.056 5.2213694598999986e-14
5650.056 5.256918350199998e-14
5700.056 5.1526487736999994e-14
5750.056 4.830769183699994e-14
5800.056 4.213823011199989e-14
5850.056 2.9833234897999694e-14
5900.056 1.038922661288231e-14
5950.056 5.659322816400104e-14
6000.056 1.1469595120300025e-13
6050.056 2.0192861856000207e-13
6100.056 3.265672329000024e-13
6150.056 5.01814842070003e-13
6200.056 7.470384237200039e-13
6250.056 1.0813303337600054e-12
6300.056 1.538644895600007e-12
6350.056 2.1547115785000103e-12
6400.056 2.979357587600015e-12
6450.056 4.054576702300007e-12
6500.056 5.472478482600021e-12
6550.056 7.310232106900022e-12
6600.056 9.664734444300074e-12
6650.056 1.2641640629000052e-11
6700.056 1.547640420610013e-11
6750.056 2.0296889278000066e-11
6800.056 2.4062308077000052e-11
6850.056 2.5488865047999997e-11
6900.056 2.3637960723000026e-11
6950.056 2.1178373121999957e-11
7000.056 2.0960234364000044e-11
7050.056 2.2407056326999906e-11
7100.056 2.4257554943999982e-11
7150.056 2.4675412623399803e-11
7200.056 2.4471794421300255e-11
7250.056 2.4222275995999306e-11
7300.056 2.2928227755400512e-11
7350.056 2.2021831017799876e-11
7400.056 2.0987744819000223e-11
7450.056 1.9909337224000223e-11
7500.056 1.8563406276999956e-11
7550.056 1.6926331897999957e-11
7600.056 1.5104733683999943e-11
7650.056 6.459870320509836e-12
7700.056 5.763908412800141e-12
7750.056 1.5502855608000196e-11
7800.056 2.3070707802200096e-11
7850.056 3.6230751083000215e-11
7900.056 5.062066885400015e-11
7950.056 5.987766450860045e-11
8000.056 9.29832586030007e-11
8050.056 1.2219242263000098e-10
8100.056 1.508835717079988e-10
8150.056 1.8296547110400048e-10
8200.056 2.4364797951200586e-10
8250.056 2.933240543740003e-10
8300.056 3.626819288540147e-10
8350.056 4.377500293799968e-10
8400.056 5.29217479119997e-10
8450.056 6.487365508099993e-10
8500.056 7.287257615399839e-10
8550.056 9.124492815800193e-10
8600.056 1.1098087305900077e-09
8650.056 1.3063621168000094e-09
8700.056 1.516329520400011e-09
8750.056 1.7653404476000107e-09
8800.056 2.0217220558000128e-09
8850.056 2.2073820646999968e-09
8900.056 1.950823796799952e-09
8950.056 1.875140409109985e-09
9000.056 2.215163767969893e-09
9050.056 3.3137889425600353e-09
9100.056 3.745663742450096e-09
9150.056 4.112956499450107e-09
9200.056 4.890117209199924e-09
9250.056 4.897590296389813e-09
9300.056 1.7859024202432428e-09
9350.056 2.487062086821183e-09
9400.056 4.581050229574408e-09
9450.056 4.516804529041335e-09
9500.056 4.344532485941256e-09
9550.056 4.752304209999005e-09
9600.056 5.0743056320547834e-09
9650.056 6.344838224941798e-09
9700.056 8.977978135640419e-09
9750.056 9.717274636650982e-09
9800.056 1.1349193049509574e-08
9850.056 1.3280727574499806e-08
9900.056 1.6198519877300267e-08
9950.056 1.7780910462900223e-08
10000.056 1.8259148610799858e-08
10050.056 2.3396633098000196e-08
10100.056 2.6819283787000193e-08
10150.056 2.985120328800007e-08
10200.056 3.2903379498000586e-08
10250.056 3.725019542200046e-08
10300.056 4.2887841300998914e-08
10350.056 4.637121226200088e-08
10400.056 5.265113872700021e-08
10450.056 5.783736013099841e-08
10500.056 6.298197266899952e-08
10550.056 6.858046169300014e-08
10600.056 7.262416845899994e-08
10650.056 7.689103624000067e-08
10700.056 7.926426802600057e-08
10750.056 8.269742753200051e-08
10800.056 8.426968437400061e-08
10850.056 8.271137143300045e-08
10900.056 6.955227112099874e-08
10950.056 4.338180304159995e-08
11000.056 3.007783710859682e-08
11050.056 1.8699555356198913e-08
11100.056 1.1815750790089474e-08
11150.056 7.1323623556477935e-09
11200.056 7.623191963842794e-09
11250.056 1.055793828575938e-08
11300.056 1.1357220979198426e-08
11350.056 4.916306288650604e-09
11400.056 1.3595096058620763e-08
11450.056 9.201097433765033e-09
11500.056 9.434111405149101e-09
11550.056 4.604906881184221e-09
11600.056 4.239397877685197e-09
11650.056 7.4930341454978e-09
11700.056 8.52371366029203e-09
11750.056 4.470077994910838e-09
11800.056 1.2355229015046434e-08
11850.056 1.9356401266739556e-08
11900.056 2.481001212595878e-08
11950.056 3.566846021730283e-08
12000.056 4.717962053560053e-08
12050.056 6.195896644100235e-08
12100.056 7.749918204699774e-08
12150.056 9.688165666399747e-08
12200.056 1.1385391660899818e-07
12250.056 1.360319408829969e-07
12300.056 1.6229051602500367e-07
12350.056 1.7074883654999935e-07
12400.056 1.9795362800999742e-07
12450.056 2.17154784710003e-07
12500.056 2.3066888919000554e-07
12550.056 2.5595464035000016e-07
12600.056 2.7902815872000153e-07
12650.056 2.7689588330999997e-07
12700.056 2.7219729975000253e-07
12750.056 2.449670766260029e-07
12800.056 2.2862642090399945e-07
12850.056 1.7936452674499962e-07
12900.056 1.513618317350023e-07
12950.056 1.342182763490014e-07
13000.056 1.3342809555700569e-07
13050.056 1.0918858089319928e-07
13100.056 1.0527022076697295e-07
13150.056 7.955312748947699e-08
13200.056 7.236081577777863e-08
13250.056 5.002396506525543e-08
13300.056 2.3508989370759095e-08
13350.056 7.305375148302428e-09
13400.056 2.5797977540609814e-09
13450.056 1.2908757872146352e-09
13500.056 6.823647002878122e-10
13550.056 3.858412565937768e-10
13600.056 2.1304230004075556e-10
13650.056 6.921191108350331e-10
13700.056 4.731291016708319e-10
13750.056 8.791799980664642e-10
13800.056 1.0470202831294532e-09
13850.056 6.112560941626526e-10
13900.056 6.636788470224882e-10
13950.056 6.624497912491565e-10
14000.056 6.965301605659505e-10
14050.056 9.505693760114113e-10
14100.056 7.559620451849347e-10
14150.056 1.1896166238735682e-09
14200.056 8.75053451908484e-10
14250.056 9.854519737724943e-10
14300.056 2.17206192287725e-09
14350.056 2.0037102171555484e-09
14400.056 2.0633470592329555e-09
14450.056 2.928110482198941e-09
14500.056 5.452459446532113e-09
14550.056 5.669379525034612e-09
14600.056 9.019324194410585e-09
14650.056 7.745531811377313e-09
14700.056 5.082198422530989e-09
14750.056 6.221041830469935e-09
14800.056 8.216009937148756e-09
14850.056 8.674664239561668e-09
14900.056 9.239929290857081e-09
14950.056 1.0981836997310002e-08
15000.056 1.5641958086355252e-08
15050.056 1.721352146062272e-08
15100.056 1.766677978172032e-08
15150.056 1.839597096160932e-08
15200.056 2.2520177169888163e-08
15250.056 3.460595815899261e-08
15300.056 4.0184441266267165e-08
15350.056 5.079492508519902e-08
15400.056 6.026238405020893e-08
15450.056 7.070755119230753e-08
15500.056 7.869559563899344e-08
15550.056 9.63881408350061e-08
15600.056 1.1221114601799722e-07
15650.056 1.2465735438700413e-07
15700.056 1.4667581644100098e-07
15750.056 1.5690952083500196e-07
15800.056 1.6213337530999884e-07
15850.056 1.7134280128000185e-07
15900.056 1.590519027100004e-07
15950.056 1.4644138008699606e-07
16000.056 1.1912352012100107e-07
16050.056 8.150099157199714e-08
16100.056 5.7078838079897394e-08
16150.056 3.6960538550618235e-08
16200.056 2.326586196952033e-08
16250.056 1.9059275685959035e-08
16300.056 1.5189460211663246e-08
16350.056 1.771493967572822e-08
16400.056 2.1078041475611976e-08
16450.056 2.2174303052727475e-08
16500.056 2.4652966626020136e-08
16550.056 2.400287085240422e-08
16600.056 2.74260191072568e-08
16650.056 1.908225358841742e-08
16700.056 5.613293851147969e-09
16750.056 1.1835741285269923e-08
16800.056 1.8730953231718964e-08
16850.056 1.963385630755276e-08
16900.056 1.4970327079183395e-08
16950.056 1.185007205631178e-08
17000.056 8.715366895060076e-09
17050.056 1.3901576187182332e-08
17100.056 1.8190884705720346e-08
17150.056 1.38264193702071e-08
17200.056 2.407386255283923e-08
17250.056 1.826734017643213e-08
17300.056 1.4584916968508908e-08
17350.056 1.3380107621869258e-08
17400.056 1.573322404054657e-08
17450.056 1.7565708886383067e-08
17500.056 1.9995233075504487e-08
17550.056 1.6758867397677868e-08
17600.056 1.4671586455301434e-08
17650.056 1.3402016178205113e-08
17700.056 1.0417650645954072e-08
17750.056 8.675219778364802e-09
17800.056 1.2350066988651232e-08
17850.056 7.558251395341059e-09
17900.056 7.415500358533914e-09
17950.056 5.277111581841175e-09
18000.056 7.210683013681176e-09
18050.056 4.890317524376447e-09
18100.056 5.707672204833856e-09
18150.056 6.5155681084157925e-09
18200.056 4.03902606902697e-09
18250.056 1.049284263974981e-08
18300.056 4.2607830213024075e-09
18350.056 3.8199568531654125e-09
18400.056 3.1969953163764822e-09
18450.056 6.419166147200847e-09
18500.056 6.282974072245939e-09
18550.056 4.359140394103637e-09
18600.056 4.130332552754874e-09
18650.056 3.2812914789620777e-09
18700.056 2.2068209477024698e-09
18750.056 3.934480887847503e-09
18800.056 1.04016267319284e-08
18850.056 1.0789556422886096e-08
18900.056 9.122577610099603e-09
18950.056 1.7819632769341595e-08
19000.056 8.05795363061197e-09
19050.056 5.122996958033429e-09
19100.056 1.0192779796888431e-08
19150.056 5.4802330529986306e-09
19200.056 8.580157202649612e-09
19250.056 5.40163458581568e-09
19300.056 4.290306404321456e-09
19350.056 3.974509106890888e-09
19400.056 2.960438257232385e-09
19450.056 5.3711245184148525e-09
19500.056 5.160026844712974e-09
19550.056 4.5339427053866665e-09
19600.056 6.433714024104396e-09
19650.056 7.463356179486448e-09
19700.056 7.602186362207227e-09
19750.056 1.0786982421012103e-08
19800.056 9.56294942880697e-09
19850.056 1.3709209668359246e-08
19900.056 1.231756696420855e-08
19950.056 1.9579680170914018e-08
20000.056 2.0158289294548462e-08
20050.056 2.165428438648118e-08
20100.056 2.953584413683936e-08
20150.056 2.3373557454246643e-08
20200.056 2.3992030117150467e-08
20250.056 3.452152499232711e-08
20300.056 3.624923111995191e-08
20350.056 4.067328915992481e-08
20400.056 3.886662769616008e-08
20450.056 5.488734862610701e-08
20500.056 6.214870214178315e-08
20550.056 6.39745753080082e-08
20600.056 7.359644280700735e-08
20650.056 7.956930862700049e-08
20700.056 8.351457383600203e-08
20750.056 8.885147512499654e-08
20800.056 9.246132102998901e-08
20850.056 9.53165608050012e-08
20900.056 1.0066115680199175e-07
20950.056 9.752830150400474e-08
21000.056 9.548006724200246e-08
21050.056 9.515076117599562e-08
21100.056 9.130647538000152e-08
21150.056 9.129679914798908e-08
21200.056 8.504436890600444e-08
21250.056 8.021051100849041e-08
21300.056 6.9705920732e-08
21350.056 6.823026188539673e-08
21400.056 6.481897281900833e-08
21450.056 5.71216774104603e-08
21500.056 5.17599402438429e-08
21550.056 4.71804810987998e-08
21600.056 4.16101969108256e-08
21650.056 3.450153825984745e-08
21700.056 3.398421902879999e-08
21750.056 2.8973723643987026e-08
21800.056 2.2971691959390445e-08
21850.056 1.9857650247383767e-08
21900.056 1.4593821691805417e-08
21950.056 8.412368415527705e-09
22000.056 2.8524866481881127e-09
22050.056 2.6643074945547882e-09
22100.056 6.285034222031178e-09
22150.056 6.348674733930922e-09
22200.056 7.052219793035087e-09
22250.056 6.110126193299744e-09
22300.056 4.141011476953326e-09
22350.056 4.5041552120565446e-09
22400.056 2.659864587943569e-09
22450.056 2.875652586050811e-09
22500.056 2.7054280215578844e-09
22550.056 2.0342302978689544e-09
22600.056 1.9575516058471605e-09
22650.056 2.6303859352495896e-09
22700.056 2.1766344070456837e-09
22750.056 2.302401640210251e-09
22800.056 2.390868470332978e-09
22850.056 1.9564501357238878e-09
22900.056 1.7328597722161051e-09
22950.056 1.5903847308182417e-09
23000.056 2.0280197434554273e-09
23050.056 2.6129966824099114e-09
23100.056 6.620280393153044e-09
23150.056 6.2112755472668376e-09
23200.056 8.493812870873386e-10
23250.056 1.8528016406543095e-09
23300.056 1.6225201202747398e-09
23350.056 1.8047618455369131e-09
23400.056 1.7247339562722348e-09
23450.056 1.478818458530205e-09
23500.056 1.6607340016767602e-09
23550.056 2.354462152405568e-09
23600.056 3.2491106181110926e-09
23650.056 4.2479398777816e-09
23700.056 1.60035944875329e-09
23750.056 1.5016150998732266e-09
23800.056 2.9394644524137853e-09
23850.056 2.70686746094299e-09
23900.056 4.771452454456084e-09
23950.056 3.938596179391959e-09
24000.056 5.7330576719781195e-09
24050.056 6.22957836323629e-09
24100.056 5.869716552375811e-09
24150.056 7.689118656437178e-09
24200.056 6.675377173517123e-09
24250.056 5.7668001719601535e-09
24300.056 8.25994989868832e-09
24350.056 6.677683312870136e-09
24400.056 1.046727550267893e-08
24450.056 9.915046961583757e-09
24500.056 9.540161950315104e-09
24550.056 1.260576499807672e-08
24600.056 1.258940936715843e-08
24650.056 1.6651924353996484e-08
24700.056 1.0421008435227968e-08
24750.056 1.1903084372697188e-08
24800.056 1.109573574870591e-08
24850.056 1.7581355395215615e-08
24900.056 7.718012441732723e-09
24950.056 1.5403828390864728e-08
25000.056 1.2945840078614659e-08
25050.056 7.96990278256378e-09
25100.056 1.2441768178169572e-08
25150.056 7.255176759337053e-09
25200.056 9.691857252537008e-09
25250.056 4.933714157176207e-09
25300.056 7.54069521901945e-09
25350.056 3.959066694501495e-09
25400.056 8.436084406170131e-09
25450.056 3.804530148874184e-09
25500.056 3.7314047267537586e-09
25550.056 5.304368837837719e-09
25600.056 4.277261914724281e-09
25650.056 2.379893261939627e-09
25700.056 4.4369726917288315e-09
25750.056 1.6716531502234243e-09
25800.056 5.595873207285192e-09
25850.056 1.901568687672386e-09
25900.056 2.8732727359331505e-09
25950.056 1.21518503683434e-09
26000.056 5.506580490214171e-09
26050.056 1.9243288964498655e-09
26100.056 5.100624375073676e-09
26150.056 3.2884701775458117e-09
26200.056 3.645947902061675e-09
26250.056 9.869695570431682e-09
26300.056 4.557625643754903e-09
26350.056 1.2378980840045498e-08
26400.056 1.219011588643858e-08
26450.056 1.0891204771994787e-08
26500.056 1.494707191161067e-08
26550.056 5.136724831942068e-09
26600.056 6.857508817673752e-09
26650.056 2.2229284316643822e-09
26700.056 1.8600919824113966e-09
26750.056 1.4395510706206903e-09
26800.056 2.8238159994760624e-09
26850.056 1.5799528977319994e-09
26900.056 4.772647505954097e-09
26950.056 2.2141322334929603e-09
27000.056 7.239872765576202e-09
27050.056 6.460774256286725e-09
27100.056 2.9354339876575923e-09
27150.056 9.233295486243451e-09
27200.056 3.0405874365299818e-09
27250.056 5.273941808426262e-09
27300.056 1.6334472813133214e-08
27350.056 9.288251776008613e-09
27400.056 1.5473446118468482e-09
27450.056 1.0840325675719841e-08
27500.056 1.2246759176189993e-08
27550.056 3.547303011513217e-09
27600.056 7.440202022102624e-09
27650.056 3.1026747466023634e-09
27700.056 2.4583833972191526e-09
27750.056 8.769747105044323e-09
27800.056 3.5426307589653868e-09
27850.056 4.565577276861379e-09
27900.056 4.966697793127811e-09
27950.056 9.933837394601847e-09
28000.056 7.597624513831359e-09
28050.056 2.040669564968071e-09
28100.056 8.950592602193914e-09
28150.056 5.954011079787834e-09
28200.056 2.7154299878807006e-09
28250.056 1.0471295791378978e-08
28300.056 1.1164707564814806e-08
28350.056 3.4465544221526003e-09
28400.056 7.938389122566946e-09
28450.056 1.1948370885186555e-08
28500.056 8.23687712232437e-09
28550.056 2.723434746692197e-09
28600.056 1.2763136905389648e-08
28650.056 9.625140325019155e-09
28700.056 9.886238504591847e-09
28750.056 1.525206739409175e-08
28800.056 1.0597218674114568e-08
28850.056 1.3771139048067531e-08
28900.056 7.229823781583146e-09
28950.056 1.4392855667240985e-08
29000.056 1.2232582939774284e-08
29050.056 1.4815769636027113e-08
29100.056 9.951849850128069e-09
29150.056 1.8376769693623325e-08
29200.056 1.3412744289926525e-08
29250.056 1.9906970136856372e-08
29300.056 1.0104193448575741e-08
29350.056 3.315633639185854e-08
29400.056 1.391536449468376e-08
29450.056 1.537244357477947e-08
29500.056 2.2016808396418235e-08
29550.056 1.5431170247340035e-08
29600.056 1.9399982927875948e-08
29650.056 2.595285898501528e-08
29700.056 1.478672879332415e-08
29750.056 2.4553769175820937e-08
29800.056 2.378495106626939e-08
29850.056 2.8316088405012518e-08
29900.056 2.582042146898234e-08
29950.056 2.327342311725712e-08
30000.056 3.085827608498861e-09
30050.056 6.759687388633916e-09
30100.056 1.150030294373905e-08
30150.056 2.4272365801068765e-08
30200.056 2.071455652636049e-08
30250.056 3.8564414374390945e-08
30300.056 3.4944277330541575e-08
30350.056 2.321261096815013e-08
30400.056 4.0294137384113544e-08
30450.056 2.5464115895911866e-08
30500.056 2.4962134397654012e-08
30550.056 2.32294933760485e-08
30600.056 4.1327955343704086e-08
30650.056 2.620440481126094e-08
30700.056 2.2959161693133594e-08
30750.056 3.005307588565556e-08
30800.056 2.4839580652624676e-08
30850.056 2.4405199772634675e-08
30900.056 1.7841571903084142e-08
30950.056 1.714914458208295e-08
31000.056 1.764962982245329e-08
31050.056 1.8849527293698412e-08
31100.056 1.1859485010316743e-08
31150.056 1.8147889856808732e-08
31200.056 2.443718062660464e-08
31250.056 1.4890538927019166e-08
31300.056 1.2692107043682316e-08
31350.056 1.5518872253760533e-08
31400.056 1.1471884577793656e-08
31450.056 1.3773560946296924e-08
31500.056 7.650994328275962e-09
31550.056 1.0385522478457728e-08
31600.056 7.648932662377587e-09
31650.056 6.741509567579033e-09
31700.056 7.641415342160857e-09
31750.056 4.75353844935475e-09
31800.056 8.228803597799862e-09
31850.056 3.797507047697031e-09
31900.056 6.2745043432804636e-09
31950.056 3.5935617751861408e-09
32000.056 4.962961560918237e-09
32050.056 5.134132946985011e-09
32100.056 4.408579008810334e-09
32150.056 5.823878630209717e-09
32200.056 3.812930696690194e-09
32250.056 7.207219884022554e-09
32300.056 3.4229924719391265e-09
32350.056 7.597758814660433e-09
32400.056 3.37192712648727e-09
32450.056 6.6935778502188584e-09
32500.056 4.734445630453766e-09
32550.056 6.003481658719684e-09
32600.056 6.25305028818611e-09
32650.056 9.501694505406489e-09
32700.056 7.603835952344438e-09
32750.056 1.2416172529362538e-08
32800.056 1.1921176808782807e-08
32850.056 1.5092156694099518e-08
32900.056 1.5460436679871625e-08
32950.056 1.627937339965076e-08
33000.056 1.1809966855720829e-08
33050.056 1.2802026454742546e-08
33100.056 5.148804927828634e-09
33150.056 1.9130833455832475e-10
33200.056 4.3938467216412054e-10
33250.056 3.9008755977589716e-10
33300.056 8.642832768072274e-10
33350.056 2.082762724321949e-09
33400.056 3.966674108919137e-09
33450.056 4.912081840055157e-09
33500.056 1.0396485556804596e-08
33550.056 6.037878629600992e-09
33600.056 1.1002834950509196e-08
33650.056 1.1023372917280721e-08
33700.056 7.067968102358247e-09
33750.056 1.4001038562141091e-08
33800.056 5.406237294599907e-09
33850.056 9.682963460623096e-09
33900.056 8.322200853421046e-09
33950.056 8.310152734102e-09
34000.056 1.2119311706623461e-08
34050.056 4.652056019830104e-09
34100.056 1.1062050696582958e-08
34150.056 6.4228173002045646e-09
34200.056 1.027428269304513e-08
34250.056 9.135748030606853e-09
34300.056 7.041439438772154e-09
34350.056 9.85616510984119e-09
34400.056 5.8110271889104175e-09
34450.056 1.1280272281635563e-08
34500.056 8.686798295583139e-09
34550.056 5.1552585546720685e-09
34600.056 1.415707464960032e-08
34650.056 5.870371676950263e-09
34700.056 1.1372083399601161e-08
34750.056 9.545137703026127e-09
34800.056 7.16015210589701e-09
34850.056 1.4254349324801247e-08
34900.056 9.100622177654965e-09
34950.056 1.2812073801397568e-08
35000.056 2.1133385633960964e-08
35050.056 1.0503472492295375e-08
35100.056 1.9665984124211863e-08
35150.056 1.853563506701334e-08
35200.056 1.6354884764869662e-08
35250.056 2.547061151483532e-08
35300.056 1.3761934032489876e-08
35350.056 1.79419123403177e-08
35400.056 1.9295922180735567e-08
35450.056 1.3006100170362112e-08
35500.056 3.059399851243399e-08
35550.056 2.292276219828991e-08
35600.056 2.3312968718210997e-08
35650.056 2.6511883239232252e-08
35700.056 2.171708048712502e-08
35750.056 3.313081296501912e-08
35800.056 3.569046408284229e-08
35850.056 2.053747684970911e-08
35900.056 3.0448113368007945e-08
35950.056 3.2497326885195555e-08
36000.056 3.132962364700452e-08
36050.056 2.9495385415891537e-08
36100.056 2.7150700829487606e-08
36150.056 3.72499601731934e-08
36200.056 4.224755800309159e-08
36250.056 3.3626063303613934e-08
36300.056 5.048259979350454e-08
36350.056 4.313221124524487e-08
36400.056 4.914315139205122e-08
36450.056 4.8339630562962326e-08
36500.056 5.248457061606998e-08
36550.056 6.410494198201441e-08
36600.056 7.262692382098854e-08
36650.056 6.01931981482034e-08
36700.056 6.170049731714915e-08
36750.056 7.479635900601573e-08
36800.056 7.734417250499625e-08
36850.056 6.349992473232962e-08
36900.056 7.441228843489774e-08
36950.056 8.340341697498431e-08
37000.056 7.107745255699265e-08
37050.056 8.513288068850264e-08
37100.056 7.383532833990114e-08
37150.056 7.575501857360503e-08
37200.056 9.719485600699165e-08
37250.056 7.5473528757783e-08
37300.056 6.768146872577718e-08
37350.056 8.824709579901297e-08
37400.056 1.1660709757699763e-07
37450.056 7.532328992685698e-08
37500.056 8.232039246425449e-08
37550.056 1.1851023160704037e-07
37600.056 1.3932918294901475e-07
37650.056 7.909105460281246e-08
37700.056 1.1936414022660991e-07
37750.056 8.984523685701171e-08
37800.056 1.0186584345102889e-07
37850.056 7.131374561950187e-08
37900.056 8.23475461540151e-08
37950.056 1.076610845826911e-07
38000.056 1.1397025541889488e-07
38050.056 1.2024074313702539e-07
38100.056 1.3807772617000736e-07
38150.056 1.4246201418999528e-07
38200.056 1.379013322420085e-07
38250.056 1.317955840120109e-07
38300.056 1.785160393299666e-07
38350.056 1.7651895882202954e-07
38400.056 1.1559945508795721e-07
38450.056 1.0471029061956293e-07
38500.056 8.061427824401902e-08
38550.056 1.3381671440902727e-07
38600.056 1.2925001916397876e-07
38650.056 1.4300592940698468e-07
38700.056 1.5157943003399822e-07
38750.056 1.4714714240400147e-07
38800.056 1.3515299554198046e-07
38850.056 1.5087467183101246e-07
38900.056 1.7721230847297713e-07
38950.056 1.3709619191599787e-07
39000.056 1.6234927050197885e-07
39050.056 1.505167786250361e-07
39100.056 1.5751233008729209e-07
39150.056 1.8094073060799533e-07
39200.056 1.5709657021199027e-07
39250.056 1.9028334171600034e-07
39300.056 1.6928795038898186e-07
39350.056 2.1155475593800794e-07
39400.056 1.741012486360206e-07
39450.056 1.937247564989994e-07
39500.056 2.0444289663801022e-07
39550.056 1.6735388803794816e-07
39600.056 2.0183640362098613e-07
39650.056 2.373334047499878e-07
39700.056 2.1518812013001868e-07
39750.056 1.5959228621604226e-07
39800.056 1.8179599433999482e-07
39850.056 2.556297678400074e-07
39900.056 2.53695751890004e-07
39950.056 2.0999639510198713e-07
40000.056 2.603434999800078e-07
40050.056 2.4272237342800217e-07
40100.056 1.710908832541779e-07
40150.056 2.4988265706001336e-07
40200.056 2.5973738238996174e-07
40250.056 2.645369029199498e-07
40300.056 2.6315858510002457e-07
40350.056 2.2075565377697057e-07
40400.056 2.7964728010160465e-07
40450.056 2.1377664290799004e-07
40500.056 2.81771324909987e-07
40550.056 2.948409832639575e-07
40600.056 2.74253281120012e-07
40650.056 2.485809633644637e-07
40700.056 3.5833618801998506e-07
40750.056 2.6839744092996094e-07
40800.056 2.1471639490993184e-07
40850.056 3.5170889343003526e-07
40900.056 3.359236684859913e-07
40950.056 2.780232698400141e-07
41000.056 2.836632090599904e-07
41050.056 3.582049410199643e-07
41100.056 3.115118271299772e-07
41150.056 2.0972136205098735e-07
41200.056 3.478009154100138e-07
41250.056 3.097525262959745e-07
41300.056 2.83889764169986e-07
41350.056 3.6523481544000153e-07
41400.056 3.1924927279002187e-07
41450.056 3.5487410774998713e-07
41500.056 2.7110119389596813e-07
41550.056 2.524532251290547e-07
41600.056 2.991958282273292e-07
41650.056 3.34627627300014e-07
41700.056 3.118624409299571e-07
41750.056 3.008616377599816e-07
41800.056 3.6889312433002544e-07
41850.056 2.466952766429833e-07
41900.056 2.80802912330945e-07
41950.056 3.243585949400242e-07
42000.056 3.0232577355492337e-07
42050.056 2.548254124040169e-07
42100.056 3.675599862799697e-07
42150.056 2.6049425416301207e-07
42200.056 2.5803250286298307e-07
42250.056 2.743322549449999e-07
42300.056 2.5236836400599373e-07
42350.056 3.094227753060317e-07
42400.056 3.2212770873002025e-07
42450.056 2.6540154504403896e-07
42500.056 2.7148909889299154e-07
42550.056 2.472317049899925e-07
42600.056 2.8405807734105684e-07
42650.056 3.7520888381994564e-07
42700.056 2.6506869492993773e-07
42750.056 2.4261320779803396e-07
42800.056 2.9676224299801704e-07
42850.056 3.3428644511993603e-07
42900.056 3.590036476940382e-07
42950.056 2.6968459337796193e-07
43000.056 3.1746992368600175e-07
43050.056 1.8945342867605129e-07
43100.056 2.851023773699777e-07
43150.056 2.444185151250161e-07
43200.056 2.900550169600128e-07
43250.056 4.072001165700254e-07
43300.056 3.803475263700108e-07
43350.056 2.1074194051495388e-07
43400.056 2.9370531756401315e-07
43450.056 2.3131465044903213e-07
43500.056 2.5845381151601644e-07
43550.056 2.5750681620401193e-07
43600.056 3.425766931360271e-07
43650.056 2.1741188655400124e-07
43700.056 3.8057172807003866e-07
43750.056 3.288666619510069e-07
43800.056 3.02752895717971e-07
43850.056 2.7486300067603933e-07
43900.056 2.7346945198598044e-07
43950.056 1.9676921952497737e-07
44000.056 1.7511508191300312e-07
44050.056 3.2881853468001275e-07
44100.056 4.249553324700155e-07
44150.056 4.224883229179816e-07
44200.056 3.555803276100056e-07
44250.056 2.3016389211799608e-07
44300.056 1.8789597965002995e-07
44350.056 2.232119775813356e-07
44400.056 2.106755843669883e-07
44450.056 3.0826959930100874e-07
44500.056 2.814677303840485e-07
44550.056 3.792250490999794e-07
44600.056 3.357955132070136e-07
44650.056 3.1983887647099774e-07
44700.056 2.2685419762397908e-07
44750.056 2.8860464633505097e-07
44800.056 2.492367218250247e-07
44850.056 3.4254516658002635e-07
44900.056 2.608527476520024e-07
44950.056 2.8773605434601734e-07
45000.056 3.1979125676000755e-07
45050.056 3.1071120947997985e-07
45100.056 3.060450729130164e-07
45150.056 2.9590374643898333e-07
45200.056 2.259774055720166e-07
45250.056 2.553356082419543e-07
45300.056 2.3604127212002893e-07
45350.056 2.2163289452200681e-07
45400.056 3.6822676364003447e-07
45450.056 3.403654920600169e-07
45500.056 3.5884042336001934e-07
45550.056 4.033872915399405e-07
45600.056 3.840970905300316e-07
45650.056 3.2441140708998174e-07
45700.056 2.3724316101999596e-07
45750.056 2.1733235891900516e-07
45800.056 4.031039237400162e-07
45850.056 3.7670664898199246e-07
45900.056 4.0587327210000656e-07
45950.056 3.1946389983299034e-07
46000.056 3.891207329200379e-07
46050.056 3.1293926168800406e-07
46100.056 4.1652131555997674e-07
46150.056 2.827369535279967e-07
46200.056 2.6129413885598975e-07
46250.056 1.4401984977898404e-07
46300.056 3.006653938760009e-07
46350.056 3.0893046083002535e-07
46400.056 2.992783556790148e-07
46450.056 2.6108275631999856e-07
46500.056 2.858825410260547e-07
46550.056 1.965590441010088e-07
46600.056 2.570853918129682e-07
46650.056 3.7569742819202184e-07
46700.056 2.6179605531795437e-07
46750.056 1.670502565240214e-07
46800.056 1.2898369059780298e-07
46850.056 3.645724911400441e-07
46900.056 3.578015513799837e-07
46950.056 3.367464021999725e-07
47000.056 3.1936521348403855e-07
47050.056 2.6498521004292073e-07
47100.056 1.9103740958501299e-07
47150.056 2.711120074840363e-07
47200.056 3.1881208941998873e-07
47250.056 2.015487925449779e-07
47300.056 1.4462876501881783e-07
47350.056 3.5479780113000245e-07
47400.056 3.2199222778997873e-07
47450.056 2.8317806086403833e-07
47500.056 3.5887431972997753e-07
47550.056 3.068571641220118e-07
47600.056 3.158094971639743e-07
47650.056 2.9886518231837265e-07
47700.056 2.5802216083536113e-07
47750.056 1.9831455625200333e-07
47800.056 1.8557334984001823e-07
47850.056 1.200486676072113e-07
47900.056 1.6141927168338782e-07
47950.056 2.877946748700094e-07
48000.056 3.653773496000112e-07
48050.056 3.1963548481998025e-07
48100.056 1.6229814495320594e-07
48150.056 2.4141121151800733e-07
48200.056 2.0132721927399598e-07
48250.056 2.3687385988000137e-07
48300.056 3.491905575399839e-07
48350.056 2.2294211545198894e-07
48400.056 9.769061209288208e-08
48450.056 1.7929159042533554e-07
48500.056 2.4578376378995554e-07
48550.056 2.5007539896701814e-07
48600.056 2.6802233657000954e-07
48650.056 3.248109882499915e-07
48700.056 2.4478936302401664e-07
48750.056 1.533459771430499e-07
48800.056 2.9702264807001603e-07
48850.056 1.8777194042796852e-07
48900.056 2.74856303337783e-07
48950.056 1.7667664246600215e-07
49000.056 1.0542293672740448e-07
49050.056 2.46117144652971e-07
49100.056 2.7639994108603797e-07
49150.056 2.1116665027289922e-07
49200.056 2.991304271200365e-07
49250.056 2.893959757600215e-07
49300.056 2.476963082759915e-07
49350.056 1.353353812035257e-07
49400.056 1.9037242685896202e-07
49450.056 1.9150679655004707e-07
49500.056 1.6095138829398513e-07
49550.056 6.919556757170052e-08
49600.056 1.3165777486601996e-07
49650.056 1.878308846989893e-07
49700.056 1.9782380031895288e-07
49750.056 2.3529112152698473e-07
49800.056 1.7401793596139605e-07
49850.056 2.7148331618003114e-07
49900.056 2.327711702699924e-07
49950.056 2.0776950802899571e-07
50000.056 1.9322622942498626e-07
50050.056 2.3277153812499488e-07
50100.056 1.8837433862099177e-07
50150.056 1.1512889543998673e-07
50200.056 4.623610631101194e-08
50250.056 1.5094656516899341e-07
50300.056 1.1207492478531178e-07
50350.056 2.2046312609002522e-07
50400.056 2.109529481439897e-07
50450.056 1.539109071684e-07
50500.056 2.3078952276701576e-07
50550.056 2.1738075473000803e-07
50600.056 1.5877676673496114e-07
50650.056 2.358610006660393e-07
50700.056 2.535631714699807e-07
50750.056 1.7569566759601473e-07
50800.056 9.385699760898487e-08
50850.056 7.677401988182363e-08
50900.056 2.2585127477799906e-07
50950.056 1.8402778896500194e-07
51000.056 1.7787025626931414e-07
51050.056 1.996337539759795e-07
51100.056 9.50381591508885e-08
51150.056 1.236667466528135e-07
51200.056 2.6407574831998507e-07
51250.056 1.7642752642797861e-07
51300.056 1.2703381017003003e-07
51350.056 1.479294735333815e-07
51400.056 8.065333520060903e-08
51450.056 6.554105589678412e-08
51500.056 6.267822776861925e-08
51550.056 1.54106319411614e-07
51600.056 1.1573320989821271e-07
51650.056 1.3306619365098484e-07
51700.056 1.5351489793058277e-07
51750.056 1.0822017036301022e-07
51800.056 1.7215932341996807e-07
51850.056 1.4451035718899347e-07
51900.056 2.0994675618601106e-07
51950.056 1.4891132575398634e-07
52000.056 3.882756651969009e-08
52050.056 9.596825807301032e-08
52100.056 7.139821721499492e-08
52150.056 5.424628765080697e-08
52200.056 8.268487497449848e-08
52250.056 1.152650290840162e-07
52300.056 1.768061054799956e-07
52350.056 8.933826481447944e-08
52400.056 7.921615501680397e-08
52450.056 1.6150471975701614e-07
52500.056 1.5290707009096342e-07
52550.056 1.454433261069881e-07
52600.056 1.1613803032900454e-07
52650.056 1.2655631292001617e-07
52700.056 9.874872982799963e-08
52750.056 6.234144788559307e-08
52800.056 8.433234850101121e-08
52850.056 9.667298598097324e-08
52900.056 7.283283851482157e-08
52950.056 9.030117115300539e-08
53000.056 1.2875948615600527e-07
53050.056 6.604665138208435e-08
53100.056 1.2986280049199402e-07
53150.056 1.594866892980149e-07
53200.056 6.786342576489331e-08
53250.056 1.367528161370117e-07
53300.056 1.549547197863632e-07
53350.056 1.3834265787999773e-07
53400.056 1.1530413832599561e-07
53450.056 5.7259774095488776e-08
53500.056 2.549900065285135e-08
53550.056 4.594321911599859e-08
53600.056 9.950115563731158e-08
53650.056 7.661626302259176e-08
53700.056 7.099045014829453e-08
53750.056 7.072479643799213e-08
53800.056 7.550040977900602e-08
53850.056 1.0895791608496757e-07
53900.056 1.0094579298100526e-07
53950.056 1.2511837652100643e-07
54000.056 8.842412640091988e-08
54050.056 1.0671229259599375e-07
54100.056 3.81271207533964e-08
54150.056 5.7713867793814155e-08
54200.056 2.0934923555594547e-08
54250.056 3.948442445600391e-08
54300.056 5.3255444391194476e-08
54350.056 7.83205110449963e-08
54400.056 7.99371130179826e-08
54450.056 7.658264075421794e-08
54500.056 7.420085613540704e-08
54550.056 6.137946983159936e-08
54600.056 6.826218606579668e-08
54650.056 2.3191986770195686e-08
54700.056 7.708586881959071e-08
54750.056 7.451864601598986e-08
54800.056 4.665378375770893e-08
54850.056 5.5258128706303e-08
54900.056 7.278145687079463e-08
54950.056 1.1006435080528579e-07
55000.056 5.3210630013495684e-08
55050.056 6.329396478480122e-08
55100.056 7.949855166701874e-08
55150.056 4.898820682279846e-08
55200.056 5.223718918933638e-08
55250.056 6.133322694271425e-08
55300.056 4.6104311611930175e-08
55350.056 7.579969110030527e-08
55400.056 6.900974358860244e-08
55450.056 5.516538298468655e-08
55500.056 2.5801197071703867e-08
55550.056 3.6923395264198857e-08
55600.056 5.361463512299975e-08
55650.056 3.9745736328215367e-08
55700.056 5.050194308081025e-08
55750.056 4.385682359579269e-08
55800.056 2.7809459989201457e-08
55850.056 2.4839446287595815e-08
55900.056 5.302573750129011e-08
55950.056 8.42461323094303e-08
56000.056 4.0537705742988056e-08
56050.056 4.3343113917806196e-08
56100.056 5.889535372869989e-08
56150.056 4.351446799690398e-08
56200.056 3.575213104097969e-08
56250.056 6.818119386101315e-08
56300.056 5.9068896165886934e-08
56350.056 4.4402093774808456e-08
56400.056 2.4548284073708013e-08
56450.056 2.7433271993207926e-08
56500.056 4.75314426931075e-08
56550.056 2.2128252004281142e-08
56600.056 5.230481075499252e-08
56650.056 6.03716460356055e-08
56700.056 5.844947127299841e-08
56750.056 2.887559677700041e-08
56800.056 3.594255616960183e-08
56850.056 4.242666854455247e-08
56900.056 2.8731105167192225e-08
56950.056 5.8968823984394384e-08
57000.056 6.500405785890913e-08
57050.056 4.566404329298399e-08
57100.056 1.6026240752659558e-08
57150.056 3.4326074471192705e-08
57200.056 2.4824817468599842e-08
57250.056 3.260746199822699e-08
57300.056 4.0263924513205105e-08
57350.056 2.4569639332500926e-08
57400.056 6.165182302240216e-08
57450.056 3.713734903559002e-08
57500.056 3.40281807975189e-08
57550.056 4.510398397198201e-08
57600.056 3.521790494927583e-08
57650.056 1.521108092498061e-08
57700.056 2.682905888739871e-08
57750.056 4.060040680816189e-08
57800.056 2.507847179026817e-08
57850.056 6.352004678551764e-08
57900.056 7.430500051000885e-08
57950.056 7.452681399200461e-08
58000.056 3.5165594968327895e-08
58050.056 5.5120914192992824e-08
58100.056 4.859922642070996e-08
58150.056 4.4021081658478434e-08
58200.056 1.6384378616550565e-08
58250.056 2.476765522749384e-08
58300.056 1.8918949414803832e-08
58350.056 2.8097586186317872e-08
58400.056 4.2199354012602474e-08
58450.056 5.492970781600459e-08
58500.056 5.8372726332005795e-08
58550.056 4.9223786208397577e-08
58600.056 2.7315616235459616e-08
58650.056 3.890974333730406e-08
58700.056 3.5360862372993e-08
58750.056 4.653136127700094e-08
58800.056 9.119332481436096e-09
58850.056 2.8482633600302957e-08
58900.056 3.011535651870272e-08
58950.056 2.1256048590411767e-08
59000.056 3.7877469516303655e-08
59050.056 3.591414274558593e-08
59100.056 4.447373856258146e-08
59150.056 4.018666506599364e-08
59200.056 4.425540456829907e-08
59250.056 5.342238939211187e-08
59300.056 5.2847815322993146e-08
59350.056 1.531953906089953e-08
59400.056 1.6291108216526236e-08
59450.056 4.812267091960415e-08
59500.056 2.6116851639191567e-08
59550.056 3.837223436523914e-08
59600.056 5.781456855839743e-08
59650.056 3.657059585820255e-08
59700.056 2.769744565050397e-08
59750.056 7.331436859198238e-08
59800.056 3.9185905768295064e-08
59850.056 4.8160091029998514e-08
59900.056 2.526837334308503e-08
59950.056 3.79227894335404e-08
60000.056 6.72751217168462e-08
60050.056 7.04429228788156e-08
60100.056 6.982091640498567e-08
60150.056 3.300933208739416e-08
60200.056 4.314432725236899e-08
60250.056 6.201409277580914e-08
60300.056 5.961244305119027e-08
60350.056 3.778069467720158e-08
60400.056 5.172299910898271e-08
60450.056 1.7425794224297435e-08
60500.056 9.600016356623456e-09
60550.056 4.032039719601092e-08
60600.056 4.6835947636999875e-08
60650.056 3.9768732422329096e-08
60700.056 3.1042948775998507e-08
60750.056 1.9649212077806548e-08
60800.056 4.605042972390766e-08
60850.056 6.618163856780171e-08
60900.056 5.456270055901212e-08
60950.056 3.986559138071288e-08
61000.056 5.938966636019769e-08
61050.056 2.980167722819565e-08
61100.056 3.451067778230553e-08
61150.056 1.5313783520761852e-08
61200.056 4.672261095161148e-08
61250.056 4.189159496099572e-08
61300.056 2.9840446180906945e-08
61350.056 5.3190805455191824e-08
61400.056 2.577507219990786e-08
61450.056 2.1056709193703946e-08
61500.056 1.7323914286902026e-08
61550.056 3.102164513759082e-08
61600.056 2.1117537479356772e-08
61650.056 2.226842725920684e-08
61700.056 2.984584392999783e-08
61750.056 3.114544401247664e-08
61800.056 3.738976391307511e-08
61850.056 1.5937517741596792e-08
61900.056 5.347965174800897e-08
61950.056 4.41835541419888e-08
62000.056 3.4127866777198565e-08
62050.056 5.9338679400306354e-08
62100.056 3.408404495927686e-08
62150.056 4.935950594701644e-08
62200.056 4.5888773191391156e-08
62250.056 4.358676464048969e-08
62300.056 6.483951899399395e-08
62350.056 6.232717690900614e-08
62400.056 4.708570058660607e-08
62450.056 4.5740286092392153e-08
62500.056 6.4508670302004e-08
62550.056 7.775027237298328e-08
62600.056 5.076659254130962e-08
62650.056 4.71083798825037e-08
62700.056 4.743363651960771e-08
62750.056 6.74037988929697e-08
62800.056 5.6891880094795625e-08
62850.056 5.2042755748185304e-08
62900.056 6.312538077098357e-08
62950.056 8.385368391999825e-08
63000.056 4.042250481480662e-08
63050.056 1.0353288902200643e-07
63100.056 1.1036407214199158e-07
63150.056 7.256432961679427e-08
63200.056 6.610931532400305e-08
63250.056 8.055883579600254e-08
63300.056 5.092184416219789e-08
63350.056 6.936213762300342e-08
63400.056 3.4383190200392794e-08
63450.056 2.2374547583406633e-08
63500.056 7.862357282700825e-08
63550.056 8.0458182614078e-08
63600.056 5.494701744880138e-08
63650.056 5.942477240600383e-08
63700.056 2.964428170039218e-08
63750.056 4.983987619879314e-08
63800.056 6.760270066851386e-08
63850.056 6.086956009699833e-08
63900.056 3.706484844891229e-08
63950.056 4.504447585152045e-08
64000.056 6.593545496050329e-08
64050.056 3.178281463008935e-08
64100.056 1.4024788059562483e-08
64150.056 1.809547017559753e-08
64200.056 1.81199564809134e-08
64250.056 4.7439731300004985e-08
64300.056 3.6585982811690916e-08
64350.056 2.6102413209049886e-08
64400.056 4.941298597599641e-08
64450.056 4.816220026760668e-08
64500.056 2.9158101144997086e-08
64550.056 5.096847181720264e-08
64600.056 3.587166026760045e-08
64650.056 5.140918447029135e-08
64700.056 1.9009396390996793e-08
64750.056 2.7245578122199146e-08
64800.056 2.1698182966204384e-08
64850.056 1.822583263908563e-08
64900.056 1.9176902215193027e-08
64950.056 1.661521753699863e-08
65000.056 2.2435077876008988e-08
65050.056 4.034995419699358e-08
65100.056 3.3765108849202714e-08
65150.056 3.557144251439676e-08
65200.056 1.8214977736098277e-08
65250.056 3.011481662312629e-08
65300.056 3.5433239960677204e-08
65350.056 6.471736595500112e-08
65400.056 2.995401640030115e-08
65450.056 3.0945883641592296e-08
65500.056 4.28919423100032e-08
65550.056 2.331888316532096e-08
65600.056 4.460321304390464e-08
65650.056 3.372828645228294e-08
65700.056 2.857591923200789e-08
65750.056 2.0690700712809235e-08
65800.056 3.361974008880736e-08
65850.056 5.494153742398869e-08
65900.056 1.9309624217500056e-08
65950.056 1.946418208123093e-08
66000.056 2.3256797219405157e-08
66050.056 5.216840270802174e-08
66100.056 3.2458385944397345e-08
66150.056 2.9381529487703965e-08
66200.056 2.9649299052294453e-08
66250.056 2.135890766460141e-08
66300.056 1.6311126583402578e-08
66350.056 1.269737054220328e-08
66400.056 2.096979909689744e-08
66450.056 4.266356082300432e-08
66500.056 6.056244130102268e-08
66550.056 5.162533836199106e-08
66600.056 4.0547816046006966e-08
66650.056 3.354054180660616e-08
66700.056 3.041369859030821e-08
66750.056 4.4855711111690835e-08
66800.056 3.609305441079677e-08
66850.056 2.4431952519706096e-08
66900.056 5.402415640151926e-08
66950.056 5.571826651582884e-08
67000.056 7.793180061401183e-08
67050.056 3.270415730808739e-08
67100.056 3.1229290475303586e-08
67150.056 3.036587374860451e-08
67200.056 4.955449935600645e-08
67250.056 4.316443781570997e-08
67300.056 5.500137176070342e-08
67350.056 3.474398929220993e-08
67400.056 5.974712396898656e-08
67450.056 4.239388410520802e-08
67500.056 2.952730395760227e-08
67550.056 5.71754006050271e-08
67600.056 9.422596743499215e-08
67650.056 6.706684242803889e-08
67700.056 4.639356341778241e-08
67750.056 3.5870691337305865e-08
67800.056 4.350897224257494e-08
67850.056 2.9682095808401364e-08
67900.056 3.711504825939707e-08
67950.056 3.206992381159983e-08
68000.056 5.616382642799117e-08
68050.056 3.9405952556790914e-08
68100.056 4.886668128091757e-08
68150.056 4.947247426958902e-08
68200.056 4.8789270777910196e-08
68250.056 2.6846483176795165e-08
68300.056 5.6000937372001236e-08
68350.056 5.120355200198696e-08
68400.056 6.516816887599325e-08
68450.056 6.975158285341715e-08
68500.056 5.070554154937612e-08
68550.056 2.79483122876016e-08
68600.056 3.093728599710271e-08
68650.056 1.7361711097903354e-08
68700.056 3.481793293530648e-08
68750.056 4.4955064236405746e-08
68800.056 4.158587617818039e-08
68850.056 3.149835800298446e-08
68900.056 8.514944691699962e-08
68950.056 7.860150589701698e-08
69000.056 4.960928927470719e-08
69050.056 3.152869096920001e-08
69100.056 8.319834965700163e-08
69150.056 9.11383254970205e-08
69200.056 5.899307045760572e-08
69250.056 8.547089567298832e-08
69300.056 8.171430575802672e-08
69350.056 7.845810760399374e-08
69400.056 4.2014952044992935e-08
69450.056 7.08234088119873e-08
69500.056 5.338920782158966e-08
69550.056 5.036750386120259e-08
69600.056 1.707251816320273e-08
69650.056 4.514563815501681e-08
69700.056 7.640198903999673e-08
69750.056 4.698516964640015e-08
69800.056 6.957970102699334e-08
69850.056 7.516215283302045e-08
69900.056 6.085773521213602e-08
69950.056 5.936566767887192e-08
70000.056 4.857795114749217e-08
70050.056 9.057073625902844e-08
70100.056 5.050191068700833e-08
70150.056 5.6791311331004315e-08
70200.056 4.380904218829237e-08
70250.056 5.118952810179953e-08
70300.056 7.05447927314923e-08
70350.056 7.155031180700093e-08
70400.056 4.6093677589991405e-08
70450.056 1.755532718512523e-08
70500.056 4.354826152460367e-08
70550.056 3.4477432402397954e-08
70600.056 3.994043714200266e-08
70650.056 5.2010744558996415e-08
70700.056 5.79812689350182e-08
70750.056 9.107977351002942e-08
70800.056 5.380723708198222e-08
70850.056 4.617538219099146e-08
70900.056 6.84128841635927e-08
70950.056 6.74302838090218e-08
71000.056 6.213105881198638e-08
71050.056 6.746588054800111e-08
71100.056 4.897358074100129e-08
71150.056 4.309468504149153e-08
71200.056 4.792253448801117e-08
71250.056 6.438456474700336e-08
71300.056 6.801386386799684e-08
71350.056 7.940097763700751e-08
71400.056 6.650429228897899e-08
71450.056 3.530947954196114e-08
71500.056 4.3865513469985665e-08
71550.056 3.57784293125001e-08
71600.056 5.5882693216999825e-08
71650.056 4.1251022908001966e-08
71700.056 2.9979759135397674e-08
71750.056 4.793421032201193e-08
71800.056 6.580542343280343e-08
71850.056 6.261847832099055e-08
71900.056 4.366723342658723e-08
71950.056 5.958272032697413e-08
72000.056 5.53131312080105e-08
72050.056 3.168348878179771e-08
72100.056 3.808371816080228e-08
72150.056 5.4672361655985666e-08
72200.056 4.499310091730771e-08
72250.056 7.381988491701082e-08
72300.056 4.351971458480723e-08
72350.056 5.3529896327182566e-08
72400.056 4.7218677022005976e-08
72450.056 4.510427551656794e-08
72500.056 5.671558569400837e-08
72550.056 2.4178388723011685e-08
72600.056 4.661222895500614e-08
72650.056 6.048342881202004e-08
72700.056 3.79291965935886e-08
72750.056 5.1329111188995326e-08
72800.056 2.992956336880788e-08
72850.056 3.200569055680954e-08
72900.056 6.526158667101262e-08
72950.056 4.2481275974610806e-08
73000.056 4.031039482718163e-08
73050.056 2.887946647900784e-08
73100.056 4.091506249470774e-08
73150.056 7.114998003699234e-08
73200.056 3.3332362666291045e-08
73250.056 4.6265507081996314e-08
73300.056 2.840219904739061e-08
73350.056 2.3762083554394642e-08
73400.056 4.364250481199745e-08
73450.056 2.844492593200171e-08
73500.056 2.9862042065807717e-08
73550.056 4.084035774600125e-08
73600.056 3.9758334487482124e-08
73650.056 4.2265928812811764e-08
73700.056 3.285738586397776e-08
73750.056 2.2712072438785498e-08
73800.056 3.372126675911367e-08
73850.056 4.2331597364984094e-08
73900.056 3.131547918869081e-08
73950.056 3.746861861101142e-08
74000.056 2.124837873179663e-08
74050.056 5.380529240701535e-08
74100.056 4.3576199291176694e-08
74150.056 4.572809946999584e-08
74200.056 2.6854405338890663e-08
74250.056 1.674996004409545e-08
74300.056 3.871953069379648e-08
74350.056 5.1027988730012263e-08
74400.056 4.5256958624000675e-08
74450.056 2.9555474834984583e-08
74500.056 2.2135580053296576e-08
74550.056 3.354345880121511e-08
74600.056 2.5405603586402314e-08
74650.056 2.7506073942006895e-08
74700.056 3.049465816660763e-08
74750.056 2.0773112967391544e-08
74800.056 2.544051062360223e-08
74850.056 4.8215789064012466e-08
74900.056 5.499424157197525e-08
74950.056 4.463172870499367e-08
75000.056 3.951010533699791e-08
75050.056 1.7536304852404125e-08
75100.056 5.575624110752836e-08
75150.056 5.8165611032011735e-08
75200.056 4.746560314298954e-08
75250.056 5.352674747497684e-08
75300.056 5.10709723400036e-08
75350.056 2.4092437037299855e-08
75400.056 6.6662403520005e-08
75450.056 5.8712797609016824e-08
75500.056 4.7646345125196124e-08
75550.056 4.0636058101609794e-08
75600.056 6.241373782300719e-08
75650.056 4.761754994700889e-08
75700.056 5.823523912098894e-08
75750.056 4.6517093389033913e-08
75800.056 4.742580518398192e-08
75850.056 5.962597664402901e-08
75900.056 5.416710902598898e-08
75950.056 4.290926891499747e-08
76000.056 5.7117016239977027e-08
76050.056 5.22178776959811e-08
76100.056 5.390615407898892e-08
76150.056 5.649804485998396e-08
76200.056 5.328095216802565e-08
76250.056 5.064632333019602e-08
76300.056 8.46020722809966e-08
76350.056 1.0020214717902118e-07
76400.056 6.693498994801563e-08
76450.056 6.9420876352014e-08
76500.056 6.164465666100366e-08
76550.056 2.969972875949437e-08
76600.056 1.1342999422903611e-08
76650.056 1.6060371376798704e-08
76700.056 1.6165882476198147e-08
76750.056 1.6199974775003738e-08
76800.056 2.6598246685503873e-08
76850.056 2.1294582256015264e-08
76900.056 2.6972882769790115e-08
76950.056 2.0007789150202875e-08
77000.056 2.9928159262196616e-08
77050.056 1.7543940915196563e-08
77100.056 2.4328591650099985e-08
77150.056 3.292646988640093e-08
77200.056 2.242899503200105e-08
77250.056 2.7069755375000546e-08
77300.056 3.477477692899309e-08
77350.056 2.2442727283583898e-08
77400.056 2.8575126688005436e-08
77450.056 3.706709859099481e-08
77500.056 3.3934363283002136e-08
77550.056 3.228187675200479e-08
77600.056 2.829414340790144e-08
77650.056 3.0365282875105285e-08
77700.056 3.789565510797767e-08
77750.056 3.700568686601367e-08
77800.056 4.985727984700322e-08
77850.056 6.061612243399977e-08
77900.056 3.56662964260803e-08
77950.056 2.888282381790534e-08
78000.056 4.4224087336994226e-08
78050.056 2.7868036120598913e-08
78100.056 3.717638203401825e-08
78150.056 4.40976188322153e-08
78200.056 6.070502322399555e-08
78250.056 5.010845666799906e-08
78300.056 3.210331961199628e-08
78350.056 4.38387411690157e-08
78400.056 3.863466521458076e-08
78450.056 4.3975745183511816e-08
78500.056 6.562098980798439e-08
78550.056 5.913837116898919e-08
78600.056 5.4828688681999464e-08
78650.056 3.0297403859502446e-08
78700.056 3.644885657920358e-08
78750.056 4.725179951400704e-08
78800.056 4.1288168289988466e-08
78850.056 3.135694812578669e-08
78900.056 4.325145316191307e-08
78950.056 4.911499618679652e-08
79000.056 4.534918806600612e-08
79050.056 3.8892716833198945e-08
79100.056 4.466378319900094e-08
79150.056 3.8102461106705516e-08
79200.056 4.9806810442989426e-08
79250.056 3.42464308828072e-08
79300.056 4.320772356499096e-08
79350.056 4.938578048900275e-08
79400.056 2.9175567124410628e-08
79450.056 5.082242679801559e-08
79500.056 7.694480761999328e-08
79550.056 6.863102330602754e-08
79600.056 4.45894503466108e-08
79650.056 6.258544860499028e-08
79700.056 4.507415274700269e-08
79750.056 4.980808981979709e-08
79800.056 3.695374798202597e-08
79850.056 6.475940225801226e-08
79900.056 7.849025841699924e-08
79950.056 8.850073114100973e-08
