# %ECSV 1.0
# ---
# datatype:
# - {name: wav, unit: Angstrom, datatype: float64}
# - {name: flux_nu, unit: erg / (cm2 Hz s), datatype: float64}
# meta: {C/O: '1.00', Kzz: '1.0000E+05', Teff: '375.', Y: '0.28', '[Fe/H]': '0.50', f_hole: '1.00', f_rain: '0.00', grav: '3160.'}
# schema: astropy-2.0
wav flux_nu
4000.0559999999996 nan
4050.0559999999996 1.8901775682800363e-17
4100.056 4.800107340700067e-16
4150.056 2.4635066417000208e-15
4200.056 3.3821232491000174e-15
4250.056 1.5738163035800114e-14
4300.056 3.3488918632000146e-14
4350.056 5.894558527800021e-14
4400.056 9.608523766100034e-14
4450.056 1.4805559777000047e-13
4500.056 2.1999806784000065e-13
4550.056 2.8771811285e-13
4600.056 2.384860394399999e-13
4650.056 2.083743505199996e-13
4700.056 1.5068636165999936e-13
4750.056 8.459259593399955e-14
4800.056 5.0093630089999784e-14
4850.056 3.2675616740999893e-14
4900.056 2.531118714299995e-14
4950.056 2.0741370776999954e-14
5000.056 1.5400349023999944e-14
5050.056 1.1954315631999999e-14
5100.056 1.2330524249000016e-14
5150.056 1.3142198039000005e-14
5200.056 1.4327475778000014e-14
5250.056 1.5356397258000012e-14
5300.056 1.6326299101000013e-14
5350.056 1.737828278600001e-14
5400.056 1.8293271631000013e-14
5450.056 1.9508659993000026e-14
5500.056 2.0937590567000013e-14
5550.056 2.2413824185000014e-14
5600.056 2.358078273900001e-14
5650.056 2.4217633080999995e-14
5700.056 2.3508458985000004e-14
5750.056 2.2714188249999978e-14
5800.056 2.047534046499996e-14
5850.056 1.4723919090699845e-14
5900.056 4.859646713270151e-15
5950.056 2.6022986596000416e-14
6000.056 5.193906364300032e-14
6050.056 9.485998684300071e-14
6100.056 1.576430716500011e-13
6150.056 2.423406228700014e-13
6200.056 3.5589801203000176e-13
6250.056 4.970010148400019e-13
6300.056 6.99723214490003e-13
6350.056 9.67297568820004e-13
6400.056 1.3130166286000058e-12
6450.056 1.6701009864000005e-12
6500.056 2.2032358946000166e-12
6550.056 2.943625443399996e-12
6600.056 3.888618399900033e-12
6650.056 5.140372137100023e-12
6700.056 6.21268294460002e-12
6750.056 8.17057226450003e-12
6800.056 9.385740337000014e-12
6850.056 9.265554541199984e-12
6900.056 7.46655168979996e-12
6950.056 5.5844062061000085e-12
7000.056 5.502458767999948e-12
7050.056 5.495724801299996e-12
7100.056 5.964673368799991e-12
7150.056 4.884704721249903e-12
7200.056 3.8658552445100075e-12
7250.056 4.081550917979828e-12
7300.056 3.893438879610134e-12
7350.056 4.511153555700001e-12
7400.056 5.071441897400025e-12
7450.056 5.779324280800046e-12
7500.056 6.2448961671e-12
7550.056 6.4661744447e-12
7600.056 6.434176356099994e-12
7650.056 3.674198174029937e-12
7700.056 3.583190830800058e-12
7750.056 7.511755612000068e-12
7800.056 9.971946690300058e-12
7850.056 1.298122843899999e-11
7900.056 1.6798213969000068e-11
7950.056 1.9539323830000095e-11
8000.056 2.7056924127000138e-11
8050.056 3.364914139600019e-11
8100.056 3.05597279027995e-11
8150.056 2.4397991876100983e-11
8200.056 4.632233754620079e-11
8250.056 5.033116854493055e-11
8300.056 5.931096326889966e-11
8350.056 7.077699945400017e-11
8400.056 9.111685075100136e-11
8450.056 1.2574583078000078e-10
8500.056 1.5422288047000042e-10
8550.056 1.9031997524000228e-10
8600.056 2.311081839900014e-10
8650.056 2.640014241500013e-10
8700.056 2.8156168471000104e-10
8750.056 3.071646803500013e-10
8800.056 3.125715706899991e-10
8850.056 2.638810409299934e-10
8900.056 7.641740275899479e-11
8950.056 4.424467879140132e-11
9000.056 4.227122495890852e-11
9050.056 1.6005877828109995e-10
9100.056 1.6715384266621395e-10
9150.056 1.8427777447109554e-10
9200.056 2.735094811326184e-10
9250.056 2.0329245163018417e-10
9300.056 1.7838367287916329e-12
9350.056 3.4882982475931377e-12
9400.056 4.205552710220675e-11
9450.056 1.7478291817143842e-11
9500.056 1.456273610590173e-11
9550.056 1.3647534802142023e-11
9600.056 2.0528765185494522e-11
9650.056 4.5034540052732365e-11
9700.056 1.650024066754724e-10
9750.056 1.586102080749182e-10
9800.056 2.159422614473947e-10
9850.056 3.011008026669971e-10
9900.056 4.55310590260019e-10
9950.056 5.193718392500111e-10
10000.056 4.903703217702015e-10
10050.056 6.422458830799978e-10
10100.056 6.489205857200019e-10
10150.056 4.872544632999903e-10
10200.056 3.003997686700126e-10
10250.056 3.8932197945300644e-10
10300.056 6.146846559749741e-10
10350.056 3.9077232392001826e-10
10400.056 7.143634579600139e-10
10450.056 1.002395866829961e-09
10500.056 1.3059841375000157e-09
10550.056 1.7407311498000138e-09
10600.056 2.000019645300014e-09
10650.056 2.0873807436999978e-09
10700.056 1.948197250399992e-09
10750.056 1.9633739624999812e-09
10800.056 1.864672719020019e-09
10850.056 1.6469824392799955e-09
10900.056 1.2478241329199593e-09
10950.056 5.925541448399846e-10
11000.056 2.560739073429783e-10
11050.056 7.734658208158896e-11
11100.056 2.037867765403789e-11
11150.056 4.483110552920219e-12
11200.056 2.856685211244984e-12
11250.056 4.67533348131444e-12
11300.056 9.491034093260902e-12
11350.056 2.321004118511247e-12
11400.056 2.241154721218622e-11
11450.056 7.96566752811704e-12
11500.056 8.718214722082774e-12
11550.056 1.9390743282331612e-12
11600.056 7.483804972557207e-13
11650.056 4.944074855151169e-12
11700.056 8.153340985253368e-12
11750.056 3.0754466101847863e-12
11800.056 1.9434944307939627e-11
11850.056 2.648437127250075e-11
11900.056 3.302957683469974e-11
11950.056 5.089576732700179e-11
12000.056 7.767357931860474e-11
12050.056 1.2551270954800234e-10
12100.056 1.500083243060007e-10
12150.056 2.195340412180018e-10
12200.056 2.540587295049985e-10
12250.056 3.9786488935600223e-10
12300.056 6.719701817800288e-10
12350.056 8.408399791200158e-10
12400.056 1.2876807138200097e-09
12450.056 1.9161309603000302e-09
12500.056 2.285178031599994e-09
12550.056 2.6617048834000455e-09
12600.056 3.5417925620000783e-09
12650.056 4.514714663800037e-09
12700.056 4.696689722599941e-09
12750.056 3.2319243504999826e-09
12800.056 2.0683475250999253e-09
12850.056 1.091071337609948e-09
12900.056 7.2969444024198e-10
12950.056 5.337182476510102e-10
13000.056 5.967660985400404e-10
13050.056 3.39369930887186e-10
13100.056 3.441327847569743e-10
13150.056 1.6521002564411794e-10
13200.056 1.8276523174638045e-10
13250.056 1.5204837360401826e-10
13300.056 4.5908814614103236e-11
13350.056 1.868168206888017e-11
13400.056 2.832186386147338e-12
13450.056 3.996215490170205e-13
13500.056 7.92292962536493e-14
13550.056 8.773018109164048e-15
13600.056 1.5088783748054814e-15
13650.056 1.484705360641761e-14
13700.056 6.5051578629141845e-15
13750.056 6.045567047437296e-14
13800.056 6.712679099153678e-14
13850.056 1.1983572926775568e-14
13900.056 3.711699819416206e-14
13950.056 3.016241547559281e-14
14000.056 7.487088914671277e-14
14050.056 8.660543200646138e-14
14100.056 7.51379759376668e-14
14150.056 2.808124468285906e-13
14200.056 1.8879923220982284e-13
14250.056 3.2424080732546606e-13
14300.056 1.583905469754157e-12
14350.056 1.096764109584055e-12
14400.056 1.0467973785152937e-12
14450.056 2.92139772131644e-12
14500.056 7.316684938426557e-12
14550.056 1.0008236076651789e-11
14600.056 2.0783616307100565e-11
14650.056 6.436361490137833e-12
14700.056 2.4467152507344144e-12
14750.056 1.1473404437376138e-12
14800.056 1.0968785125376022e-12
14850.056 1.1219078616293486e-12
14900.056 1.0436972018253702e-12
14950.056 6.903531567233966e-13
15000.056 2.795173904942094e-12
15050.056 4.268272037536855e-12
15100.056 1.4131686475123389e-12
15150.056 4.563143634658838e-13
15200.056 2.4689762081426626e-12
15250.056 5.8960119210136926e-12
15300.056 9.275063863928999e-12
15350.056 1.207329010236971e-11
15400.056 1.5544107800221793e-11
15450.056 2.501132781657726e-11
15500.056 3.955931180879625e-11
15550.056 8.886088544771703e-11
15600.056 1.785918855529875e-10
15650.056 3.781607468100469e-10
15700.056 7.332396949200217e-10
15750.056 1.0192654608100257e-09
15800.056 1.412737388580013e-09
15850.056 1.8882878793000844e-09
15900.056 2.1484383750999945e-09
15950.056 2.4511292702000014e-09
16000.056 2.129984169799964e-09
16050.056 1.4254719886699457e-09
16100.056 7.692895251399939e-10
16150.056 3.514355361669655e-10
16200.056 1.2173058863940475e-10
16250.056 5.547638690108137e-11
16300.056 2.731426517614922e-11
16350.056 3.065083220129814e-11
16400.056 3.471420071447362e-11
16450.056 4.180609632536122e-11
16500.056 3.2886158741766376e-11
16550.056 3.814751015903459e-11
16600.056 1.0638281031359479e-10
16650.056 5.503317759773247e-11
16700.056 7.437566916890185e-12
16750.056 3.439398335726703e-11
16800.056 5.420385020766687e-11
16850.056 5.31080511553805e-11
16900.056 2.0141140096063577e-11
16950.056 1.3235453232250426e-11
17000.056 6.0219174102158364e-12
17050.056 1.3824264821570746e-11
17100.056 3.073302006500736e-11
17150.056 1.8504106632884342e-11
17200.056 7.094921963321729e-11
17250.056 1.9620208113393957e-11
17300.056 1.5200888812656195e-11
17350.056 2.1039797343638374e-11
17400.056 4.326469128333683e-11
17450.056 5.793329436219463e-11
17500.056 8.804181744480712e-11
17550.056 6.460189890652054e-11
17600.056 6.154827977040577e-11
17650.056 3.5509600843774305e-11
17700.056 3.0726128954356414e-11
17750.056 1.9369492652912913e-11
17800.056 4.325817346982388e-11
17850.056 1.7824301703383732e-11
17900.056 1.0698399421680125e-11
17950.056 5.183089576835845e-12
18000.056 1.2878611190564698e-11
18050.056 3.38438164657265e-12
18100.056 3.837448818057262e-12
18150.056 2.277971545014112e-12
18200.056 1.464796704966572e-12
18250.056 8.087692115314855e-12
18300.056 5.546732876889513e-13
18350.056 5.550683337774562e-13
18400.056 2.4397486366624934e-13
18450.056 3.693761583332519e-12
18500.056 3.522745862345347e-12
18550.056 1.0175001084303289e-12
18600.056 2.1045674076102336e-12
18650.056 1.2784922495199386e-12
18700.056 7.998534566612136e-14
18750.056 2.3390312476858717e-13
18800.056 8.419190277989276e-12
18850.056 6.82858391498959e-12
18900.056 7.888077816188761e-12
18950.056 1.3811930884181901e-11
19000.056 1.1862334797783064e-12
19050.056 4.64696765858117e-13
19100.056 2.301595997584963e-12
19150.056 7.200382751509057e-13
19200.056 2.245803605813635e-12
19250.056 1.3397170610985935e-12
19300.056 6.241054456777273e-13
19350.056 7.596252776261867e-13
19400.056 4.5145376037433526e-13
19450.056 7.111102734366969e-13
19500.056 6.847416160993425e-13
19550.056 1.8241366528003105e-12
19600.056 4.369972152573057e-12
19650.056 3.3884664995460927e-12
19700.056 6.331575764232916e-12
19750.056 9.37965769991503e-12
19800.056 4.6528107550436694e-12
19850.056 6.720552288727098e-12
19900.056 1.2614730994483148e-11
19950.056 1.970675690990868e-11
20000.056 2.3709568557720322e-11
20050.056 1.62584421776363e-11
20100.056 2.8825368522699465e-11
20150.056 2.0032252456165553e-11
20200.056 1.1462587837893058e-11
20250.056 3.0929681540112673e-11
20300.056 3.975233340557824e-11
20350.056 4.568805650117273e-11
20400.056 3.951782300379898e-11
20450.056 8.674691471182052e-11
20500.056 1.0236913803099875e-10
20550.056 1.1836701289599512e-10
20600.056 1.3770437437101377e-10
20650.056 1.6728558649599362e-10
20700.056 1.9093608788699617e-10
20750.056 2.0728372499000024e-10
20800.056 2.0482229482998927e-10
20850.056 2.4071621266000305e-10
20900.056 2.5037170129000053e-10
20950.056 2.452574274800013e-10
21000.056 2.3953494487000035e-10
21050.056 2.5339449792999807e-10
21100.056 2.4511529710999894e-10
21150.056 2.432068202899984e-10
21200.056 2.3192471963000097e-10
21250.056 2.1856080306998922e-10
21300.056 1.9285005421300276e-10
21350.056 1.8233333747699268e-10
21400.056 1.832186364900082e-10
21450.056 1.4079413216840662e-10
21500.056 1.1833231022075982e-10
21550.056 1.116037252793434e-10
21600.056 9.842788512174545e-11
21650.056 7.017823056993269e-11
21700.056 6.085911438131737e-11
21750.056 5.4695787773238246e-11
21800.056 3.267088667605294e-11
21850.056 2.8248241700510292e-11
21900.056 1.8143971091522022e-11
21950.056 6.716919216487824e-12
22000.056 4.659345658732564e-13
22050.056 1.0988589728113452e-12
22100.056 4.605357399963472e-12
22150.056 2.802645744458368e-12
22200.056 2.6606278361463356e-12
22250.056 2.1387742065985423e-12
22300.056 6.854788452328502e-13
22350.056 1.1691112802139597e-12
22400.056 2.940421057456902e-13
22450.056 7.034560550994543e-13
22500.056 4.4970547105965914e-13
22550.056 1.6763214239098445e-13
22600.056 1.16410561500792e-13
22650.056 1.9392157211775234e-13
22700.056 2.459688754689711e-13
22750.056 5.781342613636328e-13
22800.056 7.026116909088688e-13
22850.056 3.930249849274897e-13
22900.056 2.716732594991168e-13
22950.056 1.6897357408764922e-13
23000.056 2.1349024417070063e-13
23050.056 1.9364033507628214e-13
23100.056 4.475173537238434e-12
23150.056 4.3809347035042774e-12
23200.056 5.6711358579241605e-14
23250.056 5.578283142244534e-13
23300.056 3.960256691047419e-13
23350.056 5.138500703669277e-13
23400.056 3.6998160897410637e-13
23450.056 1.50666924221325e-13
23500.056 1.6375671442037236e-13
23550.056 5.780109718835855e-13
23600.056 2.0813353773192624e-12
23650.056 2.504585437429225e-12
23700.056 1.8986695712712453e-13
23750.056 3.03756749576967e-13
23800.056 3.398084352672469e-12
23850.056 1.3794446584842838e-12
23900.056 4.338749998072032e-12
23950.056 1.2810984865977968e-12
24000.056 5.29714081290317e-12
24050.056 5.099414993937108e-12
24100.056 8.96800003331047e-12
24150.056 1.3677205901774462e-11
24200.056 8.21017267215535e-12
24250.056 5.36978769612463e-12
24300.056 1.733056630787864e-11
24350.056 1.051562487232956e-11
24400.056 3.5591429957409163e-11
24450.056 3.344104986449472e-11
24500.056 2.500097708203833e-11
24550.056 5.975616483645568e-11
24600.056 6.947591518799338e-11
24650.056 1.0137640133582654e-10
24700.056 6.153450780549366e-11
24750.056 8.509583490150876e-11
24800.056 6.079680480559074e-11
24850.056 9.645955092969994e-11
24900.056 2.9534042545285506e-11
24950.056 6.243333082538842e-11
25000.056 7.347755825063539e-11
25050.056 2.8265542923177322e-11
25100.056 5.562340244324056e-11
25150.056 1.9193137317228252e-11
25200.056 2.9170806831145794e-11
25250.056 7.383261539847077e-12
25300.056 9.076650691466288e-12
25350.056 3.473159400529161e-12
25400.056 1.0693860050689708e-11
25450.056 2.168439055436656e-12
25500.056 1.617756597136085e-12
25550.056 6.1613845111218875e-12
25600.056 2.4855396913615256e-12
25650.056 7.113888039437076e-13
25700.056 4.585024318049479e-13
25750.056 1.2144938820039673e-13
25800.056 8.362908411219277e-13
25850.056 1.0607830396187569e-13
25900.056 1.6148340752719711e-13
25950.056 3.0206113301757804e-14
26000.056 5.61487177766058e-13
26050.056 4.407018440364634e-14
26100.056 2.634030207459341e-13
26150.056 8.518918842975121e-14
26200.056 1.3059173301794684e-13
26250.056 1.4004931818078078e-12
26300.056 1.419611351384783e-13
26350.056 5.0502888876158106e-12
26400.056 1.0545837811278052e-11
26450.056 3.435144768504391e-12
26500.056 1.3483201989418198e-11
26550.056 6.306730091886528e-13
26600.056 5.101242380920587e-13
26650.056 6.205108490957809e-14
26700.056 4.892774233272299e-14
26750.056 8.173508149202427e-14
26800.056 4.05412573187163e-13
26850.056 2.1488500549151885e-13
26900.056 1.2821432832744263e-12
26950.056 3.0111309528042003e-13
27000.056 2.124953205614149e-12
27050.056 4.1001955674250415e-12
27100.056 1.334672085384717e-13
27150.056 3.3462741182003718e-12
27200.056 1.353351895238282e-13
27250.056 6.953234861643802e-13
27300.056 1.2576412510740711e-11
27350.056 2.2726944447704586e-12
27400.056 9.525445003972163e-14
27450.056 3.670948695358386e-12
27500.056 5.5914835772023526e-12
27550.056 5.051308453336456e-13
27600.056 2.087013222771425e-12
27650.056 3.9901727269289633e-13
27700.056 4.845483659308664e-13
27750.056 4.268211155148702e-12
27800.056 1.146242072684954e-12
27850.056 2.7460372306613213e-12
27900.056 4.152465157973713e-12
27950.056 8.281263526143402e-12
28000.056 9.363789484973483e-12
28050.056 6.30904568038453e-13
28100.056 1.318235623410719e-11
28150.056 8.424915537937439e-12
28200.056 1.36906379533074e-12
28250.056 1.7996551441434998e-11
28300.056 1.7442526941948586e-11
28350.056 1.688649746796086e-12
28400.056 1.05920909711946e-11
28450.056 2.243143696794771e-11
28500.056 8.701422933763106e-12
28550.056 1.5522767422613068e-12
28600.056 2.0074714916487993e-11
28650.056 7.921699282434429e-12
28700.056 1.9547614347709993e-11
28750.056 4.1544433213656816e-11
28800.056 9.370569390663373e-12
28850.056 4.1633913141319393e-11
28900.056 1.7470909820376173e-11
28950.056 2.1637274937134855e-11
29000.056 1.3170061223351546e-11
29050.056 2.736724155328627e-11
29100.056 8.641110672931272e-12
29150.056 1.3222735656675149e-11
29200.056 5.670469975178693e-11
29250.056 3.7149649797378885e-11
29300.056 2.4323442868551204e-11
29350.056 6.94885163853222e-11
29400.056 3.068188789562668e-11
29450.056 9.79795572010982e-12
29500.056 8.515476851070264e-11
29550.056 2.093332642634564e-11
29600.056 2.4492972025321376e-11
29650.056 1.3286114158150285e-10
29700.056 1.453151620280539e-11
29750.056 7.36883269579857e-11
29800.056 3.6819966973803916e-11
29850.056 1.214756053872796e-10
29900.056 4.0774985854095804e-11
29950.056 4.212008908783952e-11
30000.056 4.4477601125197653e-13
30050.056 6.81695619319368e-12
30100.056 3.108392836347537e-11
30150.056 1.1152731799620941e-10
30200.056 6.873012835318098e-11
30250.056 1.1946554639603128e-10
30300.056 1.5515111118120312e-10
30350.056 2.3992623182456144e-11
30400.056 1.8329118746636088e-10
30450.056 1.4819014090738248e-10
30500.056 5.421243524757318e-11
30550.056 4.48507223025732e-11
30600.056 7.939978652803465e-10
30650.056 2.7614325325734765e-10
30700.056 1.0415883127745417e-10
30750.056 2.526900116030794e-10
30800.056 3.109531352684179e-10
30850.056 3.1027921623094903e-10
30900.056 1.507383406685609e-10
30950.056 1.0175830878881666e-10
31000.056 1.4944053220185513e-10
31050.056 7.686960942057991e-11
31100.056 4.2700887715634635e-11
31150.056 9.86673074544699e-11
31200.056 4.2744835448294746e-10
31250.056 1.4491237900588012e-10
31300.056 6.81357440081491e-11
31350.056 2.9686762755854646e-10
31400.056 1.6263003689030688e-10
31450.056 1.7466628741532355e-10
31500.056 5.0550445584200154e-11
31550.056 1.178326717835364e-10
31600.056 8.461751424856678e-11
31650.056 6.088414451607267e-11
31700.056 4.9176619104316695e-11
31750.056 2.0321071429737106e-11
31800.056 4.3143589202984464e-11
31850.056 6.490979694131795e-12
31900.056 1.8432116560446794e-11
31950.056 8.325424015554188e-12
32000.056 5.705771241877002e-12
32050.056 6.4341107215975965e-12
32100.056 5.389859529191859e-12
32150.056 4.834393636434564e-12
32200.056 1.954037935815389e-12
32250.056 4.8819504702582535e-12
32300.056 1.1452532548787468e-12
32350.056 4.6354125314973545e-12
32400.056 3.5988967591951435e-13
32450.056 2.9345535892021385e-12
32500.056 3.686901169040378e-13
32550.056 3.134908070397464e-12
32600.056 2.8485820269013653e-13
32650.056 6.293339948494817e-12
32700.056 5.532050260267219e-13
32750.056 1.8395586535006246e-11
32800.056 7.43793207756305e-12
32850.056 4.7371749026012945e-11
32900.056 3.6711100498793596e-11
32950.056 4.122351602907497e-11
33000.056 9.224184618881716e-12
33050.056 7.468949888387298e-12
33100.056 1.0943826746471032e-12
33150.056 8.828960550119275e-16
33200.056 5.766561709723213e-14
33250.056 1.4662878518351844e-13
33300.056 3.590382346691183e-12
33350.056 6.810475164606074e-12
33400.056 3.098124095300043e-11
33450.056 5.2573054521840655e-12
33500.056 3.599532604000819e-11
33550.056 4.470127569616855e-12
33600.056 1.3813601528565492e-11
33650.056 1.548629936677426e-11
33700.056 2.301757249061755e-12
33750.056 1.918824150790462e-11
33800.056 7.951936249807816e-13
33850.056 8.4984381912311e-12
33900.056 8.457485307800412e-12
33950.056 8.670824190820362e-12
34000.056 2.2980084604863303e-11
34050.056 3.420144866545092e-12
34100.056 2.495751006236592e-11
34150.056 6.43791720204529e-12
34200.056 3.051313443108469e-11
34250.056 1.2126330255341044e-11
34300.056 1.625480014666888e-11
34350.056 7.360477170442606e-11
34400.056 9.52020643330472e-12
34450.056 5.8022067861297536e-11
34500.056 1.8417555730963568e-11
34550.056 3.676855850027801e-11
34600.056 1.839482747553621e-10
34650.056 9.631760629598613e-12
34700.056 1.1303073967656619e-10
34750.056 4.892807068227917e-11
34800.056 3.0789456663518114e-11
34850.056 1.5958435413797104e-10
34900.056 1.3669117310395742e-11
34950.056 2.041107657300074e-10
35000.056 2.2109596766859734e-10
35050.056 1.7378934786681918e-10
35100.056 4.0802144539751325e-10
35150.056 3.340793155975454e-10
35200.056 2.6834600466523876e-10
35250.056 5.447372171368344e-10
35300.056 1.0357332339302698e-10
35350.056 1.1587268514015671e-10
35400.056 7.398081511485294e-11
35450.056 6.866230040812319e-11
35500.056 3.327859930226141e-10
35550.056 2.0231139061560447e-10
35600.056 3.7084595741656105e-10
35650.056 4.4949416155324795e-10
35700.056 4.873584847678034e-10
35750.056 6.175051532344609e-10
35800.056 2.1834665229384431e-10
35850.056 1.275640617374703e-10
35900.056 1.9258066204511198e-10
35950.056 4.02507316428599e-10
36000.056 4.576297990934399e-10
36050.056 3.100478901056831e-10
36100.056 2.8891543191237854e-10
36150.056 1.1594749065149188e-09
36200.056 1.0047969297051275e-09
36250.056 4.973104100788552e-10
36300.056 1.6165815599973559e-09
36350.056 9.027010887983288e-10
36400.056 1.4726287994511224e-09
36450.056 9.35515519501971e-10
36500.056 9.767372304915684e-10
36550.056 2.4669592143898855e-09
36600.056 2.8562019944896238e-09
36650.056 1.2646742487292891e-09
36700.056 1.6278425759162171e-09
36750.056 2.7794128903307956e-09
36800.056 3.2231006884373795e-09
36850.056 1.2848453034302648e-09
36900.056 1.706512425112194e-09
36950.056 3.557442814659435e-09
37000.056 2.1480449081734803e-09
37050.056 3.6141098277504624e-09
37100.056 1.0240693772260793e-09
37150.056 2.033409716276708e-09
37200.056 5.055534328399963e-09
37250.056 2.196427354835641e-09
37300.056 1.1734621465236422e-09
37350.056 2.453848199760832e-09
37400.056 4.3134841429603794e-09
37450.056 1.5003896638346157e-09
37500.056 1.911876022506486e-09
37550.056 6.213437498551368e-09
37600.056 1.0263770613899875e-08
37650.056 1.8608641854067144e-09
37700.056 4.030109696030689e-09
37750.056 3.0264428476739766e-09
37800.056 3.228434197836669e-09
37850.056 1.672531535599933e-09
37900.056 1.866459275022468e-09
37950.056 3.4186816432800903e-09
38000.056 2.947599878595184e-09
38050.056 5.482936960285809e-09
38100.056 8.02103962992824e-09
38150.056 9.439345844153191e-09
38200.056 5.492328404283006e-09
38250.056 8.406178034161418e-09
38300.056 1.533633411739723e-08
38350.056 1.0510898222402691e-08
38400.056 3.5599986043428596e-09
38450.056 1.194822040759101e-09
38500.056 1.1624683103956342e-09
38550.056 5.187392719440594e-09
38600.056 6.497755907598888e-09
38650.056 6.122101830025666e-09
38700.056 5.109774805178574e-09
38750.056 5.840794767109632e-09
38800.056 5.471112641580149e-09
38850.056 6.779162484500776e-09
38900.056 7.837475798002938e-09
38950.056 4.536896073670839e-09
39000.056 8.328548775168428e-09
39050.056 3.6960660994320487e-09
39100.056 6.229326685564568e-09
39150.056 1.0791494892699854e-08
39200.056 7.664663386899848e-09
39250.056 9.954706748190293e-09
39300.056 6.973274722750106e-09
39350.056 1.4822393815700075e-08
39400.056 7.678750682858995e-09
39450.056 1.2510877439073838e-08
39500.056 1.4467256745799428e-08
39550.056 5.3222251813283625e-09
39600.056 1.0511717418663695e-08
39650.056 1.8505769180999565e-08
39700.056 1.5926474133900913e-08
39750.056 5.388747668864093e-09
39800.056 5.306307025129983e-09
39850.056 1.8485028959001523e-08
39900.056 2.1427162852000768e-08
39950.056 8.301299973900303e-09
40000.056 1.5237991561999896e-08
40050.056 1.7176426784919202e-08
40100.056 4.105984143395804e-09
40150.056 1.4007416211901084e-08
40200.056 1.7493046560498577e-08
40250.056 2.016774638799701e-08
40300.056 2.0127352375802243e-08
40350.056 8.739905656587292e-09
40400.056 1.3733784373172327e-08
40450.056 5.992936361339882e-09
40500.056 1.8508549784599875e-08
40550.056 1.9619946040796745e-08
40600.056 2.0405725791999542e-08
40650.056 1.3200453183779413e-08
40700.056 2.636401237959936e-08
40750.056 1.7751159237298446e-08
40800.056 9.312853410838453e-09
40850.056 3.04606437960033e-08
40900.056 2.91807759159977e-08
40950.056 1.8274762502060734e-08
41000.056 1.6078849940259113e-08
41050.056 3.412054582100031e-08
41100.056 2.8611076619597856e-08
41150.056 7.902220687849401e-09
41200.056 3.095437478780381e-08
41250.056 2.7988941239255118e-08
41300.056 3.126026621780328e-08
41350.056 4.174662912899999e-08
41400.056 3.015968591199875e-08
41450.056 4.00119513160001e-08
41500.056 2.0885973858705955e-08
41550.056 1.9091955938803864e-08
41600.056 2.144435080044916e-08
41650.056 3.6063110867803266e-08
41700.056 4.966367234099693e-08
41750.056 3.617513736600052e-08
41800.056 4.026335998400005e-08
41850.056 2.988861788069756e-08
41900.056 2.3708596862994153e-08
41950.056 2.4945138306898626e-08
42000.056 1.2107960442273514e-08
42050.056 1.548244666728224e-08
42100.056 2.316865867639873e-08
42150.056 2.5031638398298866e-08
42200.056 2.7944135600998396e-08
42250.056 2.231348162490282e-08
42300.056 1.897531165719864e-08
42350.056 3.469933379730098e-08
42400.056 4.1792203459001896e-08
42450.056 4.31411299480027e-08
42500.056 4.606952135499886e-08
42550.056 3.984923153899894e-08
42600.056 3.472029815900693e-08
42650.056 5.22955006409953e-08
42700.056 2.344727624959596e-08
42750.056 3.4590476265004727e-08
42800.056 5.343235333000084e-08
42850.056 5.667882686699512e-08
42900.056 5.523022999400249e-08
42950.056 4.235251569300149e-08
43000.056 4.991400972199861e-08
43050.056 2.4419375414999794e-08
43100.056 4.3132899943000474e-08
43150.056 3.904425336400036e-08
43200.056 4.976386889400252e-08
43250.056 7.419522822500153e-08
43300.056 6.184719375099765e-08
43350.056 3.2453021306998545e-08
43400.056 4.970367158200185e-08
43450.056 3.477790739000097e-08
43500.056 3.168286323000144e-08
43550.056 3.388251340050227e-08
43600.056 5.980015589199994e-08
43650.056 3.063183300439734e-08
43700.056 5.967844485800881e-08
43750.056 6.569187698799685e-08
43800.056 5.258836446199886e-08
43850.056 4.7715231622004806e-08
43900.056 3.5297105373999575e-08
43950.056 2.60842206379985e-08
44000.056 2.45618120559997e-08
44050.056 5.934058690400509e-08
44100.056 8.555456106100162e-08
44150.056 7.521196206399665e-08
44200.056 7.073905046800088e-08
44250.056 3.819283822199748e-08
44300.056 2.3839882925700453e-08
44350.056 2.6014803148101403e-08
44400.056 2.8884168923999314e-08
44450.056 5.1009682496004874e-08
44500.056 4.3371143355001455e-08
44550.056 6.38703022250005e-08
44600.056 4.724332015990086e-08
44650.056 5.233315982999647e-08
44700.056 3.3964898929996106e-08
44750.056 4.6967504254003987e-08
44800.056 3.085706798130057e-08
44850.056 4.733657239300233e-08
44900.056 4.3118381655998267e-08
44950.056 5.202881409000388e-08
45000.056 6.161447037099962e-08
45050.056 5.4655905058995933e-08
45100.056 4.912178728800358e-08
45150.056 4.346232822799838e-08
45200.056 2.6878409815600526e-08
45250.056 3.291594036299732e-08
45300.056 3.276192554590202e-08
45350.056 2.2109000123003272e-08
45400.056 7.013233291100304e-08
45450.056 5.812180550400509e-08
45500.056 7.132542757700426e-08
45550.056 7.955307208999141e-08
45600.056 6.753805874500259e-08
45650.056 5.711956931099507e-08
45700.056 2.8640766107097393e-08
45750.056 2.3775792778102353e-08
45800.056 6.810686172600183e-08
45850.056 5.4880027073003034e-08
45900.056 7.655937210499796e-08
45950.056 7.045078916199615e-08
46000.056 7.166321551300342e-08
46050.056 5.756755447300524e-08
46100.056 7.977679300499512e-08
46150.056 4.399913099400015e-08
46200.056 3.2407380184595573e-08
46250.056 1.0605072299489745e-08
46300.056 4.160840329300345e-08
46350.056 4.903618175900337e-08
46400.056 4.9827577518001135e-08
46450.056 3.84652142277967e-08
46500.056 4.7253485308003234e-08
46550.056 2.5014216428397677e-08
46600.056 2.5982481867197177e-08
46650.056 4.575416782000222e-08
46700.056 3.2125961647996116e-08
46750.056 1.1620035400301658e-08
46800.056 7.193238689518927e-09
46850.056 3.787474484700618e-08
46900.056 5.5889950525999e-08
46950.056 5.636721816999806e-08
47000.056 5.7964517317002496e-08
47050.056 3.4527878544291815e-08
47100.056 2.6175242833000442e-08
47150.056 4.2013617805004815e-08
47200.056 4.655666752499822e-08
47250.056 1.750564255955597e-08
47300.056 1.212640026996386e-08
47350.056 4.612136806000342e-08
47400.056 5.3459165394998885e-08
47450.056 3.020299771050192e-08
47500.056 6.091674563500259e-08
47550.056 5.2273856502001186e-08
47600.056 3.9172697869495416e-08
47650.056 4.629146717839831e-08
47700.056 3.5148296396803966e-08
47750.056 2.5342731694000114e-08
47800.056 1.645814223860026e-08
47850.056 5.607489680921059e-09
47900.056 1.0598305565710199e-08
47950.056 3.6114877198003355e-08
48000.056 4.811538806099639e-08
48050.056 3.5281431246199654e-08
48100.056 1.560458950586003e-08
48150.056 3.1175590068001885e-08
48200.056 1.933244065651758e-08
48250.056 3.195798442400075e-08
48300.056 4.358045742799975e-08
48350.056 2.4090742415996612e-08
48400.056 3.868156621160831e-09
48450.056 8.408713338966132e-09
48500.056 1.8708696961496974e-08
48550.056 2.411828619258488e-08
48600.056 4.5131244508001334e-08
48650.056 5.5098280891998914e-08
48700.056 3.7872999500002563e-08
48750.056 2.7978697672000604e-08
48800.056 4.128942313000097e-08
48850.056 1.7959371232707408e-08
48900.056 1.7936637932178086e-08
48950.056 8.821133645799493e-09
49000.056 5.417714525043476e-09
49050.056 1.9269570191398045e-08
49100.056 2.903507418814466e-08
49150.056 2.36974015275993e-08
49200.056 4.242491136900337e-08
49250.056 4.609088325099988e-08
49300.056 3.5279263287997186e-08
49350.056 1.2661385863872078e-08
49400.056 1.6875078340106753e-08
49450.056 1.2848762400982689e-08
49500.056 1.021898465712798e-08
49550.056 1.4132873984099905e-09
49600.056 4.596371583156933e-09
49650.056 1.8166808569001938e-08
49700.056 2.5573117182999014e-08
49750.056 1.9048747138258693e-08
49800.056 9.653573192500054e-09
49850.056 2.8193794825002886e-08
49900.056 3.2228512716999586e-08
49950.056 2.860902460399872e-08
50000.056 1.5761502006447485e-08
50050.056 1.807996773186237e-08
50100.056 1.5887136861999065e-08
50150.056 5.206882734798931e-09
50200.056 6.303917755212956e-10
50250.056 4.7197607782999896e-09
50300.056 3.4033513681607932e-09
50350.056 1.7441561780001914e-08
50400.056 2.428598742599947e-08
50450.056 1.8684231109300114e-08
50500.056 2.9642116458001556e-08
50550.056 3.235740764500019e-08
50600.056 1.9032971017195143e-08
50650.056 3.024694067800298e-08
50700.056 2.8164191439998902e-08
50750.056 1.4749566959199104e-08
50800.056 3.486186518423125e-09
50850.056 1.3638250008426924e-09
50900.056 1.3096952009501618e-08
50950.056 1.6403007261398567e-08
51000.056 1.0426089287212093e-08
51050.056 1.9174780553197692e-08
51100.056 6.914220375900184e-09
51150.056 5.106261978885334e-09
51200.056 2.2596168832000842e-08
51250.056 1.8884050945198006e-08
51300.056 1.0789514759500531e-08
51350.056 8.151680601952351e-09
51400.056 1.7160345614243913e-09
51450.056 1.4989949371305383e-09
51500.056 1.426281247354559e-09
51550.056 7.500368246301365e-09
51600.056 9.799589256700885e-09
51650.056 1.4685067344699805e-08
51700.056 1.1667336030787772e-08
51750.056 8.752735939991897e-09
51800.056 1.8536303654999704e-08
51850.056 1.365113006079923e-08
51900.056 1.2173047469700175e-08
51950.056 5.314187765698897e-09
52000.056 4.0400291972386957e-10
52050.056 2.5694948459502315e-09
52100.056 1.214059552349686e-09
52150.056 6.458733741462362e-10
52200.056 3.3865884871999875e-09
52250.056 6.89314161956101e-09
52300.056 7.485999771899338e-09
52350.056 1.3588501234018268e-09
52400.056 1.6493356155750506e-09
52450.056 9.3074075135012e-09
52500.056 6.674588552749385e-09
52550.056 1.0595810789799065e-08
52600.056 9.185402863301166e-09
52650.056 1.1791795567899711e-08
52700.056 5.891249942759601e-09
52750.056 1.582787736445385e-09
52800.056 3.473953090520681e-09
52850.056 4.403487705469036e-09
52900.056 1.0898343103625046e-09
52950.056 2.2455556870304757e-09
53000.056 6.421507551000226e-09
53050.056 1.982068301707851e-09
53100.056 1.0288364351901093e-08
53150.056 1.0877693278599601e-08
53200.056 4.135383434019754e-09
53250.056 8.752680891999868e-09
53300.056 8.82353592269116e-09
53350.056 7.617953196999815e-09
53400.056 4.2374555393994685e-09
53450.056 9.561024492597054e-10
53500.056 1.9955332757795907e-10
53550.056 3.9095743585499674e-10
53600.056 2.2083744634625548e-09
53650.056 4.151636221380218e-09
53700.056 3.3742731308395464e-09
53750.056 2.9371105734396344e-09
53800.056 2.6246760698501456e-09
53850.056 6.098577699299395e-09
53900.056 8.413770206500172e-09
53950.056 6.4302022540996315e-09
54000.056 4.884342148900692e-09
54050.056 4.903781279599373e-09
54100.056 8.357189715959686e-10
54150.056 9.265938657000282e-10
54200.056 1.800290687359514e-10
54250.056 4.070374615860662e-10
54300.056 1.2929393642501848e-09
54350.056 2.655383275100055e-09
54400.056 1.9794199310196334e-09
54450.056 1.5357772560014468e-09
54500.056 2.5241949855103708e-09
54550.056 1.8047679927397853e-09
54600.056 1.0506302272197538e-09
54650.056 1.4377999054198143e-10
54700.056 1.126158252930148e-09
54750.056 1.1574835368198037e-09
54800.056 5.99663105998197e-10
54850.056 1.0829638938002165e-09
54900.056 1.714160936190168e-09
54950.056 4.1117874982593075e-09
55000.056 1.5789913916998292e-09
55050.056 1.6720132182301521e-09
55100.056 2.6902828734506593e-09
55150.056 1.1361309347453088e-09
55200.056 7.280467014520071e-10
55250.056 9.795155059552634e-10
55300.056 9.080694057690196e-10
55350.056 1.5232076841900453e-09
55400.056 1.1561003998599098e-09
55450.056 1.2238013626367173e-09
55500.056 4.0722107094604686e-10
55550.056 2.963200271409543e-10
55600.056 8.067745066431012e-10
55650.056 6.512700286398809e-10
55700.056 6.37762458100077e-10
55750.056 3.408930735459349e-10
55800.056 1.7505877710002227e-10
55850.056 2.5284616768296894e-10
55900.056 8.616108910621136e-10
55950.056 1.5300533131785608e-09
56000.056 6.047524164672773e-10
56050.056 5.071229677211054e-10
56100.056 8.015101626550698e-10
56150.056 3.7318113750496427e-10
56200.056 4.4169463065944534e-10
56250.056 1.4967382548700428e-09
56300.056 7.095900284897943e-10
56350.056 2.144815228540311e-10
56400.056 1.4496072551798782e-10
56450.056 1.5983546723305668e-10
56500.056 5.298753533675301e-10
56550.056 1.88246434384e-10
56600.056 5.191728772590248e-10
56650.056 4.5989007885042383e-10
56700.056 4.1973754250199247e-10
56750.056 2.6172950523397466e-10
56800.056 1.8039015270492776e-10
56850.056 4.656979649650979e-10
56900.056 2.2387778860193992e-10
56950.056 6.753156479538651e-10
57000.056 9.29029798028066e-10
57050.056 6.429245291898179e-10
57100.056 1.0869660770387303e-10
57150.056 3.110073615010926e-10
57200.056 1.608098358677993e-10
57250.056 2.985802200509846e-10
57300.056 2.51608780909286e-10
57350.056 1.9183302109921455e-10
57400.056 5.251261673647962e-10
57450.056 1.8215835724239413e-10
57500.056 1.3105398667149565e-10
57550.056 1.789949686597784e-10
57600.056 9.431922936136918e-11
57650.056 1.2139741586401748e-10
57700.056 2.434940998279851e-10
57750.056 3.770198731546661e-10
57800.056 2.647606751078903e-10
57850.056 5.758405415022397e-10
57900.056 1.2627452196800288e-09
57950.056 9.57343102684052e-10
58000.056 2.1830071811569493e-10
58050.056 5.056446140859114e-10
58100.056 2.2297860888440154e-10
58150.056 2.493679455798863e-10
58200.056 1.1127625226599644e-10
58250.056 1.3518618081490628e-10
58300.056 1.0420395977863443e-10
58350.056 1.394125241351184e-10
58400.056 2.5918856334274383e-10
58450.056 6.576815308299805e-10
58500.056 6.870802880599367e-10
58550.056 2.189751521326936e-10
58600.056 1.3930775210381913e-10
58650.056 3.0141285116096487e-10
58700.056 1.2644059512063413e-10
58750.056 3.718056537299699e-10
58800.056 7.675181990198459e-11
58850.056 1.4314278660721765e-10
58900.056 1.0954914598087923e-10
58950.056 1.4370094588895046e-10
59000.056 2.0691949921500487e-10
59050.056 1.6357758018290557e-10
59100.056 6.193448493151133e-11
59150.056 1.6652648431122338e-10
59200.056 4.782730497600131e-10
59250.056 5.661254974200611e-10
59300.056 4.34733618359932e-10
59350.056 1.3603708247499897e-10
59400.056 1.2991364715733005e-10
59450.056 3.1700250196394925e-10
59500.056 3.3520318963322645e-10
59550.056 3.822462461340234e-10
59600.056 3.968494097307198e-10
59650.056 8.700226951401334e-11
59700.056 2.129432444200446e-10
59750.056 7.280152295100052e-10
59800.056 3.2983808413239277e-10
59850.056 2.96434014133579e-10
59900.056 1.989654662590073e-10
59950.056 2.4498353953994434e-10
60000.056 5.830733970701621e-10
60050.056 9.879348054800176e-10
60100.056 6.131859044399203e-10
60150.056 1.8385408197395566e-10
60200.056 1.6647592348408262e-10
60250.056 6.58599160884957e-10
60300.056 4.860338273760857e-10
60350.056 4.1780938045988937e-10
60400.056 4.11121109399895e-10
60450.056 1.3516063610768078e-10
60500.056 8.014940666371606e-11
60550.056 2.6284774395161264e-10
60600.056 3.059443415539695e-10
60650.056 2.8557927263441755e-10
60700.056 1.7636985654396708e-10
60750.056 6.916493769865411e-11
60800.056 2.63142472282024e-10
60850.056 4.632632116829064e-10
60900.056 2.91836043382992e-10
60950.056 1.6137100986042085e-10
61000.056 5.045445796271229e-10
61050.056 2.1397770971194077e-10
61100.056 1.7042675084295572e-10
61150.056 9.785841662554314e-11
61200.056 3.467757039680588e-10
61250.056 2.605947104519893e-10
61300.056 1.1932304621436078e-10
61350.056 3.3739080461779146e-10
61400.056 1.3562966819429735e-10
61450.056 5.7075662451109695e-11
61500.056 3.563325954016134e-11
61550.056 9.660575650009933e-11
61600.056 8.841074195360083e-11
61650.056 6.357194960601825e-11
61700.056 2.1806559897871078e-10
61750.056 1.543749119126943e-10
61800.056 1.8218362608800105e-10
61850.056 7.453895023246558e-11
61900.056 4.4045394004407114e-10
61950.056 2.244951094930694e-10
62000.056 1.4077485002658134e-10
62050.056 8.759103055802353e-10
62100.056 1.5823537058419886e-10
62150.056 5.283097056428865e-10
62200.056 4.803543735640242e-10
62250.056 5.017820536335783e-10
62300.056 9.36399747705054e-10
62350.056 1.4485892250099975e-09
62400.056 9.090536607181509e-10
62450.056 5.968897019307263e-10
62500.056 1.2042363820061806e-09
62550.056 3.0004007410400536e-09
62600.056 5.750841671800516e-10
62650.056 4.2335020458575506e-10
62700.056 1.9340152859844266e-10
62750.056 1.0751978375647084e-09
62800.056 7.509965294360083e-10
62850.056 3.7624274297710806e-10
62900.056 1.5465952972604125e-09
62950.056 2.379565085095501e-09
63000.056 3.914447304296266e-10
63050.056 3.3453733526610444e-09
63100.056 4.0982935106096855e-09
63150.056 3.2741734077001634e-09
63200.056 1.7672559382596795e-09
63250.056 1.3994945695499732e-09
63300.056 1.7788934769830038e-10
63350.056 4.877038802301187e-10
63400.056 3.576346595938977e-10
63450.056 1.2076124100239016e-10
63500.056 7.412064404501943e-10
63550.056 1.1548419923398306e-09
63600.056 3.370393917926268e-10
63650.056 6.84234535610093e-10
63700.056 3.039513039099439e-10
63750.056 3.720808604366029e-10
63800.056 9.869632916155485e-10
63850.056 9.012190702498248e-10
63900.056 2.9919365949198826e-10
63950.056 2.4494942838365983e-10
64000.056 5.840719799098811e-10
64050.056 9.630334559355643e-11
64100.056 1.8860521213802195e-10
64150.056 2.1171112980594684e-10
64200.056 1.52197861338909e-10
64250.056 5.951719650880234e-10
64300.056 4.848584128949027e-10
64350.056 2.346155624189063e-10
64400.056 6.605394162764806e-10
64450.056 6.394396279053069e-10
64500.056 5.609102644599659e-10
64550.056 6.607626747400052e-10
64600.056 3.82061627513163e-10
64650.056 6.588533503510847e-10
64700.056 1.918648713400443e-10
64750.056 3.744029321140212e-10
64800.056 1.3880405908203814e-10
64850.056 2.2493151815202256e-10
64900.056 1.4403227539094928e-10
64950.056 1.4915253466697064e-10
65000.056 1.878976370420228e-10
65050.056 4.2244411117790953e-10
65100.056 3.206148918280694e-10
65150.056 3.8601648357000137e-10
65200.056 1.853585525204005e-10
65250.056 1.742333275717053e-10
65300.056 3.5369458650522144e-10
65350.056 7.035245026600783e-10
65400.056 3.5904917732494736e-10
65450.056 4.6081510234534744e-10
65500.056 5.231709807420467e-10
65550.056 3.085146774030354e-10
65600.056 6.046068682081489e-10
65650.056 4.5963488909862037e-10
65700.056 3.624040477340586e-10
65750.056 2.9010123402517337e-10
65800.056 4.4904542670011094e-10
65850.056 9.181424866898904e-10
65900.056 2.783604654649105e-10
65950.056 2.0876837384953763e-10
66000.056 2.7409969826740633e-10
66050.056 5.66144392375478e-10
66100.056 4.642845765074854e-10
66150.056 4.763614626180568e-10
66200.056 7.821479599399331e-10
66250.056 3.2527062212822624e-10
66300.056 3.7306872757610915e-10
66350.056 2.370607234000193e-10
66400.056 3.170128459040746e-10
66450.056 6.822879237401072e-10
66500.056 9.228102163102495e-10
66550.056 8.667588692557946e-10
66600.056 7.583653212299435e-10
66650.056 2.81177102109525e-10
66700.056 3.570542720280619e-10
66750.056 6.583491887059436e-10
66800.056 4.4628845339000457e-10
66850.056 3.259203263057266e-10
66900.056 1.0854153845070946e-09
66950.056 7.332752454815184e-10
67000.056 1.7275476726702871e-09
67050.056 7.757209059198913e-10
67100.056 5.820048462500774e-10
67150.056 7.10998219760023e-10
67200.056 9.638833455098476e-10
67250.056 9.421485546502808e-10
67300.056 1.5492874028399748e-09
67350.056 3.7880645987615266e-10
67400.056 1.146763321676715e-09
67450.056 9.676222428414825e-10
67500.056 7.213959763001456e-10
67550.056 2.471458762800697e-09
67600.056 3.948068390299576e-09
67650.056 2.0566952160313636e-09
67700.056 1.3997985997295504e-09
67750.056 7.957563898201982e-10
67800.056 7.282181810246291e-10
67850.056 5.992707972700055e-10
67900.056 5.785109837999754e-10
67950.056 6.159583645100209e-10
68000.056 1.4390846706998571e-09
68050.056 6.833776754659292e-10
68100.056 1.49681627114338e-09
68150.056 1.8197119745996747e-09
68200.056 1.016496835633335e-09
68250.056 4.67479745639987e-10
68300.056 1.3861523319602574e-09
68350.056 2.0401213778099112e-09
68400.056 2.601093903200084e-09
68450.056 2.667422938399821e-09
68500.056 1.2297213662696978e-09
68550.056 5.915043626899702e-10
68600.056 5.186234087160582e-10
68650.056 4.098526829420307e-10
68700.056 7.614432075701776e-10
68750.056 1.2329671786000336e-09
68800.056 9.78407716609612e-10
68850.056 9.230169645996842e-10
68900.056 3.2023879585902983e-09
68950.056 3.5022130747998854e-09
69000.056 1.185943467659722e-09
69050.056 7.998783200499731e-10
69100.056 2.4067799334001442e-09
69150.056 4.355395190891101e-09
69200.056 4.580063242300401e-09
69250.056 4.543903416499265e-09
69300.056 4.609708820900821e-09
69350.056 4.705893591499681e-09
69400.056 1.991860730019145e-09
69450.056 3.5846845978987717e-09
69500.056 2.212116921449939e-09
69550.056 1.2729820843199407e-09
69600.056 4.3282943288000853e-10
69650.056 1.3183569990103004e-09
69700.056 2.7417069195000735e-09
69750.056 1.2924574506099139e-09
69800.056 3.2837189578998093e-09
69850.056 3.247014318340703e-09
69900.056 1.8016544293594917e-09
69950.056 1.7318203768707265e-09
70000.056 2.3084394992499356e-09
70050.056 5.267400678000939e-09
70100.056 3.7320600323292144e-09
70150.056 2.7665151295900788e-09
70200.056 1.5639767949095049e-09
70250.056 1.5519341719503908e-09
70300.056 2.9477550499903896e-09
70350.056 3.0874011906997684e-09
70400.056 1.2579418246797443e-09
70450.056 4.6539012970012257e-10
70500.056 1.3324770444002942e-09
70550.056 1.2575652800000785e-09
70600.056 1.67909946604016e-09
70650.056 2.8640036921998378e-09
70700.056 4.733867870801015e-09
70750.056 7.373173606100113e-09
70800.056 2.445818006828783e-09
70850.056 3.2497248929408904e-09
70900.056 4.289330017279272e-09
70950.056 5.914061688301309e-09
71000.056 5.763567327200089e-09
71050.056 6.048969311839363e-09
71100.056 4.193146211699446e-09
71150.056 1.7288860074895309e-09
71200.056 1.997623262029779e-09
71250.056 4.735037646100705e-09
71300.056 7.003987889999359e-09
71350.056 6.17750464339998e-09
71400.056 3.7940043104991575e-09
71450.056 1.1305305681698574e-09
71500.056 1.7713524478698696e-09
71550.056 1.8529317872200784e-09
71600.056 2.120666242119709e-09
71650.056 1.087466395990002e-09
71700.056 9.338576681200413e-10
71750.056 2.464631259400776e-09
71800.056 4.078730812779742e-09
71850.056 4.904930293300128e-09
71900.056 3.078012565999737e-09
71950.056 3.990413781598832e-09
72000.056 3.0270061505998903e-09
72050.056 1.1311442726597245e-09
72100.056 1.438258678060239e-09
72150.056 2.991870712949572e-09
72200.056 3.0368383794002765e-09
72250.056 7.245470160800369e-09
72300.056 2.2121395708497247e-09
72350.056 3.903802223660027e-09
72400.056 3.0249118082100416e-09
72450.056 2.9362636170986606e-09
72500.056 3.6898592109997668e-09
72550.056 8.442410197103637e-10
72600.056 1.598886136780222e-09
72650.056 3.234713893201177e-09
72700.056 1.261697717509441e-09
72750.056 1.6414114557399056e-09
72800.056 7.004015252200843e-10
72850.056 1.2216034904745682e-09
72900.056 4.482750869400189e-09
72950.056 1.6698647913087996e-09
73000.056 1.731810223215311e-09
73050.056 5.793849672699601e-10
73100.056 8.483955035567048e-10
73150.056 3.307925787699724e-09
73200.056 7.076526770454958e-10
73250.056 1.046401581449873e-09
73300.056 5.445752265250504e-10
73350.056 4.915526860278032e-10
73400.056 1.3161492916401953e-09
73450.056 6.189983343298878e-10
73500.056 3.4162469976508495e-10
73550.056 9.017240621802612e-10
73600.056 1.1725225891995429e-09
73650.056 6.810168667261122e-10
73700.056 5.308209961146194e-10
73750.056 1.7490984116482543e-10
73800.056 6.214861170732347e-10
73850.056 9.520063946396047e-10
73900.056 2.4883426864498934e-10
73950.056 4.6070264875136837e-10
74000.056 1.3398903105717093e-10
74050.056 8.978042372604207e-10
74100.056 1.148285121849913e-09
74150.056 7.660497883497602e-10
74200.056 1.7466698714371666e-10
74250.056 6.332647446700782e-11
74300.056 6.459476069122791e-10
74350.056 1.1598841017602325e-09
74400.056 6.793604943637349e-10
74450.056 2.0231340568637888e-10
74500.056 9.42683877897337e-11
74550.056 2.576512331024339e-10
74600.056 5.615897191851347e-10
74650.056 7.555598045599517e-10
74700.056 5.420521256501428e-10
74750.056 1.0783195213614175e-10
74800.056 1.584461850992986e-10
74850.056 9.298989019102813e-10
74900.056 1.2108338579196282e-09
74950.056 7.170707095297202e-10
75000.056 3.379521551198537e-10
75050.056 3.1333738258645706e-11
75100.056 4.2920179386015815e-10
75150.056 1.3375794867202568e-09
75200.056 1.4033775705197915e-09
75250.056 6.518809864496024e-10
75300.056 3.1651617688899605e-10
75350.056 6.372615233137609e-11
75400.056 6.832078644902156e-10
75450.056 1.7448944500002448e-09
75500.056 1.4685452423956813e-09
75550.056 7.255351163470265e-10
75600.056 6.679109617558209e-10
75650.056 2.8053659497648183e-10
75700.056 1.7819396975502356e-09
75750.056 1.8857326840205376e-09
75800.056 1.6690858370092757e-09
75850.056 1.7131213712174935e-09
75900.056 1.4838041693294762e-09
75950.056 4.282661565660683e-10
76000.056 2.642559015800262e-09
76050.056 2.933713296899475e-09
76100.056 2.306568775457474e-09
76150.056 2.2546276368298356e-09
76200.056 1.3611220961199606e-09
76250.056 2.4896051010577136e-10
76300.056 1.5744449655302973e-09
76350.056 2.4250076200000528e-09
76400.056 1.5936076778798408e-09
76450.056 1.0358344835801471e-09
76500.056 5.774278872698951e-10
76550.056 1.3625099852341447e-10
76600.056 3.140370159002428e-11
76650.056 4.821307532006504e-11
76700.056 6.137339089535969e-11
76750.056 7.892205879115953e-11
76800.056 1.4970275324584236e-10
76850.056 1.5937793700813854e-10
76900.056 2.7678070031891676e-10
76950.056 2.096358131713051e-10
77000.056 7.025666965699031e-10
77050.056 1.4533817035297394e-10
77100.056 2.824833321969804e-10
77150.056 6.084762929400826e-10
77200.056 2.2562331068801844e-10
77250.056 1.4829743076913184e-10
77300.056 7.692462290599319e-10
77350.056 4.3045411497072026e-10
77400.056 9.750570896605635e-10
77450.056 2.4388880183996503e-09
77500.056 1.2969472521298742e-09
77550.056 4.338220898159459e-10
77600.056 1.1769565584192149e-10
77650.056 1.9543287663971566e-10
77700.056 7.957441297798531e-10
77750.056 1.1088031528526385e-09
77800.056 2.0499172768001223e-09
77850.056 1.8476672544995596e-09
77900.056 3.690299527224457e-10
77950.056 1.1388705393348725e-10
78000.056 4.122683292859363e-10
78050.056 5.170526004777777e-10
78100.056 1.1170623069302782e-09
78150.056 1.7888924585107453e-09
78200.056 2.8893399720998583e-09
78250.056 1.1883464222295174e-09
78300.056 1.8486951391776007e-10
78350.056 6.578620305162229e-10
78400.056 3.0605040613037094e-10
78450.056 5.890180287700899e-10
78500.056 1.9386586549439717e-09
78550.056 2.9628153099999284e-09
78600.056 1.6827781142396558e-09
78650.056 2.4718181352421527e-10
78700.056 2.8859099167447407e-10
78750.056 7.8747123364989e-10
78800.056 3.1875245579579737e-10
78850.056 2.2205956818393637e-10
78900.056 5.869149531516342e-10
78950.056 1.5570785903201231e-09
79000.056 7.17005664764607e-10
79050.056 6.473706054850662e-10
79100.056 1.1676917073502052e-09
79150.056 4.997394154134123e-10
79200.056 6.95763311979971e-10
79250.056 2.961913007535088e-10
79300.056 4.623427661411337e-10
79350.056 6.618440820499871e-10
79400.056 2.672304204015723e-10
79450.056 1.5986569086703241e-09
79500.056 3.201924037850215e-09
79550.056 2.4075982754994828e-09
79600.056 7.370922853522369e-10
79650.056 2.1340868827296284e-09
79700.056 7.156141595520215e-10
79750.056 7.619740653584479e-10
79800.056 6.374594732619523e-10
79850.056 1.8981657972604806e-09
79900.056 4.799641795280899e-09
79950.056 5.681494383799722e-09
