# %ECSV 1.0
# ---
# datatype:
# - {name: wav, unit: Angstrom, datatype: float64}
# - {name: flux_nu, unit: erg / (cm2 Hz s), datatype: float64}
# meta: {C/O: '1.00', Kzz: '1.0000E+05', Teff: '950.', Y: '0.28', '[Fe/H]': '-0.50', f_hole: '1.00', f_rain: '0.00', grav: '3160.'}
# schema: astropy-2.0
wav flux_nu
4000.0559999999996 nan
4050.0559999999996 1.0092779063004693e-13
4100.056 1.2215803450880093e-11
4150.056 5.4812139135000874e-11
4200.056 5.5633774468109645e-11
4250.056 1.266201928780012e-10
4300.056 1.9568583273800245e-10
4350.056 2.2496347671999993e-10
4400.056 2.798319345200009e-10
4450.056 3.5439328502000496e-10
4500.056 3.540684747000005e-10
4550.056 4.1532208514000135e-10
4600.056 3.757984185900002e-10
4650.056 3.039671983799993e-10
4700.056 2.494668427599982e-10
4750.056 9.70689558449986e-11
4800.056 1.8515727090699682e-11
4850.056 2.808868341099952e-12
4900.056 6.952275733599919e-13
4950.056 2.1327489045999724e-13
5000.056 5.362101129399922e-14
5050.056 1.7989361567999916e-14
5100.056 1.4292229752999984e-14
5150.056 1.2821469909999987e-14
5200.056 1.1921373921999983e-14
5250.056 1.1400707251999992e-14
5300.056 1.1217220951999991e-14
5350.056 1.1387375377000006e-14
5400.056 1.1898239700000003e-14
5450.056 1.247645403099999e-14
5500.056 1.3100186471000006e-14
5550.056 1.3720851331000008e-14
5600.056 1.4315595114e-14
5650.056 1.4775542579000004e-14
5700.056 1.4991253741000004e-14
5750.056 1.4348917760999985e-14
5800.056 1.265955227499997e-14
5850.056 8.97081729759991e-15
5900.056 3.1804112747364784e-15
5950.056 1.7848488779800212e-14
6000.056 3.709255695700032e-14
6050.056 6.423137675300046e-14
6100.056 1.0237147276100058e-13
6150.056 1.5671452645000087e-13
6200.056 2.356180436400012e-13
6250.056 3.5294722649000203e-13
6300.056 5.251199965400032e-13
6350.056 7.86719782880005e-13
6400.056 1.1916829704100074e-12
6450.056 1.8169222217000102e-12
6500.056 2.7931568182000188e-12
6550.056 4.318718868900024e-12
6600.056 6.702574273500054e-12
6650.056 1.0368744421400071e-11
6700.056 1.4161567821900117e-11
6750.056 2.3221149424000134e-11
6800.056 3.1945218439000134e-11
6850.056 3.7404330713000026e-11
6900.056 3.5229386550999945e-11
6950.056 3.012300339099993e-11
7000.056 2.8607845411000018e-11
7050.056 3.083532967000002e-11
7100.056 3.367620922900003e-11
7150.056 3.527763025699995e-11
7200.056 3.4417492015000057e-11
7250.056 3.150053542699976e-11
7300.056 2.7583561542000103e-11
7350.056 2.3987396144999923e-11
7400.056 2.0891118979e-11
7450.056 1.8202812465000002e-11
7500.056 1.573382993899996e-11
7550.056 1.3312610646999955e-11
7600.056 1.1028210130299941e-11
7650.056 3.528708084974851e-12
7700.056 2.5378819315341016e-12
7750.056 9.942176355800156e-12
7800.056 1.6963382963800205e-11
7850.056 3.028220801500024e-11
7900.056 4.6038994084000325e-11
7950.056 5.711152457260068e-11
8000.056 1.0607727860600095e-10
8050.056 1.5870200133000134e-10
8100.056 2.308623376500012e-10
8150.056 3.291480636100033e-10
8200.056 4.669696806600073e-10
8250.056 6.395639229400068e-10
8300.056 8.653455078200158e-10
8350.056 1.1441351505900108e-09
8400.056 1.493852925700013e-09
8450.056 1.9409185823000173e-09
8500.056 2.1970673939999484e-09
8550.056 2.9804113173401033e-09
8600.056 3.962658759000036e-09
8650.056 4.932494268000045e-09
8700.056 6.071279242500059e-09
8750.056 7.4164838111000595e-09
8800.056 8.966006306600069e-09
8850.056 1.0635865452500063e-08
8900.056 1.186239058100001e-08
8950.056 1.1136931747800035e-08
9000.056 1.6091263116000126e-08
9050.056 2.0503830066000213e-08
9100.056 2.404728186400029e-08
9150.056 2.764196201200023e-08
9200.056 3.239420390200003e-08
9250.056 3.5092839431999343e-08
9300.056 2.2031857506799703e-08
9350.056 3.0244360400200924e-08
9400.056 4.5595221749699736e-08
9450.056 4.6180881582001096e-08
9500.056 4.888587354159732e-08
9550.056 5.49850484362038e-08
9600.056 6.010411242920039e-08
9650.056 6.973260236620164e-08
9700.056 8.539356445799819e-08
9750.056 9.546849879300242e-08
9800.056 1.0802757133999938e-07
9850.056 1.2206422903399954e-07
9900.056 1.2000061901399988e-07
9950.056 1.245534446900004e-07
10000.056 9.248249778280052e-08
10050.056 1.2581555279000006e-07
10100.056 1.3778851225000052e-07
10150.056 1.452848113300004e-07
10200.056 1.5387320204000074e-07
10250.056 1.6487131008000047e-07
10300.056 1.769268464399996e-07
10350.056 1.8541726738000141e-07
10400.056 1.9507336034999984e-07
10450.056 2.0291164469999935e-07
10500.056 2.077897649499999e-07
10550.056 2.124684645500002e-07
10600.056 2.1756798081000015e-07
10650.056 2.2276056912000044e-07
10700.056 2.266110544500003e-07
10750.056 2.3046361724000025e-07
10800.056 2.327936898500003e-07
10850.056 2.3340377466000028e-07
10900.056 2.2089093863999856e-07
10950.056 1.8603134760999869e-07
11000.056 1.5731012539399534e-07
11050.056 1.2468654508299925e-07
11100.056 9.154734106599905e-08
11150.056 7.235761572535882e-08
11200.056 8.150810439236625e-08
11250.056 1.0522823491898935e-07
11300.056 1.1175961812544875e-07
11350.056 6.392694193094395e-08
11400.056 1.264545007044064e-07
11450.056 1.0130424536535356e-07
11500.056 1.0955025369719958e-07
11550.056 8.283387349667114e-08
11600.056 8.188059560473466e-08
11650.056 1.0296683571670296e-07
11700.056 1.0344649473399854e-07
11750.056 8.620712055139783e-08
11800.056 1.2407776591000072e-07
11850.056 1.5761816130800162e-07
11900.056 1.8013590390099796e-07
11950.056 2.0397505182900348e-07
12000.056 2.2432823352000048e-07
12050.056 2.451303095200015e-07
12100.056 2.625463833899993e-07
12150.056 2.8319798046999913e-07
12200.056 3.000961532100001e-07
12250.056 3.182312689599995e-07
12300.056 3.389383923800016e-07
12350.056 3.499525422700006e-07
12400.056 3.6811667577999976e-07
12450.056 3.8485970547000123e-07
12500.056 4.0014156385000247e-07
12550.056 4.22655325960001e-07
12600.056 4.446596898300009e-07
12650.056 4.5733578783000087e-07
12700.056 4.667364914000006e-07
12750.056 4.6176153783000085e-07
12800.056 4.5777410238e-07
12850.056 4.3405936087999843e-07
12900.056 4.2278330448999993e-07
12950.056 4.1447163220000144e-07
13000.056 4.131655072100039e-07
13050.056 3.927477599799983e-07
13100.056 3.9357959297998754e-07
13150.056 3.5562444284600933e-07
13200.056 3.4448935981999596e-07
13250.056 2.769983111559958e-07
13300.056 1.79840475359685e-07
13350.056 7.011263039662896e-08
13400.056 2.3075190756707724e-08
13450.056 1.46926792083813e-08
13500.056 8.684053182187452e-09
13550.056 5.972029612720336e-09
13600.056 4.7698050062252055e-09
13650.056 1.316428898177903e-08
13700.056 1.0317894518116977e-08
13750.056 1.7998421800054517e-08
13800.056 2.1379623972054156e-08
13850.056 1.1848357441648537e-08
13900.056 1.1231486556344985e-08
13950.056 1.1106854396281935e-08
14000.056 1.2587650283552143e-08
14050.056 1.5979599419674067e-08
14100.056 1.2046603006173219e-08
14150.056 1.64322439358072e-08
14200.056 1.3101928436725081e-08
14250.056 1.3798077166854838e-08
14300.056 2.450879633464461e-08
14350.056 2.3778031106396705e-08
14400.056 2.408487115804752e-08
14450.056 3.223289884921523e-08
14500.056 4.8536052185288876e-08
14550.056 4.7893806131599634e-08
14600.056 7.476919651300043e-08
14650.056 6.578882165249807e-08
14700.056 4.944694864933864e-08
14750.056 6.102994031820348e-08
14800.056 6.885212455142031e-08
14850.056 7.740327988030329e-08
14900.056 7.660014259709693e-08
14950.056 9.032486082120189e-08
15000.056 1.0703334210400019e-07
15050.056 1.1848568537799559e-07
15100.056 1.1659653842099836e-07
15150.056 1.1729602806699748e-07
15200.056 1.3548946380799038e-07
15250.056 1.5837553306300481e-07
15300.056 1.695042958099976e-07
15350.056 1.8716514212999969e-07
15400.056 2.0223519688000871e-07
15450.056 2.11501887340005e-07
15500.056 2.2169350966999485e-07
15550.056 2.3559997280000242e-07
15600.056 2.477173103999986e-07
15650.056 2.560650774400028e-07
15700.056 2.685351651199994e-07
15750.056 2.7138818665000115e-07
15800.056 2.728887068299992e-07
15850.056 2.7440951965000036e-07
15900.056 2.6844487212999974e-07
15950.056 2.6055684157999864e-07
16000.056 2.4498507041999963e-07
16050.056 2.1902903905999815e-07
16100.056 1.9383912858999832e-07
16150.056 1.648599371389943e-07
16200.056 1.355501068430019e-07
16250.056 1.2518747201799782e-07
16300.056 1.1395533587819798e-07
16350.056 1.1811289132121168e-07
16400.056 1.2323969272020123e-07
16450.056 1.2817402049419895e-07
16500.056 1.3552681939600106e-07
16550.056 1.336169457741989e-07
16600.056 1.3849979013800227e-07
16650.056 9.73021668613963e-08
16700.056 7.446708038300527e-08
16750.056 9.687336540900149e-08
16800.056 1.1321529944400165e-07
16850.056 1.1094615540999223e-07
16900.056 1.0441893715400638e-07
16950.056 9.503446406599543e-08
17000.056 8.693350170300759e-08
17050.056 1.007902982250025e-07
17100.056 1.068121713679997e-07
17150.056 9.880263072099966e-08
17200.056 1.1228886204299765e-07
17250.056 1.0234291396399467e-07
17300.056 9.518381278900106e-08
17350.056 8.931558524699716e-08
17400.056 8.809234908099841e-08
17450.056 8.748640270299549e-08
17500.056 8.722491530600963e-08
17550.056 7.639319634099576e-08
17600.056 7.16636087842022e-08
17650.056 6.663764428230476e-08
17700.056 5.5985879998877546e-08
17750.056 4.814016611780071e-08
17800.056 5.1592767139604026e-08
17850.056 3.739160694170436e-08
17900.056 4.1264947439062737e-08
17950.056 3.1272692349860116e-08
18000.056 3.414247750180522e-08
18050.056 2.6342076912740237e-08
18100.056 2.914304972954017e-08
18150.056 3.049035674332214e-08
18200.056 2.200165142567994e-08
18250.056 4.104639453039615e-08
18300.056 2.4170849892676965e-08
18350.056 2.4076784391927758e-08
18400.056 2.0565048053417797e-08
18450.056 3.039709661661186e-08
18500.056 2.8136455945849552e-08
18550.056 2.1027629921718687e-08
18600.056 2.0091085473300797e-08
18650.056 1.801041561431423e-08
18700.056 1.4250898559456899e-08
18750.056 2.1503405341676363e-08
18800.056 3.936309439650233e-08
18850.056 3.9450056749512056e-08
18900.056 3.553489647392769e-08
18950.056 5.022460187117151e-08
19000.056 3.338599218802625e-08
19050.056 2.459389761748638e-08
19100.056 3.653980819860103e-08
19150.056 2.5755831225730517e-08
19200.056 3.008019842465731e-08
19250.056 2.39683487382183e-08
19300.056 2.243765648683096e-08
19350.056 2.135409391033705e-08
19400.056 1.5824243399917187e-08
19450.056 2.4043259000067285e-08
19500.056 2.4538959974687432e-08
19550.056 2.1008945982371248e-08
19600.056 2.5829641110137178e-08
19650.056 2.9900068361385394e-08
19700.056 2.9725297866486272e-08
19750.056 3.3399568283222316e-08
19800.056 3.28793333131165e-08
19850.056 4.181954390660092e-08
19900.056 3.643769147586832e-08
19950.056 4.642838994165927e-08
20000.056 4.408347952890336e-08
20050.056 4.8874242243601735e-08
20100.056 5.270569022219787e-08
20150.056 4.933171549800682e-08
20200.056 4.924643805341011e-08
20250.056 5.614302187340352e-08
20300.056 5.64650517939008e-08
20350.056 5.868720227199702e-08
20400.056 5.917462503999853e-08
20450.056 6.532634891400201e-08
20500.056 6.738548709499518e-08
20550.056 6.832272896900262e-08
20600.056 7.029003268900141e-08
20650.056 7.193196646599999e-08
20700.056 7.309683795600084e-08
20750.056 7.361920074399931e-08
20800.056 7.388219735399822e-08
20850.056 7.461698619100021e-08
20900.056 7.500401638699913e-08
20950.056 7.440028476600059e-08
21000.056 7.396548585500009e-08
21050.056 7.391021520999951e-08
21100.056 7.335981457800015e-08
21150.056 7.318395513299858e-08
21200.056 7.228126530500053e-08
21250.056 7.149981778499822e-08
21300.056 6.996729767799946e-08
21350.056 6.902253638900005e-08
21400.056 6.880500432300215e-08
21450.056 6.655346425600073e-08
21500.056 6.490193114200034e-08
21550.056 6.351117460599986e-08
21600.056 6.119290584400087e-08
21650.056 5.8152535178000346e-08
21700.056 5.831871470199903e-08
21750.056 5.453491125000183e-08
21800.056 5.056218310999939e-08
21850.056 4.798307011240114e-08
21900.056 4.3773995945000745e-08
21950.056 3.681210000560106e-08
22000.056 2.4145433693098604e-08
22050.056 2.3394007877601185e-08
22100.056 3.1794525730290266e-08
22150.056 3.187926536159555e-08
22200.056 3.276067175959827e-08
22250.056 3.2002816781348566e-08
22300.056 2.6769158691508914e-08
22350.056 2.8738441027989427e-08
22400.056 2.2928457321897073e-08
22450.056 2.2539903000038945e-08
22500.056 2.271167008345249e-08
22550.056 1.966793762186072e-08
22600.056 1.944002391969951e-08
22650.056 2.0902016126295133e-08
22700.056 1.9709494386809083e-08
22750.056 2.0228179825778884e-08
22800.056 2.1271327902118617e-08
22850.056 1.8609768270521887e-08
22900.056 1.8608999983989577e-08
22950.056 1.7651630132198546e-08
23000.056 1.985161694019953e-08
23050.056 2.284813185695806e-08
23100.056 3.2762320852701274e-08
23150.056 2.745717465038739e-08
23200.056 1.2622883106899612e-08
23250.056 1.8598978209501337e-08
23300.056 1.6546920301091923e-08
23350.056 1.6995323633761557e-08
23400.056 1.5980627446581842e-08
23450.056 1.5580857092519357e-08
23500.056 1.6560547601943246e-08
23550.056 2.0610169015681973e-08
23600.056 2.3472371187788878e-08
23650.056 2.7151188323698587e-08
23700.056 1.4399107909953352e-08
23750.056 1.600020790199861e-08
23800.056 2.2177419302379766e-08
23850.056 2.133644492810046e-08
23900.056 2.8286828388820573e-08
23950.056 2.604456193022137e-08
24000.056 3.1920185459500696e-08
24050.056 3.161456759843986e-08
24100.056 3.137250236575951e-08
24150.056 3.526098649050293e-08
24200.056 3.3631405395102706e-08
24250.056 3.390532466830013e-08
24300.056 3.861414236740172e-08
24350.056 3.463923688778808e-08
24400.056 4.277656807580011e-08
24450.056 4.033566413399666e-08
24500.056 3.9946964527858256e-08
24550.056 4.3907027998904846e-08
24600.056 4.368122374519834e-08
24650.056 5.081314257550332e-08
24700.056 3.9084718617177665e-08
24750.056 3.949086381039668e-08
24800.056 3.964636546074099e-08
24850.056 5.19824411574963e-08
24900.056 2.9049635278494594e-08
24950.056 4.693847847683749e-08
25000.056 4.1430760940622576e-08
25050.056 2.7541599519312704e-08
25100.056 4.093152877855624e-08
25150.056 2.7673818259884268e-08
25200.056 3.456999903072915e-08
25250.056 2.135143721484052e-08
25300.056 2.99506121012974e-08
25350.056 1.8001219304730132e-08
25400.056 3.262490535128935e-08
25450.056 1.8280276089003368e-08
25500.056 1.9438627068801746e-08
25550.056 2.577102446888714e-08
25600.056 2.2689411793035187e-08
25650.056 1.3555553950053891e-08
25700.056 2.463237973842992e-08
25750.056 1.1350684901250486e-08
25800.056 2.9648044248905336e-08
25850.056 1.3673615099460305e-08
25900.056 2.0998271268645887e-08
25950.056 1.012822095690806e-08
26000.056 3.030361305893866e-08
26050.056 1.478444205113137e-08
26100.056 3.1390012350870106e-08
26150.056 2.2956133484489654e-08
26200.056 2.394121075741093e-08
26250.056 4.713085551852889e-08
26300.056 2.8139872361553983e-08
26350.056 5.561004146903072e-08
26400.056 4.836239457024448e-08
26450.056 4.777793206423213e-08
26500.056 5.796806394774399e-08
26550.056 2.8866587873320516e-08
26600.056 3.548876577999052e-08
26650.056 1.6607947931574672e-08
26700.056 1.4566086241739256e-08
26750.056 1.0725638909664722e-08
26800.056 1.737095271522418e-08
26850.056 1.0173286340317302e-08
26900.056 2.4353769264890734e-08
26950.056 1.3402017659918928e-08
27000.056 3.22206024439325e-08
27050.056 2.8732195190796932e-08
27100.056 1.8389123212820998e-08
27150.056 3.930413658944504e-08
27200.056 1.8846609365539766e-08
27250.056 2.638653270496948e-08
27300.056 6.383193559371043e-08
27350.056 4.073170207012591e-08
27400.056 1.1548750114217037e-08
27450.056 4.817395446121093e-08
27500.056 5.246270060973659e-08
27550.056 2.0227682065330892e-08
27600.056 3.7293685569599136e-08
27650.056 1.8454346290033427e-08
27700.056 1.4945079367231387e-08
27750.056 4.131397384892445e-08
27800.056 2.0622396987983446e-08
27850.056 2.33778188287695e-08
27900.056 2.7510868387861996e-08
27950.056 4.613306115912174e-08
28000.056 3.4626392397115e-08
28050.056 1.336230028061028e-08
28100.056 4.356305015608099e-08
28150.056 2.900256493097336e-08
28200.056 1.619610252308568e-08
28250.056 4.7200291135996304e-08
28300.056 5.1117443129580833e-08
28350.056 1.9017475197664767e-08
28400.056 3.8353468686678106e-08
28450.056 5.309631267413393e-08
28500.056 3.74064607617935e-08
28550.056 1.5656332990830122e-08
28600.056 5.562966606237091e-08
28650.056 4.19875495744757e-08
28700.056 3.97786516231816e-08
28750.056 6.159284969715562e-08
28800.056 4.889933926774955e-08
28850.056 5.660937560716868e-08
28900.056 3.197226798509873e-08
28950.056 6.067103791805694e-08
29000.056 5.4038865309013354e-08
29050.056 6.301413093264239e-08
29100.056 4.154011735180834e-08
29150.056 8.349075707917272e-08
29200.056 5.463258153156969e-08
29250.056 7.564051545407918e-08
29300.056 4.4939946759396914e-08
29350.056 1.2599726461060397e-07
29400.056 6.186767365070829e-08
29450.056 6.625105498919597e-08
29500.056 8.174541486656573e-08
29550.056 6.906620027201076e-08
29600.056 8.205545385428997e-08
29650.056 8.664666248809963e-08
29700.056 7.032926776462357e-08
29750.056 9.31016908896654e-08
29800.056 9.21612097499949e-08
29850.056 1.0273620996398275e-07
29900.056 1.0192362805122628e-07
29950.056 9.587113951818015e-08
30000.056 2.3742869440865334e-08
30050.056 4.0786744784702285e-08
30100.056 5.83651770500067e-08
30150.056 1.0007640689099961e-07
30200.056 8.719701238500099e-08
30250.056 1.3782724710600986e-07
30300.056 1.1758409890179364e-07
30350.056 1.0649654693010561e-07
30400.056 1.404183756030129e-07
30450.056 9.472768346450419e-08
30500.056 9.883043754149895e-08
30550.056 9.852797878839894e-08
30600.056 1.3865872991100725e-07
30650.056 1.0750946120300236e-07
30700.056 8.939065427818951e-08
30750.056 1.0530163379498835e-07
30800.056 9.618695558201375e-08
30850.056 8.891134181398837e-08
30900.056 7.470795227318159e-08
30950.056 6.634742192831203e-08
31000.056 6.907931712300896e-08
31050.056 8.57533032689964e-08
31100.056 5.478826937740284e-08
31150.056 6.912456695459573e-08
31200.056 8.967593939300802e-08
31250.056 5.7651034851798105e-08
31300.056 5.6870355922979857e-08
31350.056 6.001028966780817e-08
31400.056 4.665650658935156e-08
31450.056 5.650889405999241e-08
31500.056 3.536298060750577e-08
31550.056 4.4775347496173666e-08
31600.056 3.661275945730618e-08
31650.056 3.1142812543543076e-08
31700.056 3.806627330599976e-08
31750.056 2.513926338418385e-08
31800.056 3.8038389954296496e-08
31850.056 2.255596093216196e-08
31900.056 3.363836309440406e-08
31950.056 2.047642065961591e-08
32000.056 2.8423902430876107e-08
32050.056 2.735435637845418e-08
32100.056 2.4007068540677045e-08
32150.056 3.1347599964699216e-08
32200.056 2.2217318256823766e-08
32250.056 3.7426147824508373e-08
32300.056 1.969381892852885e-08
32350.056 4.04806460108049e-08
32400.056 2.1443216783199735e-08
32450.056 3.8127377758993195e-08
32500.056 2.9435520052898034e-08
32550.056 3.639591928199745e-08
32600.056 3.792529545305329e-08
32650.056 4.479632779108988e-08
32700.056 4.4033152034505935e-08
32750.056 5.6998505027605714e-08
32800.056 5.955788248804788e-08
32850.056 7.038923707700528e-08
32900.056 7.263280056148188e-08
32950.056 7.419639352190097e-08
33000.056 6.135928767849567e-08
33050.056 6.377245711500274e-08
33100.056 3.310901345079352e-08
33150.056 3.118902256170607e-09
33200.056 4.372064466927117e-09
33250.056 4.366506825098577e-09
33300.056 6.92307717640206e-09
33350.056 1.2751208999800807e-08
33400.056 2.0867715580099077e-08
33450.056 2.538292523392056e-08
33500.056 4.436258566900382e-08
33550.056 3.423238720334069e-08
33600.056 5.263848012179284e-08
33650.056 5.72777565840059e-08
33700.056 3.7878708067105236e-08
33750.056 6.870668874599822e-08
33800.056 3.255944646523475e-08
33850.056 5.065700217879777e-08
33900.056 4.234218422399619e-08
33950.056 4.503572699629796e-08
34000.056 5.883938326960256e-08
34050.056 2.8230045870620485e-08
34100.056 5.485640291500402e-08
34150.056 3.272286625801966e-08
34200.056 4.6463333940686694e-08
34250.056 4.5683242347790667e-08
34300.056 3.260642839634934e-08
34350.056 4.962268860600635e-08
34400.056 3.00105458777979e-08
34450.056 5.1340490939394246e-08
34500.056 4.473592776969777e-08
34550.056 2.875428376420159e-08
34600.056 6.253098635000004e-08
34650.056 3.1262972778097625e-08
34700.056 5.2483372074000676e-08
34750.056 4.86014671561904e-08
34800.056 3.5383556653598976e-08
34850.056 6.552719344000029e-08
34900.056 4.27846936434888e-08
34950.056 5.699351080399433e-08
35000.056 8.077153136100139e-08
35050.056 4.4392411380209995e-08
35100.056 7.801149345800211e-08
35150.056 7.259609094139829e-08
35200.056 6.741818941080035e-08
35250.056 1.0087286466897782e-07
35300.056 5.288062941560533e-08
35350.056 7.697371632689569e-08
35400.056 8.370482633099764e-08
35450.056 5.6370176092012995e-08
35500.056 1.10004239259994e-07
35550.056 8.357264963500541e-08
35600.056 9.266253359002153e-08
35650.056 1.1038076283101787e-07
35700.056 8.157709829099538e-08
35750.056 1.2099507895500188e-07
35800.056 1.3049703405800172e-07
35850.056 8.742950389500223e-08
35900.056 1.336277792360107e-07
35950.056 1.3240478935799032e-07
36000.056 1.3025035331301444e-07
36050.056 1.4059365656299296e-07
36100.056 1.1753934165596829e-07
36150.056 1.5485373898999884e-07
36200.056 1.7362631978398917e-07
36250.056 1.3880268381497793e-07
36300.056 1.8986315795701528e-07
36350.056 1.7888927341400159e-07
36400.056 1.891027882519945e-07
36450.056 1.8656140592498855e-07
36500.056 1.9094191145938926e-07
36550.056 2.3324071603002715e-07
36600.056 2.542664471599933e-07
36650.056 2.1357988953217762e-07
36700.056 2.3085098740440515e-07
36750.056 2.692192318000078e-07
36800.056 2.680508839199965e-07
36850.056 2.496677995839689e-07
36900.056 2.560909568820022e-07
36950.056 2.9819944702997815e-07
37000.056 2.759152684199963e-07
37050.056 2.942222069720215e-07
37100.056 2.675707976299883e-07
37150.056 2.9834371293001584e-07
37200.056 3.388033203899911e-07
37250.056 2.801112204499662e-07
37300.056 2.6006175318196276e-07
37350.056 3.271508435600121e-07
37400.056 3.7806341116999445e-07
37450.056 2.971801631059936e-07
37500.056 3.098008531549923e-07
37550.056 3.8898541454005294e-07
37600.056 4.1926332331001246e-07
37650.056 3.0543541285003096e-07
37700.056 3.855177847300183e-07
37750.056 3.259786432620302e-07
37800.056 3.763556392700308e-07
37850.056 3.0312655483000026e-07
37900.056 3.42452085590017e-07
37950.056 3.74768143379995e-07
38000.056 3.894118923579909e-07
38050.056 3.855538372400239e-07
38100.056 4.2697778882001397e-07
38150.056 4.427481731299944e-07
38200.056 4.2243366446000544e-07
38250.056 4.183616956500123e-07
38300.056 4.921382256199674e-07
38350.056 4.964572025000204e-07
38400.056 4.030818192899695e-07
38450.056 4.0775956354996176e-07
38500.056 3.8450157337002806e-07
38550.056 4.6456468423002145e-07
38600.056 4.477490197799687e-07
38650.056 4.657840316899932e-07
38700.056 4.979881710400041e-07
38750.056 4.7296483331999494e-07
38800.056 4.587999732599875e-07
38850.056 4.89113760610014e-07
38900.056 5.155660037699716e-07
38950.056 4.851338004000037e-07
39000.056 4.968628696399792e-07
39050.056 5.09085009860031e-07
39100.056 4.91331063910008e-07
39150.056 5.445260775999957e-07
39200.056 5.059582321999951e-07
39250.056 5.403527810600042e-07
39300.056 5.24253141559992e-07
39350.056 5.636684931800035e-07
39400.056 5.311320744200098e-07
39450.056 5.586908145300075e-07
39500.056 5.686759909899989e-07
39550.056 5.233420991300524e-07
39600.056 5.592731188699848e-07
39650.056 6.03854316369993e-07
39700.056 5.756504355400177e-07
39750.056 5.224066536700337e-07
39800.056 5.345443504200038e-07
39850.056 6.146321231400048e-07
39900.056 6.139342359900063e-07
39950.056 5.779738802699942e-07
40000.056 6.120086457699935e-07
40050.056 5.985087741800029e-07
40100.056 5.199669929700189e-07
40150.056 6.048759248400106e-07
40200.056 6.195021810999799e-07
40250.056 6.091950665099615e-07
40300.056 6.155445203000219e-07
40350.056 5.681571999499741e-07
40400.056 6.166923446600101e-07
40450.056 5.678817397899993e-07
40500.056 6.131370444799991e-07
40550.056 6.411811416099816e-07
40600.056 6.137471284600057e-07
40650.056 5.970130436999587e-07
40700.056 6.759550127299923e-07
40750.056 5.995875818699612e-07
40800.056 5.632362359299555e-07
40850.056 6.599067703600156e-07
40900.056 6.506037693099871e-07
40950.056 6.014993606499988e-07
41000.056 6.060105956299882e-07
41050.056 6.508944381599843e-07
41100.056 6.326793195499776e-07
41150.056 5.521283248799874e-07
41200.056 6.47420220110012e-07
41250.056 6.173663652599767e-07
41300.056 5.890067869999899e-07
41350.056 6.56623643060001e-07
41400.056 6.142982377300156e-07
41450.056 6.553303714799988e-07
41500.056 5.919281282299617e-07
41550.056 5.63712010020033e-07
41600.056 5.827416736000197e-07
41650.056 6.326870310100136e-07
41700.056 6.032172838399706e-07
41750.056 6.010005281599899e-07
41800.056 6.483154622800051e-07
41850.056 5.106768690300006e-07
41900.056 5.732453338099586e-07
41950.056 6.31826899630009e-07
42000.056 6.09386141759968e-07
42050.056 5.514608878700053e-07
42100.056 6.46832641029981e-07
42150.056 5.245078990600011e-07
42200.056 5.345716015899732e-07
42250.056 5.723965761700001e-07
42300.056 5.536633255199908e-07
42350.056 6.00288587790015e-07
42400.056 6.062024324200061e-07
42450.056 5.158294758400322e-07
42500.056 5.401313788699873e-07
42550.056 5.132491327399988e-07
42600.056 5.651615031800406e-07
42650.056 6.432987876999783e-07
42700.056 5.583035878899527e-07
42750.056 4.669979387200498e-07
42800.056 5.558816032000051e-07
42850.056 5.923404006799516e-07
42900.056 5.92182149850031e-07
42950.056 5.055647052999732e-07
43000.056 5.606127381199901e-07
43050.056 4.079374203600795e-07
43100.056 5.368420160299851e-07
43150.056 4.909625938600107e-07
43200.056 5.046659890700022e-07
43250.056 6.183270094600129e-07
43300.056 6.008110391799977e-07
43350.056 4.165747348299599e-07
43400.056 5.381515270900206e-07
43450.056 4.776607576400348e-07
43500.056 5.048451869899903e-07
43550.056 4.947824723299998e-07
43600.056 5.934050400700164e-07
43650.056 4.222393848599926e-07
43700.056 6.07974961940041e-07
43750.056 5.859793411899966e-07
43800.056 5.512048676599628e-07
43850.056 5.107606616900559e-07
43900.056 5.365606188099888e-07
43950.056 4.379169893799826e-07
44000.056 3.906620178300059e-07
44050.056 5.76412907450023e-07
44100.056 6.639679117100113e-07
44150.056 6.729566534899854e-07
44200.056 6.159273964600066e-07
44250.056 4.6906831075999196e-07
44300.056 3.8659436219403187e-07
44350.056 4.4391484023101896e-07
44400.056 4.5166987228998367e-07
44450.056 5.659543776300147e-07
44500.056 5.239504837800549e-07
44550.056 6.251339352599935e-07
44600.056 5.697729721100171e-07
44650.056 5.561512143399778e-07
44700.056 4.526168311699705e-07
44750.056 5.015660877400631e-07
44800.056 4.701072750300154e-07
44850.056 5.93815212100018e-07
44900.056 5.040893828199978e-07
44950.056 5.289636137300351e-07
45000.056 5.599120973800073e-07
45050.056 5.614455593899791e-07
45100.056 5.532468443600227e-07
45150.056 5.534398226099978e-07
45200.056 4.333865187100021e-07
45250.056 4.795074453599672e-07
45300.056 4.7116850604002774e-07
45350.056 4.026237394699874e-07
45400.056 6.033046170200223e-07
45450.056 5.935940416100102e-07
45500.056 5.871790866400132e-07
45550.056 6.433436344699718e-07
45600.056 6.298649630400138e-07
45650.056 5.800193481299636e-07
45700.056 4.35941402549992e-07
45750.056 4.0573190934300934e-07
45800.056 6.351926184400137e-07
45850.056 6.104815257600103e-07
45900.056 6.333452369599973e-07
45950.056 5.462039946699954e-07
46000.056 6.081494028900437e-07
46050.056 5.577206518299964e-07
46100.056 6.345528704299862e-07
46150.056 4.922697112000002e-07
46200.056 4.561104455289898e-07
46250.056 2.894845396809764e-07
46300.056 5.11200888490004e-07
46350.056 5.506443023500127e-07
46400.056 5.339081747900154e-07
46450.056 4.697324970899765e-07
46500.056 4.950986044000494e-07
46550.056 4.2326714423000785e-07
46600.056 4.5047218974395606e-07
46650.056 5.581225670000318e-07
46700.056 4.867961954999641e-07
46750.056 3.2539130218803786e-07
46800.056 2.7308714512800334e-07
46850.056 5.533883888500355e-07
46900.056 5.761241947199851e-07
46950.056 5.470386740799805e-07
47000.056 5.318570508400232e-07
47050.056 4.5935881813193105e-07
47100.056 3.803394844000084e-07
47150.056 4.828157665200392e-07
47200.056 5.425276136899892e-07
47250.056 3.6539584714996877e-07
47300.056 2.8058854158502903e-07
47350.056 5.676309247100044e-07
47400.056 5.490419482799873e-07
47450.056 4.829794784670194e-07
47500.056 5.606810587099876e-07
47550.056 4.964901318900114e-07
47600.056 5.193935092199778e-07
47650.056 5.195772304799686e-07
47700.056 4.626072358200518e-07
47750.056 3.8869918320999734e-07
47800.056 3.6529402774002135e-07
47850.056 2.398062507590108e-07
47900.056 3.091527892869845e-07
47950.056 5.045422337100123e-07
48000.056 5.561803741300017e-07
48050.056 5.243285375199695e-07
48100.056 3.178702314900021e-07
48150.056 4.232332759900099e-07
48200.056 3.9277138241998993e-07
48250.056 4.563331079499914e-07
48300.056 5.441286856500023e-07
48350.056 4.1132893536998443e-07
48400.056 2.0231699212997236e-07
48450.056 3.3454665833005654e-07
48500.056 4.387453025799449e-07
48550.056 4.484028948000307e-07
48600.056 4.699733628600066e-07
48650.056 5.232707406399957e-07
48700.056 4.488763164900035e-07
48750.056 2.9492595855004166e-07
48800.056 4.632678415000241e-07
48850.056 3.413050395079528e-07
48900.056 4.5529227042998153e-07
48950.056 3.4315267240998846e-07
49000.056 2.2797493864701476e-07
49050.056 4.366236166199632e-07
49100.056 4.598442374770367e-07
49150.056 3.7203189508899306e-07
49200.056 4.834889233400206e-07
49250.056 4.536791309900087e-07
49300.056 4.160547452699818e-07
49350.056 2.772490854100408e-07
49400.056 3.6111418079594633e-07
49450.056 3.4558206783907267e-07
49500.056 3.1402582630696814e-07
49550.056 1.6407202179099376e-07
49600.056 2.6255712165203424e-07
49650.056 3.4149835793998306e-07
49700.056 3.55248246339957e-07
49750.056 4.268751412399806e-07
49800.056 3.290325067209945e-07
49850.056 4.49612326700025e-07
49900.056 4.364634765500012e-07
49950.056 3.572918159899906e-07
50000.056 3.5516322785001203e-07
50050.056 4.094934669199868e-07
50100.056 3.581168776499841e-07
50150.056 2.3788225169998149e-07
50200.056 1.1778168069602286e-07
50250.056 3.0072968787999385e-07
50300.056 2.32430230044019e-07
50350.056 3.927250475500244e-07
50400.056 3.672954475299942e-07
50450.056 2.723839902600021e-07
50500.056 3.9751102372002366e-07
50550.056 4.0931950588000087e-07
50600.056 2.8766559231995196e-07
50650.056 3.888574256300515e-07
50700.056 4.3861005478999366e-07
50750.056 3.2109788938401044e-07
50800.056 1.9819246112996713e-07
50850.056 1.7853727298103903e-07
50900.056 3.9343053082999585e-07
50950.056 3.518656210900141e-07
51000.056 3.423023609900318e-07
51050.056 3.59663024519965e-07
51100.056 2.0320832298998864e-07
51150.056 2.4274568093002987e-07
51200.056 4.3628137629999144e-07
51250.056 3.192716849179823e-07
51300.056 2.432225358060307e-07
51350.056 2.9770284515895724e-07
51400.056 1.9021926281601816e-07
51450.056 1.5647079273697214e-07
51500.056 1.458678467160336e-07
51550.056 2.995517575640214e-07
51600.056 2.256267296150068e-07
51650.056 2.5184555659997974e-07
51700.056 2.898224674839495e-07
51750.056 2.2681446941402313e-07
51800.056 3.3320782682996466e-07
51850.056 2.7297127940499136e-07
51900.056 3.7560844860001654e-07
51950.056 2.939989045499772e-07
52000.056 1.059832976569796e-07
52050.056 2.0529638130301557e-07
52100.056 1.661495300249932e-07
52150.056 1.3597582866201386e-07
52200.056 1.7710612479899403e-07
52250.056 2.3561014686502208e-07
52300.056 3.4962746820999875e-07
52350.056 2.0334145393719592e-07
52400.056 1.8023046740401277e-07
52450.056 3.009284422000279e-07
52500.056 3.0483852751295825e-07
52550.056 2.7959947451997943e-07
52600.056 2.359967574030156e-07
52650.056 2.617308857850168e-07
52700.056 1.9314065603400543e-07
52750.056 1.4278625453298663e-07
52800.056 1.748272039310193e-07
52850.056 2.0378049347995844e-07
52900.056 1.6975552847057104e-07
52950.056 2.052689741480086e-07
53000.056 2.6534161683999924e-07
53050.056 1.5697249236097187e-07
53100.056 2.776521789899997e-07
53150.056 3.128989456200097e-07
53200.056 1.4179759197798724e-07
53250.056 2.700569605100205e-07
53300.056 3.054318511910834e-07
53350.056 2.827726814399931e-07
53400.056 2.5590820434999387e-07
53450.056 1.418938899659867e-07
53500.056 8.112953517197901e-08
53550.056 1.2951750435299472e-07
53600.056 2.175608944070324e-07
53650.056 1.6105185208199504e-07
53700.056 1.5453887668099353e-07
53750.056 1.5330059034198577e-07
53800.056 1.7081310284100854e-07
53850.056 2.3834187385996144e-07
53900.056 2.197712620030186e-07
53950.056 2.70567364030007e-07
54000.056 2.0034189748102845e-07
54050.056 2.092050338879916e-07
54100.056 9.457868392399384e-08
54150.056 1.372030034140251e-07
54200.056 6.989110617998777e-08
54250.056 1.0573882187000771e-07
54300.056 1.3421191111959992e-07
54350.056 1.781466794529867e-07
54400.056 1.8830734626797839e-07
54450.056 1.856417615020328e-07
54500.056 1.7450196206301187e-07
54550.056 1.3430680713099738e-07
54600.056 1.613078539059987e-07
54650.056 7.983099103078849e-08
54700.056 1.7880678326298833e-07
54750.056 1.7389062991997485e-07
54800.056 1.1907213144001299e-07
54850.056 1.4068005805799596e-07
54900.056 1.7905416823299765e-07
54950.056 2.454859042369742e-07
55000.056 1.2992979042199171e-07
55050.056 1.5282033646800208e-07
55100.056 1.8217286810502782e-07
55150.056 1.2539408068756062e-07
55200.056 1.3415466217019297e-07
55250.056 1.4624658715602994e-07
55300.056 1.1380318967790205e-07
55350.056 1.7890982214200952e-07
55400.056 1.7325614979699798e-07
55450.056 1.4013641044797167e-07
55500.056 7.33506221460098e-08
55550.056 1.0928382932000086e-07
55600.056 1.3355650366299395e-07
55650.056 1.0140948958259599e-07
55700.056 1.2776151399902127e-07
55750.056 1.2275029828698594e-07
55800.056 9.075997750800337e-08
55850.056 7.771758121699417e-08
55900.056 1.358673729229915e-07
55950.056 2.0467655940203076e-07
56000.056 1.0724447412797089e-07
56050.056 1.224389969100128e-07
56100.056 1.443128611469983e-07
56150.056 1.1517642344700646e-07
56200.056 9.88090845571791e-08
56250.056 1.6084697630103422e-07
56300.056 1.4665150914147732e-07
56350.056 1.3278971570202386e-07
56400.056 8.592780097359947e-08
56450.056 9.209158702701158e-08
56500.056 1.2764592057400485e-07
56550.056 7.009304519119988e-08
56600.056 1.433343213999989e-07
56650.056 1.4336471139300748e-07
56700.056 1.617766325590042e-07
56750.056 8.927996417300099e-08
56800.056 1.1218292375300582e-07
56850.056 1.1058280013612645e-07
56900.056 9.119318730998373e-08
56950.056 1.5376728237399612e-07
57000.056 1.6228120885400848e-07
57050.056 1.2337892762096897e-07
57100.056 5.499580097159951e-08
57150.056 9.950040109491904e-08
57200.056 7.941602152299634e-08
57250.056 9.95030103279914e-08
57300.056 1.1497515040101325e-07
57350.056 7.740195753900176e-08
57400.056 1.5819379212700458e-07
57450.056 1.1804503161197437e-07
57500.056 1.0408249512604304e-07
57550.056 1.2878276456340578e-07
57600.056 1.1362762705298947e-07
57650.056 5.641164573080114e-08
57700.056 8.45789869969995e-08
57750.056 1.0733735914390323e-07
57800.056 7.44381124657782e-08
57850.056 1.5878384253603091e-07
57900.056 1.8700753946001642e-07
57950.056 1.797476712000038e-07
58000.056 1.0696990637378525e-07
58050.056 1.4149529619099463e-07
58100.056 1.3754116663701845e-07
58150.056 1.316848873849644e-07
58200.056 6.077314647400255e-08
58250.056 8.43588114799881e-08
58300.056 6.48638667040103e-08
58350.056 8.418941384201464e-08
58400.056 1.2290419101500607e-07
58450.056 1.4067671447499922e-07
58500.056 1.4602521191001094e-07
58550.056 1.3882311123699723e-07
58600.056 8.989078649559269e-08
58650.056 1.110262119016829e-07
58700.056 1.058535816169776e-07
58750.056 1.3213299521000373e-07
58800.056 4.236480855759222e-08
58850.056 8.907848231500634e-08
58900.056 1.0280119878900314e-07
58950.056 7.396168931118072e-08
59000.056 1.1659643596501442e-07
59050.056 1.1344357412777027e-07
59100.056 1.3942470582219583e-07
59150.056 1.1953022632797416e-07
59200.056 1.2066745141099754e-07
59250.056 1.3550808816303007e-07
59300.056 1.4815221812499042e-07
59350.056 6.088783664499786e-08
59400.056 6.164051167018937e-08
59450.056 1.2888206673398505e-07
59500.056 7.64580389469849e-08
59550.056 1.2412874836100965e-07
59600.056 1.65884874902983e-07
59650.056 1.1442360428100858e-07
59700.056 8.936299282781034e-08
59750.056 1.887049216549861e-07
59800.056 1.2054260511098632e-07
59850.056 1.3915081441600143e-07
59900.056 8.423958181058657e-08
59950.056 1.1758060087600575e-07
60000.056 1.9425772957704658e-07
60050.056 1.797618218260144e-07
60100.056 1.7710672356497415e-07
60150.056 1.0908071458899489e-07
60200.056 1.2477406499876905e-07
60250.056 1.566867820250277e-07
60300.056 1.6063049017497568e-07
60350.056 1.0753774391101067e-07
60400.056 1.4570413957597403e-07
60450.056 6.662620405299525e-08
60500.056 4.490017148941106e-08
60550.056 1.2668690793202906e-07
60600.056 1.2946391977699587e-07
60650.056 1.1551157341197873e-07
60700.056 9.824042562299909e-08
60750.056 7.513455446501266e-08
60800.056 1.3577406359701717e-07
60850.056 1.7747581975999576e-07
60900.056 1.5122264420501425e-07
60950.056 1.284471012340195e-07
61000.056 1.5569448280999274e-07
61050.056 9.394455786699286e-08
61100.056 1.0933772412201013e-07
61150.056 5.9135253564204845e-08
61200.056 1.3513406767002207e-07
61250.056 1.3419808521598981e-07
61300.056 9.50340496410087e-08
61350.056 1.360189354409882e-07
61400.056 8.904762509200879e-08
61450.056 7.695722867901406e-08
61500.056 6.6212570079623e-08
61550.056 9.841560887197995e-08
61600.056 7.815058776580026e-08
61650.056 7.842785435601911e-08
61700.056 9.007990855500033e-08
61750.056 9.674833233900886e-08
61800.056 1.1537060200399067e-07
61850.056 6.365466614899156e-08
61900.056 1.5095365191000981e-07
61950.056 1.3023513098897224e-07
62000.056 1.0316516738499633e-07
62050.056 1.5095992468601078e-07
62100.056 1.1540111879595111e-07
62150.056 1.3273200124102993e-07
62200.056 1.2962541727098506e-07
62250.056 1.28881289278966e-07
62300.056 1.6116615134299347e-07
62350.056 1.5824735672600316e-07
62400.056 1.2219569713801436e-07
62450.056 1.2580077052398598e-07
62500.056 1.6682661926501693e-07
62550.056 1.8398281898998483e-07
62600.056 1.444040521210048e-07
62650.056 1.33522623235006e-07
62700.056 1.3391832965801077e-07
62750.056 1.7157787097496566e-07
62800.056 1.426265964649979e-07
62850.056 1.4875353195797312e-07
62900.056 1.5595641934097077e-07
62950.056 2.0185339895998663e-07
63000.056 1.1885771178000222e-07
63050.056 2.2704101470000748e-07
63100.056 2.3079514638999866e-07
63150.056 1.6332831738399553e-07
63200.056 1.6796418131400308e-07
63250.056 1.9865885779000478e-07
63300.056 1.4278160461899707e-07
63350.056 1.7598833878999932e-07
63400.056 1.0660674468298898e-07
63450.056 8.05922429350164e-08
63500.056 1.890800028740103e-07
63550.056 1.8639255753397076e-07
63600.056 1.520156798450069e-07
63650.056 1.6349636186000238e-07
63700.056 9.621400554098271e-08
63750.056 1.3515140825397742e-07
63800.056 1.630610499950312e-07
63850.056 1.55862932622994e-07
63900.056 1.138830183770169e-07
63950.056 1.3422007522103478e-07
64000.056 1.6981179768500475e-07
64050.056 1.0345791590697637e-07
64100.056 5.315787066080269e-08
64150.056 6.513735156299159e-08
64200.056 6.923772326891224e-08
64250.056 1.3059292004000993e-07
64300.056 1.0683211667697762e-07
64350.056 8.392810102501867e-08
64400.056 1.3299547567798318e-07
64450.056 1.3705270060801875e-07
64500.056 8.213457777098494e-08
64550.056 1.3052893123801293e-07
64600.056 1.1090781847098996e-07
64650.056 1.4135653323998144e-07
64700.056 6.302109840598967e-08
64750.056 8.060931471400529e-08
64800.056 7.460010856901066e-08
64850.056 6.76986234758137e-08
64900.056 7.262950362658851e-08
64950.056 6.467333434099488e-08
65000.056 7.993616687901665e-08
65050.056 1.1686565591799492e-07
65100.056 1.064982363989947e-07
65150.056 1.0230958322499983e-07
65200.056 6.575812067809398e-08
65250.056 8.94402507309856e-08
65300.056 9.622120436611317e-08
65350.056 1.6021110790400012e-07
65400.056 8.886154960199616e-08
65450.056 8.632355286497968e-08
65500.056 1.1124516680501078e-07
65550.056 7.373291972819576e-08
65600.056 1.1407697147400877e-07
65650.056 9.5875584113013e-08
65700.056 8.531850919801721e-08
65750.056 6.772261101201164e-08
65800.056 9.429825037402089e-08
65850.056 1.3156999229598114e-07
65900.056 6.363024367400405e-08
65950.056 5.776268754119923e-08
66000.056 7.056999026701906e-08
66050.056 1.3678106382402764e-07
66100.056 8.779683756799938e-08
66150.056 8.126563250600937e-08
66200.056 7.625416952998741e-08
66250.056 6.481672141700697e-08
66300.056 5.1914380874003674e-08
66350.056 4.8286721375014336e-08
66400.056 6.918887943299746e-08
66450.056 1.1382288983500411e-07
66500.056 1.5259842011002668e-07
66550.056 1.2812091069997308e-07
66600.056 1.0098848684901052e-07
66650.056 9.704004207699623e-08
66700.056 8.712846959500768e-08
66750.056 1.1530876576799282e-07
66800.056 1.0455018088499206e-07
66850.056 7.352170912602379e-08
66900.056 1.2355582206603041e-07
66950.056 1.4069280164003124e-07
67000.056 1.7849405836999803e-07
67050.056 8.769767057997607e-08
67100.056 8.829023412700607e-08
67150.056 8.360658034599913e-08
67200.056 1.220817290920142e-07
67250.056 1.0623075708301709e-07
67300.056 1.2306445059900904e-07
67350.056 9.416215794901993e-08
67400.056 1.4067456541097765e-07
67450.056 1.0764649089200588e-07
67500.056 8.382419775601418e-08
67550.056 1.2517179218703164e-07
67600.056 1.9671414869999436e-07
67650.056 1.436660425810401e-07
67700.056 1.0930428211097126e-07
67750.056 9.488386631501528e-08
67800.056 1.108087938539563e-07
67850.056 8.309171143600293e-08
67900.056 1.0457036975498664e-07
67950.056 8.848303158200672e-08
68000.056 1.255944920219798e-07
68050.056 1.0229258512798834e-07
68100.056 1.1512196887102826e-07
68150.056 1.1069509078098719e-07
68200.056 1.271196294050252e-07
68250.056 8.041687570998985e-08
68300.056 1.1891905746800177e-07
68350.056 1.1398964251597894e-07
68400.056 1.4138452535300457e-07
68450.056 1.4452361431502472e-07
68500.056 1.1838194919897534e-07
68550.056 8.391513620299919e-08
68600.056 8.728542512300223e-08
68650.056 5.648918856300081e-08
68700.056 9.439311307700713e-08
68750.056 1.1033126693600776e-07
68800.056 1.0760182289197073e-07
68850.056 8.390843493597667e-08
68900.056 1.781117166000103e-07
68950.056 1.7598544174500752e-07
69000.056 1.2985049068001726e-07
69050.056 8.821738234299712e-08
69100.056 1.757565371300071e-07
69150.056 1.8376367338001385e-07
69200.056 1.2055370119700696e-07
69250.056 1.7584794351498283e-07
69300.056 1.811918063120178e-07
69350.056 1.610126198319883e-07
69400.056 1.0420076291298671e-07
69450.056 1.5274770476397766e-07
69500.056 1.2279776555198718e-07
69550.056 1.220240071810012e-07
69600.056 5.4092548806004996e-08
69650.056 1.078153959050352e-07
69700.056 1.7103817222000285e-07
69750.056 1.1605076216299014e-07
69800.056 1.503821177289843e-07
69850.056 1.6414611243202802e-07
69900.056 1.3753927927296754e-07
69950.056 1.3521622990504072e-07
70000.056 1.120713525529946e-07
70050.056 1.7818610039002323e-07
70100.056 1.1105744350900562e-07
70150.056 1.37041838737012e-07
70200.056 1.0408662845798523e-07
70250.056 1.2016285581201038e-07
70300.056 1.5090158211398472e-07
70350.056 1.4328189228900892e-07
70400.056 1.141633235439863e-07
70450.056 5.723496023001205e-08
70500.056 1.0461459010400303e-07
70550.056 8.56625137349967e-08
70600.056 9.978801710500419e-08
70650.056 1.2785129400800108e-07
70700.056 1.3403324646002996e-07
70750.056 1.8103858924002685e-07
70800.056 1.2557134538097812e-07
70850.056 1.080163279429959e-07
70900.056 1.3539097521798532e-07
70950.056 1.389453692070267e-07
71000.056 1.3342416081098745e-07
71050.056 1.3859343871900305e-07
71100.056 1.150128254570003e-07
71150.056 1.0330930184599343e-07
71200.056 1.1376099564101547e-07
71250.056 1.2981790107200152e-07
71300.056 1.4038243869998686e-07
71350.056 1.542075342730143e-07
71400.056 1.366040334199814e-07
71450.056 8.767720623719483e-08
71500.056 1.0520171789797953e-07
71550.056 8.49824961149963e-08
71600.056 1.258786973869986e-07
71650.056 1.035399853030067e-07
71700.056 7.792571205799336e-08
71750.056 1.0724622553801827e-07
71800.056 1.3549649117599642e-07
71850.056 1.3842241498398437e-07
71900.056 9.910510765098866e-08
71950.056 1.2925275268295756e-07
72000.056 1.2092128802801105e-07
72050.056 7.838315635100399e-08
72100.056 9.347637948199553e-08
72150.056 1.1935783126797205e-07
72200.056 1.0281855205501532e-07
72250.056 1.4179369383200516e-07
72300.056 1.0213009182700938e-07
72350.056 1.1159265500996814e-07
72400.056 1.0404538566700716e-07
72450.056 1.0062431800494635e-07
72500.056 1.1987223338400938e-07
72550.056 6.487290070501739e-08
72600.056 1.0715882236600651e-07
72650.056 1.309512956100226e-07
72700.056 9.404108284598167e-08
72750.056 1.1442481170499286e-07
72800.056 7.708775358441565e-08
72850.056 7.9209619609013e-08
72900.056 1.358011391500157e-07
72950.056 9.519325636600975e-08
73000.056 9.153765415698321e-08
73050.056 7.578991447400678e-08
73100.056 9.979378712301352e-08
73150.056 1.4758646165699805e-07
73200.056 8.703586768497794e-08
73250.056 1.1151955916599715e-07
73300.056 7.792733295596887e-08
73350.056 6.476770013098945e-08
73400.056 1.0029053245299428e-07
73450.056 7.47622267990007e-08
73500.056 8.021872177802417e-08
73550.056 9.986847335099856e-08
73600.056 9.793705618997462e-08
73650.056 1.0194962743501593e-07
73700.056 9.125457257897765e-08
73750.056 6.612892138316758e-08
73800.056 8.4303008384022e-08
73850.056 1.0451062974398483e-07
73900.056 8.494490467047385e-08
73950.056 9.365550280701253e-08
74000.056 6.4675537550986e-08
74050.056 1.274386078590157e-07
74100.056 1.0359887735796298e-07
74150.056 1.0792163014699882e-07
74200.056 7.901403878398486e-08
74250.056 5.8621326139992554e-08
74300.056 9.400188144600173e-08
74350.056 1.1903644793700303e-07
74400.056 1.0434095712501236e-07
74450.056 8.340011302498033e-08
74500.056 6.875745426298045e-08
74550.056 8.938103740102596e-08
74600.056 7.227568422399785e-08
74650.056 7.10835302510095e-08
74700.056 8.00431449380051e-08
74750.056 6.344512443898721e-08
74800.056 6.997411110400943e-08
74850.056 1.1249478979502009e-07
74900.056 1.290227050399774e-07
74950.056 1.0960620492999307e-07
75000.056 1.0596188382398881e-07
75050.056 6.170486163800927e-08
75100.056 1.3453471418603578e-07
75150.056 1.2635690554501617e-07
75200.056 1.0575937023197974e-07
75250.056 1.2395556579598146e-07
75300.056 1.178761771939957e-07
75350.056 7.403040040899653e-08
75400.056 1.351245836620048e-07
75450.056 1.2358423976302903e-07
75500.056 1.1317620607298277e-07
75550.056 1.0121801887401073e-07
75600.056 1.3914532171301091e-07
75650.056 1.1386373270901547e-07
75700.056 1.1665333955598436e-07
75750.056 1.073150165390462e-07
75800.056 1.0561497970498048e-07
75850.056 1.2981195063502767e-07
75900.056 1.0930828484998508e-07
75950.056 9.982927710700149e-08
76000.056 1.196685071569829e-07
76050.056 1.0765585951097195e-07
76100.056 1.1506342963598281e-07
76150.056 1.1937152377797775e-07
76200.056 1.1517516098204315e-07
76250.056 1.2573159228099564e-07
76300.056 1.662931411699992e-07
76350.056 1.9215906489001766e-07
76400.056 1.407730723100087e-07
76450.056 1.422537601300312e-07
76500.056 1.3924699126200597e-07
76550.056 8.241388433799706e-08
76600.056 4.179682544901003e-08
76650.056 5.4600185642001305e-08
76700.056 5.418261991299552e-08
76750.056 5.285906365900867e-08
76800.056 7.676132554901026e-08
76850.056 6.374318397402597e-08
76900.056 7.254027456197891e-08
76950.056 6.062228544400846e-08
77000.056 7.815296155600441e-08
77050.056 5.718527672799243e-08
77100.056 6.628208684700032e-08
77150.056 8.590485941400566e-08
77200.056 6.538221728800458e-08
77250.056 7.713257916800424e-08
77300.056 8.655757233998849e-08
77350.056 6.1732824973972e-08
77400.056 7.235118349400522e-08
77450.056 8.398325247799757e-08
77500.056 8.154319272100129e-08
77550.056 8.064624694600394e-08
77600.056 7.692652297900715e-08
77650.056 7.819367704901206e-08
77700.056 8.909518682097319e-08
77750.056 9.010809434101661e-08
77800.056 1.1313223858600758e-07
77850.056 1.253698841130038e-07
77900.056 8.845227555497405e-08
77950.056 8.204922830001759e-08
78000.056 1.0664952974599337e-07
78050.056 7.368973140799598e-08
78100.056 8.871151624803163e-08
78150.056 9.783297823902505e-08
78200.056 1.2707037425999662e-07
78250.056 1.1197158756199904e-07
78300.056 8.634091658800142e-08
78350.056 1.0412632656901844e-07
78400.056 9.864715592096843e-08
78450.056 1.0577798617101467e-07
78500.056 1.3633910349099055e-07
78550.056 1.1888392942198803e-07
78600.056 1.1372257065600123e-07
78650.056 8.106633971701097e-08
78700.056 9.438224965400968e-08
78750.056 1.131095220590171e-07
78800.056 1.0249560799698185e-07
78850.056 8.423589988997574e-08
78900.056 9.879986147401762e-08
78950.056 1.0096265015499144e-07
79000.056 1.0354039719102329e-07
79050.056 9.479183835099596e-08
79100.056 1.0246969450899886e-07
79150.056 9.375204581400709e-08
79200.056 1.1750332025197961e-07
79250.056 9.063751611400616e-08
79300.056 1.0489038294999424e-07
79350.056 1.1368582092500879e-07
79400.056 7.825656340802195e-08
79450.056 1.1715260366902245e-07
79500.056 1.5731857944099237e-07
79550.056 1.3510835154803397e-07
79600.056 1.0330626716600954e-07
79650.056 1.29859606398988e-07
79700.056 1.058369522690078e-07
79750.056 1.154559471660026e-07
79800.056 9.016725076004434e-08
79850.056 1.412365279960172e-07
79900.056 1.6292831979999684e-07
79950.056 1.6702614355800923e-07
