# %ECSV 1.0
# ---
# datatype:
# - {name: wav, unit: Angstrom, datatype: float64}
# - {name: flux_nu, unit: erg / (cm2 Hz s), datatype: float64}
# meta: {C/O: '1.00', Kzz: '1.0000E+05', Teff: '750.', Y: '0.28', '[Fe/H]': '-0.50', f_hole: '1.00', f_rain: '0.00', grav: '3160.'}
# schema: astropy-2.0
wav flux_nu
4000.0559999999996 nan
4050.0559999999996 2.840397698807834e-15
4100.056 8.329400612320166e-13
4150.056 7.487581749100092e-12
4200.056 8.384792522820071e-12
4250.056 3.524963349300018e-11
4300.056 6.256930091200007e-11
4350.056 8.321684195700023e-11
4400.056 1.116745674020004e-10
4450.056 1.5246646041000085e-10
4500.056 1.6953065567999957e-10
4550.056 1.9312449140999994e-10
4600.056 1.5769158055000005e-10
4650.056 1.209092899819992e-10
4700.056 7.984038052499925e-11
4750.056 2.3063430732299673e-11
4800.056 3.1225098439299383e-12
4850.056 4.043120335099932e-13
4900.056 1.1528040166399885e-13
4950.056 4.564439078099957e-14
5000.056 1.7133207099999828e-14
5050.056 8.418555318999979e-15
5100.056 7.518400406199997e-15
5150.056 7.246575255600001e-15
5200.056 7.163644356899997e-15
5250.056 7.218265813600001e-15
5300.056 7.375131103899999e-15
5350.056 7.681479655200006e-15
5400.056 8.175954163000006e-15
5450.056 8.665468662800003e-15
5500.056 9.144925725300007e-15
5550.056 9.584470854300007e-15
5600.056 9.996514028100005e-15
5650.056 1.0324366868000001e-14
5700.056 1.0474406449999999e-14
5750.056 9.952896410199988e-15
5800.056 8.620291264099975e-15
5850.056 5.894828849599936e-15
5900.056 1.9854673015050555e-15
5950.056 1.2059248669800155e-14
6000.056 2.612903378100023e-14
6050.056 4.618809643800034e-14
6100.056 7.441111823000047e-14
6150.056 1.1481487727200067e-13
6200.056 1.7312401132000092e-13
6250.056 2.5769174678000144e-13
6300.056 3.770820552100021e-13
6350.056 5.492404141700032e-13
6400.056 7.996045652700046e-13
6450.056 1.1511627490400055e-12
6500.056 1.6663469740000109e-12
6550.056 2.41375084280001e-12
6600.056 3.4928861265000244e-12
6650.056 5.042054333800029e-12
6700.056 6.739385439700038e-12
6750.056 9.894456572800048e-12
6800.056 1.2814855271000045e-11
6850.056 1.4270132631000001e-11
6900.056 1.2933230802999972e-11
6950.056 1.0877127325999981e-11
7000.056 1.0372510487599988e-11
7050.056 1.0952952687200007e-11
7100.056 1.1871614696000007e-11
7150.056 1.2077575962199958e-11
7200.056 1.1800961111000027e-11
7250.056 1.1426400378999885e-11
7300.056 1.0690454571900083e-11
7350.056 1.027964116909999e-11
7400.056 9.917558862100015e-12
7450.056 9.606301183600023e-12
7500.056 9.14720916219999e-12
7550.056 8.455875397999985e-12
7600.056 7.544488602299973e-12
7650.056 2.8112787038158974e-12
7700.056 2.2057450069400747e-12
7750.056 7.2250005794000975e-12
7800.056 1.1243598439500118e-11
7850.056 1.83046918530001e-11
7900.056 2.5278594317000143e-11
7950.056 2.909565173680025e-11
8000.056 4.6774297127000306e-11
8050.056 6.32471208910004e-11
8100.056 8.150320865700015e-11
8150.056 1.0562155815100121e-10
8200.056 1.4768385283000213e-10
8250.056 1.9322400313000182e-10
8300.056 2.560300262800041e-10
8350.056 3.341351169900032e-10
8400.056 4.3432380729000403e-10
8450.056 5.661986209800052e-10
8500.056 6.60592596219991e-10
8550.056 8.849017617400252e-10
8600.056 1.1830919154000116e-09
8650.056 1.4946234188000141e-09
8700.056 1.8633345985000174e-09
8750.056 2.3139467826000206e-09
8800.056 2.8399255499000236e-09
8850.056 3.4037018701000206e-09
8900.056 3.696998282699999e-09
8950.056 3.5293570297000198e-09
9000.056 5.0420760495000454e-09
9050.056 6.880812764200086e-09
9100.056 8.16901626390012e-09
9150.056 9.50557132720007e-09
9200.056 1.1366983853300074e-08
9250.056 1.2178364467499776e-08
9300.056 5.875171666729921e-09
9350.056 8.52026974650013e-09
9400.056 1.515111914549999e-08
9450.056 1.4228982017600275e-08
9500.056 1.492998588080916e-08
9550.056 1.689574281905126e-08
9600.056 1.892837952169999e-08
9650.056 2.3057066109600677e-08
9700.056 3.041418878019949e-08
9750.056 3.451958491700105e-08
9800.056 4.0114479332999854e-08
9850.056 4.699101175099987e-08
9900.056 5.300471041800046e-08
9950.056 5.769931628100028e-08
10000.056 4.170739621235998e-08
10050.056 5.3119106748999804e-08
10100.056 5.4944169618000125e-08
10150.056 5.609738456399999e-08
10200.056 5.676669726900028e-08
10250.056 6.045925926100022e-08
10300.056 6.427023513999963e-08
10350.056 6.303223666300035e-08
10400.056 6.541244848400003e-08
10450.056 6.676157758399961e-08
10500.056 6.741864679199988e-08
10550.056 6.811479377700001e-08
10600.056 6.791702557899997e-08
10650.056 6.737856971599996e-08
10700.056 6.619053827899997e-08
10750.056 6.547393104599995e-08
10800.056 6.458979468600004e-08
10850.056 6.332543109899996e-08
10900.056 5.945410123999962e-08
10950.056 4.99686104619997e-08
11000.056 4.118365963099884e-08
11050.056 3.083207333979986e-08
11100.056 2.061943614249955e-08
11150.056 1.4422458741826675e-08
11200.056 1.5783435784378906e-08
11250.056 2.1903796079838404e-08
11300.056 2.4727819234377e-08
11350.056 1.300785646390563e-08
11400.056 3.0718761985901814e-08
11450.056 2.2954452986950498e-08
11500.056 2.4194571639480055e-08
11550.056 1.6688368255613383e-08
11600.056 1.6071379128999118e-08
11650.056 2.327720081770092e-08
11700.056 2.5611148189999318e-08
11750.056 1.9994470701000078e-08
11800.056 3.350686845400002e-08
11850.056 4.0741935011000295e-08
11900.056 4.588886068099985e-08
11950.056 5.137550659900055e-08
12000.056 5.6826959754000235e-08
12050.056 6.259113354800034e-08
12100.056 6.711395394399996e-08
12150.056 7.315656467399987e-08
12200.056 7.76876674070002e-08
12250.056 8.356182100799975e-08
12300.056 9.111430156100057e-08
12350.056 9.586242179700028e-08
12400.056 1.0395830400700017e-07
12450.056 1.119453277200004e-07
12500.056 1.191566000200007e-07
12550.056 1.272263685300004e-07
12600.056 1.350062699400004e-07
12650.056 1.4156912490000034e-07
12700.056 1.459577338900001e-07
12750.056 1.4380425337000022e-07
12800.056 1.4051291556999986e-07
12850.056 1.3176814111999948e-07
12900.056 1.2768028395699967e-07
12950.056 1.248932378610008e-07
13000.056 1.2634400459900145e-07
13050.056 1.1829865240199983e-07
13100.056 1.2109924678099602e-07
13150.056 1.0737845167700317e-07
13200.056 1.0646723254799824e-07
13250.056 8.683668987419857e-08
13300.056 5.366618352569519e-08
13350.056 2.136486988601965e-08
13400.056 4.950978690167485e-09
13450.056 2.3889430876115314e-09
13500.056 1.1765230953706057e-09
13550.056 6.32881014862791e-10
13600.056 4.328868873532854e-10
13650.056 1.6849411216657327e-09
13700.056 1.215095200962936e-09
13750.056 2.892550718836651e-09
13800.056 3.3748591495224606e-09
13850.056 1.3636452366588842e-09
13900.056 1.4298044467568998e-09
13950.056 1.4587779102597889e-09
14000.056 1.9601826532664756e-09
14050.056 2.514757924886133e-09
14100.056 1.871084014618792e-09
14150.056 2.8428459964391615e-09
14200.056 2.1205528900308414e-09
14250.056 2.4090312546742896e-09
14300.056 5.336267651968837e-09
14350.056 5.037438001688439e-09
14400.056 5.0459603675521935e-09
14450.056 7.767911124247837e-09
14500.056 1.2801538941836128e-08
14550.056 1.300618380798978e-08
14600.056 2.1721820207339716e-08
14650.056 1.6869184016710292e-08
14700.056 1.1012257440756756e-08
14750.056 1.2788166739540627e-08
14800.056 1.4234445963226842e-08
14850.056 1.6279566004450958e-08
14900.056 1.626191850342937e-08
14950.056 1.9422653371000404e-08
15000.056 2.6166108639200664e-08
15050.056 2.8526690469899093e-08
15100.056 2.5085117318199213e-08
15150.056 2.21102845749197e-08
15200.056 2.981206846449804e-08
15250.056 3.7077830563101556e-08
15300.056 4.103979172269945e-08
15350.056 4.57997854910006e-08
15400.056 5.131934635200243e-08
15450.056 5.45267838340014e-08
15500.056 5.964208146599812e-08
15550.056 6.50106226700012e-08
15600.056 7.151549695799937e-08
15650.056 7.786440828600123e-08
15700.056 8.427845599999997e-08
15750.056 8.655211503300034e-08
15800.056 8.86734282109998e-08
15850.056 9.022647043900033e-08
15900.056 8.925559011299988e-08
15950.056 8.736653400199973e-08
16000.056 8.21887928729997e-08
16050.056 7.300678069499936e-08
16100.056 6.304212631699962e-08
16150.056 5.145606399699801e-08
16200.056 3.93585771400008e-08
16250.056 3.4287304163999845e-08
16300.056 2.9620384547498906e-08
16350.056 3.0527020336550495e-08
16400.056 3.202302287822442e-08
16450.056 3.343453163102956e-08
16500.056 3.539392055940039e-08
16550.056 3.514731496481955e-08
16600.056 3.870916686510072e-08
16650.056 2.4090502086427702e-08
16700.056 1.6618622361001343e-08
16750.056 2.566846297500052e-08
16800.056 3.0071643220300294e-08
16850.056 2.8829182704477674e-08
16900.056 2.6091836397601663e-08
16950.056 2.280875825029897e-08
17000.056 2.006232914740178e-08
17050.056 2.4273006695300524e-08
17100.056 2.6449012082999933e-08
17150.056 2.387217531440019e-08
17200.056 2.943725265299961e-08
17250.056 2.541845812199849e-08
17300.056 2.330329680000013e-08
17350.056 2.2260616494399225e-08
17400.056 2.271049520139984e-08
17450.056 2.2905289052499306e-08
17500.056 2.3204409728001894e-08
17550.056 1.9836135674298732e-08
17600.056 1.8442361989000546e-08
17650.056 1.6502178128300658e-08
17700.056 1.3881668982269543e-08
17750.056 1.141770813917034e-08
17800.056 1.2480298022900852e-08
17850.056 8.505253338477013e-09
17900.056 8.997250443988318e-09
17950.056 6.205643772297183e-09
18000.056 7.301372224686502e-09
18050.056 4.815571978692172e-09
18100.056 5.4958089900548525e-09
18150.056 5.306058120332965e-09
18200.056 3.7492453582917815e-09
18250.056 8.005915195368816e-09
18300.056 3.792941981868246e-09
18350.056 3.728641087769029e-09
18400.056 2.943135050353366e-09
18450.056 5.85369780937992e-09
18500.056 5.226479427165888e-09
18550.056 3.54338867203997e-09
18600.056 3.7043103852479225e-09
18650.056 3.0356858207458906e-09
18700.056 1.7645687837684214e-09
18750.056 3.2274466997512927e-09
18800.056 7.792966254503625e-09
18850.056 7.398813180981989e-09
18900.056 6.561018841823626e-09
18950.056 9.402227517719501e-09
19000.056 5.11425236097835e-09
19050.056 3.3548707030867426e-09
19100.056 5.675182774729932e-09
19150.056 3.5395690867103712e-09
19200.056 4.457593842593372e-09
19250.056 3.4728301440438222e-09
19300.056 3.0305657819134516e-09
19350.056 2.963636048571165e-09
19400.056 2.1776957010052514e-09
19450.056 3.295393791574776e-09
19500.056 3.5408437671297474e-09
19550.056 3.145741238545389e-09
19600.056 4.235488643023135e-09
19650.056 4.679204150642265e-09
19700.056 4.9294571604191835e-09
19750.056 5.969087190130239e-09
19800.056 5.2345933898116235e-09
19850.056 6.843164637120449e-09
19900.056 6.684604383052562e-09
19950.056 7.81906352253082e-09
20000.056 7.892958152350224e-09
20050.056 8.236754516029899e-09
20100.056 9.570112376466e-09
20150.056 8.11523935754841e-09
20200.056 7.728838156361297e-09
20250.056 9.4268936071307e-09
20300.056 9.613584502650119e-09
20350.056 9.82397294979948e-09
20400.056 1.0088461120999972e-08
20450.056 1.1582380938300631e-08
20500.056 1.2041272204199544e-08
20550.056 1.2286948460100183e-08
20600.056 1.2589122158200243e-08
20650.056 1.3033843235999947e-08
20700.056 1.3264171896000056e-08
20750.056 1.3347311548999913e-08
20800.056 1.3284122852999715e-08
20850.056 1.3486585078000047e-08
20900.056 1.3493834790999936e-08
20950.056 1.336414682200005e-08
21000.056 1.3258622839999996e-08
21050.056 1.328511354799995e-08
21100.056 1.3179185272000015e-08
21150.056 1.314741800399988e-08
21200.056 1.3028714798000051e-08
21250.056 1.2906341535999782e-08
21300.056 1.2671765890999965e-08
21350.056 1.2492455147499968e-08
21400.056 1.2572354801100338e-08
21450.056 1.2091139056300158e-08
21500.056 1.1788974945900051e-08
21550.056 1.1551991154599924e-08
21600.056 1.1112305126000093e-08
21650.056 1.0477761471400035e-08
21700.056 1.0582566839099655e-08
21750.056 9.805075642200373e-09
21800.056 8.829170428699914e-09
21850.056 8.340258671300216e-09
21900.056 7.480698421200316e-09
21950.056 6.029678576589856e-09
22000.056 3.234142117419719e-09
22050.056 3.5674318169022237e-09
22100.056 5.442758267912894e-09
22150.056 5.040966121020434e-09
22200.056 5.188592468781572e-09
22250.056 4.991128663843593e-09
22300.056 3.851568524663393e-09
22350.056 4.435133646096754e-09
22400.056 3.193075392788901e-09
22450.056 3.3084299708646118e-09
22500.056 3.199970022785357e-09
22550.056 2.6225586904380945e-09
22600.056 2.5083816448717433e-09
22650.056 2.8447478763231878e-09
22700.056 2.7277779158839543e-09
22750.056 2.8982967259414717e-09
22800.056 3.2541151079385285e-09
22850.056 2.682215717481187e-09
22900.056 2.668612686502092e-09
22950.056 2.465087612899747e-09
23000.056 2.766801127289889e-09
23050.056 3.1818673553147912e-09
23100.056 5.4784859496903744e-09
23150.056 4.230440592291788e-09
23200.056 1.4524833974321007e-09
23250.056 2.8031547266081326e-09
23300.056 2.4601155460656997e-09
23350.056 2.5886970102202336e-09
23400.056 2.2219055195922464e-09
23450.056 2.1216699709228737e-09
23500.056 2.222988463688496e-09
23550.056 3.0851592004643088e-09
23600.056 3.783243187990887e-09
23650.056 4.497497178155678e-09
23700.056 1.8276484856884982e-09
23750.056 2.237778325493935e-09
23800.056 4.104840228694074e-09
23850.056 3.4644208580086074e-09
23900.056 4.9223107786523916e-09
23950.056 4.062515794763126e-09
24000.056 5.6023329058300795e-09
24050.056 5.4434697286246665e-09
24100.056 5.595619360441049e-09
24150.056 6.595175480100281e-09
24200.056 6.130423320830591e-09
24250.056 6.202866808720052e-09
24300.056 7.642293389130378e-09
24350.056 6.714947674282914e-09
24400.056 8.916874949900188e-09
24450.056 8.677295475163477e-09
24500.056 8.386422995423609e-09
24550.056 1.0076826710200648e-08
24600.056 1.016187932209967e-08
24650.056 1.1646783418720608e-08
24700.056 9.338723958387627e-09
24750.056 9.64881917066945e-09
24800.056 9.449524108162222e-09
24850.056 1.2483713165897271e-08
24900.056 6.6417807004478e-09
24950.056 1.1022976303276576e-08
25000.056 1.0097234257950281e-08
25050.056 6.160753489929148e-09
25100.056 9.808597133371843e-09
25150.056 5.959699410949495e-09
25200.056 7.864428703111213e-09
25250.056 4.0766638603307615e-09
25300.056 6.108749203463774e-09
25350.056 3.1240997748246017e-09
25400.056 6.681783829332736e-09
25450.056 3.169314465528081e-09
25500.056 3.1730778205111895e-09
25550.056 5.531769165081228e-09
25600.056 4.187057294480559e-09
25650.056 2.0307380743046184e-09
25700.056 3.636394833433911e-09
25750.056 1.3583206817713945e-09
25800.056 4.901960196865681e-09
25850.056 1.7164479010549084e-09
25900.056 2.8285317260254836e-09
25950.056 9.820650332342312e-10
26000.056 5.154653598391658e-09
26050.056 1.5220941531145047e-09
26100.056 4.91253919068895e-09
26150.056 2.956282671944929e-09
26200.056 3.2218414887275836e-09
26250.056 9.751271702312239e-09
26300.056 4.151641214558905e-09
26350.056 1.2547476833662144e-08
26400.056 1.1256900490946415e-08
26450.056 9.844163811975365e-09
26500.056 1.4234277510764597e-08
26550.056 4.740464490387548e-09
26600.056 5.545132603467558e-09
26650.056 1.811707952828133e-09
26700.056 1.4035474300234364e-09
26750.056 1.1270496664304443e-09
26800.056 2.3199426086620995e-09
26850.056 1.263591529015084e-09
26900.056 4.153699258228972e-09
26950.056 2.001823240151959e-09
27000.056 6.482788676989573e-09
27050.056 6.4694402384370304e-09
27100.056 2.4550637768568203e-09
27150.056 9.127802563384594e-09
27200.056 2.396773749926292e-09
27250.056 4.548227605175237e-09
27300.056 1.654426055691346e-08
27350.056 8.015130383249327e-09
27400.056 1.2398218751150585e-09
27450.056 9.576167918154454e-09
27500.056 1.1492677607187351e-08
27550.056 2.9203159122861683e-09
27600.056 6.517230950927459e-09
27650.056 2.4640802502397696e-09
27700.056 2.0058492485676683e-09
27750.056 7.893698235722856e-09
27800.056 3.371321090729824e-09
27850.056 4.166752349162861e-09
27900.056 5.088324577142625e-09
27950.056 9.746537695594336e-09
28000.056 7.218111901856206e-09
28050.056 1.9282315940193396e-09
28100.056 9.259484106860308e-09
28150.056 6.022655231087651e-09
28200.056 2.6437139911704593e-09
28250.056 1.1056195491418862e-08
28300.056 1.1606736499032008e-08
28350.056 3.1965191504831754e-09
28400.056 8.479399835353232e-09
28450.056 1.2911039616263208e-08
28500.056 8.35348099459463e-09
28550.056 2.7242613339251695e-09
28600.056 1.3251865105755975e-08
28650.056 9.035544388691815e-09
28700.056 9.620282747644793e-09
28750.056 1.7167708296404067e-08
28800.056 1.1249370181649381e-08
28850.056 1.506294663235976e-08
28900.056 7.95071915037537e-09
28950.056 1.4500609127017922e-08
29000.056 1.3069494816744129e-08
29050.056 1.6542058837232176e-08
29100.056 9.60248653161413e-09
29150.056 2.034244580109781e-08
29200.056 1.5276068037601972e-08
29250.056 2.120737882755144e-08
29300.056 1.209944938921871e-08
29350.056 3.754426238419944e-08
29400.056 1.579266188316314e-08
29450.056 1.6179035800569438e-08
29500.056 2.587752192912415e-08
29550.056 1.8250290832723627e-08
29600.056 2.3003791842616602e-08
29650.056 2.9961863028799716e-08
29700.056 1.7965110381352534e-08
29750.056 2.7900644185309516e-08
29800.056 2.6012478117019562e-08
29850.056 3.562468813829576e-08
29900.056 3.011602151210579e-08
29950.056 2.5884383669227783e-08
30000.056 2.8593816074118487e-09
30050.056 7.833506236610126e-09
30100.056 1.5353034936083155e-08
30150.056 2.981127527260098e-08
30200.056 2.5823939530099007e-08
30250.056 4.7091751663103474e-08
30300.056 4.10582703474972e-08
30350.056 3.05358863161912e-08
30400.056 4.9348834162806e-08
30450.056 3.2573079782228844e-08
30500.056 3.3488277225249256e-08
30550.056 3.093503049689734e-08
30600.056 6.037221120500309e-08
30650.056 4.2140645488201775e-08
30700.056 3.0234207005875405e-08
30750.056 4.2357796619796324e-08
30800.056 3.6758380986903735e-08
30850.056 3.677475110339632e-08
30900.056 2.6738607793102418e-08
30950.056 2.3824837089003497e-08
31000.056 2.5950991368003204e-08
31050.056 3.1431767000597325e-08
31100.056 1.7205312617302373e-08
31150.056 2.5249700618498612e-08
31200.056 3.899816855280167e-08
31250.056 2.1039068184769765e-08
31300.056 1.973103419387611e-08
31350.056 2.4606617910784307e-08
31400.056 1.737979232161972e-08
31450.056 2.2461571201798273e-08
31500.056 1.0944657524785598e-08
31550.056 1.6549126366963143e-08
31600.056 1.2200169815612435e-08
31650.056 9.799989894824912e-09
31700.056 1.2508057316901042e-08
31750.056 6.639511827094359e-09
31800.056 1.2208054812499756e-08
31850.056 5.173735707752838e-09
31900.056 9.58108706510049e-09
31950.056 5.0629227625237574e-09
32000.056 7.0788402461121175e-09
32050.056 6.639328341634635e-09
32100.056 5.361228447921435e-09
32150.056 7.576152875029825e-09
32200.056 4.638742892914532e-09
32250.056 9.327408381162344e-09
32300.056 3.986117687787613e-09
32350.056 1.0441539967581456e-08
32400.056 3.9870388817457844e-09
32450.056 9.522401363419113e-09
32500.056 5.639641041452694e-09
32550.056 9.29330788871912e-09
32600.056 7.539465581387462e-09
32650.056 1.1780058950377355e-08
32700.056 9.345087195921047e-09
32750.056 1.756664161780256e-08
32800.056 1.7173297346198234e-08
32850.056 2.437175871860294e-08
32900.056 2.4137589667488213e-08
32950.056 2.5516338654350842e-08
33000.056 1.6764295627723308e-08
33050.056 1.9162421706001215e-08
33100.056 7.156141006568094e-09
33150.056 1.926480108272624e-10
33200.056 4.882210005930262e-10
33250.056 6.385834421698245e-10
33300.056 1.601667742540496e-09
33350.056 3.789993213376913e-09
33400.056 7.898647133400278e-09
33450.056 7.728984309463263e-09
33500.056 1.8202462338401294e-08
33550.056 9.61941575267395e-09
33600.056 1.669291023609782e-08
33650.056 1.810933302940031e-08
33700.056 9.02918732216976e-09
33750.056 2.2524435974799698e-08
33800.056 6.109013322375486e-09
33850.056 1.3457194353529205e-08
33900.056 1.1742851697550853e-08
33950.056 1.1314905362209996e-08
34000.056 1.799026616160045e-08
34050.056 5.64538360499042e-09
34100.056 1.6125582501501643e-08
34150.056 7.382967112566402e-09
34200.056 1.385799751270574e-08
34250.056 1.2783688504546873e-08
34300.056 8.499880365584087e-09
34350.056 1.725753613170221e-08
34400.056 7.296068807013105e-09
34450.056 1.7272181189798212e-08
34500.056 1.314174851789055e-08
34550.056 7.960088156492738e-09
34600.056 2.378927802100005e-08
34650.056 7.447831021729267e-09
34700.056 1.9572658754101875e-08
34750.056 1.4879393883256228e-08
34800.056 1.0279380657359984e-08
34850.056 2.662988599379989e-08
34900.056 1.1644742294225464e-08
34950.056 2.2666927620499548e-08
35000.056 3.2243672091248466e-08
35050.056 1.4829430507904437e-08
35100.056 3.5456283889502535e-08
35150.056 2.900333770397741e-08
35200.056 2.710292592479984e-08
35250.056 4.540451413119185e-08
35300.056 1.6880252150021947e-08
35350.056 3.077131439849872e-08
35400.056 3.0359142217395605e-08
35450.056 2.0423384679272494e-08
35500.056 4.953753472539668e-08
35550.056 3.255194247310404e-08
35600.056 4.036616923250993e-08
35650.056 4.784422742360864e-08
35700.056 3.4082831167096774e-08
35750.056 6.006770785100282e-08
35800.056 5.5004154019002804e-08
35850.056 3.4847253126898326e-08
35900.056 5.7898276533008765e-08
35950.056 6.106395613199645e-08
36000.056 6.020564053600685e-08
36050.056 6.028699559399439e-08
36100.056 4.9631889689390446e-08
36150.056 7.575099820699998e-08
36200.056 8.575802950699402e-08
36250.056 6.27143419475869e-08
36300.056 9.726590176460922e-08
36350.056 8.828358815900211e-08
36400.056 9.855432761099388e-08
36450.056 8.588886821809638e-08
36500.056 9.424314693093919e-08
36550.056 1.2539177619800943e-07
36600.056 1.4004315894999316e-07
36650.056 1.0585748074606932e-07
36700.056 1.1196387518936583e-07
36750.056 1.4433803616000572e-07
36800.056 1.4431134748099808e-07
36850.056 1.2185888716838652e-07
36900.056 1.2837546025160614e-07
36950.056 1.5952810311498308e-07
37000.056 1.401448923650002e-07
37050.056 1.532157403550068e-07
37100.056 1.220670612328012e-07
37150.056 1.5192241673500773e-07
37200.056 1.8782728661999385e-07
37250.056 1.327120966329813e-07
37300.056 1.1887552432648932e-07
37350.056 1.71448090265009e-07
37400.056 2.05897061739997e-07
37450.056 1.4132291655799483e-07
37500.056 1.5095811971299494e-07
37550.056 2.1379654029002796e-07
37600.056 2.3908336513000513e-07
37650.056 1.452884916300153e-07
37700.056 2.0167231655801005e-07
37750.056 1.6170334834601346e-07
37800.056 1.9453515501001296e-07
37850.056 1.4068278588299953e-07
37900.056 1.6714665763800317e-07
37950.056 1.9306262707399922e-07
38000.056 1.9549409156999566e-07
38050.056 1.9853363593801323e-07
38100.056 2.3610062141000556e-07
38150.056 2.4519948787999337e-07
38200.056 2.1798081455500144e-07
38250.056 2.2321928222000942e-07
38300.056 2.838445555499826e-07
38350.056 2.8005124250001417e-07
38400.056 2.0496847813497698e-07
38450.056 1.9018417330997867e-07
38500.056 1.7786099061401693e-07
38550.056 2.4346607267001004e-07
38600.056 2.3523552585998382e-07
38650.056 2.4551332041999584e-07
38700.056 2.6731348481000073e-07
38750.056 2.4481954402999394e-07
38800.056 2.4132994140999645e-07
38850.056 2.6084311440000646e-07
38900.056 2.7900070377997997e-07
38950.056 2.532344617400043e-07
39000.056 2.629446341399833e-07
39050.056 2.662440152200275e-07
39100.056 2.5611876431800037e-07
39150.056 3.023004562499941e-07
39200.056 2.7280762607999896e-07
39250.056 2.924990018200053e-07
39300.056 2.7823939352e-07
39350.056 3.159802583900012e-07
39400.056 2.8394095319999756e-07
39450.056 3.112533633500096e-07
39500.056 3.2244342905999796e-07
39550.056 2.7246918938003226e-07
39600.056 3.006392270899985e-07
39650.056 3.472638777199962e-07
39700.056 3.2449737775000875e-07
39750.056 2.702288355600178e-07
39800.056 2.788418535200048e-07
39850.056 3.5131858511000385e-07
39900.056 3.543177268600056e-07
39950.056 3.098416516499993e-07
40000.056 3.447312668099941e-07
40050.056 3.386129428299991e-07
40100.056 2.5642096109401505e-07
40150.056 3.357354107200068e-07
40200.056 3.501932070699895e-07
40250.056 3.517611665199813e-07
40300.056 3.5340972902001365e-07
40350.056 2.984922725599801e-07
40400.056 3.435385161200016e-07
40450.056 2.9567518796999595e-07
40500.056 3.4966429641999423e-07
40550.056 3.649808092999887e-07
40600.056 3.54627419820001e-07
40650.056 3.283001032599758e-07
40700.056 3.9588672899999595e-07
40750.056 3.454143784199856e-07
40800.056 3.0977163666997787e-07
40850.056 3.92561802910009e-07
40900.056 3.8486129876999076e-07
40950.056 3.373339792400004e-07
41000.056 3.446588908099946e-07
41050.056 3.9063708631999573e-07
41100.056 3.773046177199848e-07
41150.056 2.980013697999952e-07
41200.056 3.828845658900124e-07
41250.056 3.6815405286997945e-07
41300.056 3.627007506200028e-07
41350.056 3.9963275336999973e-07
41400.056 3.6690593828000657e-07
41450.056 4.001602796300008e-07
41500.056 3.47755726839974e-07
41550.056 3.311809049200199e-07
41600.056 3.368846740270107e-07
41650.056 3.8320683174000784e-07
41700.056 3.813522918599851e-07
41750.056 3.67498080969997e-07
41800.056 3.8750956122000273e-07
41850.056 3.1731946312999356e-07
41900.056 3.3791602805997024e-07
41950.056 3.7069670186000356e-07
42000.056 3.4887649472996487e-07
42050.056 3.266159290500076e-07
42100.056 3.743326533999836e-07
42150.056 3.184780875399976e-07
42200.056 3.235900259499833e-07
42250.056 3.289746187100041e-07
42300.056 3.238799576199945e-07
42350.056 3.583157159900039e-07
42400.056 3.669351528800027e-07
42450.056 3.2126844188001633e-07
42500.056 3.374915220099944e-07
42550.056 3.190858756899972e-07
42600.056 3.418807442200279e-07
42650.056 3.94617156879987e-07
42700.056 3.2895216132997433e-07
42750.056 2.8303147860002906e-07
42800.056 3.484712136700019e-07
42850.056 3.681012995499767e-07
42900.056 3.649358124700145e-07
42950.056 3.1751972483999485e-07
43000.056 3.51206269129994e-07
43050.056 2.4957117266003125e-07
43100.056 3.406988351099928e-07
43150.056 3.12684728330002e-07
43200.056 3.2272292935000387e-07
43250.056 3.995247208700048e-07
43300.056 3.80635789039995e-07
43350.056 2.5774235033998826e-07
43400.056 3.39709389840011e-07
43450.056 3.0002833071001224e-07
43500.056 3.099166053899968e-07
43550.056 2.9877831356000413e-07
43600.056 3.7231884683000355e-07
43650.056 2.5434550815298956e-07
43700.056 3.7109219112002836e-07
43750.056 3.7334316148999364e-07
43800.056 3.426835339499845e-07
43850.056 3.1997811478002907e-07
43900.056 3.212833802899961e-07
43950.056 2.5991826909999243e-07
44000.056 2.3433285433000008e-07
44050.056 3.5824951851001677e-07
44100.056 4.192287393800055e-07
44150.056 4.16192295339993e-07
44200.056 3.891497908300032e-07
44250.056 2.8971780610999365e-07
44300.056 2.2754379754900916e-07
44350.056 2.5773430011400846e-07
44400.056 2.740811850999933e-07
44450.056 3.482599347400107e-07
44500.056 3.1977310389002256e-07
44550.056 3.8802685344999995e-07
44600.056 3.430786174100079e-07
44650.056 3.442820697399838e-07
44700.056 2.734653006499821e-07
44750.056 3.0778054422002875e-07
44800.056 2.730469966110049e-07
44850.056 3.5404761171001e-07
44900.056 3.1403961979999543e-07
44950.056 3.316106598000161e-07
45000.056 3.527371015200019e-07
45050.056 3.506109306399861e-07
45100.056 3.3919597897001587e-07
45150.056 3.3483269922999807e-07
45200.056 2.47771336976999e-07
45250.056 2.8036502619998773e-07
45300.056 2.800375348600116e-07
45350.056 2.2377506664600165e-07
45400.056 3.8103671834000944e-07
45450.056 3.709762450200098e-07
45500.056 3.7259185928000754e-07
45550.056 4.0512775938998366e-07
45600.056 3.9435852044000616e-07
45650.056 3.6016826007997994e-07
45700.056 2.485419520619874e-07
45750.056 2.2525515520401031e-07
45800.056 3.917107964400086e-07
45850.056 3.710663698200094e-07
45900.056 3.953549382999949e-07
45950.056 3.5245149564999305e-07
46000.056 3.825395775800188e-07
46050.056 3.535005282200012e-07
46100.056 3.949878717399899e-07
46150.056 2.973796150700006e-07
46200.056 2.6244940122998657e-07
46250.056 1.4721505718978991e-07
46300.056 3.032924640300096e-07
46350.056 3.4130676885000895e-07
46400.056 3.302534981700052e-07
46450.056 2.894648950399835e-07
46500.056 3.0681497631002087e-07
46550.056 2.526223527899995e-07
46600.056 2.587101927279767e-07
46650.056 3.2778014439001667e-07
46700.056 2.8361144434998007e-07
46750.056 1.6787701232202097e-07
46800.056 1.3463141712799477e-07
46850.056 3.1844287893002407e-07
46900.056 3.5361435284999276e-07
46950.056 3.373727202499902e-07
47000.056 3.3003004858001075e-07
47050.056 2.689881962889575e-07
47100.056 2.2644808559000406e-07
47150.056 2.958485974500236e-07
47200.056 3.285204584999939e-07
47250.056 1.958031934029762e-07
47300.056 1.4601690180312375e-07
47350.056 3.3669131290000737e-07
47400.056 3.3792065933999527e-07
47450.056 2.7780532372901267e-07
47500.056 3.526737453399952e-07
47550.056 3.0823701714000676e-07
47600.056 3.121113915999874e-07
47650.056 3.202538646299841e-07
47700.056 2.797251134500284e-07
47750.056 2.2913741794999885e-07
47800.056 2.0209576704000752e-07
47850.056 1.101399387560084e-07
47900.056 1.5642920207499362e-07
47950.056 2.9890275558001227e-07
48000.056 3.3900408068999556e-07
48050.056 3.0665413439998396e-07
48100.056 1.7456454574400057e-07
48150.056 2.4999774785000807e-07
48200.056 2.272308555419921e-07
48250.056 2.7801997314999874e-07
48300.056 3.2633283944000287e-07
48350.056 2.4765516298998443e-07
48400.056 8.999826572658578e-08
48450.056 1.6018282506463076e-07
48500.056 2.445756068399714e-07
48550.056 2.5559088116002384e-07
48600.056 2.9540720745000357e-07
48650.056 3.271450900599973e-07
48700.056 2.7645305955000544e-07
48750.056 1.8644952705001064e-07
48800.056 2.8135054353001226e-07
48850.056 1.907041251409743e-07
48900.056 2.4431541445598557e-07
48950.056 1.7560680466598937e-07
49000.056 1.09843293771213e-07
49050.056 2.411609903909789e-07
49100.056 2.655054344900246e-07
49150.056 2.1641704606499629e-07
49200.056 2.9239164739001085e-07
49250.056 2.8468023242000115e-07
49300.056 2.567329926999898e-07
49350.056 1.606809101520203e-07
49400.056 1.9666814497696927e-07
49450.056 1.7988693814053805e-07
49500.056 1.6566738382097923e-07
49550.056 6.315018442679708e-08
49600.056 1.2004904926561692e-07
49650.056 1.9922597592999832e-07
49700.056 2.187791814899862e-07
49750.056 2.4180400917598623e-07
49800.056 1.6748821728839666e-07
49850.056 2.635693069100132e-07
49900.056 2.645169537899996e-07
49950.056 2.1996267231999179e-07
50000.056 2.0274062745500648e-07
50050.056 2.3269357628000443e-07
50100.056 2.0501338514999257e-07
50150.056 1.205725998119862e-07
50200.056 4.082557120481111e-08
50250.056 1.4264728248499758e-07
50300.056 1.0172673439101183e-07
50350.056 2.2140724959001202e-07
50400.056 2.1849395240999715e-07
50450.056 1.5651225204300096e-07
50500.056 2.3877592881001387e-07
50550.056 2.508857167999993e-07
50600.056 1.7409397484496863e-07
50650.056 2.3107782755002697e-07
50700.056 2.59885450369998e-07
50750.056 1.8059735438600025e-07
50800.056 9.346159854138308e-08
50850.056 6.94669805028209e-08
50900.056 2.1453197827000436e-07
50950.056 2.0824789347000022e-07
51000.056 1.7817361621092058e-07
51050.056 2.0392403830797514e-07
51100.056 1.0787145784099598e-07
51150.056 1.1743874288821925e-07
51200.056 2.47330361529999e-07
51250.056 1.8929670374198425e-07
51300.056 1.3704441267401353e-07
51350.056 1.5835739076897505e-07
51400.056 8.768290157451246e-08
51450.056 6.806960696748528e-08
51500.056 5.821895532101581e-08
51550.056 1.532432626830127e-07
51600.056 1.2353692827300624e-07
51650.056 1.4627753266799078e-07
51700.056 1.5668303218807134e-07
51750.056 1.2511884246351756e-07
51800.056 1.9632188726998854e-07
51850.056 1.5400080273099415e-07
51900.056 2.0102084373000896e-07
51950.056 1.476631408619845e-07
52000.056 3.376097582979103e-08
52050.056 9.196344858100833e-08
52100.056 6.802258682599313e-08
52150.056 4.925625593930794e-08
52200.056 8.525922383199522e-08
52250.056 1.257214057900148e-07
52300.056 1.7992489165999716e-07
52350.056 8.04786523419581e-08
52400.056 7.946296192380262e-08
52450.056 1.6993377081001647e-07
52500.056 1.6031159533797917e-07
52550.056 1.49394489524986e-07
52600.056 1.2073042060601127e-07
52650.056 1.427380416930034e-07
52700.056 9.438066019400289e-08
52750.056 6.079898405238934e-08
52800.056 8.282552152101124e-08
52850.056 1.0170874290898097e-07
52900.056 6.638834780760517e-08
52950.056 9.246201819900848e-08
53000.056 1.3639552355200128e-07
53050.056 7.013095417019127e-08
53100.056 1.5630875688000565e-07
53150.056 1.655358224700007e-07
53200.056 6.743301489789401e-08
53250.056 1.4265364326801028e-07
53300.056 1.6528678873503464e-07
53350.056 1.5171128869999638e-07
53400.056 1.2166004465999486e-07
53450.056 5.3324766211491886e-08
53500.056 2.3391630287593414e-08
53550.056 4.266063189439893e-08
53600.056 9.570396050011583e-08
53650.056 7.771372102639998e-08
53700.056 7.077749048359455e-08
53750.056 6.649304786149356e-08
53800.056 7.577155242500388e-08
53850.056 1.2072766812498594e-07
53900.056 1.2569976540800636e-07
53950.056 1.3847789851200016e-07
54000.056 1.0348577980401468e-07
54050.056 1.0818372245199221e-07
54100.056 3.410514260239911e-08
54150.056 5.35888851850076e-08
54200.056 1.934457903029563e-08
54250.056 3.547772451400389e-08
54300.056 5.7194579327003195e-08
54350.056 8.303504092799467e-08
54400.056 8.06382658449897e-08
54450.056 7.761157107681723e-08
54500.056 7.935626431100655e-08
54550.056 5.7189500740999236e-08
54600.056 6.687554209099497e-08
54650.056 2.0757619376617355e-08
54700.056 7.405903567799825e-08
54750.056 6.950120665598853e-08
54800.056 4.2562671030708326e-08
54850.056 5.372748710870042e-08
54900.056 7.481690774800185e-08
54950.056 1.1583529384598541e-07
55000.056 5.176574758029574e-08
55050.056 6.386899607260262e-08
55100.056 8.336022805801336e-08
55150.056 5.213817416608995e-08
55200.056 5.0133531312268076e-08
55250.056 6.101893417851316e-08
55300.056 4.352802698520076e-08
55350.056 7.341643703800363e-08
55400.056 6.909906794439696e-08
55450.056 5.464333069048794e-08
55500.056 2.3628065527303493e-08
55550.056 3.445512837260212e-08
55600.056 5.234789498099922e-08
55650.056 3.857292630459541e-08
55700.056 4.779348942380869e-08
55750.056 4.07602878807939e-08
55800.056 2.5552064220301057e-08
55850.056 2.412813739439892e-08
55900.056 5.107080684329752e-08
55950.056 8.4834493287016e-08
56000.056 3.866074315738756e-08
56050.056 4.258326057520502e-08
56100.056 5.3291010194901494e-08
56150.056 3.876052093710176e-08
56200.056 3.3085321862392706e-08
56250.056 7.375713098201313e-08
56300.056 5.464540495828957e-08
56350.056 4.0892047517807366e-08
56400.056 2.245792563298939e-08
56450.056 2.526089599960497e-08
56500.056 4.816423929600178e-08
56550.056 2.090943596280952e-08
56600.056 5.258375539000207e-08
56650.056 5.443510401150001e-08
56700.056 5.9171521589000465e-08
56750.056 2.67483558299991e-08
56800.056 3.390301537900034e-08
56850.056 3.890638881621087e-08
56900.056 2.7918872341592177e-08
56950.056 5.7222267756998365e-08
57000.056 6.417739665500702e-08
57050.056 4.3307297678988325e-08
57100.056 1.4934843009979898e-08
57150.056 3.104628684011626e-08
57200.056 2.3118077405599004e-08
57250.056 3.2251874915595794e-08
57300.056 3.726246828040439e-08
57350.056 2.311037498760121e-08
57400.056 6.055428288500202e-08
57450.056 3.6749931029992903e-08
57500.056 3.155491998621497e-08
57550.056 4.050138022280114e-08
57600.056 3.139803915477723e-08
57650.056 1.4320839546160284e-08
57700.056 2.4407567000600394e-08
57750.056 3.786030575870212e-08
57800.056 2.382948917565262e-08
57850.056 5.9374523536512645e-08
57900.056 7.66641800850061e-08
57950.056 7.916778731900414e-08
58000.056 3.609813414059418e-08
58050.056 5.4079745917996256e-08
58100.056 4.575641977550807e-08
58150.056 4.2803689345085254e-08
58200.056 1.521305352300039e-08
58250.056 2.425186009139672e-08
58300.056 1.878066467430383e-08
58350.056 2.576902720620571e-08
58400.056 4.32802636770029e-08
58450.056 5.6821186298996347e-08
58500.056 6.10980206480048e-08
58550.056 4.657796793139581e-08
58600.056 2.6125220193989135e-08
58650.056 3.51166302934237e-08
58700.056 3.390302797199287e-08
58750.056 4.3576800065000285e-08
58800.056 9.034320835837276e-09
58850.056 2.614388721800341e-08
58900.056 2.8561706502200905e-08
58950.056 1.9430479563094255e-08
59000.056 3.533237664640517e-08
59050.056 3.977862068651616e-08
59100.056 4.0298693229159795e-08
59150.056 3.667430496823392e-08
59200.056 4.3786866165298484e-08
59250.056 4.8483504949511566e-08
59300.056 4.998845245099308e-08
59350.056 1.4426310196899078e-08
59400.056 1.5788972322777784e-08
59450.056 4.4980912513096093e-08
59500.056 2.5283355912992987e-08
59550.056 4.465431930420313e-08
59600.056 6.14991827727919e-08
59650.056 3.427671602400162e-08
59700.056 2.6548845093105678e-08
59750.056 7.681824164999794e-08
59800.056 3.983719534789284e-08
59850.056 4.56989821150009e-08
59900.056 2.2774173245197077e-08
59950.056 3.789777725799977e-08
60000.056 7.567894965122024e-08
60050.056 7.885688819900464e-08
60100.056 6.944664304398978e-08
60150.056 3.347580460589887e-08
60200.056 4.2007818746690416e-08
60250.056 6.669307722351046e-08
60300.056 6.634370191099279e-08
60350.056 3.950461922480105e-08
60400.056 4.915888302698962e-08
60450.056 1.7008020407498537e-08
60500.056 9.838216504582987e-09
60550.056 3.944390731101309e-08
60600.056 4.6415411673998546e-08
60650.056 3.7170527790693054e-08
60700.056 2.796037330199944e-08
60750.056 1.888032461630453e-08
60800.056 4.725290907501017e-08
60850.056 6.706675739259597e-08
60900.056 5.333562879020444e-08
60950.056 4.353292697740688e-08
61000.056 6.308655911189894e-08
61050.056 2.9675933313996608e-08
61100.056 3.2784899775602907e-08
61150.056 1.5100498069262023e-08
61200.056 4.868288957600878e-08
61250.056 4.6665392703996334e-08
61300.056 3.0402599240603896e-08
61350.056 4.656925228619657e-08
61400.056 2.573975497660105e-08
61450.056 2.083261135880523e-08
61500.056 1.8748861925207173e-08
61550.056 3.002636419649449e-08
61600.056 2.123714214919979e-08
61650.056 2.3124267361407523e-08
61700.056 3.1752839538001643e-08
61750.056 3.251979245510292e-08
61800.056 3.7497926807195425e-08
61850.056 1.608548575649737e-08
61900.056 5.511464249100601e-08
61950.056 4.467004740098996e-08
62000.056 3.417662831799715e-08
62050.056 6.622485188241182e-08
62100.056 3.905255952117822e-08
62150.056 5.3520919857612386e-08
62200.056 4.825351148599397e-08
62250.056 4.5834264898986597e-08
62300.056 6.441417753899841e-08
62350.056 6.663524217400064e-08
62400.056 5.1352546062808066e-08
62450.056 5.0258445722990774e-08
62500.056 7.221212356401132e-08
62550.056 9.227307866199501e-08
62600.056 5.861160059200248e-08
62650.056 5.312405370450416e-08
62700.056 4.541361197000427e-08
62750.056 7.627788983298784e-08
62800.056 5.7444439724001146e-08
62850.056 5.818895162149082e-08
62900.056 6.887571880999026e-08
62950.056 9.860162215398885e-08
63000.056 4.5388209404201416e-08
63050.056 1.1530875879900775e-07
63100.056 1.1758346890899963e-07
63150.056 8.063647035749853e-08
63200.056 7.444637340499798e-08
63250.056 9.324887272700257e-08
63300.056 4.9212164115497856e-08
63350.056 6.841874949500244e-08
63400.056 3.4330559068595004e-08
63450.056 2.1453480390205395e-08
63500.056 7.612381884200815e-08
63550.056 8.56921426029844e-08
63600.056 5.84052754799014e-08
63650.056 6.617166330800053e-08
63700.056 2.732323036679349e-08
63750.056 4.6023187505592396e-08
63800.056 7.4422855458214e-08
63850.056 6.627314320099505e-08
63900.056 3.654885772010388e-08
63950.056 4.6507323415013e-08
64000.056 6.615457199299928e-08
64050.056 3.009496953199056e-08
64100.056 1.3834334599730894e-08
64150.056 1.7380240379896644e-08
64200.056 1.9175309643815324e-08
64250.056 4.707471923600504e-08
64300.056 3.703184653899095e-08
64350.056 2.5869321343008167e-08
64400.056 5.221217630599327e-08
64450.056 5.2345259613009314e-08
64500.056 2.772441632539411e-08
64550.056 4.968402569700376e-08
64600.056 4.1525007956499245e-08
64650.056 5.534060507799019e-08
64700.056 1.9615075619196035e-08
64750.056 2.766763930700066e-08
64800.056 2.231892057020366e-08
64850.056 1.9556332889804326e-08
64900.056 1.98903898939957e-08
64950.056 1.726183227109818e-08
65000.056 2.287793571100622e-08
65050.056 4.470038019199884e-08
65100.056 3.803713991999849e-08
65150.056 3.736454350159849e-08
65200.056 1.7724884427798196e-08
65250.056 2.77568784031966e-08
65300.056 3.363385062610484e-08
65350.056 6.28315690591999e-08
65400.056 3.088044168159888e-08
65450.056 2.9888417945192406e-08
65500.056 4.021332962800355e-08
65550.056 2.262690958709915e-08
65600.056 4.292834113850215e-08
65650.056 3.125824801490414e-08
65700.056 2.7092109354004566e-08
65750.056 1.9938446770604635e-08
65800.056 3.244540177710977e-08
65850.056 5.1381597177990524e-08
65900.056 1.8633099945998352e-08
65950.056 1.9638808300099958e-08
66000.056 2.375613379820526e-08
66050.056 5.0184368796015166e-08
66100.056 3.000112888179831e-08
66150.056 2.939710573640452e-08
66200.056 2.816194978109427e-08
66250.056 2.0674837187002762e-08
66300.056 1.6453804476702744e-08
66350.056 1.3164964295703559e-08
66400.056 2.0470794605399818e-08
66450.056 4.2234177469003857e-08
66500.056 6.063910127101101e-08
66550.056 5.074899572598882e-08
66600.056 3.855409789000417e-08
66650.056 3.258916627849987e-08
66700.056 2.8579292331404024e-08
66750.056 4.257449072799717e-08
66800.056 3.3141408420996904e-08
66850.056 2.387548176010605e-08
66900.056 5.3693835335507733e-08
66950.056 5.361978670961458e-08
67000.056 8.037204742100109e-08
67050.056 3.274768885438998e-08
67100.056 2.9007344786302485e-08
67150.056 2.976243558140134e-08
67200.056 4.9407386060999876e-08
67250.056 4.0503076446008156e-08
67300.056 5.2087921988805485e-08
67350.056 3.352883551641029e-08
67400.056 5.80451352609905e-08
67450.056 4.2742460592397626e-08
67500.056 3.1451965886206767e-08
67550.056 5.9510028377014534e-08
67600.056 9.612106195699748e-08
67650.056 6.510177328102227e-08
67700.056 4.5351838816986686e-08
67750.056 3.418472367880816e-08
67800.056 4.267734466098326e-08
67850.056 2.735571928500061e-08
67900.056 3.49869448521952e-08
67950.056 3.0069697942204534e-08
68000.056 5.4574869343993155e-08
68050.056 3.870677974099653e-08
68100.056 4.947686124721283e-08
68150.056 5.1369163178995536e-08
68200.056 5.474138003201482e-08
68250.056 2.688772982939633e-08
68300.056 5.772424537900667e-08
68350.056 6.10757486829912e-08
68400.056 7.031147307700499e-08
68450.056 6.943738982601016e-08
68500.056 4.965360368378762e-08
68550.056 2.8393490036200142e-08
68600.056 2.9119412610099753e-08
68650.056 1.7129484851180877e-08
68700.056 3.316492713000396e-08
68750.056 4.3910541409403156e-08
68800.056 4.360686033898863e-08
68850.056 3.224179466798925e-08
68900.056 8.181043409200807e-08
68950.056 8.276607871700142e-08
69000.056 5.300409806660557e-08
69050.056 3.238642234829961e-08
69100.056 7.789000031900582e-08
69150.056 9.148252456100811e-08
69200.056 6.138443266000296e-08
69250.056 9.110046398199236e-08
69300.056 9.45139802000126e-08
69350.056 8.363471203899606e-08
69400.056 4.774141126699616e-08
69450.056 7.260347715998664e-08
69500.056 5.59602596449952e-08
69550.056 4.790571938799876e-08
69600.056 1.6621080711002612e-08
69650.056 4.287065849101433e-08
69700.056 8.141070037200137e-08
69750.056 4.8564793479595205e-08
69800.056 7.00430035139934e-08
69850.056 7.836631294001331e-08
69900.056 6.03477714856851e-08
69950.056 5.8051215954320265e-08
70000.056 5.079650228149641e-08
70050.056 9.002892282500998e-08
70100.056 5.4452958877999146e-08
70150.056 6.568742293100519e-08
70200.056 4.3356951117590735e-08
70250.056 5.293732936001106e-08
70300.056 7.322810337399505e-08
70350.056 7.119699451000119e-08
70400.056 4.5858120704991026e-08
70450.056 1.7055203559705013e-08
70500.056 4.255565968500245e-08
70550.056 3.282127124460002e-08
70600.056 4.257174411660217e-08
70650.056 5.912110344899942e-08
70700.056 6.959143712101723e-08
70750.056 9.979265428500639e-08
70800.056 5.853162821598497e-08
70850.056 5.0907862273999817e-08
70900.056 6.8164854681789e-08
70950.056 7.189711313101365e-08
71000.056 6.929567396999612e-08
71050.056 7.341439082200103e-08
71100.056 5.969498373199875e-08
71150.056 4.4608676261994505e-08
71200.056 5.002375298100758e-08
71250.056 6.566167543700081e-08
71300.056 7.932413632399297e-08
71350.056 8.499350179400841e-08
71400.056 6.923438231499116e-08
71450.056 3.4981195348597237e-08
71500.056 4.5897730709992015e-08
71550.056 3.620376472749909e-08
71600.056 5.804189436999738e-08
71650.056 3.991756570960282e-08
71700.056 2.8715787891398682e-08
71750.056 5.0313655643012584e-08
71800.056 6.8023160124996e-08
71850.056 6.974077924999452e-08
71900.056 4.6378623008996294e-08
71950.056 6.414399171698142e-08
72000.056 5.962320292100125e-08
72050.056 3.046252954059799e-08
72100.056 3.8008297258599904e-08
72150.056 5.602503988898809e-08
72200.056 4.952820419000615e-08
72250.056 7.921477859000177e-08
72300.056 4.788487700650055e-08
72350.056 5.484609429298757e-08
72400.056 4.930438497100225e-08
72450.056 4.8421047923972966e-08
72500.056 5.796496948700105e-08
72550.056 2.5480130709608865e-08
72600.056 4.721114980600287e-08
72650.056 7.006783579601431e-08
72700.056 3.9041102883390134e-08
72750.056 4.993328289399714e-08
72800.056 2.9161280634005685e-08
72850.056 3.2816359531607386e-08
72900.056 7.182140697400657e-08
72950.056 4.360834252390212e-08
73000.056 4.094175507018857e-08
73050.056 2.963369988499971e-08
73100.056 4.283791378900977e-08
73150.056 7.665711698999738e-08
73200.056 3.631731472309225e-08
73250.056 4.8417704320998106e-08
73300.056 3.083544146199006e-08
73350.056 2.307648714539453e-08
73400.056 4.362605814799967e-08
73450.056 2.9568385390001343e-08
73500.056 2.9720437130808646e-08
73550.056 4.2815792466002446e-08
73600.056 4.681328541198892e-08
73650.056 4.394151045640807e-08
73700.056 3.764470044498633e-08
73750.056 2.3545512115388897e-08
73800.056 3.487950402990896e-08
73850.056 4.967249265499124e-08
73900.056 3.1121385402788834e-08
73950.056 3.980660989600121e-08
74000.056 2.229625992959524e-08
74050.056 5.909165711201279e-08
74100.056 4.8587144556784035e-08
74150.056 4.926871690599863e-08
74200.056 2.8677492370895482e-08
74250.056 1.7757664573095562e-08
74300.056 4.4052122338004873e-08
74350.056 5.965408053800306e-08
74400.056 4.8903193753003426e-08
74450.056 3.186378572618675e-08
74500.056 2.2641070031194347e-08
74550.056 3.4358239633208826e-08
74600.056 2.8643371562499277e-08
74650.056 2.973813760800191e-08
74700.056 3.2348824843803625e-08
74750.056 2.2162969157593515e-08
74800.056 2.531655552720146e-08
74850.056 5.403114376300998e-08
74900.056 6.464063162998987e-08
74950.056 5.3071851348996086e-08
75000.056 4.401937543799112e-08
75050.056 1.7498956589103754e-08
75100.056 6.071036289801866e-08
75150.056 6.551111965600525e-08
75200.056 5.0961482425989966e-08
75250.056 5.873069784198609e-08
75300.056 5.308321471199563e-08
75350.056 2.4029820927200876e-08
75400.056 6.907214773600477e-08
75450.056 6.680570264101032e-08
75500.056 5.772451666098936e-08
75550.056 4.564469349360494e-08
75600.056 6.387625603700033e-08
75650.056 4.739576583401297e-08
75700.056 5.810475550699236e-08
75750.056 5.2247291842015615e-08
75800.056 4.804055615698806e-08
75850.056 6.461353531501304e-08
75900.056 5.254367515999074e-08
75950.056 4.332698093000185e-08
76000.056 6.589554729599359e-08
76050.056 5.212588537698514e-08
76100.056 5.645802784399103e-08
76150.056 5.7290153100989625e-08
76200.056 5.5468130928021525e-08
76250.056 5.06253921140013e-08
76300.056 9.108679161500235e-08
76350.056 1.0457320160100693e-07
76400.056 7.288113750499985e-08
76450.056 6.592855966901694e-08
76500.056 6.260361487699823e-08
76550.056 2.880425347709573e-08
76600.056 1.2081321992004903e-08
76650.056 1.66246659853986e-08
76700.056 1.7180878917599108e-08
76750.056 1.67527885268029e-08
76800.056 2.633215549140508e-08
76850.056 2.1965349767109778e-08
76900.056 2.9419552503890134e-08
76950.056 2.3065609703803445e-08
77000.056 3.625401105360028e-08
77050.056 2.0479543459796316e-08
77100.056 2.6316002850500706e-08
77150.056 3.953139216100071e-08
77200.056 2.458136590800069e-08
77250.056 2.988887823800081e-08
77300.056 4.05872111079936e-08
77350.056 2.469989518848627e-08
77400.056 3.457756750200761e-08
77450.056 4.542279369299727e-08
77500.056 3.903048705000198e-08
77550.056 3.485490333540032e-08
77600.056 2.920225460560346e-08
77650.056 3.1375474824803574e-08
77700.056 4.263669417898786e-08
77750.056 4.285463683801265e-08
77800.056 6.461848533600128e-08
77850.056 7.24417138969975e-08
77900.056 3.7982945670185354e-08
77950.056 2.8452244015006486e-08
78000.056 4.92953291019934e-08
78050.056 3.415390301560178e-08
78100.056 4.3042711287013806e-08
78150.056 4.914809655851184e-08
78200.056 7.097085631199932e-08
78250.056 5.958795919599394e-08
78300.056 3.2902478695999163e-08
78350.056 5.114077359601061e-08
78400.056 3.891584930698273e-08
78450.056 4.9361095796608985e-08
78500.056 7.411060980198916e-08
78550.056 6.701135147799445e-08
78600.056 5.666906687999785e-08
78650.056 2.9972431001604096e-08
78700.056 3.6237703163202706e-08
78750.056 5.3201863134006384e-08
78800.056 4.255060168398745e-08
78850.056 3.157346263298861e-08
78900.056 4.535322395691106e-08
78950.056 5.098721094699536e-08
79000.056 4.579224254080529e-08
79050.056 4.325246093880239e-08
79100.056 5.1455447141002034e-08
79150.056 3.9245240940600424e-08
79200.056 5.3365927904991226e-08
79250.056 3.494051714650558e-08
79300.056 4.4270668530496265e-08
79350.056 4.767563823160108e-08
79400.056 2.9065128493810137e-08
79450.056 5.911154327501304e-08
79500.056 8.70031406119973e-08
79550.056 7.38204535760093e-08
79600.056 4.700751153700879e-08
79650.056 6.933989707699325e-08
79700.056 4.732426558000295e-08
79750.056 4.9178435496997206e-08
79800.056 3.8931786491520877e-08
79850.056 7.263169008401119e-08
79900.056 9.414315700300073e-08
79950.056 9.423541637500131e-08
