# %ECSV 1.0
# ---
# datatype:
# - {name: wav, unit: Angstrom, datatype: float64}
# - {name: flux_nu, unit: erg / (cm2 Hz s), datatype: float64}
# schema: astropy-2.0
wav flux_nu
3000.0480007680403 nan
3050.0480007680403 0.0
3100.0480007680403 0.0
3150.0480007680403 0.0
3200.0480007680403 0.0
3250.0480007680403 0.0
3300.0480007680403 0.0
3350.0480007680403 0.0
3400.0480007680403 0.0
3450.0480007680403 0.0
3500.0480007680403 0.0
3550.0480007680403 0.0
3600.0480007680403 0.0
3650.0480007680403 0.0
3700.0480007680403 0.0
3750.0480007680403 0.0
3800.0480007680403 0.0
3850.0480007680403 0.0
3900.0480007680403 0.0
3950.0480007680403 0.0
4000.0480007680403 0.0
4050.0480007680403 0.0
4100.04800076804 0.0
4150.04800076804 0.0
4200.04800076804 0.0
4250.04800076804 0.0
4300.04800076804 0.0
4350.04800076804 0.0
4400.04800076804 0.0
4450.04800076804 0.0
4500.04800076804 0.0
4550.04800076804 0.0
4600.04800076804 0.0
4650.04800076804 0.0
4700.04800076804 0.0
4750.04800076804 0.0
4800.04800076804 0.0
4850.04800076804 0.0
4900.04800076804 0.0
4950.04800076804 0.0
5000.04800076804 8.87455167954636e-12
5050.04800076804 2.1754156378176734e-11
5100.04800076804 2.446117018337989e-11
5150.04800076804 2.8129901027413575e-11
5200.04800076804 3.2476037913996534e-11
5250.04800076804 3.690049162542251e-11
5300.04800076804 4.185234615569813e-11
5350.04800076804 4.740304954892202e-11
5400.04800076804 5.3285596999554733e-11
5450.04800076804 6.015943583656401e-11
5500.04800076804 6.796661966785452e-11
5550.04800076804 7.67758409728218e-11
5600.04800076804 8.61983188421761e-11
5650.04800076804 9.595059000965275e-11
5700.04800076804 1.045225644218124e-10
5750.04800076804 1.1365289063169306e-10
5800.04800076804 1.1845722399379325e-10
5850.04800076804 1.1184268966295449e-10
5900.04800076804 3.965021963862466e-11
5950.04800076804 6.663156523563739e-11
6000.04800076804 1.7188941909801219e-10
6050.04800076804 2.3087619555409075e-10
6100.04800076804 2.845881632319199e-10
6150.04800076804 3.3690182669908224e-10
6200.04800076804 3.913091123346937e-10
6250.04800076804 4.462048707344112e-10
6300.04800076804 5.115500904250031e-10
6350.04800076804 5.840158995061522e-10
6400.04800076804 6.583795625215523e-10
6450.04800076804 6.957199138863491e-10
6500.04800076804 7.751111301074013e-10
6550.04800076804 8.835287126588106e-10
6600.04800076804 9.96227819518688e-10
6650.04800076804 1.140853133275325e-09
6700.04800076804 1.3264444149902911e-09
6750.04800076804 1.510203035403341e-09
6800.04800076804 1.6941488573496276e-09
6850.04800076804 1.8985027746349723e-09
6900.04800076804 1.8262533962746453e-09
6950.04800076804 1.7293210690455576e-09
7000.04800076804 1.9873550627575083e-09
7050.04800076804 2.007182768964469e-09
7100.04800076804 2.13417742250135e-09
7150.04800076804 1.698144559405183e-09
7200.04800076804 1.5034447322642422e-09
7250.04800076804 1.7698506998520549e-09
7300.04800076804 1.825235407474237e-09
7350.04800076804 2.136395378270839e-09
7400.04800076804 2.4980538089414573e-09
7450.04800076804 2.9682930475266187e-09
7500.04800076804 3.3246375248887767e-09
7550.04800076804 3.6815141496601997e-09
7600.04800076804 4.0031819151901376e-09
7650.04800076804 4.230647450503316e-09
7700.04800076804 3.1151396012507566e-09
7750.04800076804 1.727484177968415e-09
7800.04800076804 4.614194789391886e-09
7850.04800076804 4.992653015318358e-09
7900.04800076804 5.439158334792913e-09
7950.04800076804 5.947328718407701e-09
8000.04800076804 6.180349538529757e-09
8050.04800076804 6.3403223027845226e-09
8100.04800076804 4.6122771290187954e-09
8150.04800076804 3.739523560909916e-09
8200.04800076804 5.687774844876615e-09
8250.04800076804 5.371808056128413e-09
8300.04800076804 5.836727254020697e-09
8350.04800076804 5.8092481019472235e-09
8400.04800076804 6.14252320993557e-09
8450.04800076804 7.2698891054619755e-09
8500.04800076804 8.222629675698e-09
8550.04800076804 9.373151100416387e-09
8600.04800076804 1.0704973383178136e-08
8650.04800076804 1.1571364982675917e-08
8700.04800076804 1.1692461145262821e-08
8750.04800076804 1.2386770498614696e-08
8800.04800076804 1.2065795941794376e-08
8850.04800076804 9.446188658641474e-09
8900.04800076804 3.187813984980232e-09
8950.04800076804 2.4474359101110314e-09
9000.04800076804 2.269940512569589e-09
9050.04800076804 6.146099218886243e-09
9100.04800076804 6.533017891946719e-09
9150.04800076804 5.8599780229965024e-09
9200.04800076804 7.537289412486675e-09
9250.04800076804 5.140099783453898e-09
9300.04800076804 1.6612365331502912e-10
9350.04800076804 3.126226731916773e-10
9400.04800076804 1.3278227128159312e-09
9450.04800076804 1.055945641703497e-09
9500.04800076804 7.923547200969518e-10
9550.04800076804 8.093793605651505e-10
9600.04800076804 8.346952262697795e-10
9650.04800076804 1.3388418480402884e-09
9700.04800076804 2.788212392008266e-09
9750.04800076804 2.746761330656688e-09
9800.04800076804 3.450474330762337e-09
9850.04800076804 4.33161029282996e-09
9900.04800076804 6.103244926296948e-09
9950.04800076804 6.497187563158223e-09
10000.04800076804 8.45830565135244e-09
10050.04800076804 8.829965771338464e-09
10100.04800076804 1.0487799797949036e-08
10150.04800076804 1.112388392202366e-08
10200.04800076804 1.1736592522596325e-08
10250.04800076804 1.3525733482140945e-08
10300.04800076804 1.56798879815786e-08
10350.04800076804 1.5585852947980726e-08
10400.04800076804 1.849081545162334e-08
10450.04800076804 2.0146890205726316e-08
10500.04800076804 2.1270426285522145e-08
10550.04800076804 2.2440839845663573e-08
10600.04800076804 2.2198455532301746e-08
10650.04800076804 2.1784005561556768e-08
10700.04800076804 2.0307374486630945e-08
10750.04800076804 1.9678023472849717e-08
10800.04800076804 1.815686793688734e-08
10850.04800076804 1.610430429232522e-08
10900.04800076804 1.1922891757002729e-08
10950.04800076804 5.799268792436115e-09
11000.04800076804 3.144742526371677e-09
11050.04800076804 1.4447957970218403e-09
11100.04800076804 6.909695430794533e-10
11150.04800076804 2.8330561647960886e-10
11200.04800076804 2.3521761536497774e-10
11250.04800076804 3.352889213272681e-10
11300.04800076804 4.5554894294734655e-10
11350.04800076804 1.443926626145127e-10
11400.04800076804 6.669887415787903e-10
11450.04800076804 3.6455085230211164e-10
11500.04800076804 3.5879894386748474e-10
11550.04800076804 1.0680800415058283e-10
11600.04800076804 6.894542677591236e-11
11650.04800076804 2.2601235938762133e-10
11700.04800076804 2.9965169247102064e-10
11750.04800076804 1.0245126232778613e-10
11800.04800076804 5.225144540981495e-10
11850.04800076804 8.95399222044092e-10
11900.04800076804 1.1764465949771421e-09
11950.04800076804 1.9671125757807086e-09
12000.04800076804 3.0501499185041546e-09
12050.04800076804 4.541754463066479e-09
12100.04800076804 6.142907662354047e-09
12150.04800076804 8.231405299907696e-09
12200.04800076804 9.874779171565862e-09
12250.04800076804 1.2486122552045773e-08
12300.04800076804 1.6021110982778024e-08
12350.04800076804 1.7300184652998423e-08
12400.04800076804 2.2025855684521323e-08
12450.04800076804 2.6425487285458994e-08
12500.04800076804 2.9332311227999677e-08
12550.04800076804 3.249244128648097e-08
12600.04800076804 3.5358474188665866e-08
12650.04800076804 3.646800433566957e-08
12700.04800076804 3.658623395586913e-08
12750.04800076804 3.123621131042875e-08
12800.04800076804 2.7147135510767595e-08
12850.04800076804 1.987935383011654e-08
12900.04800076804 1.590444788009902e-08
12950.04800076804 1.2937284648198631e-08
13000.04800076804 1.3946465475155565e-08
13050.04800076804 9.94830443550409e-09
13100.04800076804 9.54635087493464e-09
13150.04800076804 6.475285427226932e-09
13200.04800076804 6.416133400086954e-09
13250.04800076804 4.325994517488206e-09
13300.04800076804 1.5945967741076937e-09
13350.04800076804 4.892994431771959e-10
13400.04800076804 1.2457508171930026e-10
13450.04800076804 3.5653442334114086e-11
13500.04800076804 1.1952285598901387e-11
13550.04800076804 3.795424805802252e-12
13600.04800076804 9.44031829409387e-13
13650.04800076804 7.679923050554249e-12
13700.04800076804 3.972226325305014e-12
13750.04800076804 1.4145552556586095e-11
13800.04800076804 1.4528316577028162e-11
13850.04800076804 5.2698720367674645e-12
13900.04800076804 8.488731114776243e-12
13950.04800076804 7.930184605701215e-12
14000.04800076804 9.483951510504222e-12
14050.04800076804 1.6643055613089484e-11
14100.04800076804 1.3570943017676206e-11
14150.04800076804 3.001114537287427e-11
14200.04800076804 1.895258451769525e-11
14250.04800076804 2.71930085029869e-11
14300.04800076804 9.82215517638648e-11
14350.04800076804 7.621331275476987e-11
14400.04800076804 7.994086394571599e-11
14450.04800076804 1.4871126130444141e-10
14500.04800076804 3.4352676993457677e-10
14550.04800076804 3.6971244581827244e-10
14600.04800076804 7.320427895948774e-10
14650.04800076804 5.491320300958375e-10
14700.04800076804 2.8870764707750793e-10
14750.04800076804 3.5997753502168104e-10
14800.04800076804 4.370258162184634e-10
14850.04800076804 4.594589667086757e-10
14900.04800076804 5.466403980473495e-10
14950.04800076804 6.720993730946651e-10
15000.04800076804 1.1964251750234356e-09
15050.04800076804 1.2782930319038544e-09
15100.04800076804 1.17951612545557e-09
15150.04800076804 9.852189189610746e-10
15200.04800076804 1.5649151267251136e-09
15250.04800076804 2.6935118563639388e-09
15300.04800076804 3.2562977866236575e-09
15350.04800076804 4.266701567028906e-09
15400.04800076804 5.209846498802397e-09
15450.04800076804 6.21391231992684e-09
15500.04800076804 7.302544270465327e-09
15550.04800076804 9.498902548486793e-09
15600.04800076804 1.1708382001808176e-08
15650.04800076804 1.4214722254457877e-08
15700.04800076804 1.770422296098894e-08
15750.04800076804 1.9731668121105744e-08
15800.04800076804 2.1256913465335183e-08
15850.04800076804 2.318462787983955e-08
15900.04800076804 2.1727215757987314e-08
15950.04800076804 2.06247371220544e-08
16000.04800076804 1.6495723516538683e-08
16050.04800076804 1.0772437800962469e-08
16100.04800076804 6.806613409521552e-09
16150.04800076804 3.692668067015984e-09
16200.04800076804 1.878018618647825e-09
16250.04800076804 1.3361236794100856e-09
16300.04800076804 8.899306796527728e-10
16350.04800076804 1.0861216658281588e-09
16400.04800076804 1.3247498769497468e-09
16450.04800076804 1.3082504820961652e-09
16500.04800076804 1.2923258359143969e-09
16550.04800076804 1.2792192024855725e-09
16600.04800076804 1.9824927013038776e-09
16650.04800076804 1.3750302873707884e-09
16700.04800076804 2.0337531703226253e-10
16750.04800076804 7.696287293359941e-10
16800.04800076804 1.2137938081193317e-09
16850.04800076804 1.2182725914756566e-09
16900.04800076804 6.507878938870025e-10
16950.04800076804 4.752833203506193e-10
17000.04800076804 2.6089405225989586e-10
17050.04800076804 4.723253204431446e-10
17100.04800076804 7.540674359027571e-10
17150.04800076804 4.4339443060066857e-10
17200.04800076804 1.3038426452746016e-09
17250.04800076804 6.688264298958382e-10
17300.04800076804 4.4158816934868423e-10
17350.04800076804 5.298624035623421e-10
17400.04800076804 7.799558471963556e-10
17450.04800076804 9.861356369848682e-10
17500.04800076804 1.3008327276232697e-09
17550.04800076804 1.0092694044412299e-09
17600.04800076804 7.785870691210874e-10
17650.04800076804 6.08091577706679e-10
17700.04800076804 5.135079004149058e-10
17750.04800076804 4.0039261424607736e-10
17800.04800076804 7.028861311698294e-10
17850.04800076804 3.7512399617850294e-10
17900.04800076804 3.013893702874869e-10
17950.04800076804 1.7444262545446867e-10
18000.04800076804 3.043399686975074e-10
18050.04800076804 1.7928569277842662e-10
18100.04800076804 1.9247594539527172e-10
18150.04800076804 1.859974734121197e-10
18200.04800076804 1.0177001699438394e-10
18250.04800076804 4.111486418000799e-10
18300.04800076804 8.322274907533479e-11
18350.04800076804 6.786913139464372e-11
18400.04800076804 4.453308805547752e-11
18450.04800076804 2.3685294395346893e-10
18500.04800076804 2.3108847480899064e-10
18550.04800076804 1.178184539305079e-10
18600.04800076804 1.548772271289688e-10
18650.04800076804 9.026731813763729e-11
18700.04800076804 2.7541386335754547e-11
18750.04800076804 6.398471785837115e-11
18800.04800076804 4.638022666820662e-10
18850.04800076804 3.9479973180157384e-10
18900.04800076804 3.516419435479003e-10
18950.04800076804 7.238868598228048e-10
19000.04800076804 1.8721198056578554e-10
19050.04800076804 9.851754019361033e-11
19100.04800076804 2.9114257691920536e-10
19150.04800076804 1.231872726189952e-10
19200.04800076804 2.6680593825016294e-10
19250.04800076804 1.8043884244225363e-10
19300.04800076804 1.1057568724341238e-10
19350.04800076804 1.395729099046658e-10
19400.04800076804 9.913159569726469e-11
19450.04800076804 2.020561365201497e-10
19500.04800076804 1.8006144734255143e-10
19550.04800076804 1.8409545557131942e-10
19600.04800076804 3.1924082773260514e-10
19650.04800076804 3.5035384506809206e-10
19700.04800076804 4.038659738270448e-10
19750.04800076804 6.101616787689739e-10
19800.04800076804 5.450020156546289e-10
19850.04800076804 7.375980315416155e-10
19900.04800076804 7.98971983462378e-10
19950.04800076804 1.1068349220595068e-09
20000.04800076804 1.1557548053201053e-09
20050.04800076804 1.0847538115068983e-09
20100.04800076804 1.589520892774784e-09
20150.04800076804 1.1281507296029399e-09
20200.04800076804 1.0466398072113949e-09
20250.04800076804 1.548690897157114e-09
20300.04800076804 1.5524607416317178e-09
20350.04800076804 1.7416466073230033e-09
20400.04800076804 1.5258324539506705e-09
20450.04800076804 2.182863370662739e-09
20500.04800076804 2.26419283108118e-09
20550.04800076804 2.3405968118512364e-09
20600.04800076804 2.464736026889513e-09
20650.04800076804 2.5627626034574408e-09
20700.04800076804 2.5496625128662163e-09
20750.04800076804 2.6757876220005517e-09
20800.04800076804 2.548021393351627e-09
20850.04800076804 2.6699402033941202e-09
20900.04800076804 2.673074978282137e-09
20950.04800076804 2.567818324469615e-09
21000.04800076804 2.5048347122458595e-09
21050.04800076804 2.472926779202165e-09
21100.04800076804 2.3885306023718354e-09
21150.04800076804 2.3618341612119613e-09
21200.04800076804 2.2415698078328678e-09
21250.04800076804 2.1326156216914764e-09
21300.04800076804 1.935940941155314e-09
21350.04800076804 1.882705236564283e-09
21400.04800076804 1.8595861381615886e-09
21450.04800076804 1.556216895876049e-09
21500.04800076804 1.5412488762960232e-09
21550.04800076804 1.4671163611583342e-09
21600.04800076804 1.3284832369775504e-09
21650.04800076804 1.1407240874444627e-09
21700.04800076804 1.165190915530551e-09
21750.04800076804 1.169737451206558e-09
21800.04800076804 9.690672800387043e-10
21850.04800076804 8.54319474311203e-10
21900.04800076804 7.12376231216217e-10
21950.04800076804 2.9633736967409224e-10
22000.04800076804 5.116518569053376e-11
22050.04800076804 7.900477157763195e-11
22100.04800076804 2.9572908691651893e-10
22150.04800076804 2.435359108474571e-10
22200.04800076804 2.00147424499362e-10
22250.04800076804 1.921071937298833e-10
22300.04800076804 9.947278354641282e-11
22350.04800076804 1.257624492585174e-10
22400.04800076804 5.589099923905545e-11
22450.04800076804 6.255156019341974e-11
22500.04800076804 6.503777505503949e-11
22550.04800076804 3.2782764423468266e-11
22600.04800076804 3.991185912737345e-11
22650.04800076804 7.493497425328682e-11
22700.04800076804 4.60502881181467e-11
22750.04800076804 4.220775186753255e-11
22800.04800076804 5.921512041681709e-11
22850.04800076804 5.1107861164948666e-11
22900.04800076804 2.8356660066167955e-11
22950.04800076804 1.9982686304846246e-11
23000.04800076804 3.558047470739944e-11
23050.04800076804 4.1427681522464444e-11
23100.04800076804 2.1954813913196573e-10
23150.04800076804 2.1840141068176179e-10
23200.04800076804 9.872754788965412e-12
23250.04800076804 3.210275892412366e-11
23300.04800076804 4.177657057148682e-11
23350.04800076804 3.463641899469597e-11
23400.04800076804 4.190487046647535e-11
23450.04800076804 2.079283864859469e-11
23500.04800076804 2.4188749245441246e-11
23550.04800076804 4.587277817363651e-11
23600.04800076804 8.582846191485789e-11
23650.04800076804 1.0132443698554979e-10
23700.04800076804 2.0818129200337824e-11
23750.04800076804 2.3463471303651336e-11
23800.04800076804 9.498939225622332e-11
23850.04800076804 6.117311447496417e-11
23900.04800076804 1.4005252097455817e-10
23950.04800076804 7.985863687277265e-11
24000.04800076804 1.6800993110668796e-10
24050.04800076804 1.8940037339219307e-10
24100.04800076804 1.8825063489763323e-10
24150.04800076804 2.798371676302771e-10
24200.04800076804 2.2572506476308918e-10
24250.04800076804 1.4520736583927022e-10
24300.04800076804 3.359102616707838e-10
24350.04800076804 2.0568904701630307e-10
24400.04800076804 4.933093598051292e-10
24450.04800076804 4.742838219034776e-10
24500.04800076804 4.3104835264846675e-10
24550.04800076804 7.091608337620148e-10
24600.04800076804 8.353595531951097e-10
24650.04800076804 9.997523750207617e-10
24700.04800076804 6.906427338123249e-10
24750.04800076804 8.612119606196158e-10
24800.04800076804 7.344098932253793e-10
24850.04800076804 1.1711283500566641e-09
24900.04800076804 4.275808703700943e-10
24950.04800076804 9.012999556115757e-10
25000.04800076804 8.940882712857724e-10
25050.04800076804 4.792318946974566e-10
25100.04800076804 7.967945984821682e-10
25150.04800076804 3.3925686201972085e-10
25200.04800076804 5.13046205060712e-10
25250.04800076804 1.904078993425622e-10
25300.04800076804 2.746064494382254e-10
25350.04800076804 1.1225254158096701e-10
25400.04800076804 3.282892280191328e-10
25450.04800076804 1.0807238184473912e-10
25500.04800076804 8.580367752459252e-11
25550.04800076804 1.930388988258452e-10
25600.04800076804 8.29230397221988e-11
25650.04800076804 4.5855389377247846e-11
25700.04800076804 5.911445369669707e-11
25750.04800076804 2.0316201706196958e-11
25800.04800076804 1.0459942354034906e-10
25850.04800076804 1.733790147633878e-11
25900.04800076804 2.915964335502725e-11
25950.04800076804 8.060301890471882e-12
26000.04800076804 8.741098639745495e-11
26050.04800076804 1.1548918652560487e-11
26100.04800076804 6.655281890545157e-11
26150.04800076804 2.755285790678152e-11
26200.04800076804 3.476463043288957e-11
26250.04800076804 2.3054644346463388e-10
26300.04800076804 4.648126185753908e-11
26350.04800076804 3.55649153853732e-10
26400.04800076804 5.806047121813503e-10
26450.04800076804 3.20063645424885e-10
26500.04800076804 7.178249964036092e-10
26550.04800076804 9.336541157357684e-11
26600.04800076804 8.926803978609434e-11
26650.04800076804 1.696427503927562e-11
26700.04800076804 8.510537940009604e-12
26750.04800076804 1.5057369947297904e-11
26800.04800076804 3.715628887146634e-11
26850.04800076804 2.4366961519578046e-11
26900.04800076804 1.1064028012914844e-10
26950.04800076804 3.45244802143802e-11
27000.04800076804 1.854220598210958e-10
27050.04800076804 2.2188251146136003e-10
27100.04800076804 3.3319793551287164e-11
27150.04800076804 2.9871301296273406e-10
27200.04800076804 3.049067243476111e-11
27250.04800076804 9.584214824310389e-11
27300.04800076804 7.564356972056723e-10
27350.04800076804 2.371864082717854e-10
27400.04800076804 1.4253956285063377e-11
27450.04800076804 3.218551225227121e-10
27500.04800076804 4.5861840999780385e-10
27550.04800076804 6.027357854612862e-11
27600.04800076804 1.7912553386700613e-10
27650.04800076804 4.8915009509329074e-11
27700.04800076804 4.4265665756934714e-11
27750.04800076804 2.610621861622074e-10
27800.04800076804 8.825734367811716e-11
27850.04800076804 1.293325891796668e-10
27900.04800076804 1.8576990835466875e-10
27950.04800076804 4.472744238954611e-10
28000.04800076804 3.3258201757059195e-10
28050.04800076804 5.5073308739550915e-11
28100.04800076804 5.248703844395128e-10
28150.04800076804 3.3177544082650814e-10
28200.04800076804 9.026378915300471e-11
28250.04800076804 6.792245325261403e-10
28300.04800076804 8.836799578716564e-10
28350.04800076804 1.1509728946616132e-10
28400.04800076804 4.970764563982353e-10
28450.04800076804 1.0684523281660622e-09
28500.04800076804 4.692027435521159e-10
28550.04800076804 1.2280649495623688e-10
28600.04800076804 8.575075023954066e-10
28650.04800076804 7.415534376876115e-10
28700.04800076804 6.944711844107457e-10
28750.04800076804 1.578046532892925e-09
28800.04800076804 1.0929070656689728e-09
28850.04800076804 1.4170939893662762e-09
28900.04800076804 6.784214991504648e-10
28950.04800076804 1.829901820629894e-09
29000.04800076804 1.249629672432218e-09
29050.04800076804 1.3968274435520498e-09
29100.04800076804 1.0326126868576089e-09
29150.04800076804 2.086328560739963e-09
29200.04800076804 1.697683879957486e-09
29250.04800076804 2.383327858673265e-09
29300.04800076804 1.2413988297337184e-09
29350.04800076804 5.652362381869107e-09
29400.04800076804 1.2535712396254373e-09
29450.04800076804 1.4278544884845149e-09
29500.04800076804 3.7149750853742974e-09
29550.04800076804 1.708248459970386e-09
29600.04800076804 2.8998975968347487e-09
29650.04800076804 4.657858407402754e-09
29700.04800076804 1.286515262021039e-09
29750.04800076804 3.0020449226438025e-09
29800.04800076804 2.6943511211063676e-09
29850.04800076804 5.27382689912749e-09
29900.04800076804 4.644561634674168e-09
29950.04800076804 3.165168204683987e-09
30000.04800076804 3.630888182264322e-10
30050.04800076804 1.0093792497595928e-09
30100.04800076804 2.460940411662153e-09
30150.04800076804 4.807065929988393e-09
30200.04800076804 2.7286746778384683e-09
30250.04800076804 7.70041263535328e-09
30300.04800076804 7.125210094851654e-09
30350.04800076804 2.7155643539972753e-09
30400.04800076804 7.52483456900919e-09
30450.04800076804 4.8324318885974784e-09
30500.04800076804 3.997726950483984e-09
30550.04800076804 2.8347204420244685e-09
30600.04800076804 1.0507220729306932e-08
30650.04800076804 5.863075523520868e-09
30700.04800076804 4.171396379811012e-09
30750.04800076804 6.126818753331052e-09
30800.04800076804 4.229372715802959e-09
30850.04800076804 5.376000091221648e-09
30900.04800076804 4.212427593651076e-09
30950.04800076804 2.1220679862782467e-09
31000.04800076804 3.551076407758275e-09
31050.04800076804 3.140161372171114e-09
31100.04800076804 1.8349158989585453e-09
31150.04800076804 2.7699432000032213e-09
31200.04800076804 5.322821575633764e-09
31250.04800076804 2.2069605391684328e-09
31300.04800076804 1.8519014016737402e-09
31350.04800076804 2.9146162041727726e-09
31400.04800076804 1.6860209440049467e-09
31450.04800076804 2.23214161491284e-09
31500.04800076804 9.549233354889544e-10
31550.04800076804 1.2221693963073462e-09
31600.04800076804 9.419442157658218e-10
31650.04800076804 7.348379864300788e-10
31700.04800076804 9.220443631505656e-10
31750.04800076804 3.240712737193859e-10
31800.04800076804 8.47920807343097e-10
31850.04800076804 2.0867234834707198e-10
31900.04800076804 4.911599152347319e-10
31950.04800076804 2.714440408049214e-10
32000.04800076804 2.5671053618763934e-10
32050.04800076804 2.5754468002149655e-10
32100.04800076804 1.9492430344048476e-10
32150.04800076804 2.6388795865702644e-10
32200.04800076804 1.3973845115754491e-10
32250.04800076804 3.5560855459174527e-10
32300.04800076804 1.0660919660755812e-10
32350.04800076804 3.8281032126425987e-10
32400.04800076804 9.628366610070294e-11
32450.04800076804 2.672039415287657e-10
32500.04800076804 1.1828320254992573e-10
32550.04800076804 2.6692988376367723e-10
32600.04800076804 1.3156097078333434e-10
32650.04800076804 4.778866889772426e-10
32700.04800076804 1.9241598793627538e-10
32750.04800076804 8.866492484560612e-10
32800.04800076804 5.714626379978959e-10
32850.04800076804 1.4515445733075632e-09
32900.04800076804 1.2527919279034639e-09
32950.04800076804 1.4235483784196856e-09
33000.04800076804 5.920202488177435e-10
33050.04800076804 6.843254181307314e-10
33100.04800076804 2.0149239384102728e-10
33150.04800076804 4.094995453251315e-13
33200.04800076804 8.298139601072474e-12
33250.04800076804 1.1883197707817105e-11
33300.04800076804 6.396272505963723e-11
33350.04800076804 1.9877034674111496e-10
33400.04800076804 5.120100652064332e-10
33450.04800076804 3.1683289504372017e-10
33500.04800076804 1.083927459701014e-09
33550.04800076804 3.7552271795167925e-10
33600.04800076804 6.032824586704101e-10
33650.04800076804 5.996385332872207e-10
33700.04800076804 3.004241230999707e-10
33750.04800076804 8.171552626269948e-10
33800.04800076804 1.4073054827194927e-10
33850.04800076804 4.446124912931061e-10
33900.04800076804 4.99257155739796e-10
33950.04800076804 4.24177918030093e-10
34000.04800076804 8.623466336987336e-10
34050.04800076804 1.5146973916213183e-10
34100.04800076804 6.710207242087121e-10
34150.04800076804 2.929361511672337e-10
34200.04800076804 6.588940659043629e-10
34250.04800076804 4.745289571919761e-10
34300.04800076804 4.262155549390716e-10
34350.04800076804 1.0799184028998835e-09
34400.04800076804 3.2563381491257185e-10
34450.04800076804 1.0075099857350972e-09
34500.04800076804 5.134157694327255e-10
34550.04800076804 4.167161226088568e-10
34600.04800076804 1.623095462999185e-09
34650.04800076804 2.8581782413976937e-10
34700.04800076804 8.693975978946325e-10
34750.04800076804 6.961803037413611e-10
34800.04800076804 5.374615274025528e-10
34850.04800076804 1.642484946680381e-09
34900.04800076804 5.643477628799948e-10
34950.04800076804 1.2093482668587507e-09
35000.04800076804 2.349601759042395e-09
35050.04800076804 1.178783176631161e-09
35100.04800076804 2.8437261078866076e-09
35150.04800076804 2.4611432702504735e-09
35200.04800076804 2.0640416197861134e-09
35250.04800076804 2.986025205609602e-09
35300.04800076804 1.304183122383877e-09
35350.04800076804 2.2342228681878114e-09
35400.04800076804 1.6339264609630507e-09
35450.04800076804 1.3243644564853054e-09
35500.04800076804 4.840360153097574e-09
35550.04800076804 2.54287285817267e-09
35600.04800076804 3.323247967387449e-09
35650.04800076804 3.6198070152603664e-09
35700.04800076804 2.9346272953466522e-09
35750.04800076804 5.959159287109512e-09
35800.04800076804 3.538919547719823e-09
35850.04800076804 1.7587839572614265e-09
35900.04800076804 3.2667894613751527e-09
35950.04800076804 3.938987644391767e-09
36000.04800076804 2.446374863553533e-09
36050.04800076804 3.071005009777686e-09
36100.04800076804 2.709989958465662e-09
36150.04800076804 6.532550194907232e-09
36200.04800076804 5.92436133457965e-09
36250.04800076804 4.8628709317662796e-09
36300.04800076804 8.913424153320932e-09
36350.04800076804 5.6297939807976244e-09
36400.04800076804 9.95698489117096e-09
36450.04800076804 7.012052623266815e-09
36500.04800076804 7.586841863113889e-09
36550.04800076804 1.3884632781224961e-08
36600.04800076804 1.4769160625492416e-08
36650.04800076804 1.1040836145155786e-08
36700.04800076804 1.1414476234774749e-08
36750.04800076804 1.4395607444954592e-08
36800.04800076804 1.5248677736533902e-08
36850.04800076804 8.22437390386301e-09
36900.04800076804 1.235945147246625e-08
36950.04800076804 1.5106747429571657e-08
37000.04800076804 1.1105170707893448e-08
37050.04800076804 1.7200103035585014e-08
37100.04800076804 1.1167415417298123e-08
37150.04800076804 1.3781138602914593e-08
37200.04800076804 1.8478653963041228e-08
37250.04800076804 1.2384792271312304e-08
37300.04800076804 1.0650775662380244e-08
37350.04800076804 1.655911172064467e-08
37400.04800076804 2.445494054398512e-08
37450.04800076804 1.0162566006080072e-08
37500.04800076804 1.428461295755134e-08
37550.04800076804 2.8283942666927685e-08
37600.04800076804 3.777146699147627e-08
37650.04800076804 1.5496020717642307e-08
37700.04800076804 2.491627614321739e-08
37750.04800076804 1.6476780949379096e-08
37800.04800076804 1.8109530950428916e-08
37850.04800076804 1.0722682499969484e-08
37900.04800076804 1.398065708120141e-08
37950.04800076804 2.249332814766856e-08
38000.04800076804 2.4414488129299026e-08
38050.04800076804 2.8988715156638723e-08
38100.04800076804 3.6024045230240784e-08
38150.04800076804 3.5894616454621656e-08
38200.04800076804 3.2549651517406484e-08
38250.04800076804 3.4650325133846965e-08
38300.04800076804 5.854810733463118e-08
38350.04800076804 4.827245071403808e-08
38400.04800076804 2.3877663230102974e-08
38450.04800076804 1.533704065944433e-08
38500.04800076804 9.759818673318e-09
38550.04800076804 2.4569436859777514e-08
38600.04800076804 2.8599592504488125e-08
38650.04800076804 3.61222542402055e-08
38700.04800076804 3.47329001432521e-08
38750.04800076804 3.7256231925755915e-08
38800.04800076804 2.8249094862735757e-08
38850.04800076804 4.0903624085430995e-08
38900.04800076804 4.368962616179422e-08
38950.04800076804 2.797563198252092e-08
39000.04800076804 4.84351563707308e-08
39050.04800076804 3.0363416673213606e-08
39100.04800076804 4.246485388382684e-08
39150.04800076804 4.5882996313078545e-08
39200.04800076804 3.53989467314842e-08
39250.04800076804 5.137499227129027e-08
39300.04800076804 4.204830045828446e-08
39350.04800076804 7.136608713080864e-08
39400.04800076804 4.8550958214877584e-08
39450.04800076804 5.602839476937292e-08
39500.04800076804 6.35339503182144e-08
39550.04800076804 4.193437930869881e-08
39600.04800076804 5.7316151854950204e-08
39650.04800076804 8.272703167074557e-08
39700.04800076804 6.325805177638328e-08
39750.04800076804 3.20522602189398e-08
39800.04800076804 4.266159989951759e-08
39850.04800076804 8.1792020667059e-08
39900.04800076804 8.685093740086505e-08
39950.04800076804 5.363396886178146e-08
40000.04800076804 8.586517858502e-08
40050.04800076804 7.955112643975517e-08
40100.04800076804 3.304844006880165e-08
40150.04800076804 7.902649120754336e-08
40200.04800076804 8.571945958034562e-08
40250.04800076804 9.372025748620129e-08
40300.04800076804 9.117412262685834e-08
40350.04800076804 5.2304925072572205e-08
40400.04800076804 8.677596388991196e-08
40450.04800076804 5.3355740913628194e-08
40500.04800076804 9.75913131315354e-08
40550.04800076804 8.991247884335398e-08
40600.04800076804 8.687752723274227e-08
40650.04800076804 7.099607009601108e-08
40700.04800076804 1.344500171604156e-07
40750.04800076804 9.371304177391184e-08
40800.04800076804 5.599173164308281e-08
40850.04800076804 1.3092567821840645e-07
40900.04800076804 1.2095420860960482e-07
40950.04800076804 7.959152052619982e-08
41000.04800076804 9.800159054048275e-08
41050.04800076804 1.3810010191557805e-07
41100.04800076804 1.0106399942724188e-07
41150.04800076804 4.947341780762353e-08
41200.04800076804 1.341294796893085e-07
41250.04800076804 1.0969045620662454e-07
41300.04800076804 1.109524531253535e-07
41350.04800076804 1.4728615042075893e-07
41400.04800076804 1.1844898934503317e-07
41450.04800076804 1.3508796048116872e-07
41500.04800076804 8.953738004666514e-08
41550.04800076804 8.005005458058647e-08
41600.04800076804 1.0618724877859129e-07
41650.04800076804 1.3292828022268443e-07
41700.04800076804 1.321150868547348e-07
41750.04800076804 1.1425750594830803e-07
41800.04800076804 1.5144112490944653e-07
41850.04800076804 9.618241343502415e-08
41900.04800076804 8.938032707774304e-08
41950.04800076804 1.1470592349192988e-07
42000.04800076804 1.2321011088634714e-07
42050.04800076804 1.0467803165126929e-07
42100.04800076804 1.404797211262977e-07
42150.04800076804 1.0604499070109687e-07
42200.04800076804 1.1180731442637163e-07
42250.04800076804 9.247772901071735e-08
42300.04800076804 8.538156590777973e-08
42350.04800076804 1.2104529503156722e-07
42400.04800076804 1.3747066037695704e-07
42450.04800076804 1.2276058296145833e-07
42500.04800076804 1.1838916604434998e-07
42550.04800076804 1.0874547780223314e-07
42600.04800076804 1.0897272582316883e-07
42650.04800076804 1.6412714838531685e-07
42700.04800076804 7.928387736735701e-08
42750.04800076804 9.783193691376393e-08
42800.04800076804 1.2072204105470502e-07
42850.04800076804 1.367017700378503e-07
42900.04800076804 1.4873651258899068e-07
42950.04800076804 1.0664329110100636e-07
43000.04800076804 1.3585973050971822e-07
43050.04800076804 6.047418987255475e-08
43100.04800076804 1.0563647515886841e-07
43150.04800076804 1.0074329316660482e-07
43200.04800076804 1.245065032660015e-07
43250.04800076804 1.8209552857833281e-07
43300.04800076804 1.618093356146248e-07
43350.04800076804 8.488389582963151e-08
43400.04800076804 1.202453528899716e-07
43450.04800076804 8.542508165626187e-08
43500.04800076804 9.96089110841916e-08
43550.04800076804 9.387980539160731e-08
43600.04800076804 1.4126010502009646e-07
43650.04800076804 7.437982784481117e-08
43700.04800076804 1.6079361922387899e-07
43750.04800076804 1.5108339855151437e-07
43800.04800076804 1.1912381690089459e-07
43850.04800076804 1.2185825215572486e-07
43900.04800076804 1.0108553556550325e-07
43950.04800076804 7.15333638309744e-08
44000.04800076804 5.90641796464317e-08
44050.04800076804 1.3815314992613925e-07
44100.04800076804 1.896000101692613e-07
44150.04800076804 1.8025083869287905e-07
44200.04800076804 1.5805476848826653e-07
44250.04800076804 9.079120139905968e-08
44300.04800076804 6.461560034368863e-08
44350.04800076804 7.540695853560362e-08
44400.04800076804 7.689693192389835e-08
44450.04800076804 1.2307187182582707e-07
44500.04800076804 1.0143592526674946e-07
44550.04800076804 1.5011818517681715e-07
44600.04800076804 1.1398220879831875e-07
44650.04800076804 1.2340184856513428e-07
44700.04800076804 8.415757652085806e-08
44750.04800076804 1.1016680480791705e-07
44800.04800076804 7.966171633844083e-08
44850.04800076804 1.1863002749157982e-07
44900.04800076804 8.904763496035857e-08
44950.04800076804 9.20709455853663e-08
45000.04800076804 1.1696642861131272e-07
45050.04800076804 1.1303758513201878e-07
45100.04800076804 1.0661671675655766e-07
45150.04800076804 8.989055408902211e-08
45200.04800076804 5.557769849093812e-08
45250.04800076804 6.27632695775683e-08
45300.04800076804 7.47866626619829e-08
45350.04800076804 6.635055911865449e-08
45400.04800076804 1.0338827809442731e-07
45450.04800076804 9.098463128226766e-08
45500.04800076804 1.0163149645724504e-07
45550.04800076804 1.2016953381733028e-07
45600.04800076804 9.971702767675392e-08
45650.04800076804 8.861193799204336e-08
45700.04800076804 7.11880862283922e-08
45750.04800076804 5.4325103231410574e-08
45800.04800076804 9.56548252032087e-08
45850.04800076804 1.0428788505492656e-07
45900.04800076804 1.202300475859483e-07
45950.04800076804 8.150554569742984e-08
46000.04800076804 1.1707422103677912e-07
46050.04800076804 9.946119345757377e-08
46100.04800076804 1.0241923742026965e-07
46150.04800076804 8.53570141151037e-08
46200.04800076804 6.348752348460214e-08
46250.04800076804 3.223843039826639e-08
46300.04800076804 1.0209030113332524e-07
46350.04800076804 8.089365810216453e-08
46400.04800076804 9.768091736447027e-08
46450.04800076804 9.564724586192257e-08
46500.04800076804 8.633119236639918e-08
46550.04800076804 5.682047274277853e-08
46600.04800076804 7.546101975258482e-08
46650.04800076804 1.3580451295451962e-07
46700.04800076804 8.341572705793343e-08
46750.04800076804 4.349758353384956e-08
46800.04800076804 2.9780823512453345e-08
46850.04800076804 1.133550478628366e-07
46900.04800076804 1.1198391393677661e-07
46950.04800076804 1.2381850770126206e-07
47000.04800076804 8.820590892924051e-08
47050.04800076804 8.998557286662869e-08
47100.04800076804 4.51638704615948e-08
47150.04800076804 8.27551378188913e-08
47200.04800076804 9.913780299174542e-08
47250.04800076804 5.1551090935899546e-08
47300.04800076804 4.170360819545669e-08
47350.04800076804 9.011255833121989e-08
47400.04800076804 1.217598350858611e-07
47450.04800076804 7.328212833486578e-08
47500.04800076804 1.4364389638838417e-07
47550.04800076804 9.23913743576837e-08
47600.04800076804 1.0962501462048946e-07
47650.04800076804 7.066746713435242e-08
47700.04800076804 9.489685261968754e-08
47750.04800076804 5.1179843095997194e-08
47800.04800076804 5.1884940513296015e-08
47850.04800076804 2.458231124237572e-08
47900.04800076804 4.116389668164132e-08
47950.04800076804 8.127972879462299e-08
48000.04800076804 1.3211996277086633e-07
48050.04800076804 9.376670880307008e-08
48100.04800076804 4.9103907052711735e-08
48150.04800076804 6.699641933862872e-08
48200.04800076804 6.60410281701584e-08
48250.04800076804 6.981066740062819e-08
48300.04800076804 1.3117118625817354e-07
48350.04800076804 6.163792949360474e-08
48400.04800076804 2.0691812084814693e-08
48450.04800076804 3.8735957098707303e-08
48500.04800076804 7.381329053898655e-08
48550.04800076804 6.17351929797559e-08
48600.04800076804 1.0435585763662975e-07
48650.04800076804 1.0425980606638437e-07
48700.04800076804 9.469428007044635e-08
48750.04800076804 5.942084651233844e-08
48800.04800076804 1.0650514631509443e-07
48850.04800076804 5.970696701709684e-08
48900.04800076804 7.718741281309224e-08
48950.04800076804 4.461314710977014e-08
49000.04800076804 2.7333115640374928e-08
49050.04800076804 7.59206767697777e-08
49100.04800076804 8.645358634326656e-08
49150.04800076804 7.762676661371544e-08
49200.04800076804 1.0356975926488613e-07
49250.04800076804 1.1605589351106123e-07
49300.04800076804 9.226432700798623e-08
49350.04800076804 3.730033341743993e-08
49400.04800076804 5.4484558432322816e-08
49450.04800076804 5.4590963497556775e-08
49500.04800076804 4.677917695083673e-08
49550.04800076804 1.0054962035514632e-08
49600.04800076804 2.7868208375297355e-08
49650.04800076804 6.027394068346271e-08
49700.04800076804 7.007561998056663e-08
49750.04800076804 7.176325204372121e-08
49800.04800076804 4.515685527809692e-08
49850.04800076804 9.44708937063314e-08
49900.04800076804 8.903913781882699e-08
49950.04800076804 7.77226195415638e-08
50000.04800076804 6.472233885449769e-08
50050.04800076804 7.586171886657739e-08
50100.04800076804 6.270478433311387e-08
50150.04800076804 2.802027383880658e-08
50200.04800076804 6.169177412503062e-09
50250.04800076804 3.153848895649128e-08
50300.04800076804 2.2135814167847272e-08
50350.04800076804 7.10914733974219e-08
50400.04800076804 7.981741347228316e-08
50450.04800076804 5.637229038736194e-08
50500.04800076804 8.858465807361112e-08
50550.04800076804 9.348233397047864e-08
50600.04800076804 6.136758798559894e-08
50650.04800076804 9.036531975221974e-08
50700.04800076804 9.855484267880885e-08
50750.04800076804 5.935504448165224e-08
50800.04800076804 2.1003830540060216e-08
50850.04800076804 1.1333354772136046e-08
50900.04800076804 6.453423558813667e-08
50950.04800076804 6.559587401111051e-08
51000.04800076804 4.7267396336869466e-08
51050.04800076804 6.764448856318747e-08
51100.04800076804 2.140209607569079e-08
51150.04800076804 2.828385895257175e-08
51200.04800076804 9.153440153444379e-08
51250.04800076804 5.853449714696973e-08
51300.04800076804 4.240899706424732e-08
51350.04800076804 4.359425037881941e-08
51400.04800076804 1.4766769106828505e-08
51450.04800076804 1.2178661940961707e-08
51500.04800076804 1.0501976504531113e-08
51550.04800076804 3.591094713488008e-08
51600.04800076804 3.4711802284871186e-08
51650.04800076804 4.977569299487006e-08
51700.04800076804 4.710840872512514e-08
51750.04800076804 2.8668943726491677e-08
51800.04800076804 6.639114496926397e-08
51850.04800076804 5.3346670911237286e-08
51900.04800076804 6.210406390732276e-08
51950.04800076804 3.3945405827298586e-08
52000.04800076804 4.278751396261797e-09
52050.04800076804 1.813457812486203e-08
52100.04800076804 1.1605555241120116e-08
52150.04800076804 6.68679271227159e-09
52200.04800076804 1.7776559853024533e-08
52250.04800076804 3.401513275648368e-08
52300.04800076804 4.645897244607296e-08
52350.04800076804 1.322649688649258e-08
52400.04800076804 1.4522247784670579e-08
52450.04800076804 4.9888321601211396e-08
52500.04800076804 4.2099837637792765e-08
52550.04800076804 4.43873774571631e-08
52600.04800076804 3.63088784238276e-08
52650.04800076804 3.8335721666126854e-08
52700.04800076804 2.6972978262812607e-08
52750.04800076804 1.2094094333867561e-08
52800.04800076804 1.9014655882938612e-08
52850.04800076804 2.4049373185334805e-08
52900.04800076804 1.0408387782466645e-08
52950.04800076804 1.717591350907736e-08
53000.04800076804 3.838283309631323e-08
53050.04800076804 1.174534146645004e-08
53100.04800076804 4.8097261736503635e-08
53150.04800076804 5.443689691953339e-08
53200.04800076804 2.0318257083352383e-08
53250.04800076804 4.774830787339539e-08
53300.04800076804 5.051373640493504e-08
53350.04800076804 4.8793278610122704e-08
53400.04800076804 3.055295856099535e-08
53450.04800076804 8.307347290653479e-09
53500.04800076804 2.2744531507232507e-09
53550.04800076804 4.940033118687584e-09
53600.04800076804 1.932505491219317e-08
53650.04800076804 2.1709375680246055e-08
53700.04800076804 1.7835876444785913e-08
53750.04800076804 1.5787590601853927e-08
53800.04800076804 1.541441835767189e-08
53850.04800076804 2.6059006146665357e-08
53900.04800076804 4.108194012943161e-08
53950.04800076804 3.9493779211194757e-08
54000.04800076804 2.515590630544011e-08
54050.04800076804 2.726747959303194e-08
54100.04800076804 5.895872299026291e-09
54150.04800076804 8.811971004109928e-09
54200.04800076804 1.6844744465640727e-09
54250.04800076804 4.3799374732619485e-09
54300.04800076804 1.2501336988969592e-08
54350.04800076804 1.91981375019747e-08
54400.04800076804 1.5093304794564996e-08
54450.04800076804 1.3785478226577837e-08
54500.04800076804 1.2967433328716345e-08
54550.04800076804 1.2362625736351136e-08
54600.04800076804 1.1108667088909699e-08
54650.04800076804 1.6424391666181628e-09
54700.04800076804 1.18597325414858e-08
54750.04800076804 1.1666546448080514e-08
54800.04800076804 6.276621221362852e-09
54850.04800076804 1.01076115442829e-08
54900.04800076804 1.853752684436423e-08
54950.04800076804 3.039076939721174e-08
55000.04800076804 9.580375998319362e-09
55050.04800076804 1.3860208526146608e-08
55100.04800076804 1.9536784107897362e-08
55150.04800076804 9.199668253435285e-09
55200.04800076804 6.691141896218887e-09
55250.04800076804 1.0986175613590187e-08
55300.04800076804 7.1359418812293535e-09
55350.04800076804 1.4229636867887668e-08
55400.04800076804 1.5924418049302246e-08
55450.04800076804 1.0053127730871605e-08
55500.04800076804 3.962106380910602e-09
55550.04800076804 3.5159315804101876e-09
55600.04800076804 7.068410957246522e-09
55650.04800076804 6.424695545507819e-09
55700.04800076804 6.756911501212712e-09
55750.04800076804 5.332347636330628e-09
55800.04800076804 2.1512967995044307e-09
55850.04800076804 3.9225597617654134e-09
55900.04800076804 1.0445714824279754e-08
55950.04800076804 1.6651356219313293e-08
56000.04800076804 5.995293646777381e-09
56050.04800076804 6.978820652458695e-09
56100.04800076804 1.0955975786764539e-08
56150.04800076804 4.496358502539189e-09
56200.04800076804 6.80026898446612e-09
56250.04800076804 1.4087832501022006e-08
56300.04800076804 8.234567636990503e-09
56350.04800076804 4.653718483126524e-09
56400.04800076804 1.5541818944553476e-09
56450.04800076804 1.531462217158151e-09
56500.04800076804 6.573017962007396e-09
56550.04800076804 2.622748852593116e-09
56600.04800076804 1.0054287587832396e-08
56650.04800076804 1.1934372371277074e-08
56700.04800076804 7.978118596387911e-09
56750.04800076804 2.6759989722909623e-09
56800.04800076804 5.098131491488036e-09
56850.04800076804 7.494285547229193e-09
56900.04800076804 4.057899632243655e-09
56950.04800076804 9.449200429989086e-09
57000.04800076804 1.2540235196664782e-08
57050.04800076804 5.667266810279962e-09
57100.04800076804 1.5607163355583766e-09
57150.04800076804 3.0999425785243014e-09
57200.04800076804 2.2964635800951472e-09
57250.04800076804 3.6821407988240276e-09
57300.04800076804 5.817234759490563e-09
57350.04800076804 2.780438237050472e-09
57400.04800076804 8.56863641077442e-09
57450.04800076804 3.7123452937416e-09
57500.04800076804 3.352483337796964e-09
57550.04800076804 5.145841091811687e-09
57600.04800076804 4.220520861164255e-09
57650.04800076804 9.154276932088661e-10
57700.04800076804 2.0314627192302618e-09
57750.04800076804 4.634452367579051e-09
57800.04800076804 1.6294673972973852e-09
57850.04800076804 1.2813192234769472e-08
57900.04800076804 1.6451590518347363e-08
57950.04800076804 1.8201308656292596e-08
58000.04800076804 4.376459678204692e-09
58050.04800076804 9.164349923466119e-09
58100.04800076804 7.480442567367508e-09
58150.04800076804 4.772015230205373e-09
58200.04800076804 8.924860710747211e-10
58250.04800076804 1.9074285643448606e-09
58300.04800076804 2.1376771948084635e-09
58350.04800076804 2.8118986316513078e-09
58400.04800076804 7.60481038872895e-09
58450.04800076804 9.388724114003698e-09
58500.04800076804 9.934965837246285e-09
58550.04800076804 6.622579206291758e-09
58600.04800076804 2.329767241678349e-09
58650.04800076804 3.4889278597287508e-09
58700.04800076804 5.119448892744421e-09
58750.04800076804 4.136185281101572e-09
58800.04800076804 4.041906292244127e-10
58850.04800076804 2.440467953099501e-09
58900.04800076804 3.235454740329336e-09
58950.04800076804 1.3517493589888201e-09
59000.04800076804 3.847712457846015e-09
59050.04800076804 6.530474802885949e-09
59100.04800076804 5.739889493784352e-09
59150.04800076804 4.536437346111791e-09
59200.04800076804 6.498002791655301e-09
59250.04800076804 6.7362480017989734e-09
59300.04800076804 4.972156618340646e-09
59350.04800076804 6.46186908470471e-10
59400.04800076804 9.513106279684694e-10
59450.04800076804 5.461647508205038e-09
59500.04800076804 3.1940575078301654e-09
59550.04800076804 6.522599491179047e-09
59600.04800076804 8.442006461312939e-09
59650.04800076804 3.618649794647312e-09
59700.04800076804 2.390145234165595e-09
59750.04800076804 9.725973501437609e-09
59800.04800076804 3.909684689291295e-09
59850.04800076804 5.046491834726614e-09
59900.04800076804 1.4772582255997212e-09
59950.04800076804 4.603794575131027e-09
60000.04800076804 1.1073814819276588e-08
60050.04800076804 1.3235794142462906e-08
60100.04800076804 7.891094021850784e-09
60150.04800076804 2.6608624929181716e-09
60200.04800076804 6.497009765394867e-09
60250.04800076804 1.3683704592426985e-08
60300.04800076804 1.2069564848028178e-08
60350.04800076804 6.775049722452441e-09
60400.04800076804 5.542378869270201e-09
60450.04800076804 1.1061373548832767e-09
60500.04800076804 2.970785436188432e-10
60550.04800076804 4.243290700648617e-09
60600.04800076804 7.0427470140179074e-09
60650.04800076804 3.809228647348446e-09
60700.04800076804 2.495757111769067e-09
60750.04800076804 9.731794511041752e-10
60800.04800076804 6.2610055405306166e-09
60850.04800076804 1.3053615966294847e-08
60900.04800076804 1.1418913570514932e-08
60950.04800076804 7.420481533905166e-09
61000.04800076804 9.408088771515234e-09
61050.04800076804 2.7893948356157385e-09
61100.04800076804 2.9191474929567277e-09
61150.04800076804 8.349277345573858e-10
61200.04800076804 6.191548698804027e-09
61250.04800076804 8.266339973809473e-09
61300.04800076804 6.032873555717544e-09
61350.04800076804 1.290564625189879e-08
61400.04800076804 3.624173755487278e-09
61450.04800076804 1.2407320107141304e-09
61500.04800076804 1.1274460604886957e-09
61550.04800076804 4.583140617142821e-09
61600.04800076804 1.6196544625986455e-09
61650.04800076804 3.4624646000457918e-09
61700.04800076804 4.937828174616001e-09
61750.04800076804 5.728265720251165e-09
61800.04800076804 4.023720260706313e-09
61850.04800076804 1.1421908502205861e-09
61900.04800076804 8.22990914575036e-09
61950.04800076804 1.0622607154535549e-08
62000.04800076804 9.543905281670039e-09
62050.04800076804 1.6446188926049912e-08
62100.04800076804 5.879168134612529e-09
62150.04800076804 1.2133723586618146e-08
62200.04800076804 1.0890438844131179e-08
62250.04800076804 6.924155739504705e-09
62300.04800076804 2.045518588668673e-08
62350.04800076804 1.732768397512796e-08
62400.04800076804 8.71272104611004e-09
62450.04800076804 1.0253716754847191e-08
62500.04800076804 2.0254872371742608e-08
62550.04800076804 2.824974976459018e-08
62600.04800076804 1.6131549183721592e-08
62650.04800076804 1.2509682472817934e-08
62700.04800076804 8.30022656555344e-09
62750.04800076804 1.6523758995828044e-08
62800.04800076804 9.574607536903679e-09
62850.04800076804 1.3744814767061298e-08
62900.04800076804 1.4219227062572811e-08
62950.04800076804 2.8770419770912647e-08
63000.04800076804 1.299032823445401e-08
63050.04800076804 4.0415434368818985e-08
63100.04800076804 3.449766678182071e-08
63150.04800076804 2.348467139970195e-08
63200.04800076804 1.8506982723950675e-08
63250.04800076804 2.21557004405576e-08
63300.04800076804 1.0639692804070176e-08
63350.04800076804 1.0359544000638124e-08
63400.04800076804 3.685691170765109e-09
63450.04800076804 1.5904189585248265e-09
63500.04800076804 9.931758887176298e-09
63550.04800076804 1.5279296077816655e-08
63600.04800076804 1.229827725519285e-08
63650.04800076804 8.290084389806528e-09
63700.04800076804 1.9865402032932597e-09
63750.04800076804 6.0440717848049295e-09
63800.04800076804 1.592279169891126e-08
63850.04800076804 1.1787496417853768e-08
63900.04800076804 2.98219995755829e-09
63950.04800076804 7.935175958700896e-09
64000.04800076804 1.1534645260589391e-08
64050.04800076804 3.833567766726429e-09
64100.04800076804 7.540044819336922e-10
64150.04800076804 1.1840604242405869e-09
64200.04800076804 1.5303325794881137e-09
64250.04800076804 5.836186975802527e-09
64300.04800076804 4.876379985246072e-09
64350.04800076804 3.079881996332995e-09
64400.04800076804 9.173051523726887e-09
64450.04800076804 1.057784984389e-08
64500.04800076804 4.092830373196602e-09
64550.04800076804 9.208627362347237e-09
64600.04800076804 5.94345136412032e-09
64650.04800076804 8.419282387439714e-09
64700.04800076804 2.417104117981189e-09
64750.04800076804 4.149485771144175e-09
64800.04800076804 2.0287671979724812e-09
64850.04800076804 1.4107420194030696e-09
64900.04800076804 1.3383217483991461e-09
64950.04800076804 1.0492244245840202e-09
65000.04800076804 2.2205056878506794e-09
65050.04800076804 5.076492730950163e-09
65100.04800076804 7.339049156619069e-09
65150.04800076804 3.3093824221890566e-09
65200.04800076804 1.137914911150265e-09
65250.04800076804 4.040932093731516e-09
65300.04800076804 5.677076046949184e-09
65350.04800076804 1.4269465174096634e-08
65400.04800076804 5.202325943731858e-09
65450.04800076804 5.154659831517385e-09
65500.04800076804 6.233721469531913e-09
65550.04800076805 2.286399978025328e-09
65600.04800076805 5.824033238239947e-09
65650.04800076805 3.3117132036737156e-09
65700.04800076805 3.0386247258182974e-09
65750.04800076805 2.0314476722595727e-09
65800.04800076805 5.259538382709691e-09
65850.04800076805 8.14700969156435e-09
65900.04800076805 1.6400826875827297e-09
65950.04800076805 3.6153932707404083e-09
66000.04800076805 4.563972961592584e-09
66050.04800076805 1.0503167579229669e-08
66100.04800076805 5.666843627855271e-09
66150.04800076805 5.465153829116092e-09
66200.04800076805 5.2074602633569405e-09
66250.04800076805 2.61790267664663e-09
66300.04800076805 9.332593506283443e-10
66350.04800076805 6.956916128449782e-10
66400.04800076805 1.5718077352466794e-09
66450.04800076805 6.089111309883559e-09
66500.04800076805 9.560938706983076e-09
66550.04800076805 9.867282752593496e-09
66600.04800076805 7.780765526505052e-09
66650.04800076805 5.047330688216784e-09
66700.04800076805 3.243043208800323e-09
66750.04800076805 3.908332150895762e-09
66800.04800076805 4.4448282855915114e-09
66850.04800076805 2.791936635275551e-09
66900.04800076805 1.1628897389537644e-08
66950.04800076805 1.0058216710257689e-08
67000.04800076805 1.3262659134291234e-08
67050.04800076805 6.815623536412481e-09
67100.04800076805 3.4037847898781965e-09
67150.04800076805 4.957410453746066e-09
67200.04800076805 7.815871650485816e-09
67250.04800076805 6.838000018769377e-09
67300.04800076805 1.265032777514323e-08
67350.04800076805 4.955371828009141e-09
67400.04800076805 1.2933313583285553e-08
67450.04800076805 7.289297335485064e-09
67500.04800076805 7.313797934278174e-09
67550.04800076805 1.7309340117865497e-08
67600.04800076805 2.7294891028388543e-08
67650.04800076805 1.9055313725982312e-08
67700.04800076805 1.0156640819325913e-08
67750.04800076805 5.560303086418447e-09
67800.04800076805 8.654784177847646e-09
67850.04800076805 3.4225564753405717e-09
67900.04800076805 4.292099175966784e-09
67950.04800076805 3.4643609555471035e-09
68000.04800076805 9.052011810753746e-09
68050.04800076805 9.914740135961827e-09
68100.04800076805 1.7561396651551767e-08
68150.04800076805 1.52703062025196e-08
68200.04800076805 1.0476962136892669e-08
68250.04800076805 1.8389218309463068e-09
68300.04800076805 1.141856749077649e-08
68350.04800076805 1.433066525701317e-08
68400.04800076805 2.1310873223020335e-08
68450.04800076805 1.72515369645969e-08
68500.04800076805 9.446831383995323e-09
68550.04800076805 3.3425149708839875e-09
68600.04800076805 3.4221463113370726e-09
68650.04800076805 1.5414307462777865e-09
68700.04800076805 4.977488749062565e-09
68750.04800076805 9.683142859923361e-09
68800.04800076805 1.0671049503441754e-08
68850.04800076805 4.369205414446677e-09
68900.04800076805 1.8416706027541846e-08
68950.04800076805 1.9651503177975065e-08
69000.04800076805 1.2018378355069058e-08
69050.04800076805 5.324221817519157e-09
69100.04800076805 1.5737818825382414e-08
69150.04800076805 2.4321044211815803e-08
69200.04800076805 1.858202064986381e-08
69250.04800076805 2.4612347973524934e-08
69300.04800076805 1.4326510116793096e-08
69350.04800076805 2.815837590811082e-08
69400.04800076805 9.621796330847072e-09
69450.04800076805 2.387470461818646e-08
69500.04800076805 1.0827261746352736e-08
69550.04800076805 7.726415460647533e-09
69600.04800076805 1.8047488806083446e-09
69650.04800076805 8.28753858269911e-09
69700.04800076805 1.6432244880161084e-08
69750.04800076805 9.843326005979974e-09
69800.04800076805 1.7751237812366642e-08
69850.04800076805 1.8426306628717376e-08
69900.04800076805 1.1326562431026485e-08
69950.04800076805 1.0446638198406193e-08
70000.04800076805 1.214416092407822e-08
70050.04800076805 2.4090599053160868e-08
70100.04800076805 1.777530885438446e-08
70150.04800076805 1.3673335511326401e-08
70200.04800076805 8.57463554558236e-09
70250.04800076805 1.1428115321630733e-08
70300.04800076805 2.2843886579911177e-08
70350.04800076805 1.759425395529647e-08
70400.04800076805 7.933754590972905e-09
70450.04800076805 1.021230643588476e-09
70500.04800076805 6.732128746837825e-09
70550.04800076805 6.543587456189525e-09
70600.04800076805 7.221955356521457e-09
70650.04800076805 1.842560760097752e-08
70700.04800076805 2.0657751305209693e-08
70750.04800076805 3.1543057807398676e-08
70800.04800076805 1.3127819558016758e-08
70850.04800076805 1.385528112687352e-08
70900.04800076805 1.7708495582406723e-08
70950.04800076805 2.376382832566127e-08
71000.04800076805 2.243302186379524e-08
71050.04800076805 2.2622399037687633e-08
71100.04800076805 1.72449603050183e-08
71150.04800076805 1.0115192161703908e-08
71200.04800076805 9.574091556574678e-09
71250.04800076805 1.800632408709697e-08
71300.04800076805 2.4466157112262957e-08
71350.04800076805 2.4752609864791335e-08
71400.04800076805 1.794638554829195e-08
71450.04800076805 6.319798188423818e-09
71500.04800076805 8.17815678007257e-09
71550.04800076805 1.0359822578174235e-08
71600.04800076805 1.2551910527162676e-08
71650.04800076805 7.1920778445189275e-09
71700.04800076805 4.9637794628631456e-09
71750.04800076805 1.288101283516055e-08
71800.04800076805 1.9678383248233648e-08
71850.04800076805 1.9094121531410502e-08
71900.04800076805 9.351031501974506e-09
71950.04800076805 1.4947827385494627e-08
72000.04800076805 1.3178826775238558e-08
72050.04800076805 5.674033992649574e-09
72100.04800076805 7.541745525093092e-09
72150.04800076805 9.219471144703889e-09
72200.04800076805 1.4404064069574077e-08
72250.04800076805 2.280982624068122e-08
72300.04800076805 1.2464941830079206e-08
72350.04800076805 1.536840402737791e-08
72400.04800076805 1.3966066292341112e-08
72450.04800076805 1.0682715495200558e-08
72500.04800076805 1.5078585681513384e-08
72550.04800076805 4.89888287323289e-09
72600.04800076805 9.690034309485633e-09
72650.04800076805 1.8372642006032076e-08
72700.04800076805 9.473171778171855e-09
72750.04800076805 1.0155298075113824e-08
72800.04800076805 5.586287713092715e-09
72850.04800076805 8.608006340399035e-09
72900.04800076805 1.940812206789627e-08
72950.04800076805 1.054699231704769e-08
73000.04800076805 1.1341275500926003e-08
73050.04800076805 5.096677981163528e-09
73100.04800076805 7.441922234787988e-09
73150.04800076805 1.875326784654092e-08
73200.04800076805 6.8334546525276655e-09
73250.04800076805 9.010938808363047e-09
73300.04800076805 6.2424919154933396e-09
73350.04800076805 4.160459509253037e-09
73400.04800076805 8.910317585791175e-09
73450.04800076805 4.773249428789664e-09
73500.04800076805 4.0775425403416216e-09
73550.04800076805 7.597187190246522e-09
73600.04800076805 8.340020362364606e-09
73650.04800076805 8.295850150973485e-09
73700.04800076805 7.59588377426176e-09
73750.04800076805 2.1786461079405444e-09
73800.04800076805 6.89518503088529e-09
73850.04800076805 1.078525010540796e-08
73900.04800076805 4.764300163989315e-09
73950.04800076805 5.577337802977008e-09
74000.04800076805 2.331424410443994e-09
74050.04800076805 1.172698074240318e-08
74100.04800076805 8.176682738516053e-09
74150.04800076805 8.497510866202157e-09
74200.04800076805 3.836973137509167e-09
74250.04800076805 6.181287953835788e-10
74300.04800076805 8.206438297030746e-09
74350.04800076805 1.193056340081039e-08
74400.04800076805 1.0889263261854044e-08
74450.04800076805 3.693985813371929e-09
74500.04800076805 1.8041040273596428e-09
74550.04800076805 4.8611333966074014e-09
74600.04800076805 6.841809759227349e-09
74650.04800076805 7.11096210369167e-09
74700.04800076805 4.62289028399549e-09
74750.04800076805 2.348110465830374e-09
74800.04800076805 3.581114781781304e-09
74850.04800076805 7.931964568393033e-09
74900.04800076805 1.102223348081125e-08
74950.04800076805 9.953883196816124e-09
75000.04800076805 4.092583098511515e-09
75050.04800076805 6.583359746648465e-10
75100.04800076805 9.190512403461123e-09
75150.04800076805 1.2886360339647868e-08
75200.04800076805 1.3088315191239336e-08
75250.04800076805 1.2362262247628976e-08
75300.04800076805 8.28738779517114e-09
75350.04800076805 2.037819066929613e-09
75400.04800076805 1.3172734900094025e-08
75450.04800076805 1.3710533700634952e-08
75500.04800076805 1.2950016147602044e-08
75550.04800076805 1.084745661414311e-08
75600.04800076805 1.2762726135137799e-08
75650.04800076805 6.665401767053236e-09
75700.04800076805 1.5737408314900375e-08
75750.04800076805 8.413689911277913e-09
75800.04800076805 1.2291475662593693e-08
75850.04800076805 1.3944489577816865e-08
75900.04800076805 1.4660371050442514e-08
75950.04800076805 6.413072575690862e-09
76000.04800076805 1.797803418578386e-08
76050.04800076805 1.6220090724206444e-08
76100.04800076805 1.3868984699491628e-08
76150.04800076805 1.585709505684897e-08
76200.04800076805 1.3168677996022241e-08
76250.04800076805 6.956959419396445e-09
76300.04800076805 2.190867016938623e-08
76350.04800076805 2.4992407602522524e-08
76400.04800076805 1.936289476988368e-08
76450.04800076805 1.4228967073729433e-08
76500.04800076805 9.662007179423897e-09
76550.04800076805 3.0588774860208496e-09
76600.04800076805 5.753251276794341e-10
76650.04800076805 6.067573178531129e-10
76700.04800076805 1.1026994844435482e-09
76750.04800076805 1.3063105219521002e-09
76800.04800076805 2.9558473048784964e-09
76850.04800076805 1.4658261604566822e-09
76900.04800076805 1.18199465741253e-09
76950.04800076805 3.516255909658205e-09
77000.04800076805 6.563325973124751e-09
77050.04800076805 1.0668027774216142e-09
77100.04800076805 1.3492722969741848e-09
77150.04800076805 7.583004383620671e-09
77200.04800076805 3.858090576026887e-09
77250.04800076805 2.6499055353257004e-09
77300.04800076805 6.399012195539424e-09
77350.04800076805 3.005864264473839e-09
77400.04800076805 3.5495599851507306e-09
77450.04800076805 1.0091506503868722e-08
77500.04800076805 6.830600014035884e-09
77550.04800076805 4.680171576598766e-09
77600.04800076805 2.311990342012314e-09
77650.04800076805 3.331167284399408e-09
77700.04800076805 3.100964559952454e-09
77750.04800076805 9.24085309403638e-09
77800.04800076805 9.840228803283934e-09
77850.04800076805 1.7439759727980414e-08
77900.04800076805 7.0677637743287516e-09
77950.04800076805 1.3147921712075748e-09
78000.04800076805 5.4467540766830144e-09
78050.04800076805 6.64367552725896e-09
78100.04800076805 8.221673989225848e-09
78150.04800076805 1.430477998332409e-08
78200.04800076805 1.6599879266664098e-08
78250.04800076805 1.3253222407390393e-08
78300.04800076805 4.544370952381935e-09
78350.04800076805 1.0417446022930894e-08
78400.04800076805 3.637458154444133e-09
78450.04800076805 9.529680335357449e-09
78500.04800076805 1.6586563081951997e-08
78550.04800076805 2.161193741025622e-08
78600.04800076805 1.4903004199661305e-08
78650.04800076805 1.5495105204816145e-09
78700.04800076805 3.7252900828909735e-09
78750.04800076805 7.54680685955007e-09
78800.04800076805 6.520521813528366e-09
78850.04800076805 2.1773418928665425e-09
78900.04800076805 7.636117161854825e-09
78950.04800076805 1.2818126799832767e-08
79000.04800076805 9.303581788146628e-09
79050.04800076805 6.801466057159868e-09
79100.04800076805 9.635419935883492e-09
79150.04800076805 7.219006352077542e-09
79200.04800076805 9.44296506780294e-09
79250.04800076805 4.382864562761075e-09
79300.04800076805 5.1520988417528625e-09
79350.04800076805 7.656032560753421e-09
79400.04800076805 3.8880290539975405e-09
79450.04800076805 1.4849700128536208e-08
79500.04800076805 2.051662200777392e-08
79550.04800076805 1.5893864418858394e-08
79600.04800076805 7.3462308633463044e-09
79650.04800076805 1.3109461920017857e-08
79700.04800076805 9.600776498542972e-09
79750.04800076805 9.140208515809762e-09
79800.04800076805 5.228313626171203e-09
79850.04800076805 1.2231366099175246e-08
79900.04800076805 2.27875555124968e-08
79950.04800076805 2.314806648667399e-08
