# %ECSV 1.0
# ---
# datatype:
# - {name: wav, unit: Angstrom, datatype: float64}
# - {name: flux_nu, unit: erg / (cm2 Hz s), datatype: float64}
# meta: {C/O: '1.00', Kzz: '1.0000E+05', Teff: '350.', Y: '0.28', '[Fe/H]': '-0.50', f_hole: '1.00', f_rain: '0.00', grav: '1000.'}
# schema: astropy-2.0
wav flux_nu
4000.0559999999996 nan
4050.0559999999996 7.53173996871014e-19
4100.056 2.7441751996400465e-17
4150.056 1.9915972941300196e-16
4200.056 3.6745454543000237e-16
4250.056 1.6826139445000133e-15
4300.056 3.90244413250002e-15
4350.056 7.475643446200032e-15
4400.056 1.3350309819500058e-14
4450.056 2.2382063816000086e-14
4500.056 3.555518376200012e-14
4550.056 5.0372484048000045e-14
4600.056 4.727508629600003e-14
4650.056 4.568251371099995e-14
4700.056 3.5443390291999875e-14
4750.056 2.074713011899989e-14
4800.056 1.199981651259994e-14
4850.056 6.629571203499963e-15
4900.056 4.122397676799983e-15
4950.056 2.7714534840999885e-15
5000.056 1.6962402302999909e-15
5050.056 1.161914766699999e-15
5100.056 1.169793842100001e-15
5150.056 1.2199911148000008e-15
5200.056 1.3176200443000014e-15
5250.056 1.4379585094000015e-15
5300.056 1.5730330173000018e-15
5350.056 1.7390317770000023e-15
5400.056 1.9389053887000024e-15
5450.056 2.155927232000003e-15
5500.056 2.3847421620000028e-15
5550.056 2.612830835300003e-15
5600.056 2.8444439588000023e-15
5650.056 3.0733559387000032e-15
5700.056 3.243176979700002e-15
5750.056 3.263477777499999e-15
5800.056 2.990726990099993e-15
5850.056 2.1055323537499774e-15
5900.056 6.933046398840214e-16
5950.056 4.326656077100061e-15
6000.056 9.105244308700072e-15
6050.056 1.570905383300011e-14
6100.056 2.4862279474000158e-14
6150.056 3.7635155311000213e-14
6200.056 5.536174912300027e-14
6250.056 7.883952962400038e-14
6300.056 1.1131999080900053e-13
6350.056 1.5554019064000072e-13
6400.056 2.1532078809000107e-13
6450.056 2.795428223900006e-13
6500.056 3.7849638251000255e-13
6550.056 5.216977810300012e-13
6600.056 7.17326120910005e-13
6650.056 9.980845390500051e-13
6700.056 1.2971362352000062e-12
6750.056 1.7704004049000078e-12
6800.056 2.123033733000004e-12
6850.056 2.142649003999997e-12
6900.056 1.7189334478999875e-12
6950.056 1.310235400800003e-12
7000.056 1.3339781470999933e-12
7050.056 1.3678391967000016e-12
7100.056 1.5164627839000007e-12
7150.056 1.2993189829199805e-12
7200.056 1.1011822618000122e-12
7250.056 1.2163205858999685e-12
7300.056 1.2422157491800228e-12
7350.056 1.5095828653400036e-12
7400.056 1.7893869045000046e-12
7450.056 2.1058919644000096e-12
7500.056 2.3323860398000016e-12
7550.056 2.442878871000001e-12
7600.056 2.442753139399998e-12
7650.056 1.3908099742499736e-12
7700.056 1.3955306241100292e-12
7750.056 2.909626083800022e-12
7800.056 3.7065002535000235e-12
7850.056 5.051497517100014e-12
7900.056 6.265963949000024e-12
7950.056 6.9566848108000265e-12
8000.056 9.23490124520004e-12
8050.056 1.106547269820004e-11
8100.056 1.0166670179999914e-11
8150.056 8.347968773300202e-12
8200.056 1.4347824049100128e-11
8250.056 1.5761080325700242e-11
8300.056 1.874962253209999e-11
8350.056 2.2651362707000157e-11
8400.056 2.9553852679000445e-11
8450.056 4.000868494900035e-11
8500.056 4.928296979100026e-11
8550.056 6.133198506400067e-11
8600.056 7.622250814000059e-11
8650.056 9.037807928200059e-11
8700.056 1.0251434499100057e-10
8750.056 1.1797332275000073e-10
8800.056 1.3064735206000038e-10
8850.056 1.2927383773799844e-10
8900.056 6.28454627799974e-11
8950.056 4.5452084680001035e-11
9000.056 4.551875397100011e-11
9050.056 1.3477429829900033e-10
9100.056 1.4680977151700744e-10
9150.056 1.699872121159975e-10
9200.056 2.3477217142400994e-10
9250.056 1.970879397979875e-10
9300.056 4.184759868527837e-12
9350.056 6.0499520329877124e-12
9400.056 6.951602002620957e-11
9450.056 2.3411369907738193e-11
9500.056 2.377322517214089e-11
9550.056 2.5116565492525775e-11
9600.056 3.7328597178568325e-11
9650.056 7.901804479831132e-11
9700.056 2.407175682069943e-10
9750.056 2.700108508200188e-10
9800.056 3.631898868689963e-10
9850.056 4.954810724800004e-10
9900.056 6.964458838300175e-10
9950.056 8.006551921700098e-10
10000.056 5.304809096517036e-10
10050.056 3.019408290399856e-10
10100.056 2.1983738019999847e-10
10150.056 1.5543085710999648e-10
10200.056 9.599238011000048e-11
10250.056 9.180252620200037e-11
10300.056 1.0167845061599715e-10
10350.056 6.471493479400085e-11
10400.056 7.643061571599989e-11
10450.056 7.684435539199843e-11
10500.056 7.363443548999981e-11
10550.056 7.071628268599965e-11
10600.056 6.300750320399964e-11
10650.056 5.298454267899949e-11
10700.056 4.241341702899953e-11
10750.056 3.500454609199957e-11
10800.056 2.951481298599995e-11
10850.056 2.5316877278999816e-11
10900.056 2.1818615125999735e-11
10950.056 1.699115942999987e-11
11000.056 1.2157718543499602e-11
11050.056 6.915470069899857e-12
11100.056 2.8346047724538056e-12
11150.056 9.46255705127342e-13
11200.056 5.976549848607488e-13
11250.056 8.733518733786804e-13
11300.056 1.5806079903828354e-12
11350.056 6.620349364266648e-13
11400.056 3.0093477936676717e-12
11450.056 1.631256395256554e-12
11500.056 1.7289796370704751e-12
11550.056 8.19352201660741e-13
11600.056 5.336279308159461e-13
11650.056 1.761863902653182e-12
11700.056 2.73143197791969e-12
11750.056 1.7250370029341835e-12
11800.056 5.312781037799975e-12
11850.056 6.045373630799975e-12
11900.056 6.8359100770000316e-12
11950.056 7.901178004900038e-12
12000.056 8.838309565900145e-12
12050.056 1.0726865256000133e-11
12100.056 1.1980527529500171e-11
12150.056 1.5094322662400047e-11
12200.056 1.785473701200005e-11
12250.056 2.349222800240022e-11
12300.056 3.168222004300066e-11
12350.056 3.801225671500049e-11
12400.056 4.988438916400054e-11
12450.056 6.721604101300104e-11
12500.056 8.274568411899973e-11
12550.056 8.926533900400134e-11
12600.056 1.1979833829700222e-10
12650.056 1.590067834300023e-10
12700.056 1.8999404825000044e-10
12750.056 1.9282509899000054e-10
12800.056 1.8278354746999896e-10
12850.056 1.554764204599981e-10
12900.056 1.3616521160799894e-10
12950.056 1.294669108200013e-10
13000.056 1.425861211170045e-10
13050.056 1.17725293656999e-10
13100.056 1.3926850594299462e-10
13150.056 1.0218332052800568e-10
13200.056 1.1010560801299629e-10
13250.056 1.1151868525129915e-10
13300.056 4.558991156831684e-11
13350.056 2.6193951883517217e-11
13400.056 3.627212596743513e-12
13450.056 4.450007329141432e-13
13500.056 7.590016122926286e-14
13550.056 9.094572872711108e-15
13600.056 1.9662143975872153e-15
13650.056 1.5907103494603765e-14
13700.056 7.97392219717852e-15
13750.056 7.612442808457163e-14
13800.056 9.299989457912734e-14
13850.056 1.4241329168898305e-14
13900.056 4.821249941782383e-14
13950.056 3.75298712968043e-14
14000.056 1.158526271983255e-13
14050.056 1.1166663875864696e-13
14100.056 9.980551906907255e-14
14150.056 3.543550575708059e-13
14200.056 2.6318817365129884e-13
14250.056 4.306904523008616e-13
14300.056 1.754459749474308e-12
14350.056 1.6527918788141522e-12
14400.056 1.5704541122842733e-12
14450.056 4.070764152344974e-12
14500.056 1.0705211813620013e-11
14550.056 1.7452992459313542e-11
14600.056 3.493383155331294e-11
14650.056 1.2606611952326316e-11
14700.056 4.920989027729245e-12
14750.056 3.3912051514614053e-12
14800.056 2.553381441562359e-12
14850.056 2.791203952055271e-12
14900.056 2.4452597236066404e-12
14950.056 1.9712037045904817e-12
15000.056 6.481257876173189e-12
15050.056 1.0287473467550467e-11
15100.056 4.0689220905963515e-12
15150.056 1.7159027428263433e-12
15200.056 6.225287760717332e-12
15250.056 1.2562893465046387e-11
15300.056 1.9394407752024867e-11
15350.056 2.3490591878561337e-11
15400.056 3.1618712837201566e-11
15450.056 4.438694467810371e-11
15500.056 6.974714317499924e-11
15550.056 1.1319134464400821e-10
15600.056 1.8187246631099693e-10
15650.056 2.810561470500141e-10
15700.056 3.851956823800037e-10
15750.056 4.3991035735000287e-10
15800.056 4.916022370000007e-10
15850.056 5.357206918300065e-10
15900.056 5.390915221599982e-10
15950.056 5.512275069399989e-10
16000.056 5.060801143199953e-10
16050.056 4.232954058499923e-10
16100.056 3.0972313323999757e-10
16150.056 1.9921392732998838e-10
16200.056 9.554222720599925e-11
16250.056 5.23970792084004e-11
16300.056 2.9123889760045175e-11
16350.056 2.54761077663988e-11
16400.056 2.5853416588221553e-11
16450.056 2.9480780117433e-11
16500.056 2.588636846990435e-11
16550.056 3.012394293364307e-11
16600.056 6.120874706496944e-11
16650.056 2.790450074682134e-11
16700.056 1.091371397143046e-11
16750.056 3.074258378788112e-11
16800.056 3.4036459840430396e-11
16850.056 3.051372230882901e-11
16900.056 1.867298251772744e-11
16950.056 1.4145039125862946e-11
17000.056 8.81763592383071e-12
17050.056 1.2667206652051453e-11
17100.056 1.9712082564617756e-11
17150.056 1.5747382311460124e-11
17200.056 3.257375724995983e-11
17250.056 1.3791449958676999e-11
17300.056 1.2341003529169698e-11
17350.056 1.569161925269986e-11
17400.056 2.130977102285061e-11
17450.056 2.3737625177300318e-11
17500.056 3.00805715415009e-11
17550.056 2.511209131099903e-11
17600.056 2.442022005800097e-11
17650.056 1.772751657009944e-11
17700.056 1.561875500089974e-11
17750.056 1.1527572949700182e-11
17800.056 1.4593691725620737e-11
17850.056 8.19589271239598e-12
17900.056 5.862867825151207e-12
17950.056 3.5452452116311527e-12
18000.056 5.0188466802216364e-12
18050.056 2.062879307131121e-12
18100.056 2.04684031964871e-12
18150.056 1.273141247540196e-12
18200.056 8.266982230957416e-13
18250.056 2.7541015111317663e-12
18300.056 3.688745531098041e-13
18350.056 3.4934077220468387e-13
18400.056 1.534979005728057e-13
18450.056 1.3563564134090663e-12
18500.056 1.0626672415851106e-12
18550.056 4.05530199328716e-13
18600.056 9.125328087154003e-13
18650.056 6.504921267196003e-13
18700.056 4.5513703803554534e-14
18750.056 1.184647796144415e-13
18800.056 1.956824295403747e-12
18850.056 1.609545497527357e-12
18900.056 1.833454404414367e-12
18950.056 2.220888211077543e-12
19000.056 3.767527366596733e-13
19050.056 1.9277853246968576e-13
19100.056 7.471998049473074e-13
19150.056 3.2024995274049874e-13
19200.056 7.410156048972409e-13
19250.056 5.865371637633848e-13
19300.056 3.2799613154010685e-13
19350.056 4.1708551862756534e-13
19400.056 2.5842007507502213e-13
19450.056 2.8187683823647453e-13
19500.056 3.424249273913713e-13
19550.056 4.973109991530413e-13
19600.056 8.446986927097846e-13
19650.056 8.014117110891063e-13
19700.056 1.0994809525441743e-12
19750.056 1.2004480450069941e-12
19800.056 7.632548423195367e-13
19850.056 1.0511979387275823e-12
19900.056 1.5279402335614007e-12
19950.056 1.303449448010806e-12
20000.056 1.457653766726314e-12
20050.056 1.330104276783497e-12
20100.056 1.7057325867251243e-12
20150.056 1.248430069993356e-12
20200.056 1.0501629696007922e-12
20250.056 1.5598309827241164e-12
20300.056 1.6300128459900005e-12
20350.056 1.6627776671598917e-12
20400.056 1.7538626241900143e-12
20450.056 2.003972719900121e-12
20500.056 1.9594939102000227e-12
20550.056 1.903884637099963e-12
20600.056 1.831795511400044e-12
20650.056 1.747882329699952e-12
20700.056 1.6527947118999808e-12
20750.056 1.5325794216999894e-12
20800.056 1.408675649899981e-12
20850.056 1.325804055799993e-12
20900.056 1.233139837099994e-12
20950.056 1.1499647756999945e-12
21000.056 1.0873246353299952e-12
21050.056 1.060652999399997e-12
21100.056 1.0460789121999987e-12
21150.056 1.0646189646000041e-12
21200.056 1.1021567203000072e-12
21250.056 1.1631471039999992e-12
21300.056 1.2274719659000138e-12
21350.056 1.2979274357899865e-12
21400.056 1.4335856170600406e-12
21450.056 1.445042883360029e-12
21500.056 1.4682647156600034e-12
21550.056 1.5247939625299846e-12
21600.056 1.5150664913239894e-12
21650.056 1.5208686964219418e-12
21700.056 1.6066091531999269e-12
21750.056 1.5639302922016184e-12
21800.056 1.3869691719682336e-12
21850.056 1.3447999728722625e-12
21900.056 1.1661804839606532e-12
21950.056 7.873041359314837e-13
22000.056 1.4050552324533872e-13
22050.056 2.5043106643845e-13
22100.056 5.279838002317494e-13
22150.056 3.658805095939317e-13
22200.056 3.6676194947995665e-13
22250.056 3.1009361132281274e-13
22300.056 1.6768469405512858e-13
22350.056 2.4451090864310056e-13
22400.056 1.335524209557909e-13
22450.056 1.803429935218315e-13
22500.056 1.4319331846931003e-13
22550.056 7.84851051621139e-14
22600.056 6.343850463812865e-14
22650.056 6.793617800225696e-14
22700.056 8.773377492157547e-14
22750.056 1.2660328384557585e-13
22800.056 1.7714078367994368e-13
22850.056 1.0581330379371962e-13
22900.056 9.148018858078235e-14
22950.056 6.74782396834406e-14
23000.056 6.135364802674051e-14
23050.056 5.920982695500054e-14
23100.056 3.8369830546102666e-13
23150.056 3.092730367953259e-13
23200.056 3.368050692455525e-14
23250.056 1.6161481742575456e-13
23300.056 1.0232105238258304e-13
23350.056 1.3314197055989047e-13
23400.056 8.643541523352607e-14
23450.056 5.815768192989161e-14
23500.056 5.16604790811211e-14
23550.056 1.156766258450862e-13
23600.056 2.4079122301163934e-13
23650.056 3.105674721609009e-13
23700.056 4.997635465384044e-14
23750.056 8.842863058782268e-14
23800.056 3.674733346738367e-13
23850.056 1.873878375106077e-13
23900.056 3.521194389193331e-13
23950.056 1.8879545832005747e-13
24000.056 4.4151344336138154e-13
24050.056 4.5447514210035056e-13
24100.056 6.184316604750671e-13
24150.056 8.41091277825027e-13
24200.056 7.887996731930485e-13
24250.056 7.234180800600496e-13
24300.056 1.279346024022324e-12
24350.056 1.1440515882140827e-12
24400.056 2.0406952710100597e-12
24450.056 2.237982958029052e-12
24500.056 2.2157887783589235e-12
24550.056 3.5227567962801183e-12
24600.056 4.451768446499848e-12
24650.056 5.254707274790298e-12
24700.056 4.976362267478884e-12
24750.056 6.562840775187435e-12
24800.056 6.76340105611016e-12
24850.056 7.819632497891463e-12
24900.056 5.845959630303898e-12
24950.056 8.137021704542975e-12
25000.056 1.096401745979959e-11
25050.056 6.347067822651107e-12
25100.056 9.62605090258848e-12
25150.056 5.209787134527458e-12
25200.056 8.495021294072976e-12
25250.056 3.6035982749072765e-12
25300.056 3.754704079269001e-12
25350.056 1.827194214921137e-12
25400.056 4.799880951735988e-12
25450.056 1.250040592033287e-12
25500.056 9.86705236434382e-13
25550.056 3.9650086919479714e-12
25600.056 1.6297160651182169e-12
25650.056 5.022174033796325e-13
25700.056 3.1387659189560427e-13
25750.056 7.703593101898912e-14
25800.056 5.514819265606535e-13
25850.056 6.612185781891452e-14
25900.056 1.2420085834776715e-13
25950.056 1.3688035512701732e-14
26000.056 3.781262608348332e-13
26050.056 2.113287261388174e-14
26100.056 1.7030506541016517e-13
26150.056 4.742653613900749e-14
26200.056 7.598090306469133e-14
26250.056 8.744828154284994e-13
26300.056 7.255219541940601e-14
26350.056 3.318162514419675e-12
26400.056 6.731435564396464e-12
26450.056 2.0856960683637392e-12
26500.056 7.709487069783901e-12
26550.056 4.301658626049271e-13
26600.056 3.0399472124528594e-13
26650.056 3.0897423043540127e-14
26700.056 2.1107655461993556e-14
26750.056 4.2403332628431614e-14
26800.056 2.819988917540609e-13
26850.056 1.373142430516299e-13
26900.056 9.108988668968895e-13
26950.056 1.931009810088798e-13
27000.056 1.5194210884002973e-12
27050.056 3.0818124396639723e-12
27100.056 7.05959089785963e-14
27150.056 2.3236707357957458e-12
27200.056 6.6208312852445e-14
27250.056 4.281496426721904e-13
27300.056 9.320923887227541e-12
27350.056 1.5193997466312842e-12
27400.056 4.7742634062757305e-14
27450.056 2.5844065000294104e-12
27500.056 4.1142887152288804e-12
27550.056 3.3421637486040887e-13
27600.056 1.5701905269453205e-12
27650.056 2.477804728604141e-13
27700.056 3.223060924577364e-13
27750.056 3.2863198895062927e-12
27800.056 8.474051750200036e-13
27850.056 2.235308301583206e-12
27900.056 3.785247869776491e-12
27950.056 7.032937014220459e-12
28000.056 7.813878908377908e-12
28050.056 5.098113274126576e-13
28100.056 1.2738656675094779e-11
28150.056 7.994385205216687e-12
28200.056 1.292596569899813e-12
28250.056 1.951176348870062e-11
28300.056 1.9608286044769464e-11
28350.056 1.7084819976107172e-12
28400.056 1.1907338427355192e-11
28450.056 2.4128737497172118e-11
28500.056 9.304909098253165e-12
28550.056 2.047425399818983e-12
28600.056 2.1773945458994275e-11
28650.056 7.915053031334559e-12
28700.056 2.0766396918330226e-11
28750.056 5.1057606814325415e-11
28800.056 1.1773144399681743e-11
28850.056 4.767134445918626e-11
28900.056 2.163412470156569e-11
28950.056 2.5032061093056223e-11
29000.056 1.5639261649605576e-11
29050.056 3.5434487512865964e-11
29100.056 1.0506368184164176e-11
29150.056 1.759347779147193e-11
29200.056 6.471746111277523e-11
29250.056 4.509584037677569e-11
29300.056 2.906310578615823e-11
29350.056 1.0152840866362728e-10
29400.056 4.715960887504327e-11
29450.056 1.3006867012341979e-11
29500.056 1.1590547487774605e-10
29550.056 3.155871273298648e-11
29600.056 3.9788491829552256e-11
29650.056 1.626237071666784e-10
29700.056 2.095992922333454e-11
29750.056 8.995820270124394e-11
29800.056 4.995441384845146e-11
29850.056 1.8621457897591008e-10
29900.056 6.716873880572215e-11
29950.056 5.3931120260099895e-11
30000.056 6.590427066506652e-13
30050.056 1.2877198769602893e-11
30100.056 5.449982803448027e-11
30150.056 1.3623339206998816e-10
30200.056 9.190061310283308e-11
30250.056 1.9887427073858668e-10
30300.056 2.1361437958847498e-10
30350.056 4.201634296690431e-11
30400.056 2.54311367397366e-10
30450.056 2.2733699965425472e-10
30500.056 9.03934847937976e-11
30550.056 7.491401778069605e-11
30600.056 9.372531271119683e-10
30650.056 4.307995861014314e-10
30700.056 1.4572452405935775e-10
30750.056 3.883792691211028e-10
30800.056 4.4093049750942794e-10
30850.056 4.5844285730102846e-10
30900.056 1.9095366546883965e-10
30950.056 1.7139969677770366e-10
31000.056 2.5281643824422723e-10
31050.056 1.2619766544517972e-10
31100.056 5.361927140418169e-11
31150.056 1.4992811293274412e-10
31200.056 5.91811306989968e-10
31250.056 1.8181149863012638e-10
31300.056 8.01515684753008e-11
31350.056 3.623666634288586e-10
31400.056 1.8062344737766893e-10
31450.056 2.157880841526265e-10
31500.056 6.787816164065915e-11
31550.056 1.553059659272739e-10
31600.056 1.0358890233857963e-10
31650.056 7.137460965667957e-11
31700.056 6.610886894801342e-11
31750.056 2.1980356725176822e-11
31800.056 4.8894392627400075e-11
31850.056 7.780837889604254e-12
31900.056 2.2362169624728945e-11
31950.056 8.729274924586276e-12
32000.056 6.5512066966747885e-12
32050.056 5.963157714218166e-12
32100.056 4.884902173525954e-12
32150.056 4.887055185683591e-12
32200.056 1.8198888572045674e-12
32250.056 4.419485506940919e-12
32300.056 1.0201109094431951e-12
32350.056 4.230517357442393e-12
32400.056 3.1676379293197085e-13
32450.056 2.7559799750020927e-12
32500.056 3.477830888661024e-13
32550.056 3.513217341680147e-12
32600.056 2.485503889071367e-13
32650.056 5.774840786930091e-12
32700.056 4.4870871362568647e-13
32750.056 1.7048579588803586e-11
32800.056 6.080273799517879e-12
32850.056 4.357057389570954e-11
32900.056 3.0827972386845273e-11
32950.056 3.995769964197369e-11
33000.056 8.101002674136452e-12
33050.056 6.557532239001417e-12
33100.056 8.953710240715633e-13
33150.056 9.98469084385735e-16
33200.056 5.55940693264471e-14
33250.056 1.9119126910350972e-13
33300.056 5.440736802368185e-12
33350.056 8.145784664286368e-12
33400.056 3.518161253049814e-11
33450.056 4.239848874461279e-12
33500.056 3.463737518520371e-11
33550.056 4.256441192488308e-12
33600.056 1.3581174216520184e-11
33650.056 1.629183582794896e-11
33700.056 2.1556887261615774e-12
33750.056 2.0147310974247917e-11
33800.056 7.249602192950149e-13
33850.056 8.854067083733911e-12
33900.056 7.758512297066869e-12
33950.056 9.03530811241938e-12
34000.056 2.4430487835400122e-11
34050.056 3.7678434884127476e-12
34100.056 2.7552356305669167e-11
34150.056 6.252627707426045e-12
34200.056 3.464187128998934e-11
34250.056 1.3850445072854358e-11
34300.056 1.788924146310083e-11
34350.056 8.275809192267115e-11
34400.056 9.295223803682216e-12
34450.056 6.694691891063752e-11
34500.056 1.9877323902783514e-11
34550.056 4.775039707326153e-11
34600.056 2.3414264368862604e-10
34650.056 1.2576479090223858e-11
34700.056 1.7078272528232671e-10
34750.056 6.342064376738188e-11
34800.056 4.128706848022469e-11
34850.056 1.9685852380094835e-10
34900.056 1.7161857798505913e-11
34950.056 2.758319815669084e-10
35000.056 2.63086406809955e-10
35050.056 2.171193876837018e-10
35100.056 5.64196382959548e-10
35150.056 4.4360089549991483e-10
35200.056 4.309827738910471e-10
35250.056 8.255198416436176e-10
35300.056 1.3866987551260358e-10
35350.056 1.3975587480549067e-10
35400.056 8.700877700044274e-11
35450.056 7.723854314867075e-11
35500.056 4.1822702797639705e-10
35550.056 3.0788890106306514e-10
35600.056 5.508646902064563e-10
35650.056 5.320035375123456e-10
35700.056 6.512224629547971e-10
35750.056 9.315904916972e-10
35800.056 2.724394729817136e-10
35850.056 1.9185254408379154e-10
35900.056 3.529106792069312e-10
35950.056 7.286089610529717e-10
36000.056 8.367727850800857e-10
36050.056 5.276790605544781e-10
36100.056 5.001201115506104e-10
36150.056 1.9155093415720134e-09
36200.056 1.6695315727219405e-09
36250.056 7.742753542145698e-10
36300.056 2.246914902676516e-09
36350.056 1.5610428618050453e-09
36400.056 2.3037340172896906e-09
36450.056 1.2457122998215984e-09
36500.056 1.3667794268531957e-09
36550.056 3.748454485150016e-09
36600.056 4.519295156699748e-09
36650.056 1.7461636833943724e-09
36700.056 2.200696394701897e-09
36750.056 4.557021848100549e-09
36800.056 4.589533374259588e-09
36850.056 1.9543817846645315e-09
36900.056 2.3585109346459114e-09
36950.056 5.2797870884993075e-09
37000.056 3.4851830438402154e-09
37050.056 4.641284039732542e-09
37100.056 1.3525242294398782e-09
37150.056 3.0007716088132755e-09
37200.056 7.489894735900053e-09
37250.056 3.062126837328281e-09
37300.056 1.6710016897861316e-09
37350.056 3.776500732662295e-09
37400.056 6.2659190122397166e-09
37450.056 2.7270079928396875e-09
37500.056 2.76934247121391e-09
37550.056 8.492800990561325e-09
37600.056 1.2834493539899624e-08
37650.056 2.8483742532703862e-09
37700.056 5.692559559900626e-09
37750.056 4.310176066270038e-09
37800.056 5.325654429500531e-09
37850.056 2.9392643722699365e-09
37900.056 3.328258853939843e-09
37950.056 4.826792610799968e-09
38000.056 4.211407186667616e-09
38050.056 7.154736855950661e-09
38100.056 1.0687018768679659e-08
38150.056 1.1862430274199074e-08
38200.056 7.362700992090656e-09
38250.056 1.0457453068840776e-08
38300.056 1.86569085499981e-08
38350.056 1.3449067801101922e-08
38400.056 5.458695963757999e-09
38450.056 2.2944840144395193e-09
38500.056 2.4309397869104403e-09
38550.056 8.346739971600522e-09
38600.056 1.0179796146099181e-08
38650.056 9.184356420699853e-09
38700.056 8.217440895998878e-09
38750.056 9.104133569299565e-09
38800.056 8.863954002900083e-09
38850.056 1.0381053388600617e-08
38900.056 1.069390033495868e-08
38950.056 7.527093065800929e-09
39000.056 1.1893899947498744e-08
39050.056 6.502847280701716e-09
39100.056 7.805162306808881e-09
39150.056 1.4012780785399752e-08
39200.056 1.2186978710200148e-08
39250.056 1.1617208287400224e-08
39300.056 9.826229766500482e-09
39350.056 1.833985522270029e-08
39400.056 1.1078848269708495e-08
39450.056 1.598132531841132e-08
39500.056 1.834515549849921e-08
39550.056 8.899858182631632e-09
39600.056 1.2742517208801505e-08
39650.056 2.2575094600999845e-08
39700.056 1.9992468995000135e-08
39750.056 8.114033705369729e-09
39800.056 7.364103649200455e-09
39850.056 2.1416555258001365e-08
39900.056 2.4211090502000068e-08
39950.056 1.3116489385000306e-08
40000.056 1.9315915466000296e-08
40050.056 1.959084006419895e-08
40100.056 6.0383936685576595e-09
40150.056 1.7622363503100954e-08
40200.056 2.1594543246999157e-08
40250.056 2.3707263576998373e-08
40300.056 2.3190842473001252e-08
40350.056 1.1281703388098043e-08
40400.056 1.581042342229937e-08
40450.056 9.551702332399753e-09
40500.056 2.1101074066699787e-08
40550.056 2.3188987501998754e-08
40600.056 2.4708399885999696e-08
40650.056 1.6840286901798666e-08
40700.056 2.7085234583000124e-08
40750.056 2.1288427060399076e-08
40800.056 1.3710361144298896e-08
40850.056 3.0182064176001574e-08
40900.056 3.0415117022999154e-08
40950.056 1.91073499362997e-08
41000.056 2.0191216523199842e-08
41050.056 3.2201022335000775e-08
41100.056 2.8082959257197668e-08
41150.056 1.1138904645399565e-08
41200.056 2.8790974563002823e-08
41250.056 2.8183144134896778e-08
41300.056 3.128494460500195e-08
41350.056 3.772427929900006e-08
41400.056 3.1336225891999365e-08
41450.056 3.5281284777000324e-08
41500.056 2.303256244799731e-08
41550.056 2.1648536863002243e-08
41600.056 2.3073861072799673e-08
41650.056 3.434874692000162e-08
41700.056 4.1284632871999174e-08
41750.056 3.4994060665000605e-08
41800.056 3.735177492299963e-08
41850.056 2.8912669200998797e-08
41900.056 2.4605962259496504e-08
41950.056 2.5823098080999293e-08
42000.056 1.671228768659542e-08
42050.056 1.922910840260143e-08
42100.056 2.5982659769999158e-08
42150.056 2.7592891554999627e-08
42200.056 2.92162896529992e-08
42250.056 2.4534180428001114e-08
42300.056 2.3020073537999194e-08
42350.056 3.268624714800061e-08
42400.056 3.723940191800065e-08
42450.056 3.864865948400099e-08
42500.056 4.067077309499968e-08
42550.056 3.7741976286999644e-08
42600.056 3.2621246859002354e-08
42650.056 4.040116897799817e-08
42700.056 2.6561022536998294e-08
42750.056 3.33178409390025e-08
42800.056 4.3429837770000234e-08
42850.056 4.410525619299871e-08
42900.056 4.258594389400056e-08
42950.056 3.718100783900072e-08
43000.056 4.04792785679993e-08
43050.056 2.783704000899942e-08
43100.056 3.7322214305000686e-08
43150.056 3.7129887008000136e-08
43200.056 4.125509930500059e-08
43250.056 4.8919502776000246e-08
43300.056 4.468533988099893e-08
43350.056 3.249125400300001e-08
43400.056 4.050672821200041e-08
43450.056 3.4238731514000136e-08
43500.056 3.12038047380004e-08
43550.056 3.1853654235000885e-08
43600.056 4.389372161899977e-08
43650.056 2.91137990859985e-08
43700.056 4.1224494199003626e-08
43750.056 4.644835088399926e-08
43800.056 4.0916231005999334e-08
43850.056 3.840384870700175e-08
43900.056 3.352509743600004e-08
43950.056 2.7464092895999243e-08
44000.056 2.7066554805000006e-08
44050.056 4.289545720000224e-08
44100.056 5.0269776103000226e-08
44150.056 4.76870586659994e-08
44200.056 4.666345433900002e-08
44250.056 3.525013472599896e-08
44300.056 2.5360152324999592e-08
44350.056 2.5492961457000566e-08
44400.056 2.989460247099978e-08
44450.056 3.928903704500181e-08
44500.056 3.6326458172000215e-08
44550.056 4.3420788723000405e-08
44600.056 3.647254124900026e-08
44650.056 4.007789342299877e-08
44700.056 3.2412162178998217e-08
44750.056 3.69692102980015e-08
44800.056 2.8990291808999752e-08
44850.056 3.7292981574001167e-08
44900.056 3.6796138224999524e-08
44950.056 4.0783507042001076e-08
45000.056 4.352698795799986e-08
45050.056 4.0506760740998315e-08
45100.056 3.8243054414001684e-08
45150.056 3.65502732939995e-08
45200.056 2.5438093868999608e-08
45250.056 3.0145947725999487e-08
45300.056 2.9273652107000044e-08
45350.056 2.0969112183201302e-08
45400.056 4.3826835110000645e-08
45450.056 4.0532363668001696e-08
45500.056 4.394581115400076e-08
45550.056 4.5676045737998316e-08
45600.056 4.384358816900043e-08
45650.056 4.0462303389998224e-08
45700.056 2.5100249900497405e-08
45750.056 2.2872440743302023e-08
45800.056 4.220213160200042e-08
45850.056 3.7206006032001154e-08
45900.056 4.571296568499977e-08
45950.056 4.5128230014999054e-08
46000.056 4.4093531271000545e-08
46050.056 4.035643228800122e-08
46100.056 4.487519559599879e-08
46150.056 3.4243532555999946e-08
46200.056 2.5883815878497547e-08
46250.056 1.1406693498799925e-08
46300.056 3.1133864877001875e-08
46350.056 3.653209198000074e-08
46400.056 3.710675921700029e-08
46450.056 3.0632319152998554e-08
46500.056 3.597787306500054e-08
46550.056 2.53542835449985e-08
46600.056 2.2584716990398864e-08
46650.056 3.294662439500113e-08
46700.056 2.7073414836998052e-08
46750.056 1.1938635021001182e-08
46800.056 7.714121559299113e-09
46850.056 2.734396646000325e-08
46900.056 3.7793203661000075e-08
46950.056 3.868856316899965e-08
47000.056 3.933543125500039e-08
47050.056 2.7655782310996236e-08
47100.056 2.546964445700044e-08
47150.056 3.1798330888001844e-08
47200.056 3.3702880078999265e-08
47250.056 1.5489792457696915e-08
47300.056 1.1346902470383001e-08
47350.056 3.270646396200128e-08
47400.056 3.680281681899981e-08
47450.056 2.6244957999000628e-08
47500.056 3.846151858200107e-08
47550.056 3.697637062900016e-08
47600.056 2.8983267278498565e-08
47650.056 3.276732680399861e-08
47700.056 2.8687744048002174e-08
47750.056 2.3941762091999806e-08
47800.056 1.5628550558698974e-08
47850.056 5.2421155743009e-09
47900.056 1.00075519421001e-08
47950.056 2.748040270100184e-08
48000.056 3.244166926299854e-08
48050.056 2.6939741770999695e-08
48100.056 1.5332889271199823e-08
48150.056 2.639316066200097e-08
48200.056 1.7773228282498613e-08
48250.056 2.7015197863000538e-08
48300.056 3.006432355899963e-08
48350.056 1.9548993188997823e-08
48400.056 3.597298097135976e-09
48450.056 7.354267308078797e-09
48500.056 1.6264431221598282e-08
48550.056 1.8693366665963652e-08
48600.056 3.240335840300056e-08
48650.056 3.545207120899976e-08
48700.056 3.064547304600054e-08
48750.056 2.639294594200001e-08
48800.056 3.040593575999996e-08
48850.056 1.5795215095298075e-08
48900.056 1.4680725380358346e-08
48950.056 7.93763942589951e-09
49000.056 5.138203476691301e-09
49050.056 1.650926091019861e-08
49100.056 2.2195217743102826e-08
49150.056 2.0365989331299618e-08
49200.056 3.065861616000121e-08
49250.056 3.221514083699986e-08
49300.056 2.7166316471998384e-08
49350.056 1.338789761500093e-08
49400.056 1.4754514772997491e-08
49450.056 1.1190787769802252e-08
49500.056 9.095899680128367e-09
49550.056 1.3403004448599633e-09
49600.056 4.0562599905568054e-09
49650.056 1.5726799229001433e-08
49700.056 2.186222898600017e-08
49750.056 1.617454767799869e-08
49800.056 8.99811309666005e-09
49850.056 2.276575829800149e-08
49900.056 2.620416852599992e-08
49950.056 2.3928245137999147e-08
50000.056 1.4307968456158038e-08
50050.056 1.5005056762602313e-08
50100.056 1.3956489278999242e-08
50150.056 4.692739737749021e-09
50200.056 5.417017029892558e-10
50250.056 4.183444814399999e-09
50300.056 3.119426940092715e-09
50350.056 1.4755543433201215e-08
50400.056 2.038778334900015e-08
50450.056 1.7884723213999816e-08
50500.056 2.36217571800011e-08
50550.056 2.600468542999988e-08
50600.056 1.787633982459767e-08
50650.056 2.3803622096001008e-08
50700.056 2.194720668699926e-08
50750.056 1.307791569959909e-08
50800.056 3.2006796544580606e-09
50850.056 1.2161439994936268e-09
50900.056 1.10272762695013e-08
50950.056 1.4243488250798924e-08
51000.056 9.125576468711797e-09
51050.056 1.6162138635898243e-08
51100.056 7.66564994010006e-09
51150.056 4.7073629317991424e-09
51200.056 1.8038020166000864e-08
51250.056 1.668812855399898e-08
51300.056 1.028736656070004e-08
51350.056 7.04215722928561e-09
51400.056 1.518741925652346e-09
51450.056 1.2975304025595999e-09
51500.056 1.259516681700494e-09
51550.056 7.014527295000978e-09
51600.056 9.8181840422005e-09
51650.056 1.3845253060399913e-08
51700.056 1.0233274227627923e-08
51750.056 8.725427208701784e-09
51800.056 1.6247808319000032e-08
51850.056 1.249997711599932e-08
51900.056 1.0617502175299857e-08
51950.056 4.684904945798965e-09
52000.056 3.1772332087988693e-10
52050.056 2.3299953005101874e-09
52100.056 1.0492603462096817e-09
52150.056 5.225253186702151e-10
52200.056 3.1816358996000922e-09
52250.056 6.497483526600704e-09
52300.056 6.790864207499427e-09
52350.056 1.1557820836328537e-09
52400.056 1.4641355943550866e-09
52450.056 8.005885156001021e-09
52500.056 6.080744505149677e-09
52550.056 9.692900872698983e-09
52600.056 8.721354579121119e-09
52650.056 1.1415101352199548e-08
52700.056 5.628556342699564e-09
52750.056 1.4161905764294384e-09
52800.056 3.2785153560206363e-09
52850.056 4.153167692499268e-09
52900.056 9.016745709155559e-10
52950.056 1.949311735630454e-09
53000.056 6.093507592100108e-09
53050.056 1.9975707002339564e-09
53100.056 9.618584720901013e-09
53150.056 1.0713210839899612e-08
53200.056 4.286538648119679e-09
53250.056 8.783589722700057e-09
53300.056 8.339737199500708e-09
53350.056 7.4383734138996585e-09
53400.056 4.061639511399521e-09
53450.056 8.016065472797377e-10
53500.056 1.2862039090197645e-10
53550.056 2.848452859809971e-10
53600.056 1.938289255223499e-09
53650.056 4.005731850640302e-09
53700.056 3.392182843499616e-09
53750.056 2.9413081878697817e-09
53800.056 2.563567776850183e-09
53850.056 6.228521604499707e-09
53900.056 8.409466326500163e-09
53950.056 6.727792310399558e-09
54000.056 4.953284643420396e-09
54050.056 4.347624562899516e-09
54100.056 7.268710332679582e-10
54150.056 7.598744467000167e-10
54200.056 1.1856882783696214e-10
54250.056 2.934837763710552e-10
54300.056 1.2017839658162248e-09
54350.056 2.6942461068000734e-09
54400.056 1.9141615907946767e-09
54450.056 1.4761105560414453e-09
54500.056 2.5810426832402108e-09
54550.056 1.6089950422297989e-09
54600.056 8.698316575297823e-10
54650.056 8.205492704719392e-11
54700.056 9.4798602290017e-10
54750.056 9.392041758698033e-10
54800.056 4.613486664591742e-10
54850.056 1.0767100773701404e-09
54900.056 1.9652009538802378e-09
54950.056 4.180679380099473e-09
55000.056 1.613973704959786e-09
55050.056 1.926753727150195e-09
55100.056 3.0365440008003526e-09
55150.056 1.3286771574693933e-09
55200.056 5.965533736859727e-10
55250.056 8.448048935552482e-10
55300.056 8.535503386339936e-10
55350.056 1.6024526763101234e-09
55400.056 1.1683504584018935e-09
55450.056 1.1242256781267547e-09
55500.056 3.2656321894703814e-10
55550.056 2.2429545433995731e-10
55600.056 6.78844031516106e-10
55650.056 5.779254697218764e-10
55700.056 4.972523720870546e-10
55750.056 2.4326258145895217e-10
55800.056 1.196106706020155e-10
55850.056 2.1151052576298717e-10
55900.056 8.130124312771765e-10
55950.056 1.505924572210367e-09
56000.056 5.452619431977677e-10
56050.056 4.733525704440754e-10
56100.056 7.154158837940448e-10
56150.056 2.7357838817295067e-10
56200.056 3.943168451369835e-10
56250.056 1.3230689897400696e-09
56300.056 5.394795806748336e-10
56350.056 1.6720346241702383e-10
56400.056 7.871763643109265e-11
56450.056 9.141020003703037e-11
56500.056 3.9675352414202866e-10
56550.056 1.4603905242999223e-10
56600.056 4.780731392680557e-10
56650.056 4.2347138235703883e-10
56700.056 3.9634896120300723e-10
56750.056 1.6656775624798037e-10
56800.056 1.627748796233546e-10
56850.056 3.9425573582907875e-10
56900.056 1.7481662984992855e-10
56950.056 5.667362535399323e-10
57000.056 8.060821591981931e-10
57050.056 5.047574572198433e-10
57100.056 7.59796154304858e-11
57150.056 2.201219867150492e-10
57200.056 1.0637229474019838e-10
57250.056 2.2200195827697803e-10
57300.056 2.0891118103790225e-10
57350.056 1.3965583651571117e-10
57400.056 4.116475735540022e-10
57450.056 1.2595560678599225e-10
57500.056 9.709399322064333e-11
57550.056 1.4344928204438762e-10
57600.056 7.197219081186412e-11
57650.056 6.838953336700847e-11
57700.056 1.506134846220029e-10
57750.056 2.884124731040449e-10
57800.056 1.8212455441693097e-10
57850.056 5.032891801311876e-10
57900.056 1.2033173725899956e-09
57950.056 9.158560783930158e-10
58000.056 2.0761933673867467e-10
58050.056 4.4676652968793707e-10
58100.056 1.8224954867627228e-10
58150.056 1.8545158586691922e-10
58200.056 6.420726394199886e-11
58250.056 9.461116715990485e-11
58300.056 7.402735936022942e-11
58350.056 1.0440065570778296e-10
58400.056 2.2505351274483383e-10
58450.056 5.037943716699575e-10
58500.056 5.711939824199857e-10
58550.056 1.6424131754998598e-10
58600.056 8.728508738321192e-11
58650.056 1.891819307289772e-10
58700.056 1.0426615276082135e-10
58750.056 2.413006231329802e-10
58800.056 4.441052808399061e-11
58850.056 9.014141049381328e-11
58900.056 7.686945852762813e-11
58950.056 8.373364652197312e-11
59000.056 1.330478076770071e-10
59050.056 1.328235303576755e-10
59100.056 5.280299643101547e-11
59150.056 1.1540717705623499e-10
59200.056 3.5766675425399795e-10
59250.056 4.004471337780614e-10
59300.056 2.7026283855995144e-10
59350.056 7.355479247499822e-11
59400.056 7.615450875318832e-11
59450.056 2.3430947276344577e-10
59500.056 2.495225712934454e-10
59550.056 3.3818243180104597e-10
59600.056 3.4032934021232326e-10
59650.056 6.912850739160639e-11
59700.056 1.3137536612703668e-10
59750.056 5.504825464900324e-10
59800.056 2.40064334541923e-10
59850.056 1.9917172479799327e-10
59900.056 1.0857584923300457e-10
59950.056 1.7276681156158676e-10
60000.056 5.18601240068678e-10
60050.056 8.870300393199804e-10
60100.056 4.3807505141990187e-10
60150.056 1.241182426399842e-10
60200.056 1.532660624545637e-10
60250.056 5.614222648413565e-10
60300.056 4.4907458491185236e-10
60350.056 3.530812172099186e-10
60400.056 2.9328754729492813e-10
60450.056 8.25092172869921e-11
60500.056 5.015020416911002e-11
60550.056 1.6790904699807028e-10
60600.056 2.2608986063599696e-10
60650.056 1.8691709237595665e-10
60700.056 1.123290034319857e-10
60750.056 5.1619460244032456e-11
60800.056 2.1159195884289502e-10
60850.056 3.8018284992432983e-10
60900.056 2.5528035653899983e-10
60950.056 1.4908109624460364e-10
61000.056 4.3500146611412037e-10
61050.056 1.4984345342695702e-10
61100.056 1.1159374782081495e-10
61150.056 6.115831183290254e-11
61200.056 2.685693012320555e-10
61250.056 2.504613455869796e-10
61300.056 1.178476553185488e-10
61350.056 2.9027287174531075e-10
61400.056 1.1108152973798745e-10
61450.056 5.2375313518211587e-11
61500.056 3.370036873725794e-11
61550.056 8.257486569399904e-11
61600.056 6.735662660222633e-11
61650.056 6.063819342051506e-11
61700.056 1.9415234107359963e-10
61750.056 1.3400430270849427e-10
61800.056 1.407323669084403e-10
61850.056 5.377078145617196e-11
61900.056 3.094351493250547e-10
61950.056 2.1278684733258758e-10
62000.056 1.351838876325847e-10
62050.056 8.054093389151983e-10
62100.056 1.7240734763166735e-10
62150.056 4.805738031277167e-10
62200.056 4.5046888185797687e-10
62250.056 4.934712162908746e-10
62300.056 9.401321539350783e-10
62350.056 1.2815961508898619e-09
62400.056 8.905014252721998e-10
62450.056 5.539010894347789e-10
62500.056 1.465088245282297e-09
62550.056 3.027099500970072e-09
62600.056 7.231087244229293e-10
62650.056 3.929160384470463e-10
62700.056 1.648083388666246e-10
62750.056 1.0460147829989026e-09
62800.056 8.078476385900339e-10
62850.056 3.4928941679673273e-10
62900.056 1.3709200168904e-09
62950.056 2.4587259752794454e-09
63000.056 4.5143142773455307e-10
63050.056 3.1254332801508527e-09
63100.056 3.6064946185098535e-09
63150.056 3.150711272000018e-09
63200.056 1.8593229287297256e-09
63250.056 1.3101852477099378e-09
63300.056 1.6048903926342164e-10
63350.056 3.787363058400635e-10
63400.056 2.2725064220793355e-10
63450.056 8.303486923113688e-11
63500.056 4.936944560401199e-10
63550.056 8.739077770999192e-10
63600.056 2.9128521904590857e-10
63650.056 4.969230664800212e-10
63700.056 1.703851542739677e-10
63750.056 2.4509841923825734e-10
63800.056 7.572199531801221e-10
63850.056 7.077477588098691e-10
63900.056 1.9263087380598728e-10
63950.056 1.9968429842760147e-10
64000.056 4.572486169969748e-10
64050.056 8.44484716314642e-11
64100.056 1.1381137846000757e-10
64150.056 1.2566732558746842e-10
64200.056 1.0249488397769619e-10
64250.056 4.074779973390487e-10
64300.056 3.4440983230393176e-10
64350.056 1.74918051826077e-10
64400.056 5.391286766910681e-10
64450.056 5.792558591892293e-10
64500.056 4.0881426313992876e-10
64550.056 5.243777886199893e-10
64600.056 3.4254249535260894e-10
64650.056 5.597600797048152e-10
64700.056 1.429300562830121e-10
64750.056 2.777769052779604e-10
64800.056 1.0739286622802316e-10
64850.056 1.4452428997501828e-10
64900.056 1.0551929270597874e-10
64950.056 1.0199811237298125e-10
65000.056 1.3207301510201668e-10
65050.056 3.5059083019997464e-10
65100.056 2.938296386010314e-10
65150.056 3.2287219491398066e-10
65200.056 1.221367912249979e-10
65250.056 1.37957524336688e-10
65300.056 2.8514367122479963e-10
65350.056 6.199758127572368e-10
65400.056 2.7161504279493903e-10
65450.056 3.458254928883557e-10
65500.056 3.9516667348602913e-10
65550.056 2.0515419085201864e-10
65600.056 4.5582537123407134e-10
65650.056 2.901295751816087e-10
65700.056 2.2794742004103957e-10
65750.056 1.8615379045409016e-10
65800.056 3.3447735614410584e-10
65850.056 6.401039762499291e-10
65900.056 1.7238655316494633e-10
65950.056 1.6368215426802874e-10
66000.056 2.18800624747591e-10
66050.056 5.285001431133515e-10
66100.056 3.5965565156872465e-10
66150.056 3.8127638610207245e-10
66200.056 5.856618494899142e-10
66250.056 2.390224371268088e-10
66300.056 2.406496747440634e-10
66350.056 1.5018549994801076e-10
66400.056 1.8426448293002791e-10
66450.056 4.351081318000803e-10
66500.056 7.425099157601605e-10
66550.056 7.143746273018249e-10
66600.056 6.089614546449763e-10
66650.056 2.529065674930003e-10
66700.056 2.4518587427103637e-10
66750.056 4.69522642641002e-10
66800.056 3.0431696756998943e-10
66850.056 2.373141772289973e-10
66900.056 8.597123096710865e-10
66950.056 6.960772844403851e-10
67000.056 1.509372777400083e-09
67050.056 5.883030757488333e-10
67100.056 3.6999069639004644e-10
67150.056 5.408365277400577e-10
67200.056 7.032597158698358e-10
67250.056 6.483195144732313e-10
67300.056 1.2970795952700507e-09
67350.056 3.7017178494114787e-10
67400.056 1.134069644385909e-09
67450.056 1.0494241245135902e-09
67500.056 6.255247916301163e-10
67550.056 2.2717029719005576e-09
67600.056 3.4992315485996715e-09
67650.056 1.9067558378708353e-09
67700.056 1.0956873486096487e-09
67750.056 5.456652942101577e-10
67800.056 6.318977405247337e-10
67850.056 3.7777891557799673e-10
67900.056 3.861397353699609e-10
67950.056 4.2256192705809777e-10
68000.056 1.2029681429499374e-09
68050.056 7.254956239359577e-10
68100.056 1.4212637125063313e-09
68150.056 1.7103062589998612e-09
68200.056 8.781917160101814e-10
68250.056 3.0754379947397277e-10
68300.056 1.0168163632402525e-09
68350.056 1.8961608780000402e-09
68400.056 2.37459079380002e-09
68450.056 2.2134289575997694e-09
68500.056 9.063169575697455e-10
68550.056 3.784413183919844e-10
68600.056 3.3448963065001714e-10
68650.056 2.5500089503603484e-10
68700.056 5.245348446401097e-10
68750.056 1.0189613542400598e-09
68800.056 1.0970402089798118e-09
68850.056 8.54448487419754e-10
68900.056 2.8157829555804583e-09
68950.056 3.2861065964998718e-09
69000.056 1.1917647318496892e-09
69050.056 5.903235268199779e-10
69100.056 1.9155922077601584e-09
69150.056 3.7438376050109566e-09
69200.056 4.356123252700459e-09
69250.056 4.8517976595994205e-09
69300.056 4.886474393500515e-09
69350.056 4.688870880599568e-09
69400.056 2.1397437500900418e-09
69450.056 3.417608846999254e-09
69500.056 2.0712362399998658e-09
69550.056 9.692819029598402e-10
69600.056 2.862585975800281e-10
69650.056 1.0149139047102565e-09
69700.056 2.4719895920001863e-09
69750.056 1.2324427250898971e-09
69800.056 2.8474125116997685e-09
69850.056 2.7939132116204765e-09
69900.056 1.3762428428835721e-09
69950.056 1.31274379681659e-09
70000.056 2.21496500603009e-09
70050.056 4.91496868520048e-09
70100.056 3.714724994089165e-09
70150.056 2.8248865750202187e-09
70200.056 1.283438732709531e-09
70250.056 1.2488336985104209e-09
70300.056 2.7769932308203374e-09
70350.056 2.541869972199748e-09
70400.056 9.799161843797789e-10
70450.056 2.845123046100725e-10
70500.056 1.0188713634002087e-09
70550.056 9.475430334001187e-10
70600.056 1.4965443083201428e-09
70650.056 2.9289898657000077e-09
70700.056 4.690715483000665e-09
70750.056 6.7552030746998564e-09
70800.056 2.6220520030490377e-09
70850.056 3.206692811160861e-09
70900.056 3.957246727749157e-09
70950.056 5.92488403720095e-09
71000.056 6.180554691100197e-09
71050.056 6.01659235559941e-09
71100.056 4.254996213399402e-09
71150.056 1.3712178194595907e-09
71200.056 1.907821206210145e-09
71250.056 4.526058633200475e-09
71300.056 6.39638006869965e-09
71350.056 5.588304301999902e-09
71400.056 3.3060086850992498e-09
71450.056 8.015574585897957e-10
71500.056 1.4567433346199837e-09
71550.056 1.6223853289101415e-09
71600.056 1.883734215269678e-09
71650.056 8.458892955000554e-10
71700.056 6.348240403000096e-10
71750.056 2.0995106003005884e-09
71800.056 3.691656799399843e-09
71850.056 4.7352288642999684e-09
71900.056 3.1007919755000127e-09
71950.056 3.970530603899344e-09
72000.056 2.785629821499718e-09
72050.056 8.367092771097804e-10
72100.056 1.1465659858001946e-09
72150.056 2.8249488310000773e-09
72200.056 3.1675540508200908e-09
72250.056 6.472437841600308e-09
72300.056 2.396999101409638e-09
72350.056 3.812323371800334e-09
72400.056 3.0963463150999828e-09
72450.056 2.7962067207988866e-09
72500.056 3.3995404281997825e-09
72550.056 8.799134820202952e-10
72600.056 1.7232177193402335e-09
72650.056 3.0192215311808423e-09
72700.056 1.0815123896195313e-09
72750.056 1.3171272065699634e-09
72800.056 6.003377112200782e-10
72850.056 1.1643266328024994e-09
72900.056 4.061070994100149e-09
72950.056 1.5909702107638118e-09
73000.056 1.6455147971274754e-09
73050.056 5.513153517999128e-10
73100.056 8.480394903455681e-10
73150.056 2.9590015278997762e-09
73200.056 6.753314985668826e-10
73250.056 9.998403390098576e-10
73300.056 5.185419080700031e-10
73350.056 3.9690228391183697e-10
73400.056 1.1305729198701644e-09
73450.056 5.760281989418744e-10
73500.056 3.151625617000864e-10
73550.056 8.632090038182575e-10
73600.056 1.133337238419613e-09
73650.056 6.440305902114036e-10
73700.056 5.403681098097069e-10
73750.056 1.663401734987568e-10
73800.056 5.577541599392227e-10
73850.056 9.568115370197596e-10
73900.056 2.2971976686413123e-10
73950.056 4.3214653168394064e-10
74000.056 1.3457879879356527e-10
74050.056 8.435630801803339e-10
74100.056 1.0268733345899637e-09
74150.056 6.972701759997715e-10
74200.056 1.6975517833054257e-10
74250.056 7.267831559252858e-11
74300.056 5.915719758332525e-10
74350.056 1.110456978590138e-09
74400.056 6.758712904497239e-10
74450.056 1.9764749846403354e-10
74500.056 9.934436604609762e-11
74550.056 2.3607917704236014e-10
74600.056 4.928320193000748e-10
74650.056 6.943593224799483e-10
74700.056 4.829286044700907e-10
74750.056 1.1085511788680292e-10
74800.056 1.5432530129385516e-10
74850.056 8.635080390902363e-10
74900.056 1.1785174270297815e-09
74950.056 6.979539992697314e-10
75000.056 3.1554628032887903e-10
75050.056 4.1828343834035496e-11
75100.056 4.008865637931494e-10
75150.056 1.2326209646901846e-09
75200.056 1.353151436039825e-09
75250.056 6.523483114996366e-10
75300.056 2.990519835299801e-10
75350.056 7.078539811526122e-11
75400.056 6.049324219201864e-10
75450.056 1.6084388186001976e-09
75500.056 1.4457967211997611e-09
75550.056 7.50719455195027e-10
75600.056 6.088926782518266e-10
75650.056 2.5885697547069776e-10
75700.056 1.5825334002802428e-09
75750.056 1.8107424195102031e-09
75800.056 1.4604402735153759e-09
75850.056 1.6146789938974136e-09
75900.056 1.3167700517395414e-09
75950.056 3.998531593771791e-10
76000.056 2.4572469702003273e-09
76050.056 2.725408926599692e-09
76100.056 2.161406369615411e-09
76150.056 2.045286109909929e-09
76200.056 1.2134737795199391e-09
76250.056 2.350561324771008e-10
76300.056 1.3861887004202619e-09
76350.056 2.1203241066999918e-09
76400.056 1.4463461862498372e-09
76450.056 9.209332232701143e-10
76500.056 5.175874417299064e-10
76550.056 1.3597176687032847e-10
76600.056 4.129346082709612e-11
76650.056 6.094634097386959e-11
76700.056 7.393050870701426e-11
76750.056 8.930484338893808e-11
76800.056 1.5176331288094086e-10
76850.056 1.590028866424809e-10
76900.056 2.6468325920093294e-10
76950.056 2.0461084445609323e-10
77000.056 6.815192752099448e-10
77050.056 1.5895394092195975e-10
77100.056 2.8949473840799467e-10
77150.056 6.307188692499978e-10
77200.056 2.3166173522201913e-10
77250.056 1.5644897370091788e-10
77300.056 7.88322641859978e-10
77350.056 4.385849808477283e-10
77400.056 9.887972320005574e-10
77450.056 2.3795990899998244e-09
77500.056 1.3306848825398676e-09
77550.056 4.213784911839142e-10
77600.056 1.2651455850872977e-10
77650.056 1.9211528581098841e-10
77700.056 7.784740165599591e-10
77750.056 1.0557237848984418e-09
77800.056 2.040038846500026e-09
77850.056 1.6321945879696222e-09
77900.056 3.4583046239134794e-10
77950.056 1.246807482604367e-10
78000.056 3.790421282669466e-10
78050.056 4.996242634842968e-10
78100.056 1.1716777000652181e-09
78150.056 1.765947843360629e-09
78200.056 2.652251272399827e-09
78250.056 1.0865520235095377e-09
78300.056 1.8332553559091396e-10
78350.056 6.103650414861647e-10
78400.056 3.0078590476759307e-10
78450.056 5.43759775820174e-10
78500.056 1.8309595012500925e-09
78550.056 2.7313105928999237e-09
78600.056 1.504086230089622e-09
78650.056 2.3962213721833043e-10
78700.056 2.740947017160734e-10
78750.056 7.671339342799265e-10
78800.056 3.129013904518077e-10
78850.056 2.1941045991195006e-10
78900.056 5.399473349885713e-10
78950.056 1.4912207940600685e-09
79000.056 6.5939732295956e-10
79050.056 5.95203565898246e-10
79100.056 1.2022827728101053e-09
79150.056 4.700873410474248e-10
79200.056 6.411795916999671e-10
79250.056 2.8316329386608456e-10
79300.056 4.380903054219221e-10
79350.056 5.957588815299965e-10
79400.056 2.602989326209589e-10
79450.056 1.6073963404103003e-09
79500.056 3.0380744104002446e-09
79550.056 2.3214294088194586e-09
79600.056 7.150416593456516e-10
79650.056 1.9576496691096573e-09
79700.056 6.92971174026051e-10
79750.056 7.075016864124318e-10
79800.056 6.024565220304244e-10
79850.056 2.041364407080464e-09
79900.056 4.5533764079005984e-09
79950.056 4.988240457199695e-09
