# %ECSV 1.0
# ---
# datatype:
# - {name: wav, unit: Angstrom, datatype: float64}
# - {name: flux_nu, unit: erg / (cm2 Hz s), datatype: float64}
# meta: {C/O: '1.00', Kzz: '1.0000E+05', Teff: '950.', Y: '0.28', '[Fe/H]': '-0.50', f_hole: '1.00', f_rain: '0.00', grav: '1000.'}
# schema: astropy-2.0
wav flux_nu
4000.0559999999996 nan
4050.0559999999996 2.079411048429194e-13
4100.056 1.5167911495899825e-11
4150.056 5.313006424400122e-11
4200.056 5.039874182194815e-11
4250.056 1.008695170830018e-10
4300.056 1.4652424316500457e-10
4350.056 1.6233452945400053e-10
4400.056 2.016502204490011e-10
4450.056 2.460695731700051e-10
4500.056 2.43428890120004e-10
4550.056 2.8091119725999776e-10
4600.056 2.465515242199994e-10
4650.056 2.020898072999994e-10
4700.056 1.65193305551999e-10
4750.056 6.8015770747999e-11
4800.056 1.5989914902599748e-11
4850.056 3.0557150763999525e-12
4900.056 8.578888197199907e-13
4950.056 2.670535240699965e-13
5000.056 6.161883517499902e-14
5050.056 1.843048572899992e-14
5100.056 1.4367377037999984e-14
5150.056 1.2826017467999977e-14
5200.056 1.1890659147999979e-14
5250.056 1.1353869729999988e-14
5300.056 1.117059767799999e-14
5350.056 1.1342468767000005e-14
5400.056 1.1847363004e-14
5450.056 1.2413769485999982e-14
5500.056 1.3014731721000004e-14
5550.056 1.3607641724000008e-14
5600.056 1.416064706699999e-14
5650.056 1.455476640500001e-14
5700.056 1.4692733222000004e-14
5750.056 1.395372325199998e-14
5800.056 1.2167397529999973e-14
5850.056 8.454859648499912e-15
5900.056 2.829556449068394e-15
5950.056 1.7044976044800202e-14
6000.056 3.614051767600032e-14
6050.056 6.329237211000047e-14
6100.056 1.0151084398000052e-13
6150.056 1.559730377400009e-13
6200.056 2.3489337939000114e-13
6250.056 3.520061121100019e-13
6300.056 5.236474078100032e-13
6350.056 7.843960554700049e-13
6400.056 1.1885638258500072e-12
6450.056 1.8164068797000089e-12
6500.056 2.810802699300017e-12
6550.056 4.3929490995000275e-12
6600.056 6.920530435100063e-12
6650.056 1.0897570287800078e-11
6700.056 1.4823436561100135e-11
6750.056 2.5315416308000148e-11
6800.056 3.5374975005000164e-11
6850.056 4.2124714406000045e-11
6900.056 4.052751407199995e-11
6950.056 3.5497213906999917e-11
7000.056 3.4486920101000066e-11
7050.056 3.7720077177e-11
7100.056 4.1559411577000036e-11
7150.056 4.3704952403999855e-11
7200.056 4.273997348600026e-11
7250.056 3.91769260789995e-11
7300.056 3.4139914265000176e-11
7350.056 2.9316484537999874e-11
7400.056 2.5052218453000035e-11
7450.056 2.1215049019e-11
7500.056 1.7695406647999942e-11
7550.056 1.431394230099994e-11
7600.056 1.1280091071999926e-11
7650.056 3.1630091173828497e-12
7700.056 2.0892544562421e-12
7750.056 1.0133522456200178e-11
7800.056 1.8125942690060252e-11
7850.056 3.440451698000032e-11
7900.056 5.4495982063000415e-11
7950.056 6.911327416720091e-11
8000.056 1.3275838469000125e-10
8050.056 2.0073392268000186e-10
8100.056 2.92195723500001e-10
8150.056 4.1349220631000277e-10
8200.056 5.846863121000104e-10
8250.056 7.899829133000082e-10
8300.056 1.0560057263200324e-09
8350.056 1.3768061426600074e-09
8400.056 1.7733358323000057e-09
8450.056 2.2761480783000135e-09
8500.056 2.53993239355792e-09
8550.056 3.413636839470121e-09
8600.056 4.441843610500039e-09
8650.056 5.428157481200047e-09
8700.056 6.562506834000056e-09
8750.056 7.874363613400058e-09
8800.056 9.334487718600067e-09
8850.056 1.0809854073400052e-08
8900.056 1.1578327078399945e-08
8950.056 1.082579905518991e-08
9000.056 1.491573945569995e-08
9050.056 1.9132939891000238e-08
9100.056 2.198654971800034e-08
9150.056 2.4678106826000383e-08
9200.056 2.8534991073999506e-08
9250.056 3.0180042597498804e-08
9300.056 1.778257616849945e-08
9350.056 2.3892362464310136e-08
9400.056 3.5958344350879455e-08
9450.056 3.675704054759597e-08
9500.056 3.791099189858181e-08
9550.056 4.2158743850763043e-08
9600.056 4.532288042498038e-08
9650.056 5.260926880398123e-08
9700.056 6.485598418719714e-08
9750.056 7.161733167850295e-08
9800.056 8.102203437649799e-08
9850.056 9.223544171199929e-08
9900.056 9.49299398260001e-08
9950.056 9.909656251500031e-08
10000.056 7.797588601970046e-08
10050.056 1.0702780988700016e-07
10100.056 1.2002110861000082e-07
10150.056 1.2812646712999994e-07
10200.056 1.3839496450000092e-07
10250.056 1.503349148800007e-07
10300.056 1.6339174070999887e-07
10350.056 1.7549105869000243e-07
10400.056 1.880851019499995e-07
10450.056 1.9857730615999856e-07
10500.056 2.0604671532999966e-07
10550.056 2.1344147191000026e-07
10600.056 2.219624815699997e-07
10650.056 2.3040460816000168e-07
10700.056 2.3781725269000104e-07
10750.056 2.446145423100011e-07
10800.056 2.49444879250001e-07
10850.056 2.520980239800008e-07
10900.056 2.3405763210999822e-07
10950.056 1.8524092628799865e-07
11000.056 1.5163331688299077e-07
11050.056 1.16112719656599e-07
11100.056 8.603106148458032e-08
11150.056 6.633649858477021e-08
11200.056 7.503333199783998e-08
11250.056 9.603999590766693e-08
11300.056 9.901167886398393e-08
11350.056 5.412595671851757e-08
11400.056 1.0676346670918826e-07
11450.056 8.555879513005678e-08
11500.056 9.38482641489469e-08
11550.056 6.618378495736088e-08
11600.056 6.60279173448965e-08
11650.056 8.472353584440352e-08
11700.056 8.146910821829792e-08
11750.056 6.32028705246863e-08
11800.056 1.0091010270099921e-07
11850.056 1.3957069264699955e-07
11900.056 1.6392794711999381e-07
11950.056 1.9593466284400756e-07
12000.056 2.2184209146300062e-07
12050.056 2.510320889800056e-07
12100.056 2.7671449347999566e-07
12150.056 3.0732533955999637e-07
12200.056 3.320400468399977e-07
12250.056 3.5922642728999796e-07
12300.056 3.8916647716000306e-07
12350.056 4.013096222300002e-07
12400.056 4.199356875099972e-07
12450.056 4.3260926022000333e-07
12500.056 4.456670470000028e-07
12550.056 4.738439096100039e-07
12600.056 5.217525467500024e-07
12650.056 5.330607959300012e-07
12700.056 5.429095502000035e-07
12750.056 5.296551214900021e-07
12800.056 5.234246319300005e-07
12850.056 4.811079459799982e-07
12900.056 4.5782566859000416e-07
12950.056 4.430266311100015e-07
13000.056 4.406436764700056e-07
13050.056 4.106858211639956e-07
13100.056 4.070513932629815e-07
13150.056 3.568045759570122e-07
13200.056 3.3678685213199473e-07
13250.056 2.6155067775745273e-07
13300.056 1.5791003874685811e-07
13350.056 5.728705527596444e-08
13400.056 2.3273854216286022e-08
13450.056 1.5045756774394257e-08
13500.056 9.282467921677906e-09
13550.056 6.4313039454144605e-09
13600.056 4.763569453668727e-09
13650.056 1.174857134003996e-08
13700.056 8.927868185374161e-09
13750.056 1.391986910155398e-08
13800.056 1.747167695229729e-08
13850.056 1.1369748198731419e-08
13900.056 1.1036044588036602e-08
13950.056 1.0834036733047023e-08
14000.056 1.0954094399908155e-08
14050.056 1.372558339577143e-08
14100.056 1.0527203936250439e-08
14150.056 1.4746100854992823e-08
14200.056 1.1560757815042106e-08
14250.056 1.1924855404795108e-08
14300.056 2.083218265567954e-08
14350.056 2.037810841105419e-08
14400.056 2.0746643369707222e-08
14450.056 2.6385740072610674e-08
14500.056 4.174261026778896e-08
14550.056 4.1810784329105976e-08
14600.056 6.127533096933346e-08
14650.056 5.54853276700129e-08
14700.056 4.22569511320654e-08
14750.056 5.1779992524824653e-08
14800.056 6.203888981302264e-08
14850.056 6.763744722897135e-08
14900.056 6.73993581571937e-08
14950.056 7.901666665820371e-08
15000.056 9.391789834580022e-08
15050.056 1.065206047482525e-07
15100.056 1.0759171183419873e-07
15150.056 1.1249361023099268e-07
15200.056 1.2674767850678147e-07
15250.056 1.554241057970059e-07
15300.056 1.684724082079934e-07
15350.056 1.9178006747899654e-07
15400.056 2.1046550974601595e-07
15450.056 2.2512901731100952e-07
15500.056 2.3689661671999152e-07
15550.056 2.583463895300035e-07
15600.056 2.7474557768999753e-07
15650.056 2.846926692400049e-07
15700.056 3.0366989372000183e-07
15750.056 3.0904006676000084e-07
15800.056 3.111450689499995e-07
15850.056 3.1512436435000045e-07
15900.056 3.048543906300007e-07
15950.056 2.92666852299996e-07
16000.056 2.6816600106000164e-07
16050.056 2.2852384343999603e-07
16100.056 1.9393181667199548e-07
16150.056 1.569430126939941e-07
16200.056 1.2284654121000005e-07
16250.056 1.1283025929819419e-07
16300.056 1.011735307048799e-07
16350.056 1.0814741951318797e-07
16400.056 1.1702723959648104e-07
16450.056 1.2330344990904133e-07
16500.056 1.3165000913787232e-07
16550.056 1.2816929292802874e-07
16600.056 1.3314839553400332e-07
16650.056 9.380062822971667e-08
16700.056 5.990628204300888e-08
16750.056 8.256967411440206e-08
16800.056 1.0476707545810179e-07
16850.056 1.0453740010559252e-07
16900.056 9.591501813880624e-08
16950.056 8.529831372249705e-08
17000.056 7.504290409501028e-08
17050.056 9.295319735700538e-08
17100.056 1.0173837681600046e-07
17150.056 9.132525512599909e-08
17200.056 1.104844267129932e-07
17250.056 9.826068168798564e-08
17300.056 8.879712532300126e-08
17350.056 8.214809077979458e-08
17400.056 8.322150830499744e-08
17450.056 8.343158873949025e-08
17500.056 8.623835696301594e-08
17550.056 7.576588034859704e-08
17600.056 7.061042831550532e-08
17650.056 6.694339091637536e-08
17700.056 5.5552981026949305e-08
17750.056 4.8066497441712917e-08
17800.056 5.483222975782955e-08
17850.056 3.95863615259976e-08
17900.056 4.288336846796079e-08
17950.056 3.365722081442185e-08
18000.056 3.6703301383658585e-08
18050.056 2.998732125188163e-08
18100.056 3.2429445893478455e-08
18150.056 3.628217346867002e-08
18200.056 2.5206329258214927e-08
18250.056 4.6536231063476555e-08
18300.056 2.8638201531349236e-08
18350.056 2.6996522010509604e-08
18400.056 2.3855779136228462e-08
18450.056 3.242844259765437e-08
18500.056 3.153013606141249e-08
18550.056 2.4528868831655668e-08
18600.056 2.2446241156581216e-08
18650.056 2.0201785126634085e-08
18700.056 1.7442212426826417e-08
18750.056 2.4598063033557142e-08
18800.056 4.296744239223566e-08
18850.056 4.443358574402107e-08
18900.056 4.0400736803758134e-08
18950.056 5.810604274106752e-08
19000.056 3.986058250229941e-08
19050.056 3.0049553432861935e-08
19100.056 4.4012050768105153e-08
19150.056 3.151218321218939e-08
19200.056 3.766653500086945e-08
19250.056 2.917023472626325e-08
19300.056 2.7067752935603852e-08
19350.056 2.5232942065936035e-08
19400.056 1.8522444563001748e-08
19450.056 2.884234767833726e-08
19500.056 2.826810983160299e-08
19550.056 2.469646697120771e-08
19600.056 2.990094891867577e-08
19650.056 3.4588523335225236e-08
19700.056 3.41481689667701e-08
19750.056 3.8238028718379995e-08
19800.056 3.8142133893427534e-08
19850.056 4.766397332284189e-08
19900.056 4.166270263189932e-08
19950.056 5.507814099189867e-08
20000.056 5.1894235130906315e-08
20050.056 5.76436761424047e-08
20100.056 6.331959344670047e-08
20150.056 5.9167307458347406e-08
20200.056 6.066559921477783e-08
20250.056 6.925884465635347e-08
20300.056 6.980127799870196e-08
20350.056 7.363950569859292e-08
20400.056 7.365819729659431e-08
20450.056 8.26651472520014e-08
20500.056 8.596761349298802e-08
20550.056 8.723014078500642e-08
20600.056 9.098312479200445e-08
20650.056 9.327208747000004e-08
20700.056 9.492524755700321e-08
20750.056 9.602599332799815e-08
20800.056 9.684451545299537e-08
20850.056 9.769860840699994e-08
20900.056 9.874962086199628e-08
20950.056 9.758061994000205e-08
21000.056 9.676918245400095e-08
21050.056 9.648056393799853e-08
21100.056 9.535911057200058e-08
21150.056 9.513642316699508e-08
21200.056 9.314785347200165e-08
21250.056 9.157170042199472e-08
21300.056 8.825626813099764e-08
21350.056 8.682890583599997e-08
21400.056 8.611695022900645e-08
21450.056 8.230250799000143e-08
21500.056 7.968154642000281e-08
21550.056 7.70827989990008e-08
21600.056 7.342056420200308e-08
21650.056 6.884796743500107e-08
21700.056 6.924140446699933e-08
21750.056 6.352776061030298e-08
21800.056 5.822682795679729e-08
21850.056 5.454749657100034e-08
21900.056 4.8109096846501164e-08
21950.056 3.791763645460521e-08
22000.056 2.2139367800188966e-08
22050.056 2.057124442005863e-08
22100.056 3.0586214847421374e-08
22150.056 3.1756488125196783e-08
22200.056 3.332344499817683e-08
22250.056 3.177740942106623e-08
22300.056 2.6029317782400975e-08
22350.056 2.734988571697819e-08
22400.056 2.102862789903174e-08
22450.056 2.060433930439233e-08
22500.056 2.0621284694942356e-08
22550.056 1.7530796003473445e-08
22600.056 1.7573492210015774e-08
22650.056 1.9180679378762973e-08
22700.056 1.7442907660510045e-08
22750.056 1.798493968608951e-08
22800.056 1.837283136913745e-08
22850.056 1.60718254124312e-08
22900.056 1.5588493808738788e-08
22950.056 1.4650516426266776e-08
23000.056 1.7125384612199365e-08
23050.056 2.0437946670446146e-08
23100.056 3.184546323016197e-08
23150.056 2.785417409415512e-08
23200.056 1.0440466790138425e-08
23250.056 1.55671973987712e-08
23300.056 1.3730967774382301e-08
23350.056 1.4204577249351148e-08
23400.056 1.3899112663072807e-08
23450.056 1.3268005254168728e-08
23500.056 1.4336147837918346e-08
23550.056 1.795512474461137e-08
23600.056 2.0835126694829016e-08
23650.056 2.476628820671777e-08
23700.056 1.3238535372091748e-08
23750.056 1.357621254556859e-08
23800.056 1.8418703345399928e-08
23850.056 1.8406592266316585e-08
23900.056 2.5899798446674036e-08
23950.056 2.4175132945721344e-08
24000.056 2.9796931373121828e-08
24050.056 3.0663870582672245e-08
24100.056 2.9517131264254226e-08
24150.056 3.376083817795473e-08
24200.056 3.218254911429371e-08
24250.056 3.089087106744103e-08
24300.056 3.643613954887454e-08
24350.056 3.227824985191616e-08
24400.056 4.083553269549961e-08
24450.056 3.848433573174299e-08
24500.056 3.844941642103588e-08
24550.056 4.301458595670804e-08
24600.056 4.3287438940197806e-08
24650.056 5.1772380695604795e-08
24700.056 3.865545296772443e-08
24750.056 4.0356494875006256e-08
24800.056 4.039551302500145e-08
24850.056 5.422208591845293e-08
24900.056 3.074990028552762e-08
24950.056 5.035372429707901e-08
25000.056 4.445491194367491e-08
25050.056 3.074178898425975e-08
25100.056 4.383176251123178e-08
25150.056 3.052020200791856e-08
25200.056 3.827506113559297e-08
25250.056 2.4478099684504647e-08
25300.056 3.40281565338757e-08
25350.056 2.115037757064722e-08
25400.056 3.695893047775191e-08
25450.056 2.11493054545431e-08
25500.056 2.2330465725471664e-08
25550.056 2.7029604213612743e-08
25600.056 2.4741209199855766e-08
25650.056 1.57342061457772e-08
25700.056 2.8681622275718138e-08
25750.056 1.3414447424438013e-08
25800.056 3.32758508265165e-08
25850.056 1.5601695811815758e-08
25900.056 2.3240708630919627e-08
25950.056 1.2047327495456059e-08
26000.056 3.334575191037109e-08
26050.056 1.7999416882702165e-08
26100.056 3.445538077762379e-08
26150.056 2.581064486254306e-08
26200.056 2.7468026947674537e-08
26250.056 4.9396291972092635e-08
26300.056 3.1005834463988905e-08
26350.056 5.7909780388152176e-08
26400.056 5.2266487676792447e-08
26450.056 5.234334061430533e-08
26500.056 6.179167177261906e-08
26550.056 3.2397729604077474e-08
26600.056 4.210813766100461e-08
26650.056 1.9835776649334264e-08
26700.056 1.7946392243995507e-08
26750.056 1.296943362121331e-08
26800.056 2.0810809911684936e-08
26850.056 1.233335121121122e-08
26900.056 2.826000616789789e-08
26950.056 1.5253400812152818e-08
27000.056 3.664804582474795e-08
27050.056 3.1121807566691916e-08
27100.056 2.141831981948747e-08
27150.056 4.2474376869795106e-08
27200.056 2.2515031505311848e-08
27250.056 3.012211730868737e-08
27300.056 6.762759393104998e-08
27350.056 4.6535294606218305e-08
27400.056 1.3951557790257671e-08
27450.056 5.453587663746525e-08
27500.056 5.7419600246239796e-08
27550.056 2.4070398251366603e-08
27600.056 4.3296737030631067e-08
27650.056 2.2047066656376647e-08
27700.056 1.789856421741748e-08
27750.056 4.6889379580560156e-08
27800.056 2.2883929817873635e-08
27850.056 2.691903062543878e-08
27900.056 3.020152512102484e-08
27950.056 5.041324282770399e-08
28000.056 3.885266172350022e-08
28050.056 1.5286226565443416e-08
28100.056 4.7888626306952636e-08
28150.056 3.2079884043594195e-08
28200.056 1.823060953085949e-08
28250.056 5.074197393767353e-08
28300.056 5.582815607399382e-08
28350.056 2.1902576866312742e-08
28400.056 4.109714157201838e-08
28450.056 5.569450258215119e-08
28500.056 4.1091768965331925e-08
28550.056 1.7547303271332544e-08
28600.056 5.988678500789054e-08
28650.056 4.659639405629932e-08
28700.056 4.4543805387931745e-08
28750.056 6.458525620784449e-08
28800.056 5.181350231321123e-08
28850.056 6.049745606544212e-08
28900.056 3.427523132893821e-08
28950.056 6.580424448119931e-08
29000.056 5.694474143734896e-08
29050.056 6.655604040173405e-08
29100.056 4.522447089156898e-08
29150.056 8.494183936041839e-08
29200.056 5.7675934281220906e-08
29250.056 7.964029128264932e-08
29300.056 4.589495530863726e-08
29350.056 1.2575706370291174e-07
29400.056 6.441966848200545e-08
29450.056 6.972716449015189e-08
29500.056 8.322330783540432e-08
29550.056 7.095354991631105e-08
29600.056 8.303492130352992e-08
29650.056 8.958282298479953e-08
29700.056 7.007410185436112e-08
29750.056 9.542897422176907e-08
29800.056 9.589985150609829e-08
29850.056 1.02733343165475e-07
29900.056 1.0222698971463846e-07
29950.056 9.736309265473451e-08
30000.056 2.8105669964881343e-08
30050.056 4.3662580231127224e-08
30100.056 5.653307427140591e-08
30150.056 9.910949775099695e-08
30200.056 8.556148407430392e-08
30250.056 1.337805214510113e-07
30300.056 1.1627209550399814e-07
30350.056 1.0096913819390424e-07
30400.056 1.3427602034811137e-07
30450.056 9.246470476980871e-08
30500.056 9.145583623320046e-08
30550.056 9.238248790259972e-08
30600.056 1.2400627184600688e-07
30650.056 9.450837982499991e-08
30700.056 8.438167063778695e-08
30750.056 9.552356211488709e-08
30800.056 8.672626664031676e-08
30850.056 7.964903087188369e-08
30900.056 6.766876180068394e-08
30950.056 6.25947260058126e-08
31000.056 6.321347996670902e-08
31050.056 7.394649345099858e-08
31100.056 4.9240521854500436e-08
31150.056 6.343548592179623e-08
31200.056 7.733835942401219e-08
31250.056 5.2463321038997064e-08
31300.056 4.9970636088651277e-08
31350.056 5.245775879852613e-08
31400.056 4.1032053411363205e-08
31450.056 4.84140713085904e-08
31500.056 3.263053321338447e-08
31550.056 3.945841346921438e-08
31600.056 3.222771526070486e-08
31650.056 2.836854883785639e-08
31700.056 3.248863502729912e-08
31750.056 2.2952622009824473e-08
31800.056 3.3703703759995835e-08
31850.056 2.1153780278143397e-08
31900.056 2.985857600520393e-08
31950.056 1.8722789305123926e-08
32000.056 2.5661148665076405e-08
32050.056 2.5481700852972478e-08
32100.056 2.2948980958449275e-08
32150.056 2.8717603982598763e-08
32200.056 2.1188822558520295e-08
32250.056 3.389007950640894e-08
32300.056 1.9231469672060073e-08
32350.056 3.613547765320246e-08
32400.056 2.0659444136698686e-08
32450.056 3.3637386781791845e-08
32500.056 2.81682144033177e-08
32550.056 3.159576019249717e-08
32600.056 3.513620607230133e-08
32650.056 4.2251369575189185e-08
32700.056 4.075782330750799e-08
32750.056 5.077655448320611e-08
32800.056 5.198931470648761e-08
32850.056 5.9047072729000106e-08
32900.056 6.215735223165918e-08
32950.056 6.344653279249935e-08
33000.056 5.3385158155991376e-08
33050.056 5.353785416620623e-08
33100.056 2.8467610849092927e-08
33150.056 3.7003240103505796e-09
33200.056 4.663500407987033e-09
33250.056 3.9330725504787055e-09
33300.056 5.8183443523817e-09
33350.056 1.044902529030074e-08
33400.056 1.62571567280975e-08
33450.056 2.142717608754979e-08
33500.056 3.5815046196408076e-08
33550.056 2.9203617020924568e-08
33600.056 4.469557205579451e-08
33650.056 4.802605786720653e-08
33700.056 3.497696581176334e-08
33750.056 5.7694444534300736e-08
33800.056 3.221958965679214e-08
33850.056 4.59765788018956e-08
33900.056 3.788579143789777e-08
33950.056 4.060650108439428e-08
34000.056 5.1317267836306775e-08
34050.056 2.718733584185969e-08
34100.056 4.8510206626004856e-08
34150.056 3.2210098518208735e-08
34200.056 4.2043224621884986e-08
34250.056 4.086331778918893e-08
34300.056 3.1623204855087255e-08
34350.056 4.026384583840497e-08
34400.056 2.82896410384567e-08
34450.056 4.478944697999157e-08
34500.056 3.921735178919819e-08
34550.056 2.6110926464380567e-08
34600.056 5.313629512200013e-08
34650.056 2.989729185329885e-08
34700.056 4.444246624379954e-08
34750.056 4.226388642288827e-08
34800.056 3.287935724589738e-08
34850.056 5.236389381550178e-08
34900.056 4.077144128068637e-08
34950.056 4.7929636999991596e-08
35000.056 7.061032154500524e-08
35050.056 4.1071093720608625e-08
35100.056 6.39717439530001e-08
35150.056 6.370694047880453e-08
35200.056 5.8906642912800414e-08
35250.056 8.373558623077702e-08
35300.056 5.1131896056306546e-08
35350.056 6.356283055929181e-08
35400.056 7.143526269899822e-08
35450.056 4.849231230761836e-08
35500.056 9.283461260619236e-08
35550.056 7.574006119900119e-08
35600.056 7.776442569702364e-08
35650.056 9.040531593741602e-08
35700.056 7.167639061939415e-08
35750.056 9.91978858969983e-08
35800.056 1.1371211639800257e-07
35850.056 7.42545247146018e-08
35900.056 1.091571246595108e-07
35950.056 1.083761709609885e-07
36000.056 1.0568445960301356e-07
36050.056 1.1040218363498884e-07
36100.056 9.809330438816057e-08
36150.056 1.226231813139922e-07
36200.056 1.370579977829853e-07
36250.056 1.1401631066768221e-07
36300.056 1.5128488849191297e-07
36350.056 1.4126891119200192e-07
36400.056 1.4906641782599225e-07
36450.056 1.5305545035489194e-07
36500.056 1.5627760639659135e-07
36550.056 1.8632489413503742e-07
36600.056 2.052891910999918e-07
36650.056 1.770312154572788e-07
36700.056 1.8946667541358954e-07
36750.056 2.1816062763001806e-07
36800.056 2.1830795228999534e-07
36850.056 2.019626204045654e-07
36900.056 2.1307600399199494e-07
36950.056 2.4262120000997556e-07
37000.056 2.228195941819914e-07
37050.056 2.4264055484802054e-07
37100.056 2.283656010969881e-07
37150.056 2.365589363260212e-07
37200.056 2.7527281669999094e-07
37250.056 2.3386022683795972e-07
37300.056 2.1664516520594876e-07
37350.056 2.621602373170155e-07
37400.056 3.1637192599999345e-07
37450.056 2.4520229694679963e-07
37500.056 2.5421948388999016e-07
37550.056 3.229204839100732e-07
37600.056 3.5351130544002056e-07
37650.056 2.5204445243803534e-07
37700.056 3.2748394233602445e-07
37750.056 2.7107415022102935e-07
37800.056 3.0804539985005764e-07
37850.056 2.4592195983400233e-07
37900.056 2.7536174907003813e-07
37950.056 3.0896239801898434e-07
38000.056 3.305919248179874e-07
38050.056 3.297353260780375e-07
38100.056 3.5974187716801973e-07
38150.056 3.7526633825999354e-07
38200.056 3.6689655867001486e-07
38250.056 3.54344591040017e-07
38300.056 4.282233731099503e-07
38350.056 4.3280897123003387e-07
38400.056 3.391719777029517e-07
38450.056 3.4541105681994254e-07
38500.056 3.069952037400426e-07
38550.056 3.9393734106003937e-07
38600.056 3.775775103199573e-07
38650.056 3.983923299899836e-07
38700.056 4.2761493741000436e-07
38750.056 4.1283372263999827e-07
38800.056 3.8929675593996713e-07
38850.056 4.201032303100206e-07
38900.056 4.551193799199666e-07
38950.056 4.107526751600001e-07
39000.056 4.3561791015997437e-07
39050.056 4.3858470396003425e-07
39100.056 4.2748922861001193e-07
39150.056 4.7421163012999557e-07
39200.056 4.358932714499886e-07
39250.056 4.807882832699984e-07
39300.056 4.5829722659997124e-07
39350.056 5.05355181640013e-07
39400.056 4.6671626268002974e-07
39450.056 4.921770393100023e-07
39500.056 5.024323804800029e-07
39550.056 4.621572993800759e-07
39600.056 5.041397995199656e-07
39650.056 5.475450192999889e-07
39700.056 5.178864063500306e-07
39750.056 4.5584085898005955e-07
39800.056 4.794874393599942e-07
39850.056 5.669299703800058e-07
39900.056 5.624706775300039e-07
39950.056 5.271284785399819e-07
40000.056 5.706699175300028e-07
40050.056 5.498514641200088e-07
40100.056 4.719037719000206e-07
40150.056 5.612647539600164e-07
40200.056 5.758665353699566e-07
40250.056 5.645783791399335e-07
40300.056 5.704132790100339e-07
40350.056 5.25983439389964e-07
40400.056 5.828577329540199e-07
40450.056 5.262490592100026e-07
40500.056 5.780688560400044e-07
40550.056 6.088128713399675e-07
40600.056 5.725885803100162e-07
40650.056 5.563541917899372e-07
40700.056 6.552317781899851e-07
40750.056 5.630357854299345e-07
40800.056 5.112387848899075e-07
40850.056 6.368408511800368e-07
40900.056 6.206674469399835e-07
40950.056 5.712523189500031e-07
41000.056 5.75532040799984e-07
41050.056 6.337971699799634e-07
41100.056 5.963624323799648e-07
41150.056 5.014411279999783e-07
41200.056 6.259506435000081e-07
41250.056 5.820783770799781e-07
41300.056 5.517398355799714e-07
41350.056 6.365450856100058e-07
41400.056 5.874285252400299e-07
41450.056 6.298516571699997e-07
41500.056 5.469074993299515e-07
41550.056 5.278347142800558e-07
41600.056 5.633144012740324e-07
41650.056 6.069355916300228e-07
41700.056 5.675287288899526e-07
41750.056 5.666808014499796e-07
41800.056 6.408600435800137e-07
41850.056 4.737845133299989e-07
41900.056 5.494297473599346e-07
41950.056 6.099344550000233e-07
42000.056 5.829212286999639e-07
42050.056 5.129033458500037e-07
42100.056 6.49611505889986e-07
42150.056 4.978220116200112e-07
42200.056 5.002641829399748e-07
42250.056 5.522573168999928e-07
42300.056 5.211107272799872e-07
42350.056 5.807045932200404e-07
42400.056 5.87256831790023e-07
42450.056 4.904523221700463e-07
42500.056 5.109528770799855e-07
42550.056 4.79530162679998e-07
42600.056 5.373529125700582e-07
42650.056 6.362746876699513e-07
42700.056 5.338439699199288e-07
42750.056 4.5748173987005086e-07
42800.056 5.356795203100192e-07
42850.056 5.799274483599216e-07
42900.056 5.94294821510047e-07
42950.056 4.781320084299375e-07
43000.056 5.407944712999935e-07
43050.056 3.814670688521068e-07
43100.056 5.047622572299783e-07
43150.056 4.535478773300237e-07
43200.056 4.855306774900026e-07
43250.056 6.070152165200277e-07
43300.056 5.922177597300066e-07
43350.056 3.9864368574992396e-07
43400.056 5.160791807100177e-07
43450.056 4.440080942600589e-07
43500.056 4.844349564199985e-07
43550.056 4.804332196250009e-07
43600.056 5.792008669900373e-07
43650.056 4.1134956612600245e-07
43700.056 6.139951609100449e-07
43750.056 5.62254737250013e-07
43800.056 5.341819326399464e-07
43850.056 4.888521296300698e-07
43900.056 5.227561437399745e-07
43950.056 4.0853593673996333e-07
44000.056 3.630336890200125e-07
44050.056 5.642352820700188e-07
44100.056 6.581270011400215e-07
44150.056 6.665177089899764e-07
44200.056 5.9253872038001e-07
44250.056 4.4259221784999676e-07
44300.056 3.751046538000537e-07
44350.056 4.3675325925404e-07
44400.056 4.2081923392098e-07
44450.056 5.429409370400148e-07
44500.056 5.069671578700777e-07
44550.056 6.148509991899776e-07
44600.056 5.61906837181023e-07
44650.056 5.423471468799927e-07
44700.056 4.316484671099675e-07
44750.056 4.953178236400803e-07
44800.056 4.6978565409603314e-07
44850.056 5.897454079400348e-07
44900.056 4.7387057300801193e-07
44950.056 5.066952054560353e-07
45000.056 5.394142581200134e-07
45050.056 5.35073171329978e-07
45100.056 5.341683919900209e-07
45150.056 5.33326619131988e-07
45200.056 4.30070034285015e-07
45250.056 4.764164509059352e-07
45300.056 4.507589868500426e-07
45350.056 4.1345416237197774e-07
45400.056 5.888216318000389e-07
45450.056 5.706747691600111e-07
45500.056 5.64823085740018e-07
45550.056 6.280088089499443e-07
45600.056 6.128262961400284e-07
45650.056 5.496496078499569e-07
45700.056 4.4159251294800317e-07
45750.056 4.204550659870039e-07
45800.056 6.269320117900145e-07
45850.056 6.069832257100027e-07
45900.056 6.297619828900095e-07
45950.056 5.239095464199957e-07
46000.056 6.008454239600599e-07
46050.056 5.311411892099946e-07
46100.056 6.340215794299809e-07
46150.056 4.897418887699946e-07
46200.056 4.6570664522100224e-07
46250.056 3.07380326106968e-07
46300.056 5.143890760899924e-07
46350.056 5.288400865300235e-07
46400.056 5.184971475700245e-07
46450.056 4.6115967954999123e-07
46500.056 4.872343746200787e-07
46550.056 3.963973896800136e-07
46600.056 4.5968493675795257e-07
46650.056 5.913664647800331e-07
46700.056 4.853975788399497e-07
46750.056 3.436139568370364e-07
46800.056 2.8430070089601493e-07
46850.056 5.838895257900486e-07
46900.056 5.745799388799765e-07
46950.056 5.500941566999726e-07
47000.056 5.290416984400394e-07
47050.056 4.689254413119021e-07
47100.056 3.683258012760186e-07
47150.056 4.703962422680494e-07
47200.056 5.401345241299872e-07
47250.056 3.8447694751997225e-07
47300.056 2.933719068930198e-07
47350.056 5.789728510699964e-07
47400.056 5.426970617099727e-07
47450.056 4.968172082580366e-07
47500.056 5.611477665299788e-07
47550.056 5.008338556600128e-07
47600.056 5.199438415399672e-07
47650.056 5.050656213099483e-07
47700.056 4.586870560850877e-07
47750.056 3.7668731456700006e-07
47800.056 3.680309198300286e-07
47850.056 2.64315680011011e-07
47900.056 3.303304988989764e-07
47950.056 4.996413003900045e-07
48000.056 5.726871170400154e-07
48050.056 5.321297741099659e-07
48100.056 3.243730696240056e-07
48150.056 4.3245040471001057e-07
48200.056 3.8679121088599083e-07
48250.056 4.3684260699999287e-07
48300.056 5.627625216299864e-07
48350.056 3.9611597684999247e-07
48400.056 2.2200208311496534e-07
48450.056 3.696179113050639e-07
48500.056 4.5483555506993293e-07
48550.056 4.4756596789402725e-07
48600.056 4.5865407939000956e-07
48650.056 5.198262454899912e-07
48700.056 4.3842284938000676e-07
48750.056 2.843183606260806e-07
48800.056 4.871832252300265e-07
48850.056 3.5062619247294483e-07
48900.056 4.886669967199791e-07
48950.056 3.5669046577000366e-07
49000.056 2.3584047534900624e-07
49050.056 4.5128850107995565e-07
49100.056 4.7183650528604726e-07
49150.056 3.821959129119924e-07
49200.056 4.9474362895004e-07
49250.056 4.646305854200272e-07
49300.056 4.2119018934198375e-07
49350.056 2.723519011580453e-07
49400.056 3.7114269973793963e-07
49450.056 3.6987385428908506e-07
49500.056 3.2232673612997437e-07
49550.056 1.7960338610200026e-07
49600.056 2.8627812870204074e-07
49650.056 3.455791287399738e-07
49700.056 3.5191731257892995e-07
49750.056 4.3096785033997143e-07
49800.056 3.463389293059961e-07
49850.056 4.659611709300405e-07
49900.056 4.227260531899982e-07
49950.056 3.6064744846999073e-07
50000.056 3.564111879359975e-07
50050.056 4.211852527199772e-07
50100.056 3.563974211199829e-07
50150.056 2.43404445989982e-07
50200.056 1.3069417688902463e-07
50250.056 3.194485763599887e-07
50300.056 2.5670371255501975e-07
50350.056 4.040364602000369e-07
50400.056 3.7492086394998766e-07
50450.056 2.850815792240003e-07
50500.056 3.998887603100291e-07
50550.056 3.945665452900079e-07
50600.056 2.9033292503194553e-07
50650.056 4.026572937300607e-07
50700.056 4.416467479699764e-07
50750.056 3.296064072660263e-07
50800.056 2.0847297071096707e-07
50850.056 1.952469591130436e-07
50900.056 4.0987018764999084e-07
50950.056 3.433372429000165e-07
51000.056 3.526316855420268e-07
51050.056 3.650336415999719e-07
51100.056 2.0146728340297826e-07
51150.056 2.600835332982223e-07
51200.056 4.571102883999784e-07
51250.056 3.1948314645298314e-07
51300.056 2.4495605468404737e-07
51350.056 2.981692702219629e-07
51400.056 1.8862432170701253e-07
51450.056 1.5885512386297027e-07
51500.056 1.580590629490395e-07
51550.056 3.138417749600223e-07
51600.056 2.3250754982501063e-07
51650.056 2.5418468340997185e-07
51700.056 2.9582937695495525e-07
51750.056 2.2274076048101617e-07
51800.056 3.247386757899433e-07
51850.056 2.7740572320199e-07
51900.056 3.9499278035001936e-07
51950.056 3.0323073992997825e-07
52000.056 1.1839249724097817e-07
52050.056 2.203836231980178e-07
52100.056 1.7676887233499534e-07
52150.056 1.4918248938401286e-07
52200.056 1.834927224479964e-07
52250.056 2.376091010950223e-07
52300.056 3.5983213092999576e-07
52350.056 2.2358332144479746e-07
52400.056 1.8515776260201586e-07
52450.056 3.021852734600264e-07
52500.056 3.0806591767994357e-07
52550.056 2.8794102798997726e-07
52600.056 2.4347989941401304e-07
52650.056 2.6097033797203076e-07
52700.056 2.078187424950033e-07
52750.056 1.5175906784599079e-07
52800.056 1.8565219826202065e-07
52850.056 2.0893382706194963e-07
52900.056 1.8464247059896596e-07
52950.056 2.0936823689200561e-07
53000.056 2.729710052360005e-07
53050.056 1.621694382319632e-07
53100.056 2.631722267199891e-07
53150.056 3.2250002067002313e-07
53200.056 1.4978516937598447e-07
53250.056 2.7792746888002237e-07
53300.056 3.0544828970711815e-07
53350.056 2.8253432427999367e-07
53400.056 2.621141108599977e-07
53450.056 1.5355030459098448e-07
53500.056 8.977313280277448e-08
53550.056 1.4115203769399203e-07
53600.056 2.305980362890314e-07
53650.056 1.6873713394998738e-07
53700.056 1.6377100400199678e-07
53750.056 1.6645570253498683e-07
53800.056 1.7873432971801275e-07
53850.056 2.400479076099404e-07
53900.056 2.065837152910228e-07
53950.056 2.688152417880105e-07
54000.056 1.9760980486803615e-07
54050.056 2.153757717779951e-07
54100.056 1.0414891823298944e-07
54150.056 1.4800888091203158e-07
54200.056 7.647818107598714e-08
54250.056 1.1646122986600873e-07
54300.056 1.3600520640539265e-07
54350.056 1.8408362177398705e-07
54400.056 1.977669969499699e-07
54450.056 1.9165490496503102e-07
54500.056 1.775133224890134e-07
54550.056 1.453294349199976e-07
54600.056 1.7070991226599929e-07
54650.056 8.929015287818475e-08
54700.056 1.907782794389805e-07
54750.056 1.8687848434097533e-07
54800.056 1.285647000980128e-07
54850.056 1.5143729235399572e-07
54900.056 1.8614977694198806e-07
54950.056 2.5169132481797404e-07
55000.056 1.3998279188599037e-07
55050.056 1.620865148259996e-07
55100.056 1.8885404126803192e-07
55150.056 1.2916774171045833e-07
55200.056 1.4271672360749097e-07
55250.056 1.5146785438203263e-07
55300.056 1.2205641076419855e-07
55350.056 1.889666814130126e-07
55400.056 1.8267642953600627e-07
55450.056 1.4716493176397006e-07
55500.056 8.05799935710112e-08
55550.056 1.1867441052699282e-07
55600.056 1.4088603627699415e-07
55650.056 1.0752610169479667e-07
55700.056 1.3691030483902316e-07
55750.056 1.3211133383998447e-07
55800.056 1.0017134116900466e-07
55850.056 8.386632899199107e-08
55900.056 1.438411807089849e-07
55950.056 2.1407283163404245e-07
56000.056 1.1546678671196865e-07
56050.056 1.297600155040134e-07
56100.056 1.5755612441129478e-07
56150.056 1.2610421058100724e-07
56200.056 1.0880259369607478e-07
56250.056 1.6080774688103817e-07
56300.056 1.5761440179797256e-07
56350.056 1.459305986730295e-07
56400.056 9.43906511876963e-08
56450.056 1.0093220216101478e-07
56500.056 1.315945840570118e-07
56550.056 7.661871818250103e-08
56600.056 1.497591065009836e-07
56650.056 1.5591350735201687e-07
56700.056 1.70009005635004e-07
56750.056 9.738309532200302e-08
56800.056 1.2513415118700987e-07
56850.056 1.206897479028282e-07
56900.056 9.837786580898461e-08
56950.056 1.6242555189699197e-07
57000.056 1.697924795120068e-07
57050.056 1.3292065805196233e-07
57100.056 6.075747875809911e-08
57150.056 1.0924036294232844e-07
57200.056 8.709898091099653e-08
57250.056 1.0505116970099343e-07
57300.056 1.2475635500001583e-07
57350.056 8.424656456300135e-08
57400.056 1.6566622523500502e-07
57450.056 1.249101494269672e-07
57500.056 1.1500620288404938e-07
57550.056 1.4278832311460846e-07
57600.056 1.2925259462578583e-07
57650.056 6.237680256300214e-08
57700.056 9.318499440799781e-08
57750.056 1.168791115267038e-07
57800.056 8.012739566537343e-08
57850.056 1.697522932230374e-07
57900.056 1.9383798763801904e-07
57950.056 1.830026905780022e-07
58000.056 1.1260292231388513e-07
58050.056 1.4931863249899257e-07
58100.056 1.475823579860202e-07
58150.056 1.4066945086595925e-07
58200.056 6.753574567700281e-08
58250.056 9.02635081199819e-08
58300.056 6.94155079830104e-08
58350.056 9.23167310490167e-08
58400.056 1.2674753243500577e-07
58450.056 1.4232057751801123e-07
58500.056 1.4849260627001375e-07
58550.056 1.4728436461900245e-07
58600.056 9.650200462499066e-08
58650.056 1.2204130560508177e-07
58700.056 1.1385171398997686e-07
58750.056 1.4247158079100475e-07
58800.056 4.688710827538989e-08
58850.056 9.754302765400516e-08
58900.056 1.1247015400000436e-07
58950.056 8.214030697557585e-08
59000.056 1.2613109178841527e-07
59050.056 1.1544679311986955e-07
59100.056 1.5262617301099536e-07
59150.056 1.302841608193701e-07
59200.056 1.2717592852299833e-07
59250.056 1.4817372473803295e-07
59300.056 1.5766099942599219e-07
59350.056 6.801742455299948e-08
59400.056 6.746223826688505e-08
59450.056 1.3826564415898452e-07
59500.056 8.26275489519833e-08
59550.056 1.2253710389580628e-07
59600.056 1.6854490600599136e-07
59650.056 1.2543246148801069e-07
59700.056 9.564164244290784e-08
59750.056 1.9156107988596772e-07
59800.056 1.270088465339902e-07
59850.056 1.4823397470900047e-07
59900.056 9.345333938458411e-08
59950.056 1.256078781030066e-07
60000.056 1.9628115460304766e-07
60050.056 1.8058941901902673e-07
60100.056 1.8305871208496636e-07
60150.056 1.1398279400398921e-07
60200.056 1.3361804680576644e-07
60250.056 1.5876642714302865e-07
60300.056 1.6008679321697086e-07
60350.056 1.1237451455001364e-07
60400.056 1.5578504204996481e-07
60450.056 7.229467875099446e-08
60500.056 4.915023839521289e-08
60550.056 1.33223254861027e-07
60600.056 1.3565213998299945e-07
60650.056 1.2494854480577186e-07
60700.056 1.0840513707299855e-07
60750.056 8.26904364460164e-08
60800.056 1.405655273360142e-07
60850.056 1.8415495738400315e-07
60900.056 1.59398375801025e-07
60950.056 1.2948408205302895e-07
61000.056 1.5878008243099154e-07
61050.056 1.0019811050598979e-07
61100.056 1.179854968850162e-07
61150.056 6.39805965639045e-08
61200.056 1.408253555300267e-07
61250.056 1.3926025172498638e-07
61300.056 1.0276793815301499e-07
61350.056 1.5239479914497863e-07
61400.056 9.78661215520188e-08
61450.056 8.580136277001251e-08
61500.056 7.10655096048344e-08
61550.056 1.0716736763297249e-07
61600.056 8.494022963659849e-08
61650.056 8.480316778301976e-08
61700.056 9.379387499999509e-08
61750.056 1.0300350098900463e-07
61800.056 1.2413212158298843e-07
61850.056 6.930753453698984e-08
61900.056 1.5754072312201223e-07
61950.056 1.3842544363097352e-07
62000.056 1.1088311881899915e-07
62050.056 1.5025372399099895e-07
62100.056 1.1747476911994683e-07
62150.056 1.343249408770372e-07
62200.056 1.3471253114097835e-07
62250.056 1.3598641365196587e-07
62300.056 1.6961905061998828e-07
62350.056 1.6206348104700367e-07
62400.056 1.2396802461801583e-07
62450.056 1.2744762439698767e-07
62500.056 1.6809523405100814e-07
62550.056 1.8007196536797526e-07
62600.056 1.461023802750088e-07
62650.056 1.338145053030084e-07
62700.056 1.4276785550201343e-07
62750.056 1.7273188149495148e-07
62800.056 1.4899107818799105e-07
62850.056 1.4896589157196595e-07
62900.056 1.5759561672496373e-07
62950.056 1.9467485094999322e-07
63000.056 1.2037248764900896e-07
63050.056 2.2416319996000435e-07
63100.056 2.2891024508999385e-07
63150.056 1.6302848654499194e-07
63200.056 1.705034081150089e-07
63250.056 1.9171474518000268e-07
63300.056 1.5061037429099621e-07
63350.056 1.8418768436599815e-07
63400.056 1.1262854566298688e-07
63450.056 8.799453349101865e-08
63500.056 1.9613942910601094e-07
63550.056 1.83532163339967e-07
63600.056 1.5291265469300933e-07
63650.056 1.6113361623000468e-07
63700.056 1.0561229896298121e-07
63750.056 1.4356381645597697e-07
63800.056 1.589627071900311e-07
63850.056 1.5662948044599814e-07
63900.056 1.1939101594102858e-07
63950.056 1.3792315237704386e-07
64000.056 1.7394793230901025e-07
64050.056 1.1416141623297395e-07
64100.056 5.8079185823804514e-08
64150.056 7.142950338599255e-08
64200.056 7.233531433570991e-08
64250.056 1.3562920655600893e-07
64300.056 1.1113562760597835e-07
64350.056 8.908012776902001e-08
64400.056 1.3556870174798636e-07
64450.056 1.380045190280165e-07
64500.056 8.862574162698684e-08
64550.056 1.3608467192701185e-07
64600.056 1.0966658025198575e-07
64650.056 1.4315798337698396e-07
64700.056 6.660666476798975e-08
64750.056 8.499778427800532e-08
64800.056 7.846306193801284e-08
64850.056 7.04447828604165e-08
64900.056 7.647490377998384e-08
64950.056 6.862993581699535e-08
65000.056 8.467307732302038e-08
65050.056 1.1796737314499088e-07
65100.056 1.0822399107599636e-07
65150.056 1.0648647688299867e-07
65200.056 7.206907951449319e-08
65250.056 9.915296257218309e-08
65300.056 1.0395169819941487e-07
65350.056 1.686559486920006e-07
65400.056 9.352411656099798e-08
65450.056 9.289941132797963e-08
65500.056 1.2008825780901055e-07
65550.056 7.970065478239668e-08
65600.056 1.2009517827351464e-07
65650.056 1.0324305197901008e-07
65700.056 9.295176576702303e-08
65750.056 7.411171837501666e-08
65800.056 1.0156534084202231e-07
65850.056 1.4029615121598246e-07
65900.056 6.945129973000811e-08
65950.056 6.059959611430013e-08
66000.056 7.489643321802072e-08
66050.056 1.4809560422303166e-07
66100.056 9.62731599970006e-08
66150.056 8.678158103700945e-08
66200.056 8.206031680798727e-08
66250.056 7.04863669270061e-08
66300.056 5.557617127200392e-08
66350.056 5.181177730401643e-08
66400.056 7.460466227699304e-08
66450.056 1.195210081010038e-07
66500.056 1.5981493838603822e-07
66550.056 1.3633444983997224e-07
66600.056 1.0811948750601548e-07
66650.056 1.058519064270034e-07
66700.056 9.44195493320099e-08
66750.056 1.2415920914999046e-07
66800.056 1.1620847721399184e-07
66850.056 7.93864505690276e-08
66900.056 1.2928658538304732e-07
66950.056 1.5015017203004634e-07
67000.056 1.8235544860000156e-07
67050.056 9.350596137197071e-08
67100.056 9.646637338100774e-08
67150.056 8.945773272900093e-08
67200.056 1.2588100157402535e-07
67250.056 1.1453091802001887e-07
67300.056 1.313131380390071e-07
67350.056 1.0276717884801965e-07
67400.056 1.4866373664096572e-07
67450.056 1.1470799687601784e-07
67500.056 8.703302764601038e-08
67550.056 1.2887814402404045e-07
67600.056 2.0228029484998728e-07
67650.056 1.5050660609205418e-07
67700.056 1.1512916680696439e-07
67750.056 1.0095509369401034e-07
67800.056 1.1646223604694231e-07
67850.056 9.092606238200486e-08
67900.056 1.1272596081598672e-07
67950.056 9.628361358200128e-08
68000.056 1.320293281029779e-07
68050.056 1.0960425382698247e-07
68100.056 1.2052115854403242e-07
68150.056 1.1399905976998027e-07
68200.056 1.262892851570265e-07
68250.056 8.516202071298653e-08
68300.056 1.2096391228499686e-07
68350.056 1.1032481322797459e-07
68400.056 1.4322526578099436e-07
68450.056 1.504296747930272e-07
68500.056 1.2492559023096734e-07
68550.056 8.876155290900091e-08
68600.056 9.454475875300603e-08
68650.056 6.107956903180438e-08
68700.056 1.0099580534400915e-07
68750.056 1.1772279722401138e-07
68800.056 1.124866841419587e-07
68850.056 8.876549422496718e-08
68900.056 1.8636378965900533e-07
68950.056 1.7830810211502764e-07
69000.056 1.3298644889601944e-07
69050.056 9.225296643199224e-08
69100.056 1.8487475245000155e-07
69150.056 1.8840574351202434e-07
69200.056 1.233888549350128e-07
69250.056 1.789020450519786e-07
69300.056 1.7525575905402897e-07
69350.056 1.617456814929818e-07
69400.056 1.0424636659598176e-07
69450.056 1.5858069896897972e-07
69500.056 1.2760523791797947e-07
69550.056 1.2993636270500518e-07
69600.056 5.872546860100523e-08
69650.056 1.1502857966203964e-07
69700.056 1.7119346233000197e-07
69750.056 1.1844550030799299e-07
69800.056 1.5356929041098188e-07
69850.056 1.6611722405203548e-07
69900.056 1.4178414171286624e-07
69950.056 1.4035177531014153e-07
70000.056 1.1575493294299238e-07
70050.056 1.8336480443403747e-07
70100.056 1.1353788287701332e-07
70150.056 1.3489629281201215e-07
70200.056 1.0859596673798902e-07
70250.056 1.2274931179899755e-07
70300.056 1.522606599049805e-07
70350.056 1.4631549245801028e-07
70400.056 1.1997624236398948e-07
70450.056 6.23392784070129e-08
70500.056 1.0890675062400698e-07
70550.056 9.115922965299554e-08
70600.056 1.0091128925200374e-07
70650.056 1.2749569399700123e-07
70700.056 1.3022266770903034e-07
70750.056 1.7658729047004885e-07
70800.056 1.2539960601697944e-07
70850.056 1.0843128428199319e-07
70900.056 1.3894286626898798e-07
70950.056 1.4012430627703482e-07
71000.056 1.3277396659797882e-07
71050.056 1.3957471935600182e-07
71100.056 1.1062063107500364e-07
71150.056 1.0426434541999089e-07
71200.056 1.1654920517202022e-07
71250.056 1.3291562753200432e-07
71300.056 1.337455212299849e-07
71350.056 1.5275719739001433e-07
71400.056 1.3730367446496792e-07
71450.056 9.209543567799849e-08
71500.056 1.0659983870897216e-07
71550.056 8.80461271869974e-08
71600.056 1.2702139534699818e-07
71650.056 1.0935249071900665e-07
71700.056 8.285270411899015e-08
71750.056 1.068076393950139e-07
71800.056 1.3556033646600254e-07
71850.056 1.3576948958497769e-07
71900.056 1.004872723999816e-07
71950.056 1.2766308826894937e-07
72000.056 1.1987696162001713e-07
72050.056 8.323556669500665e-08
72100.056 9.62105671829965e-08
72150.056 1.207808382209689e-07
72200.056 1.0057386950001895e-07
72250.056 1.401799710160136e-07
72300.056 1.0153852809401247e-07
72350.056 1.1300773357396553e-07
72400.056 1.0487461822601223e-07
72450.056 1.0049455288894014e-07
72500.056 1.2038363275501872e-07
72550.056 6.651600798801846e-08
72600.056 1.0933433852700925e-07
72650.056 1.2372265451302387e-07
72700.056 9.57661151602805e-08
72750.056 1.1647510929699069e-07
72800.056 8.030976797411945e-08
72850.056 8.123249596701437e-08
72900.056 1.3245635394701888e-07
72950.056 9.671192932501524e-08
73000.056 9.387348848797706e-08
73050.056 7.747134802401678e-08
73100.056 1.000769301660118e-07
73150.056 1.4227620588999464e-07
73200.056 8.562989630197179e-08
73250.056 1.1041463216999347e-07
73300.056 7.795493899996703e-08
73350.056 6.892899975298897e-08
73400.056 1.0196143447899058e-07
73450.056 7.728238006599827e-08
73500.056 8.369443512402453e-08
73550.056 1.0022270667799647e-07
73600.056 9.411137742996781e-08
73650.056 1.0150082932901655e-07
73700.056 8.95799643119727e-08
73750.056 6.776588711296154e-08
73800.056 8.553122959202509e-08
73850.056 9.972996839797646e-08
73900.056 8.800761193687377e-08
73950.056 9.384025112402155e-08
74000.056 6.610946352898641e-08
74050.056 1.2242926808201585e-07
74100.056 1.0169209135995624e-07
74150.056 1.0662319981299373e-07
74200.056 7.966895388397698e-08
74250.056 6.109911833099499e-08
74300.056 9.125774464299724e-08
74350.056 1.1298824525900895e-07
74400.056 1.0380501475000667e-07
74450.056 8.302693497898013e-08
74500.056 7.140681437597881e-08
74550.056 9.086417389003541e-08
74600.056 7.227292252500131e-08
74650.056 7.168030478601545e-08
74700.056 8.138510713800883e-08
74750.056 6.502953879598555e-08
74800.056 7.333898042221334e-08
74850.056 1.1038810081802403e-07
74900.056 1.2402275552496784e-07
74950.056 1.0390440721598605e-07
75000.056 1.0435276181299729e-07
75050.056 6.626066352100921e-08
75100.056 1.2971921194404442e-07
75150.056 1.222196934350217e-07
75200.056 1.0597524352097917e-07
75250.056 1.2216130401297606e-07
75300.056 1.172760468920017e-07
75350.056 7.725487559599304e-08
75400.056 1.344976271860054e-07
75450.056 1.2087822972703502e-07
75500.056 1.0774114628199073e-07
75550.056 1.0019664983301243e-07
75600.056 1.3930906654601795e-07
75650.056 1.1462771818600877e-07
75700.056 1.1890769367798053e-07
75750.056 1.055427872400664e-07
75800.056 1.0763869955397321e-07
75850.056 1.2756247105104186e-07
75900.056 1.1355119818798521e-07
75950.056 1.0375328593999871e-07
76000.056 1.1665317714297015e-07
76050.056 1.112533340269684e-07
76100.056 1.1584948684097957e-07
76150.056 1.216872242749717e-07
76200.056 1.1592031242104696e-07
76250.056 1.2773631546398827e-07
76300.056 1.6102448483699297e-07
76350.056 1.8688417863002925e-07
76400.056 1.3886085106202296e-07
76450.056 1.4609871786502972e-07
76500.056 1.386149527120122e-07
76550.056 8.677783731499833e-08
76600.056 4.382445632400883e-08
76650.056 5.773977912900153e-08
76700.056 5.616019142999519e-08
76750.056 5.566296887101075e-08
76800.056 8.079522615900928e-08
76850.056 6.64918774870337e-08
76900.056 7.197684493397791e-08
76950.056 6.011358101501017e-08
77000.056 7.45513137780029e-08
77050.056 5.685082650699235e-08
77100.056 6.697097386600058e-08
77150.056 8.21920293820036e-08
77200.056 6.535198424500583e-08
77250.056 7.645944040200532e-08
77300.056 8.395949990498898e-08
77350.056 6.213177542596983e-08
77400.056 6.929229590800208e-08
77450.056 7.959146493699759e-08
77500.056 7.969008954700038e-08
77550.056 8.011427878900776e-08
77600.056 7.709860740000281e-08
77650.056 7.9259796483015e-08
77700.056 8.672348476496609e-08
77750.056 8.667736531901491e-08
77800.056 1.0362257883101041e-07
77850.056 1.1585802856700657e-07
77900.056 8.721871107097041e-08
77950.056 8.474133590801775e-08
78000.056 1.0193604620199773e-07
78050.056 7.109291588399577e-08
78100.056 8.666702646003791e-08
78150.056 9.4493536244027e-08
78200.056 1.1996749615399425e-07
78250.056 1.0533868460300148e-07
78300.056 8.711936494999958e-08
78350.056 9.949663417402201e-08
78400.056 1.0123483819396693e-07
78450.056 1.0244787052301968e-07
78500.056 1.3150450943598965e-07
78550.056 1.1471575524398229e-07
78600.056 1.1422422863000352e-07
78650.056 8.464077001800817e-08
78700.056 9.739823246701474e-08
78750.056 1.1028605458001966e-07
78800.056 1.033710532589808e-07
78850.056 8.676540943197417e-08
78900.056 9.87180996150212e-08
78950.056 1.0284227939299226e-07
79000.056 1.0451400081902636e-07
79050.056 9.426654349499311e-08
79100.056 1.0159938015099506e-07
79150.056 9.543144666501574e-08
79200.056 1.1591096700097757e-07
79250.056 9.25059810910053e-08
79300.056 1.0602696419699223e-07
79350.056 1.1658212747501292e-07
79400.056 8.191917019702411e-08
79450.056 1.114200035190217e-07
79500.056 1.488578409609901e-07
79550.056 1.337847538940494e-07
79600.056 1.0369070162600825e-07
79650.056 1.2546008452898423e-07
79700.056 1.0633746731600615e-07
79750.056 1.1797124909800607e-07
79800.056 9.009854838505285e-08
79850.056 1.366652062670168e-07
79900.056 1.5248590666199453e-07
79950.056 1.6254923962001608e-07
