# %ECSV 1.0
# ---
# datatype:
# - {name: wav, unit: Angstrom, datatype: float64}
# - {name: flux_nu, unit: erg / (cm2 Hz s), datatype: float64}
# meta: {C/O: '1.00', Kzz: '1.0000E+05', Teff: '2000.', Y: '0.28', '[Fe/H]': '0.00', f_hole: '1.00', f_rain: '0.00', grav: '10.'}
# schema: astropy-2.0
wav flux_nu
4000.0559999999996 nan
4050.0559999999996 4.660089328991341e-09
4100.056 4.2559641365832665e-09
4150.056 2.957443694739837e-09
4200.056 2.067008759870478e-09
4250.056 1.7160860866533633e-09
4300.056 9.306127641413959e-10
4350.056 1.1599123403288592e-09
4400.056 1.0779017905392627e-09
4450.056 5.518021120300276e-10
4500.056 6.868610364720813e-10
4550.056 8.813646924247205e-10
4600.056 7.644522803578013e-10
4650.056 5.721507516552227e-10
4700.056 6.78646475147235e-10
4750.056 9.718217610886752e-10
4800.056 6.838085826789926e-10
4850.056 8.564580127502449e-10
4900.056 2.0177061878694675e-09
4950.056 2.4403867903523256e-09
5000.056 1.2242806042102052e-09
5050.056 1.5120272843105303e-09
5100.056 3.5731084066606955e-09
5150.056 4.233039099226695e-09
5200.056 2.0432867279741474e-09
5250.056 2.5275274165098404e-09
5300.056 3.1178206009903607e-09
5350.056 2.8915309864005847e-09
5400.056 3.417768790699886e-09
5450.056 2.9238603436295582e-09
5500.056 2.4636805263096553e-09
5550.056 3.377485086259377e-09
5600.056 2.81672371491009e-09
5650.056 2.7239823270001155e-09
5700.056 3.451395400900187e-09
5750.056 3.3937714726997257e-09
5800.056 4.0399852577598355e-09
5850.056 2.6775217862500714e-09
5900.056 4.941131788687298e-10
5950.056 2.9703038969000314e-09
6000.056 4.809592136199861e-09
6050.056 7.080308845400377e-09
6100.056 8.507797630700366e-09
6150.056 8.652269333098516e-09
6200.056 5.658601636500165e-09
6250.056 6.41563276090038e-09
6300.056 8.912808806700203e-09
6350.056 1.1179061943800507e-08
6400.056 1.3726207932200545e-08
6450.056 1.8001752322496047e-08
6500.056 1.7205306137496995e-08
6550.056 2.1196742569193496e-08
6600.056 1.7831873150401767e-08
6650.056 1.5602495076701816e-08
6700.056 1.3145773774018728e-08
6750.056 1.5943338866301664e-08
6800.056 1.8101250655000504e-08
6850.056 2.3257164147099196e-08
6900.056 2.9541530870999453e-08
6950.056 3.743973275599301e-08
7000.056 5.101261948899352e-08
7050.056 4.639807087240577e-08
7100.056 2.8393108316297167e-08
7150.056 2.327238479820269e-08
7200.056 3.201252441899808e-08
7250.056 4.5947345965002814e-08
7300.056 7.63945879900126e-08
7350.056 1.1326760603699817e-07
7400.056 1.4785071937700836e-07
7450.056 1.6498156194395015e-07
7500.056 1.9479141381699624e-07
7550.056 2.334202896960096e-07
7600.056 1.612372790829839e-07
7650.056 5.383634069496809e-08
7700.056 3.7789479455226024e-08
7750.056 9.313058432102489e-08
7800.056 1.1048417397142931e-07
7850.056 1.1394337592899653e-07
7900.056 1.225182840180281e-07
7950.056 1.214189119275745e-07
8000.056 1.461457844649783e-07
8050.056 2.2758219671094718e-07
8100.056 3.67735523754118e-07
8150.056 5.754606961100582e-07
8200.056 4.6467284798392056e-07
8250.056 4.5465434080999837e-07
8300.056 3.4474385288012345e-07
8350.056 3.6976501950013134e-07
8400.056 3.8154600805007526e-07
8450.056 2.0971905158092098e-07
8500.056 1.8397005461257728e-07
8550.056 2.2725728887201904e-07
8600.056 2.7320082972988175e-07
8650.056 3.5921613435998086e-07
8700.056 4.504068595171853e-07
8750.056 6.00648388897027e-07
8800.056 8.516116065342576e-07
8850.056 8.399136868481519e-07
8900.056 5.564069630229052e-07
8950.056 5.999998112698749e-07
9000.056 7.601671913701278e-07
9050.056 8.391948196396397e-07
9100.056 1.0884541370400632e-06
9150.056 1.2806167174500013e-06
9200.056 1.1804797103300579e-06
9250.056 6.559348727898385e-07
9300.056 5.21393181555071e-07
9350.056 6.094525474088235e-07
9400.056 7.010774057071779e-07
9450.056 8.000138810877365e-07
9500.056 9.97543821802814e-07
9550.056 1.175485810533412e-06
9600.056 1.2713707140644517e-06
9650.056 1.49111470268547e-06
9700.056 1.6429552145797298e-06
9750.056 1.2366567028609878e-06
9800.056 1.418964695060879e-06
9850.056 1.4022051012998654e-06
9900.056 1.4728191220960641e-06
9950.056 1.5634490788620816e-06
10000.056 1.5998423043898326e-06
10050.056 1.5214675734131735e-06
10100.056 1.825967950750819e-06
10150.056 1.736185938349478e-06
10200.056 1.8729106465295654e-06
10250.056 1.8449939127891976e-06
10300.056 1.8946254896995648e-06
10350.056 2.1410447030196062e-06
10400.056 2.2486346274500395e-06
10450.056 2.440768251350212e-06
10500.056 2.3777315809894957e-06
10550.056 2.407375635740591e-06
10600.056 2.5778082370305845e-06
10650.056 2.7920201589695636e-06
10700.056 3.0653480670301464e-06
10750.056 3.30477363231015e-06
10800.056 3.4157062176297865e-06
10850.056 3.6377634937898817e-06
10900.056 3.4309697295496486e-06
10950.056 3.1563631688991032e-06
11000.056 3.0692033351601673e-06
11050.056 2.214041355175744e-06
11100.056 2.425531094963632e-06
11150.056 2.5109539798625644e-06
11200.056 2.5491247593401066e-06
11250.056 2.84585032518092e-06
11300.056 2.8948508384551843e-06
11350.056 2.696563853562957e-06
11400.056 2.5714301412102285e-06
11450.056 2.877995151446983e-06
11500.056 3.1080104604543e-06
11550.056 3.032140875226138e-06
11600.056 3.139045684459082e-06
11650.056 3.309328315548625e-06
11700.056 3.02795485775794e-06
11750.056 3.0131688315739287e-06
11800.056 3.021311414744956e-06
11850.056 3.3475434819901923e-06
11900.056 3.3593706150791537e-06
11950.056 3.525469073179725e-06
12000.056 3.4983476506303563e-06
12050.056 3.7198137095407175e-06
12100.056 3.7806412857000448e-06
12150.056 4.025184124839848e-06
12200.056 4.192829054459733e-06
12250.056 4.376921736599298e-06
12300.056 4.492756223500831e-06
12350.056 4.594635383050522e-06
12400.056 4.417805962899501e-06
12450.056 3.9063049961399765e-06
12500.056 4.242932056499291e-06
12550.056 4.277300879989915e-06
12600.056 4.241266636500076e-06
12650.056 4.49038883999953e-06
12700.056 4.657238927699552e-06
12750.056 4.643767075100479e-06
12800.056 4.939339719999505e-06
12850.056 4.901530857290212e-06
12900.056 4.88057825663975e-06
12950.056 5.078999665518754e-06
13000.056 5.147705434739068e-06
13050.056 5.183478620209671e-06
13100.056 5.124020146449165e-06
13150.056 5.12433167324971e-06
13200.056 4.947717637689404e-06
13250.056 4.7171120439701414e-06
13300.056 4.103590127820417e-06
13350.056 2.816368495317382e-06
13400.056 2.6682068959786803e-06
13450.056 2.3690371346897566e-06
13500.056 2.409528715162638e-06
13550.056 2.2840865782035756e-06
13600.056 1.987698880372929e-06
13650.056 2.097081023017074e-06
13700.056 1.8612636786190109e-06
13750.056 1.8177901102834914e-06
13800.056 2.0553247649716934e-06
13850.056 2.0941923230427053e-06
13900.056 2.0684425298830437e-06
13950.056 1.9734240571047267e-06
14000.056 1.8433727178019804e-06
14050.056 1.84930768165887e-06
14100.056 1.7112947703943594e-06
14150.056 1.6507777585363207e-06
14200.056 1.588506435157505e-06
14250.056 1.5677648693681923e-06
14300.056 1.5860827909327105e-06
14350.056 1.576069808422299e-06
14400.056 1.6824134154892406e-06
14450.056 1.777763775895172e-06
14500.056 1.922321865515664e-06
14550.056 1.9420168475340484e-06
14600.056 1.9917985714007687e-06
14650.056 1.966129175925293e-06
14700.056 1.83783738431564e-06
14750.056 1.939811436461376e-06
14800.056 1.9944685518086023e-06
14850.056 2.1274379006092746e-06
14900.056 2.1707640453849675e-06
14950.056 2.180068878500378e-06
15000.056 2.239362094270594e-06
15050.056 2.4311477849393566e-06
15100.056 2.4369434845704522e-06
15150.056 2.5692757306702016e-06
15200.056 2.6384904535298172e-06
15250.056 2.63601711254974e-06
15300.056 2.794590152849877e-06
15350.056 2.852011377140174e-06
15400.056 2.9502996675801126e-06
15450.056 3.0903827395603545e-06
15500.056 3.141392964649295e-06
15550.056 3.3153883918798394e-06
15600.056 3.2934878736104798e-06
15650.056 3.44857606046005e-06
15700.056 3.6815254264814323e-06
15750.056 3.812200229009714e-06
15800.056 3.859233923460874e-06
15850.056 3.9081793334001905e-06
15900.056 3.985660510900714e-06
15950.056 4.129990058299868e-06
16000.056 4.229435184199615e-06
16050.056 4.373376112300128e-06
16100.056 4.483441493900343e-06
16150.056 4.531092489500405e-06
16200.056 4.664781419799526e-06
16250.056 4.758270340599946e-06
16300.056 4.7956962845000825e-06
16350.056 5.019168990599662e-06
16400.056 5.0348804531011535e-06
16450.056 5.156982610500288e-06
16500.056 5.280754974701051e-06
16550.056 5.458214213599611e-06
16600.056 5.306150666000868e-06
16650.056 5.702562747300528e-06
16700.056 5.602967999698903e-06
16750.056 5.737178249199129e-06
16800.056 5.889309252800351e-06
16850.056 5.849129333699746e-06
16900.056 5.775352221119973e-06
16950.056 5.729878856809615e-06
17000.056 5.6720141276009785e-06
17050.056 5.586345665400247e-06
17100.056 5.2771343337003385e-06
17150.056 5.13965083894927e-06
17200.056 4.802344460959786e-06
17250.056 4.635624091299859e-06
17300.056 4.744472962609341e-06
17350.056 4.487826680079802e-06
17400.056 4.684512805540365e-06
17450.056 4.384675064487595e-06
17500.056 4.222537746618706e-06
17550.056 4.247397811079791e-06
17600.056 4.077901881470218e-06
17650.056 4.124764182318846e-06
17700.056 3.733980859019437e-06
17750.056 3.5444218343102797e-06
17800.056 3.5250535947108258e-06
17850.056 3.413456335145521e-06
17900.056 3.3477964627039204e-06
17950.056 3.2696225549160105e-06
18000.056 3.016701327350173e-06
18050.056 3.05764924492176e-06
18100.056 2.928233906340327e-06
18150.056 3.1928098744642043e-06
18200.056 2.7740090159404084e-06
18250.056 3.0709456857990936e-06
18300.056 3.0028760507896835e-06
18350.056 2.8408928308005933e-06
18400.056 2.8048315924301746e-06
18450.056 2.5871551779320106e-06
18500.056 2.610602690400761e-06
18550.056 2.5244060358903315e-06
18600.056 2.1689943244782687e-06
18650.056 2.4972815047008393e-06
18700.056 2.644023193290355e-06
18750.056 2.507484024921203e-06
18800.056 2.5297769387412228e-06
18850.056 2.866888012419776e-06
18900.056 2.785771581768818e-06
18950.056 2.7298048831298448e-06
19000.056 2.9317930515292985e-06
19050.056 2.8804062328199407e-06
19100.056 2.88282268681122e-06
19150.056 3.036848120969639e-06
19200.056 3.0193377180410932e-06
19250.056 2.883238167178894e-06
19300.056 2.9685655587491465e-06
19350.056 3.0462979581900254e-06
19400.056 2.885923385128755e-06
19450.056 3.04185262561074e-06
19500.056 3.0282102087395045e-06
19550.056 2.7556807196910063e-06
19600.056 3.110933579549589e-06
19650.056 3.0326042247278957e-06
19700.056 3.0838117142205144e-06
19750.056 2.9365793095203884e-06
19800.056 3.0121628968794457e-06
19850.056 2.979007449772022e-06
19900.056 2.791675211901119e-06
19950.056 3.0966016176000678e-06
20000.056 2.7692761007007046e-06
20050.056 2.8828212847514684e-06
20100.056 3.053250780197832e-06
20150.056 2.9240292238404304e-06
20200.056 3.0067482572687233e-06
20250.056 3.153921305520455e-06
20300.056 3.1250614419001175e-06
20350.056 3.1406815581698315e-06
20400.056 3.105438764548351e-06
20450.056 3.3464903991898676e-06
20500.056 3.251075136920393e-06
20550.056 3.3460561471399657e-06
20600.056 3.5327396188307055e-06
20650.056 3.432919887941111e-06
20700.056 3.5628320592699523e-06
20750.056 3.6170276132492864e-06
20800.056 3.7391119906004197e-06
20850.056 3.7615163526398613e-06
20900.056 3.879483986769637e-06
20950.056 3.93473893039994e-06
21000.056 4.138916818799641e-06
21050.056 4.112048358400257e-06
21100.056 4.198786048219978e-06
21150.056 4.428432136900323e-06
21200.056 4.377961785000557e-06
21250.056 4.577959775299444e-06
21300.056 4.453656004799736e-06
21350.056 4.756908337800276e-06
21400.056 4.611909621900549e-06
21450.056 5.0235429337000906e-06
21500.056 4.806819124300331e-06
21550.056 4.926475965799679e-06
21600.056 5.081116790900597e-06
21650.056 5.057649689700596e-06
21700.056 5.287578016799646e-06
21750.056 5.209391637199847e-06
21800.056 5.205239711099851e-06
21850.056 5.288865795399743e-06
21900.056 5.419351572300764e-06
21950.056 5.365413601100494e-06
22000.056 5.585618473599645e-06
22050.056 5.421646297799178e-06
22100.056 5.6062433211998385e-06
22150.056 5.649010901500552e-06
22200.056 5.496840862061516e-06
22250.056 5.791095908400393e-06
22300.056 5.741509656949458e-06
22350.056 5.645357427300399e-06
22400.056 5.9116014412003384e-06
22450.056 5.8556174464990475e-06
22500.056 5.953468484839613e-06
22550.056 5.870644650158753e-06
22600.056 5.873692023259698e-06
22650.056 5.93112593822154e-06
22700.056 5.917949514911557e-06
22750.056 6.0799631482194975e-06
22800.056 5.890877955190053e-06
22850.056 5.968353368270812e-06
22900.056 6.162345775709402e-06
22950.056 4.857571102020749e-06
23000.056 5.440452919210487e-06
23050.056 5.572418627738852e-06
23100.056 5.36528429351997e-06
23150.056 5.45941274025112e-06
23200.056 5.540910485790022e-06
23250.056 4.6956431073582816e-06
23300.056 5.039452353900421e-06
23350.056 5.098911306489956e-06
23400.056 4.932111176660077e-06
23450.056 5.099386263199645e-06
23500.056 4.802706699068599e-06
23550.056 4.4008606572718285e-06
23600.056 4.558093058321266e-06
23650.056 4.79984816202938e-06
23700.056 4.8112850412283536e-06
23750.056 4.690286001930551e-06
23800.056 4.650189272271077e-06
23850.056 3.987277374550459e-06
23900.056 4.334166863919291e-06
23950.056 4.408603454241747e-06
24000.056 4.1874377244395635e-06
24050.056 4.10770843937063e-06
24100.056 3.789863092978704e-06
24150.056 3.6756219868607574e-06
24200.056 3.7502615538286694e-06
24250.056 3.670124596781002e-06
24300.056 3.4416830301501333e-06
24350.056 3.3489378328301023e-06
24400.056 3.5904892237396056e-06
24450.056 3.328687015039976e-06
24500.056 3.0393924499599307e-06
24550.056 3.047154257979465e-06
24600.056 3.0458387263108037e-06
24650.056 3.26917555512939e-06
24700.056 2.8716387904598356e-06
24750.056 2.728697194621029e-06
24800.056 2.613238082460633e-06
24850.056 2.949253544460073e-06
24900.056 2.485282166061785e-06
24950.056 2.93066396552947e-06
25000.056 2.580587049940067e-06
25050.056 2.2772690332106537e-06
25100.056 2.561656110359932e-06
25150.056 2.2470196053205208e-06
25200.056 2.433817594669088e-06
25250.056 2.3545035908992726e-06
25300.056 2.4119077369601773e-06
25350.056 2.142299563120093e-06
25400.056 2.2600960626011788e-06
25450.056 2.166995611560379e-06
25500.056 2.268165683840862e-06
25550.056 2.085066383240194e-06
25600.056 2.167404001920378e-06
25650.056 2.0014787610100176e-06
25700.056 2.303842776698806e-06
25750.056 1.921888687770337e-06
25800.056 2.2378266349505055e-06
25850.056 2.0830865014997753e-06
25900.056 2.241476119590628e-06
25950.056 2.0849544336201405e-06
26000.056 2.1520678777905976e-06
26050.056 2.454461983810365e-06
26100.056 2.2440427760805903e-06
26150.056 2.3058636686091113e-06
26200.056 2.1724935404303065e-06
26250.056 2.147105671271034e-06
26300.056 2.245890402640134e-06
26350.056 2.104106147179556e-06
26400.056 2.20748327506916e-06
26450.056 2.167168970350368e-06
26500.056 2.2598669523189123e-06
26550.056 2.3102850463292225e-06
26600.056 2.586777784189129e-06
26650.056 2.2331465010494602e-06
26700.056 2.231158589729743e-06
26750.056 2.2046253944891006e-06
26800.056 2.297660896018986e-06
26850.056 2.1406354798702513e-06
26900.056 2.4475248915502373e-06
26950.056 1.8668333476902334e-06
27000.056 2.3355713521311236e-06
27050.056 2.0573567573695953e-06
27100.056 2.0610479966097967e-06
27150.056 2.1219328727897106e-06
27200.056 2.119997150970799e-06
27250.056 1.9864954270412475e-06
27300.056 2.0641674653798135e-06
27350.056 2.1104965572990493e-06
27400.056 1.9212324127601098e-06
27450.056 2.2128296768989e-06
27500.056 2.044948911760146e-06
27550.056 2.095364196140007e-06
27600.056 2.202572284719566e-06
27650.056 1.8533341650397263e-06
27700.056 1.915874362400358e-06
27750.056 2.211144310688313e-06
27800.056 1.7327051932197333e-06
27850.056 1.957039883958829e-06
27900.056 1.9440216514502613e-06
27950.056 2.1144844031596853e-06
28000.056 2.119661357620578e-06
28050.056 1.7645843313904276e-06
28100.056 2.227543616871219e-06
28150.056 1.8758497967800762e-06
28200.056 1.6633763695402429e-06
28250.056 1.9210505824400364e-06
28300.056 2.1605585763805077e-06
28350.056 1.9835872730092007e-06
28400.056 1.903214899360007e-06
28450.056 1.8753402590995072e-06
28500.056 1.969498854939622e-06
28550.056 1.6974238718193584e-06
28600.056 2.1407216306801963e-06
28650.056 2.0788164742795846e-06
28700.056 1.9136837756692324e-06
28750.056 2.0646713438798655e-06
28800.056 1.979574062580423e-06
28850.056 2.0933862710401456e-06
28900.056 1.8605138422702196e-06
28950.056 2.296309731609479e-06
29000.056 1.8601528116292e-06
29050.056 1.8882154058296123e-06
29100.056 1.6794811636399484e-06
29150.056 1.99413791697026e-06
29200.056 1.8808519614403845e-06
29250.056 2.0739069685701117e-06
29300.056 1.834071820838864e-06
29350.056 2.2177560927995357e-06
29400.056 1.8890234144298553e-06
29450.056 1.8896104964898631e-06
29500.056 2.0330651609698077e-06
29550.056 1.9380093067301936e-06
29600.056 2.009077697649987e-06
29650.056 2.0514264147000476e-06
29700.056 1.7657807566798174e-06
29750.056 2.236712040421079e-06
29800.056 2.1279492140899685e-06
29850.056 2.119415484489727e-06
29900.056 1.9124393490204393e-06
29950.056 2.217232206809616e-06
30000.056 2.2159820417692287e-06
30050.056 2.0828986044598783e-06
30100.056 1.6661483856495674e-06
30150.056 2.5352143870997395e-06
30200.056 2.283876855100268e-06
30250.056 2.162176092860679e-06
30300.056 2.2762082371798857e-06
30350.056 2.055924892230401e-06
30400.056 2.4432785804304327e-06
30450.056 2.014546973040228e-06
30500.056 1.9422054261003664e-06
30550.056 2.5912068783406182e-06
30600.056 2.4788564402502932e-06
30650.056 2.436210737910101e-06
30700.056 2.3160290262700193e-06
30750.056 2.1839363169201323e-06
30800.056 2.605811248750774e-06
30850.056 2.280857953919924e-06
30900.056 2.325953815059795e-06
30950.056 2.233066700030296e-06
31000.056 2.529479117389909e-06
31050.056 2.1104327079500206e-06
31100.056 2.4809152337599486e-06
31150.056 2.52234469131976e-06
31200.056 2.5838829319996725e-06
31250.056 2.7076671535005644e-06
31300.056 2.428119490789747e-06
31350.056 2.4665440125899885e-06
31400.056 2.5105685856104927e-06
31450.056 2.5309494085301828e-06
31500.056 2.6004200965905706e-06
31550.056 2.3880673648600025e-06
31600.056 2.537542934049878e-06
31650.056 2.630314975720009e-06
31700.056 2.7368545648599302e-06
31750.056 2.3372413064102375e-06
31800.056 2.7176195506002626e-06
31850.056 2.969410370599975e-06
31900.056 2.883164484009823e-06
31950.056 2.299589058279696e-06
32000.056 2.53761018282069e-06
32050.056 2.9227649571002625e-06
32100.056 2.911392120919588e-06
32150.056 2.886045813650209e-06
32200.056 2.7942298432299214e-06
32250.056 2.6216563673301853e-06
32300.056 2.8963198093101897e-06
32350.056 3.006642736600379e-06
32400.056 2.764486024089986e-06
32450.056 2.6551242786102804e-06
32500.056 2.8901543208002756e-06
32550.056 3.1785719944801417e-06
32600.056 3.1348054574398234e-06
32650.056 3.0395425585010216e-06
32700.056 2.8823324032001232e-06
32750.056 3.048465266040026e-06
32800.056 2.8099806451404527e-06
32850.056 3.288441864319727e-06
32900.056 3.141234177699982e-06
32950.056 2.7175518475697766e-06
33000.056 2.97206202124031e-06
33050.056 3.0497278131796754e-06
33100.056 3.1861545137690836e-06
33150.056 3.141573109570273e-06
33200.056 2.9152958388806934e-06
33250.056 3.1341103922600753e-06
33300.056 3.413887823660209e-06
33350.056 3.1624210564603045e-06
33400.056 2.9604474176797016e-06
33450.056 3.2455951026788886e-06
33500.056 3.180029781600273e-06
33550.056 3.153369825979434e-06
33600.056 3.1901417214206736e-06
33650.056 3.2947154175607183e-06
33700.056 3.4353695998194736e-06
33750.056 3.4116432914400956e-06
33800.056 3.350545397639966e-06
33850.056 3.1861734351699944e-06
33900.056 3.55895033289952e-06
33950.056 3.1465267257795796e-06
34000.056 3.231711812139189e-06
34050.056 3.2946044272300485e-06
34100.056 3.561448632440455e-06
34150.056 3.4494326575996868e-06
34200.056 3.251550901579431e-06
34250.056 3.6143935633995375e-06
34300.056 3.3615362312995152e-06
34350.056 3.532141742999523e-06
34400.056 3.2069371304195138e-06
34450.056 3.3194139560399335e-06
34500.056 3.3474349267007035e-06
34550.056 3.275618093899833e-06
34600.056 3.4442781353401305e-06
34650.056 3.433722836299923e-06
34700.056 3.279029987799455e-06
34750.056 3.5143752676002863e-06
34800.056 3.6996038130995157e-06
34850.056 3.3058778379601313e-06
34900.056 3.5657497726003674e-06
34950.056 3.4445338808991537e-06
35000.056 3.3457555479995387e-06
35050.056 3.667864886600516e-06
35100.056 3.5665737177991215e-06
35150.056 3.4982146150397504e-06
35200.056 3.6178100802996363e-06
35250.056 3.171798545500218e-06
35300.056 3.5293463609803266e-06
35350.056 3.7133967604997257e-06
35400.056 3.4902568045997763e-06
35450.056 3.3671805584004023e-06
35500.056 3.621168881799868e-06
35550.056 3.4357905429999368e-06
35600.056 3.349156092199373e-06
35650.056 3.756997965100475e-06
35700.056 3.3632102771004362e-06
35750.056 3.49116940669972e-06
35800.056 3.595328186999633e-06
35850.056 3.7009875596996108e-06
35900.056 3.799795494699528e-06
35950.056 3.663472461499693e-06
36000.056 3.3284678809995776e-06
36050.056 3.792217642500249e-06
36100.056 3.903732174599848e-06
36150.056 3.546890194700314e-06
36200.056 3.8164996368995165e-06
36250.056 3.50590955859928e-06
36300.056 4.049034597700851e-06
36350.056 3.892831513699413e-06
36400.056 3.701290027599894e-06
36450.056 3.998826630199648e-06
36500.056 3.7543077659003057e-06
36550.056 3.601505111100493e-06
36600.056 3.7245305522003813e-06
36650.056 3.8444190193004736e-06
36700.056 4.0120913356002276e-06
36750.056 3.7620455986004597e-06
36800.056 3.839972621199481e-06
36850.056 3.837873448300212e-06
36900.056 3.96104704320067e-06
36950.056 3.94059499360003e-06
37000.056 3.989757145200248e-06
37050.056 4.05257675289997e-06
37100.056 3.922916856900333e-06
37150.056 3.875781816299128e-06
37200.056 4.08188132050012e-06
37250.056 4.096700862500359e-06
37300.056 4.0819856217008066e-06
37350.056 3.878887581700566e-06
37400.056 4.065517679299616e-06
37450.056 4.073705939700387e-06
37500.056 4.1305124476998e-06
37550.056 4.021490832199246e-06
37600.056 4.237394620199406e-06
37650.056 3.907667032099561e-06
37700.056 3.9447685045001535e-06
37750.056 4.253669247699337e-06
37800.056 4.348263426099937e-06
37850.056 4.135365477399794e-06
37900.056 4.233276005800292e-06
37950.056 4.272827203000251e-06
38000.056 4.123902903000622e-06
38050.056 4.190508123000264e-06
38100.056 4.040554006200201e-06
38150.056 4.347886428999339e-06
38200.056 4.46521072209933e-06
38250.056 4.1107204717006205e-06
38300.056 4.054372292999928e-06
38350.056 4.245588822199891e-06
38400.056 4.279304328099797e-06
38450.056 4.281642460500449e-06
38500.056 4.212275386299763e-06
38550.056 4.213040965100292e-06
38600.056 4.5652182174997505e-06
38650.056 4.031805169200198e-06
38700.056 4.138399506000613e-06
38750.056 4.327682527500025e-06
38800.056 4.239593908600581e-06
38850.056 4.257542628800324e-06
38900.056 4.126337408399894e-06
38950.056 4.309514554099537e-06
39000.056 4.230020467100165e-06
39050.056 4.276145682899937e-06
39100.056 4.059704708799913e-06
39150.056 4.191209115500238e-06
39200.056 4.3335120837002125e-06
39250.056 4.307762409399305e-06
39300.056 4.30239454439917e-06
39350.056 4.261273484300485e-06
39400.056 4.177029368500143e-06
39450.056 4.197984069099696e-06
39500.056 4.189705139599835e-06
39550.056 4.095818277599118e-06
39600.056 4.4528562250003304e-06
39650.056 4.050804281700107e-06
39700.056 4.231691389199888e-06
39750.056 4.1923281802995225e-06
39800.056 4.003923564300277e-06
39850.056 4.10643920569974e-06
39900.056 4.036433310099777e-06
39950.056 4.241344168299839e-06
40000.056 3.957220084199752e-06
40050.056 3.6705406226998796e-06
40100.056 3.984062308799718e-06
40150.056 3.7159722014992225e-06
40200.056 3.887548651699616e-06
40250.056 3.946952509898774e-06
40300.056 3.5624664885002883e-06
40350.056 3.804454456700294e-06
40400.056 3.8940049562997735e-06
40450.056 3.5620976415009094e-06
40500.056 3.3561782996000177e-06
40550.056 3.925332097399816e-06
40600.056 3.564779162600279e-06
40650.056 3.6361339092008547e-06
40700.056 3.81930498070038e-06
40750.056 3.3721873087990077e-06
40800.056 3.342229865600551e-06
40850.056 3.161213894900723e-06
40900.056 3.128184706100708e-06
40950.056 3.4156635102999604e-06
41000.056 3.564680007800436e-06
41050.056 3.43186895239929e-06
41100.056 3.274747461200644e-06
41150.056 3.5530287751002125e-06
41200.056 3.267987944300042e-06
41250.056 3.3687203105002443e-06
41300.056 2.9296907594996738e-06
41350.056 3.4638189423002106e-06
41400.056 3.3234538139999657e-06
41450.056 3.122257957799937e-06
41500.056 3.400909593800006e-06
41550.056 3.3656164806800227e-06
41600.056 3.5645513814998916e-06
41650.056 3.094146745600565e-06
41700.056 2.9991808103996577e-06
41750.056 3.1777910362000535e-06
41800.056 2.9993372899396804e-06
41850.056 2.874582009100365e-06
41900.056 3.249607382369497e-06
41950.056 2.8130720593005398e-06
42000.056 3.0970737603202476e-06
42050.056 2.8499080240688497e-06
42100.056 3.160949314400414e-06
42150.056 2.6294616142991037e-06
42200.056 2.75090268939012e-06
42250.056 2.89554770358991e-06
42300.056 2.5753309867500368e-06
42350.056 2.988355558140671e-06
42400.056 2.639985046100375e-06
42450.056 2.2221282646802275e-06
42500.056 2.436969559000304e-06
42550.056 2.6350164685798557e-06
42600.056 2.5186830047404706e-06
42650.056 2.2710676905689695e-06
42700.056 2.6002910961109814e-06
42750.056 2.3974010728001367e-06
42800.056 2.3788318698604778e-06
42850.056 2.5348247644997764e-06
42900.056 2.474132738660238e-06
42950.056 2.266840503068844e-06
43000.056 2.3846786887598157e-06
43050.056 2.365580649331241e-06
43100.056 2.454296721599765e-06
43150.056 2.5457991304005986e-06
43200.056 2.4474732268000785e-06
43250.056 2.394096425440351e-06
43300.056 2.5103437836002313e-06
43350.056 2.29678604425984e-06
43400.056 2.296796196779806e-06
43450.056 2.3875658353209815e-06
43500.056 2.2909391425994374e-06
43550.056 2.4335986334199144e-06
43600.056 2.4808011795400358e-06
43650.056 2.2529928360905213e-06
43700.056 2.1498545571997043e-06
43750.056 2.2626223546601086e-06
43800.056 2.1898151203401316e-06
43850.056 2.2695915862004796e-06
43900.056 2.280063207799912e-06
43950.056 2.18399800510053e-06
44000.056 2.061697675060396e-06
44050.056 2.0928279212000684e-06
44100.056 2.1707187302705108e-06
44150.056 2.3136989256994626e-06
44200.056 2.1918089233399755e-06
44250.056 2.047683192489915e-06
44300.056 2.0189202175604065e-06
44350.056 2.080279854950036e-06
44400.056 2.060932586750099e-06
44450.056 2.200190168060006e-06
44500.056 2.2829842724005014e-06
44550.056 2.0216883306594925e-06
44600.056 2.091215281900287e-06
44650.056 2.2043520272402365e-06
44700.056 2.0207999533202965e-06
44750.056 2.212572232429703e-06
44800.056 2.256624001369867e-06
44850.056 2.2699147409500632e-06
44900.056 2.1285664906004176e-06
44950.056 1.9739220971798864e-06
45000.056 2.1873380499999496e-06
45050.056 2.174464080919669e-06
45100.056 2.2234675956197218e-06
45150.056 2.2026370776900324e-06
45200.056 2.021952036609873e-06
45250.056 2.075506958529527e-06
45300.056 2.05697992009011e-06
45350.056 2.2553479271396145e-06
45400.056 2.2146934344603224e-06
45450.056 2.037718812399734e-06
45500.056 2.0108556757199415e-06
45550.056 2.2373257538096427e-06
45600.056 2.151870726509903e-06
45650.056 1.9154675700693314e-06
45700.056 2.112065846590316e-06
45750.056 2.0999635206897767e-06
45800.056 2.0898905227999534e-06
45850.056 2.2868698593800786e-06
45900.056 2.31333169250014e-06
45950.056 2.0364706906398873e-06
46000.056 2.299579606299951e-06
46050.056 2.2502162672404565e-06
46100.056 2.061111248650099e-06
46150.056 2.1174368159199973e-06
46200.056 2.355223381380481e-06
46250.056 1.977884363629822e-06
46300.056 2.3422596979698127e-06
46350.056 1.9223445622398207e-06
46400.056 2.096057770579688e-06
46450.056 2.028579162910565e-06
46500.056 1.9969971618999817e-06
46550.056 2.21940631813984e-06
46600.056 2.026491589379736e-06
46650.056 2.4595485297400765e-06
46700.056 2.274545757270538e-06
46750.056 1.995802902999861e-06
46800.056 2.196182555840382e-06
46850.056 2.225139029980085e-06
46900.056 2.169849161599513e-06
46950.056 2.25026109928024e-06
47000.056 2.2184835270599836e-06
47050.056 2.17927895089962e-06
47100.056 2.132544747610148e-06
47150.056 2.1502972687405124e-06
47200.056 2.132932048820611e-06
47250.056 2.117636521869246e-06
47300.056 2.0651093186593466e-06
47350.056 1.8824791102395793e-06
47400.056 2.2069910961594337e-06
47450.056 2.285824679999806e-06
47500.056 2.086016966209276e-06
47550.056 2.104522682299375e-06
47600.056 2.283874057050008e-06
47650.056 1.7568046547495236e-06
47700.056 2.2545529050801777e-06
47750.056 1.7205135558605287e-06
47800.056 2.2783499566797687e-06
47850.056 1.892631894669113e-06
47900.056 2.3226293162701693e-06
47950.056 1.7766443884205382e-06
48000.056 2.4158149477000498e-06
48050.056 1.8935034504604913e-06
48100.056 1.984066998740054e-06
48150.056 1.8986935645002177e-06
48200.056 2.277023256450764e-06
48250.056 1.976790548199527e-06
48300.056 2.3910691783596846e-06
48350.056 1.7862352384697144e-06
48400.056 2.2973902848799767e-06
48450.056 2.0638099628102353e-06
48500.056 2.3642959243800827e-06
48550.056 1.8958669235700706e-06
48600.056 2.171815536999786e-06
48650.056 1.801756035000013e-06
48700.056 2.040549817530033e-06
48750.056 1.7375344409704311e-06
48800.056 2.4150339425001122e-06
48850.056 1.917973259949683e-06
48900.056 2.1916207943999975e-06
48950.056 2.146120579500417e-06
49000.056 2.042923137599871e-06
49050.056 2.0302427473898044e-06
49100.056 2.0319014342200523e-06
49150.056 2.0380429867802445e-06
49200.056 2.1946175475899957e-06
49250.056 2.0572368153802367e-06
49300.056 1.922413767699716e-06
49350.056 1.821769852030107e-06
49400.056 2.194551316370424e-06
49450.056 1.946427907610445e-06
49500.056 2.033066640420312e-06
49550.056 1.8586749163500418e-06
49600.056 1.942613703120469e-06
49650.056 1.9346045168604016e-06
49700.056 1.717088435319837e-06
49750.056 2.2965874981394495e-06
49800.056 2.0336187905000168e-06
49850.056 2.212293478200022e-06
49900.056 1.920452233380139e-06
49950.056 2.0846405792891794e-06
50000.056 1.9295900523395455e-06
50050.056 2.0287819218801857e-06
50100.056 2.0225215692197435e-06
50150.056 1.9202438681999177e-06
50200.056 1.7154904105101176e-06
50250.056 1.7969898201301128e-06
50300.056 1.8462603009295975e-06
50350.056 1.9485235939700297e-06
50400.056 1.9261311830001828e-06
50450.056 1.8133796588501998e-06
50500.056 2.2847761199203953e-06
50550.056 1.9448695818998347e-06
50600.056 1.9763215685902193e-06
50650.056 1.9360385410805487e-06
50700.056 2.0226655412392245e-06
50750.056 1.9142933573402324e-06
50800.056 1.7874794942200265e-06
50850.056 1.8869535147402886e-06
50900.056 1.8601503422099734e-06
50950.056 2.084494974530286e-06
51000.056 2.1791461168002357e-06
51050.056 1.756231278300398e-06
51100.056 1.780741564079871e-06
51150.056 1.960714230680102e-06
51200.056 1.928180157659805e-06
51250.056 2.032560508070008e-06
51300.056 1.8662275522806424e-06
51350.056 1.9705789987796867e-06
51400.056 1.8694768934794408e-06
51450.056 1.486426900069828e-06
51500.056 1.969092709899797e-06
51550.056 2.206699549400209e-06
51600.056 1.6519380563099202e-06
51650.056 1.8788132622996844e-06
51700.056 1.6697075438294744e-06
51750.056 1.7478342601401401e-06
51800.056 1.8971433679398208e-06
51850.056 1.98518506480002e-06
51900.056 2.0318882634003e-06
51950.056 1.814348274979781e-06
52000.056 1.7259096031999494e-06
52050.056 1.9471951154798644e-06
52100.056 1.8900069171594858e-06
52150.056 1.889455193690379e-06
52200.056 1.8170700323501167e-06
52250.056 1.7882687380299775e-06
52300.056 1.8113730207999835e-06
52350.056 2.1322065609802426e-06
52400.056 1.7034393153898925e-06
52450.056 1.8278211028299123e-06
52500.056 1.9082380898093635e-06
52550.056 1.7653108271395e-06
52600.056 1.913025822100208e-06
52650.056 2.1367155358404565e-06
52700.056 1.8774724263100545e-06
52750.056 1.5329963198598217e-06
52800.056 1.7329711661602722e-06
52850.056 1.6680471119298328e-06
52900.056 1.7904614792203147e-06
52950.056 1.79043136598956e-06
53000.056 1.9321887860297746e-06
53050.056 1.883584572849743e-06
53100.056 1.6237306984095097e-06
53150.056 1.9724519008204744e-06
53200.056 1.5504905392503185e-06
53250.056 2.1226711530998786e-06
53300.056 1.961333874750745e-06
53350.056 1.983127780699847e-06
53400.056 1.7548538074701604e-06
53450.056 1.6504040597999933e-06
53500.056 1.6097173185996963e-06
53550.056 1.9115675961198723e-06
53600.056 1.9119458604302904e-06
53650.056 1.7421571148807015e-06
53700.056 1.73509237123048e-06
53750.056 1.978744748139807e-06
53800.056 1.96818859682036e-06
53850.056 1.947785083409341e-06
53900.056 1.5221545275605125e-06
53950.056 1.8917781122897302e-06
54000.056 2.0074365208600382e-06
54050.056 1.6081209496302056e-06
54100.056 1.6494587238298652e-06
54150.056 1.7381277521800532e-06
54200.056 1.633253269070059e-06
54250.056 1.7748041268300807e-06
54300.056 1.579145677149558e-06
54350.056 1.7031294048197553e-06
54400.056 1.99003611675983e-06
54450.056 1.8217260380595511e-06
54500.056 1.6938642657597905e-06
54550.056 1.7179746653499229e-06
54600.056 1.7173565821998398e-06
54650.056 1.6700189856697346e-06
54700.056 1.708754028150329e-06
54750.056 1.859132645130415e-06
54800.056 1.6318036603899671e-06
54850.056 1.7316393455897706e-06
54900.056 1.6402849170604932e-06
54950.056 1.7816027585702004e-06
55000.056 1.8210700301801158e-06
55050.056 2.029221134129895e-06
55100.056 1.6123491653799427e-06
55150.056 1.6646866651997172e-06
55200.056 1.652143565779713e-06
55250.056 1.4858298956993178e-06
55300.056 1.6734024838598e-06
55350.056 1.6974527873703766e-06
55400.056 1.7760056018302002e-06
55450.056 1.8457942906795453e-06
55500.056 1.5403788900400257e-06
55550.056 1.6754525049198074e-06
55600.056 1.7442250292900012e-06
55650.056 1.578426760400123e-06
55700.056 1.651104595399852e-06
55750.056 1.8838872808999777e-06
55800.056 1.6400872408799811e-06
55850.056 1.5548118037196526e-06
55900.056 1.6127447235399854e-06
55950.056 1.9309623737901005e-06
56000.056 1.506338555779593e-06
56050.056 1.7886523359698033e-06
56100.056 1.6987257260698252e-06
56150.056 1.518519546970392e-06
56200.056 1.7123943573197641e-06
56250.056 1.5157857250199363e-06
56300.056 1.8220302639599298e-06
56350.056 1.939056083100062e-06
56400.056 1.8838701838300514e-06
56450.056 1.6659067624700382e-06
56500.056 1.4883061472302316e-06
56550.056 1.6269475177601142e-06
56600.056 1.7415164207797398e-06
56650.056 1.4934730402199243e-06
56700.056 1.8706689852408004e-06
56750.056 1.5592888663000338e-06
56800.056 1.5863022185903137e-06
56850.056 1.5867884633902342e-06
56900.056 1.7672016041398664e-06
56950.056 1.5915858214800753e-06
57000.056 1.5580077863003253e-06
57050.056 1.9586141298400963e-06
57100.056 1.4799019248898579e-06
57150.056 1.720255007410023e-06
57200.056 1.5251543847400903e-06
57250.056 1.677365655640025e-06
57300.056 1.6034467320101198e-06
57350.056 1.3923437496000241e-06
57400.056 1.6686741174799846e-06
57450.056 1.6528626127899467e-06
57500.056 1.9412940754998246e-06
57550.056 1.736748964310136e-06
57600.056 1.984592150339449e-06
57650.056 1.4518315133900886e-06
57700.056 1.6174232226402385e-06
57750.056 1.7657173220698987e-06
57800.056 1.4108530663993908e-06
57850.056 1.647509121080124e-06
57900.056 1.7257024029700815e-06
57950.056 1.5816444202698416e-06
58000.056 1.538153077390008e-06
58050.056 1.7097438475699664e-06
58100.056 1.8691206423095973e-06
58150.056 1.6388347556303145e-06
58200.056 1.4455868626800438e-06
58250.056 1.7282951765599988e-06
58300.056 1.3287269930097634e-06
58350.056 1.5616069997998613e-06
58400.056 1.5023832942701658e-06
58450.056 1.610733530760198e-06
58500.056 1.6563560139001666e-06
58550.056 1.7444327219502301e-06
58600.056 1.5358515299598434e-06
58650.056 1.6594535710798915e-06
58700.056 1.6910412587296822e-06
58750.056 1.6179760472698287e-06
58800.056 1.4891835170802563e-06
58850.056 1.568281898679982e-06
58900.056 1.7155267595099502e-06
58950.056 1.511634455099291e-06
59000.056 1.5232394106898326e-06
59050.056 1.4890653074297793e-06
59100.056 1.6592328706298359e-06
59150.056 1.7674123090101103e-06
59200.056 1.673200771040213e-06
59250.056 1.8125990054003005e-06
59300.056 1.746772278190426e-06
59350.056 1.7104181914999716e-06
59400.056 1.5517805603597558e-06
59450.056 1.534206715730095e-06
59500.056 1.5305249321998816e-06
59550.056 1.7154858061197748e-06
59600.056 1.6731583040499687e-06
59650.056 1.821777926439916e-06
59700.056 1.4842558254601603e-06
59750.056 1.7106229056998063e-06
59800.056 1.6450615893401037e-06
59850.056 1.5615604350299578e-06
59900.056 1.6257978903598373e-06
59950.056 1.583890705700388e-06
60000.056 1.8397960581401992e-06
60050.056 1.697835079719968e-06
60100.056 1.7805877537897927e-06
60150.056 1.6625525960598572e-06
60200.056 1.7462735683000436e-06
60250.056 1.6712871269701607e-06
60300.056 1.5024878621498855e-06
60350.056 1.5399420044898427e-06
60400.056 1.6778376855998163e-06
60450.056 1.554379624889751e-06
60500.056 1.3980046285101883e-06
60550.056 1.4900704592702544e-06
60600.056 1.7771993272800726e-06
60650.056 1.7656860358399606e-06
60700.056 1.7508226036400994e-06
60750.056 1.7061165836198373e-06
60800.056 1.8646355757398442e-06
60850.056 1.8078305093400813e-06
60900.056 1.6803253246404765e-06
60950.056 1.776702977649645e-06
61000.056 1.568879391190293e-06
61050.056 1.6887816605997235e-06
61100.056 1.7686734904001041e-06
61150.056 1.3340166493497028e-06
61200.056 1.7011475332400676e-06
61250.056 1.871647989199849e-06
61300.056 2.027119713450143e-06
61350.056 1.7374643171701864e-06
61400.056 1.902577466899967e-06
61450.056 1.5801977554203222e-06
61500.056 1.8681111949600129e-06
61550.056 1.644777097819882e-06
61600.056 1.5686310879903502e-06
61650.056 1.825031483999535e-06
61700.056 1.5067660161599061e-06
61750.056 1.6696010847494708e-06
61800.056 1.9213896086504687e-06
61850.056 1.6604370726397145e-06
61900.056 1.7723622350401907e-06
61950.056 1.940889460360359e-06
62000.056 1.701549383450022e-06
62050.056 1.6994344704596976e-06
62100.056 1.7605837159206736e-06
62150.056 1.850773680100234e-06
62200.056 1.6154625872097077e-06
62250.056 1.8557100453002283e-06
62300.056 1.8123869261400398e-06
62350.056 1.8329416904001922e-06
62400.056 1.5381852714704938e-06
62450.056 1.6833007725100317e-06
62500.056 1.8445269476998242e-06
62550.056 1.7782066584699739e-06
62600.056 1.770623245450299e-06
62650.056 1.5915127398999355e-06
62700.056 1.671879285339991e-06
62750.056 1.7367954044898367e-06
62800.056 1.549030304999581e-06
62850.056 1.9181043451402757e-06
62900.056 1.6394273046494291e-06
62950.056 1.7377272067200014e-06
63000.056 1.7201586793002122e-06
63050.056 1.9173866510799506e-06
63100.056 1.8849250456999822e-06
63150.056 1.5880582420898467e-06
63200.056 1.757004870800203e-06
63250.056 1.7285770968398594e-06
63300.056 1.7140092289802901e-06
63350.056 1.7692925280003271e-06
63400.056 1.6640505548598524e-06
63450.056 1.6930338867001678e-06
63500.056 1.6449964706098602e-06
63550.056 1.5679820716796808e-06
63600.056 1.8547342386603197e-06
63650.056 1.705729487560322e-06
63700.056 1.7381798608798334e-06
63750.056 1.6037959303901413e-06
63800.056 1.588374439020192e-06
63850.056 1.5740845858900116e-06
63900.056 1.5621078936399027e-06
63950.056 1.7914749291001152e-06
64000.056 1.6826026610398175e-06
64050.056 1.6854558462398703e-06
64100.056 1.2510471524499525e-06
64150.056 1.4900576886499978e-06
64200.056 1.5215856274299425e-06
64250.056 1.8361132095598753e-06
64300.056 1.4632120036600604e-06
64350.056 1.466516053410026e-06
64400.056 1.6732553351099826e-06
64450.056 1.5520227299101137e-06
64500.056 1.385879960529841e-06
64550.056 1.5767112748005005e-06
64600.056 1.3375692665101737e-06
64650.056 1.6576519318001919e-06
64700.056 1.2717769287694826e-06
64750.056 1.2889370810602204e-06
64800.056 1.1345843513601936e-06
64850.056 1.3645209316898372e-06
64900.056 1.3453197090103748e-06
64950.056 1.2933441213998752e-06
65000.056 1.3938389253898937e-06
65050.056 1.3490722616402987e-06
65100.056 1.3297377393197513e-06
65150.056 1.4139383996998584e-06
65200.056 1.3182813125497974e-06
65250.056 1.2291007241497356e-06
65300.056 1.3509354763800567e-06
65350.056 1.4508075651598482e-06
65400.056 1.2261659055097202e-06
65450.056 1.3158896371199763e-06
65500.056 1.3427134915297465e-06
65550.056 1.239779814309889e-06
65600.056 1.3061797321099322e-06
65650.056 1.1717116723497752e-06
65700.056 1.2978412344199686e-06
65750.056 1.2805873148504003e-06
65800.056 1.3564606047900766e-06
65850.056 1.3289378126693467e-06
65900.056 1.1650621072503007e-06
65950.056 9.291908323699516e-07
66000.056 1.20320424035966e-06
66050.056 1.2904124316505866e-06
66100.056 1.2315262656001515e-06
66150.056 1.1875264938196028e-06
66200.056 1.0105590086602212e-06
66250.056 1.2179124331300957e-06
66300.056 9.943019279600943e-07
66350.056 1.0898105646305761e-06
66400.056 1.142291106329462e-06
66450.056 1.2354526678197206e-06
66500.056 1.3555925799199454e-06
66550.056 1.1112164828698216e-06
66600.056 1.1620768873902217e-06
66650.056 1.130890358019968e-06
66700.056 1.2252094300701841e-06
66750.056 1.23297525063e-06
66800.056 1.2163248938303575e-06
66850.056 1.1302869413606706e-06
66900.056 1.025117750070507e-06
66950.056 1.2476473817403178e-06
67000.056 1.3230242400893456e-06
67050.056 1.2578359790698887e-06
67100.056 1.3404812184600627e-06
67150.056 1.1678481577695554e-06
67200.056 1.2194491931703559e-06
67250.056 1.246035828859961e-06
67300.056 1.2046253347901584e-06
67350.056 1.272947119619692e-06
67400.056 1.3952806262499707e-06
67450.056 1.283644363259896e-06
67500.056 1.2258936756100181e-06
67550.056 1.24073802366983e-06
67600.056 1.318872822809886e-06
67650.056 1.2723223684195796e-06
67700.056 1.1908489020396274e-06
67750.056 1.1388291234099918e-06
67800.056 1.199713737950175e-06
67850.056 1.0855048375195299e-06
67900.056 1.2464125230297684e-06
67950.056 1.1259955931902655e-06
68000.056 1.1968184917594016e-06
68050.056 1.3289084133896015e-06
68100.056 1.209830537650218e-06
68150.056 1.049561175559715e-06
68200.056 1.1350052215296689e-06
68250.056 1.1508950916502851e-06
68300.056 1.095106866539801e-06
68350.056 1.0662113468400753e-06
68400.056 1.181701605949794e-06
68450.056 1.334228433159977e-06
68500.056 1.1996371404101498e-06
68550.056 1.110593625710214e-06
68600.056 1.203591373870058e-06
68650.056 1.1151716081694355e-06
68700.056 1.109891360539855e-06
68750.056 1.1820634524601389e-06
68800.056 1.2252844295500313e-06
68850.056 1.1274787255597723e-06
68900.056 1.2092308494602919e-06
68950.056 1.1660847998797673e-06
69000.056 1.284214084109731e-06
69050.056 1.1225534845295854e-06
69100.056 1.1830618694496966e-06
69150.056 1.345646058929997e-06
69200.056 1.0002458009703517e-06
69250.056 1.2371885685099084e-06
69300.056 1.2426179351702328e-06
69350.056 1.286186286330012e-06
69400.056 1.2434034956096896e-06
69450.056 1.3527220021404435e-06
69500.056 1.1857190575901824e-06
69550.056 1.2083170535702328e-06
69600.056 1.0894431686202915e-06
69650.056 1.244980347710032e-06
69700.056 1.1664729242796918e-06
69750.056 1.2511320098595169e-06
69800.056 1.1796074761503923e-06
69850.056 1.2738837128301603e-06
69900.056 1.2150060252302536e-06
69950.056 1.4467633223402303e-06
70000.056 1.0892334048101348e-06
70050.056 1.2138976505902192e-06
70100.056 1.0203205204599695e-06
70150.056 1.2167326450999891e-06
70200.056 1.1189296751403141e-06
70250.056 1.1597187331397276e-06
70300.056 1.1985862062399759e-06
70350.056 1.2522896781000184e-06
70400.056 1.3813771866299385e-06
70450.056 1.1177373549401584e-06
70500.056 1.1616483560097046e-06
70550.056 9.643816637101381e-07
70600.056 1.323329480169935e-06
70650.056 1.157838972560073e-06
70700.056 1.172315072540677e-06
70750.056 1.113898009330256e-06
70800.056 1.2310772116202403e-06
70850.056 1.1368686168898479e-06
70900.056 1.1775131678398107e-06
70950.056 1.139869519180019e-06
71000.056 1.2263377776597763e-06
71050.056 1.16977301518044e-06
71100.056 1.1760540917303426e-06
71150.056 1.115271365749582e-06
71200.056 1.084445167089969e-06
71250.056 1.1539267533601807e-06
71300.056 1.1455073808100671e-06
71350.056 1.1770319435300676e-06
71400.056 1.0980481171702717e-06
71450.056 1.1434975098295427e-06
71500.056 1.2213999073600452e-06
71550.056 1.260830580419945e-06
71600.056 1.2508722604998457e-06
71650.056 1.259358182710118e-06
71700.056 1.1828988180300166e-06
71750.056 1.2646566203799768e-06
71800.056 1.3774788125501044e-06
71850.056 1.3761164304002658e-06
71900.056 1.024263609750222e-06
71950.056 1.2742701459300456e-06
72000.056 1.1417229386101625e-06
72050.056 1.143560959380123e-06
72100.056 1.2242030233100714e-06
72150.056 1.229930411680034e-06
72200.056 1.25224320739011e-06
72250.056 1.164581057580424e-06
72300.056 1.134989559860012e-06
72350.056 1.112644587039312e-06
72400.056 1.3024414874703231e-06
72450.056 1.1913938596196755e-06
72500.056 1.2411360354297246e-06
72550.056 1.117056140220267e-06
72600.056 1.149069037380501e-06
72650.056 1.2420807550400967e-06
72700.056 1.1949651275495057e-06
72750.056 1.1885318508693098e-06
72800.056 1.2016859495601842e-06
72850.056 1.1899410256104212e-06
72900.056 1.1615749374799594e-06
72950.056 1.0719203860398757e-06
73000.056 1.1256804517692165e-06
73050.056 1.1375856628002816e-06
73100.056 1.27868163041008e-06
73150.056 1.2764137877596614e-06
73200.056 1.2960821534496389e-06
73250.056 1.215604269850071e-06
73300.056 1.222245719699818e-06
73350.056 9.818484115101472e-07
73400.056 1.0743973218204462e-06
73450.056 1.0421758187299373e-06
73500.056 1.2953927117198574e-06
73550.056 1.0969928046899172e-06
73600.056 1.0965919434496082e-06
73650.056 1.1888475841197361e-06
73700.056 1.0758916764398494e-06
73750.056 1.1543120410798276e-06
73800.056 9.996252880598824e-07
73850.056 1.1943898871202116e-06
73900.056 1.19296951876975e-06
73950.056 1.2161003840498384e-06
74000.056 1.2034509263600429e-06
74050.056 1.1962434748194693e-06
74100.056 1.177101625499716e-06
74150.056 1.176559806580091e-06
74200.056 1.1244147288301305e-06
74250.056 1.214574408989751e-06
74300.056 1.088884742280238e-06
74350.056 1.0911742708699072e-06
74400.056 9.975755268504185e-07
74450.056 1.2725236096105865e-06
74500.056 1.190622537180173e-06
74550.056 1.304845034899798e-06
74600.056 1.0876090427897288e-06
74650.056 1.0249520706400568e-06
74700.056 1.1602742182098164e-06
74750.056 1.1877038196801277e-06
74800.056 1.09172214384022e-06
74850.056 1.4021748665098478e-06
74900.056 1.1599623975695227e-06
74950.056 1.0607226073601455e-06
75000.056 1.0918128027997962e-06
75050.056 1.21394485266955e-06
75100.056 1.2218558206002325e-06
75150.056 1.2087647822400825e-06
75200.056 1.199803362200004e-06
75250.056 1.1711808574995705e-06
75300.056 1.0005860247499828e-06
75350.056 1.0514435820598665e-06
75400.056 1.1472568312702882e-06
75450.056 1.1236939834505383e-06
75500.056 1.2513824885898742e-06
75550.056 1.1027818340902304e-06
75600.056 1.297195983890034e-06
75650.056 1.2037367211301603e-06
75700.056 1.064685747819763e-06
75750.056 1.0606996102298734e-06
75800.056 1.08757076316029e-06
75850.056 1.119704249900033e-06
75900.056 1.0796207006701694e-06
75950.056 1.1360119552699952e-06
76000.056 9.128573642399414e-07
76050.056 1.0647359918399951e-06
76100.056 1.067562129460194e-06
76150.056 1.0121590124598868e-06
76200.056 1.0199464470701754e-06
76250.056 1.134767828630042e-06
76300.056 9.95671626600002e-07
76350.056 1.022605492290142e-06
76400.056 1.1137284468897716e-06
76450.056 1.1183990279706853e-06
76500.056 1.1545447556604512e-06
76550.056 1.0834807821499041e-06
76600.056 1.0433990262200017e-06
76650.056 1.0964492154599657e-06
76700.056 1.040128448260208e-06
76750.056 1.1386538273700233e-06
76800.056 1.1194257428602736e-06
76850.056 1.1490956342503084e-06
76900.056 1.1511366194299853e-06
76950.056 1.0516934406902037e-06
77000.056 1.1270229504101266e-06
77050.056 1.2363564521300606e-06
77100.056 8.997303701301275e-07
77150.056 1.1183748737897807e-06
77200.056 1.123597335200148e-06
77250.056 1.0461616092095094e-06
77300.056 9.886285163299446e-07
77350.056 1.020256534009924e-06
77400.056 1.049910709539808e-06
77450.056 9.698421739300233e-07
77500.056 1.0452332027197458e-06
77550.056 1.0874247230297003e-06
77600.056 1.0216649051402237e-06
77650.056 9.695296245195362e-07
77700.056 1.0855862898898674e-06
77750.056 1.0006172796295787e-06
77800.056 1.091843473520229e-06
77850.056 1.0921458824796848e-06
77900.056 1.129774254329929e-06
77950.056 1.0124847642002162e-06
78000.056 1.0688090995796625e-06
78050.056 9.608869866598113e-07
78100.056 9.909333638901614e-07
78150.056 1.0804920487603216e-06
78200.056 1.0623029202201222e-06
78250.056 1.0710990616199113e-06
78300.056 1.1057013724499004e-06
78350.056 9.467942907000972e-07
78400.056 1.0955012921902224e-06
78450.056 1.1458383091196276e-06
78500.056 1.1760082105998393e-06
78550.056 1.0280161715500952e-06
78600.056 1.0299640891700196e-06
78650.056 9.433336993398253e-07
78700.056 1.0772193271698675e-06
78750.056 1.0166137262500926e-06
78800.056 9.622364970502526e-07
78850.056 9.361499220499624e-07
78900.056 1.0244930253099619e-06
78950.056 8.318331540199984e-07
79000.056 1.003298240050267e-06
79050.056 9.980572616497303e-07
79100.056 1.003620758399769e-06
79150.056 1.0298534881301135e-06
79200.056 1.0898721862496471e-06
79250.056 9.735965691000897e-07
79300.056 1.0262544984201857e-06
79350.056 1.1206251917802414e-06
79400.056 1.0944771657498928e-06
79450.056 9.439568160197168e-07
79500.056 1.1356690698899846e-06
79550.056 9.569617786503108e-07
79600.056 9.507918950298085e-07
79650.056 9.575473805101377e-07
79700.056 9.392928965298066e-07
79750.056 1.0273979376101622e-06
79800.056 8.876106024401624e-07
79850.056 9.374964810303341e-07
79900.056 9.716234181200868e-07
79950.056 1.0562471501896298e-06
