# %ECSV 1.0
# ---
# datatype:
# - {name: wav, unit: Angstrom, datatype: float64}
# - {name: flux_nu, unit: erg / (cm2 Hz s), datatype: float64}
# meta: {C/O: '1.00', Kzz: '1.0000E+05', Teff: '350.', Y: '0.28', '[Fe/H]': '0.50', f_hole: '1.00', f_rain: '0.00', grav: '1000.'}
# schema: astropy-2.0
wav flux_nu
4000.0559999999996 nan
4050.0559999999996 8.99064667849019e-18
4100.056 2.7104845698300395e-16
4150.056 1.4364621788600119e-15
4200.056 1.6751530811600084e-15
4250.056 9.087659828500068e-15
4300.056 1.9498042212000087e-14
4350.056 3.4710576995000125e-14
4400.056 5.73850221660002e-14
4450.056 8.951843948100027e-14
4500.056 1.352429581400004e-13
4550.056 1.623782301709996e-13
4600.056 8.526843832299987e-14
4650.056 6.432601807499982e-14
4700.056 4.405451409599983e-14
4750.056 2.7596640436999892e-14
4800.056 1.890082056899994e-14
4850.056 1.2906691987999955e-14
4900.056 9.81623124849998e-15
4950.056 7.804431668599983e-15
5000.056 5.623947492299978e-15
5050.056 4.196925009400005e-15
5100.056 4.369026507500016e-15
5150.056 4.802896465300001e-15
5200.056 5.321498558800009e-15
5250.056 5.779167874800004e-15
5300.056 6.262271644400007e-15
5350.056 6.802836032900007e-15
5400.056 7.255089147100008e-15
5450.056 7.857477542800021e-15
5500.056 8.567672372900005e-15
5550.056 9.309073759000007e-15
5600.056 9.967037036600007e-15
5650.056 1.0498075211000003e-14
5700.056 1.0466116540500014e-14
5750.056 1.0425058827599996e-14
5800.056 9.420736785999974e-15
5850.056 6.662081730099925e-15
5900.056 2.0696561882080994e-15
5950.056 1.1789430480500271e-14
6000.056 2.4060105104000036e-14
6050.056 4.390742791900032e-14
6100.056 7.240056230600056e-14
6150.056 1.1151495409500068e-13
6200.056 1.647223089300008e-13
6250.056 2.2714929601000056e-13
6300.056 3.184576258900009e-13
6350.056 4.3651453732000104e-13
6400.056 5.886169027100022e-13
6450.056 7.144473536399958e-13
6500.056 9.4845174724001e-13
6550.056 1.3000595357199862e-12
6600.056 1.7627600053600264e-12
6650.056 2.411251314700014e-12
6700.056 2.979704889400012e-12
6750.056 4.003031588400016e-12
6800.056 4.562950123000009e-12
6850.056 4.414446266399992e-12
6900.056 3.31343518129999e-12
6950.056 2.240449468530013e-12
7000.056 2.349984627469955e-12
7050.056 2.3350217450899957e-12
7100.056 2.5716423353999838e-12
7150.056 1.9101886740185417e-12
7200.056 1.339911774302862e-12
7250.056 1.4708450435909357e-12
7300.056 1.4396428217880925e-12
7350.056 1.8427134228469938e-12
7400.056 2.2643671640800393e-12
7450.056 2.907066603200064e-12
7500.056 3.4484067143000048e-12
7550.056 3.8770738689000054e-12
7600.056 4.118014718999999e-12
7650.056 2.431790797489965e-12
7700.056 2.461649127480036e-12
7750.056 4.993728867800048e-12
7800.056 6.288941332400015e-12
7850.056 7.392616350799938e-12
7900.056 9.071738837299992e-12
7950.056 1.063746324040003e-11
8000.056 1.3341492980700062e-11
8050.056 1.5876178317000134e-11
8100.056 1.1951677386979573e-11
8150.056 8.221565512607615e-12
8200.056 1.783581024468631e-11
8250.056 1.9067652018293807e-11
8300.056 2.187365408279268e-11
8350.056 2.575425549216986e-11
8400.056 3.3733349281400567e-11
8450.056 5.044226802600008e-11
8500.056 6.369523888199994e-11
8550.056 8.148533286800124e-11
8600.056 1.0080023346600059e-10
8650.056 1.1566872871000058e-10
8700.056 1.198504912300006e-10
8750.056 1.2933292133000056e-10
8800.056 1.26604663165999e-10
8850.056 9.699129420899631e-11
8900.056 1.5740797631278472e-11
8950.056 7.94358696642032e-12
9000.056 7.801893591731688e-12
9050.056 3.802461532958166e-11
9100.056 4.253770459670722e-11
9150.056 5.0607767143167494e-11
9200.056 9.2496041086264e-11
9250.056 6.380866491450934e-11
9300.056 3.899160019708155e-13
9350.056 7.120648440339174e-13
9400.056 8.446185113206787e-12
9450.056 4.801976526909574e-12
9500.056 3.5799896203400996e-12
9550.056 3.248339654178208e-12
9600.056 4.783027876150711e-12
9650.056 1.1896745556144665e-11
9700.056 5.073802706661234e-11
9750.056 4.021249440818523e-11
9800.056 5.307614678127427e-11
9850.056 7.133082202188848e-11
9900.056 1.1301709975850782e-10
9950.056 1.2366333522600594e-10
10000.056 1.3048435324961883e-10
10050.056 1.6673245234900058e-10
10100.056 1.7310239810000112e-10
10150.056 1.1788964613099828e-10
10200.056 5.6709102547904795e-11
10250.056 8.070399237153018e-11
10300.056 1.5084651646539105e-10
10350.056 7.996181546700487e-11
10400.056 2.0292871174301207e-10
10450.056 3.309411020379663e-10
10500.056 5.04270473500009e-10
10550.056 7.880061873400096e-10
10600.056 9.847095167800162e-10
10650.056 1.0716102913300022e-09
10700.056 9.77913163929994e-10
10750.056 1.0218846093499868e-09
10800.056 9.61242130730012e-10
10850.056 8.1826721396701e-10
10900.056 5.649405843939748e-10
10950.056 2.1900701193299468e-10
11000.056 8.359286248428973e-11
11050.056 2.5876528270151247e-11
11100.056 7.31515389278808e-12
11150.056 1.5757798372521527e-12
11200.056 8.201594974032828e-13
11250.056 9.548425076074309e-13
11300.056 2.4351541468241573e-12
11350.056 4.247188078989369e-13
11400.056 5.426954897760565e-12
11450.056 1.9605769601618435e-12
11500.056 2.099131230371605e-12
11550.056 3.5762017061094675e-13
11600.056 9.299519569953046e-14
11650.056 8.888251324858897e-13
11700.056 1.4472066195029701e-12
11750.056 3.87359275739442e-13
11800.056 2.8893783505371183e-12
11850.056 3.591824480606096e-12
11900.056 3.8885352942098585e-12
11950.056 6.635154226900743e-12
12000.056 1.1194703509730859e-11
12050.056 2.04854824772802e-11
12100.056 2.5234410674447987e-11
12150.056 4.029733774322225e-11
12200.056 4.636195823900003e-11
12250.056 9.106842375522959e-11
12300.056 1.8659432817161345e-10
12350.056 2.418477145933044e-10
12400.056 4.3507011774399846e-10
12450.056 7.585795351600143e-10
12500.056 9.3224778243001e-10
12550.056 1.1300400002300192e-09
12600.056 1.6570261668200792e-09
12650.056 2.2893620372299918e-09
12700.056 2.380498865599975e-09
12750.056 1.3649619529400195e-09
12800.056 7.185056590899462e-10
12850.056 2.948837728429805e-10
12900.056 1.8277374839770727e-10
12950.056 1.2247945487770683e-10
13000.056 1.5047997696702234e-10
13050.056 7.543963624677124e-11
13100.056 7.024616801874725e-11
13150.056 3.014507505747496e-11
13200.056 3.836344309260451e-11
13250.056 3.348864371968213e-11
13300.056 1.02185388862915e-11
13350.056 4.283231341180041e-12
13400.056 1.0007259951380045e-12
13450.056 1.506915675507816e-13
13500.056 2.926722674401224e-14
13550.056 3.4563227768271265e-15
13600.056 4.255404417759651e-16
13650.056 5.008624972818601e-15
13700.056 1.9910065387466186e-15
13750.056 1.5925057460354045e-14
13800.056 1.5206742278036092e-14
13850.056 3.576942820427297e-15
13900.056 1.1256276894989216e-14
13950.056 8.676178899128756e-15
14000.056 1.8222761115602295e-14
14050.056 2.502738073708013e-14
14100.056 2.3684768758012572e-14
14150.056 9.334266050506717e-14
14200.056 6.00657556983887e-14
14250.056 1.0686138572395575e-13
14300.056 5.061904820391235e-13
14350.056 3.41352205723172e-13
14400.056 3.2593696769614503e-13
14450.056 8.920423993265191e-13
14500.056 2.2427956000677415e-12
14550.056 2.86687408065156e-12
14600.056 4.910294991105977e-12
14650.056 1.4236219638641128e-12
14700.056 5.40406871962409e-13
14750.056 1.6061366145809766e-13
14800.056 1.9917569389783372e-13
14850.056 2.1932420622380027e-13
14900.056 2.0053063025184788e-13
14950.056 1.1623531029712598e-13
15000.056 5.207002171620257e-13
15050.056 6.986981168502921e-13
15100.056 2.1286267903707125e-13
15150.056 5.88443628726425e-14
15200.056 4.382658514310697e-13
15250.056 1.0511937842963027e-12
15300.056 1.6163340555166048e-12
15350.056 2.322646878928602e-12
15400.056 2.7338569552521014e-12
15450.056 4.4409149312028355e-12
15500.056 6.486947647532272e-12
15550.056 1.8410714610377213e-11
15600.056 3.864336935923369e-11
15650.056 8.984364011241726e-11
15700.056 2.0273745371801258e-10
15750.056 3.094087986220121e-10
15800.056 4.4732751199400326e-10
15850.056 6.398886115600595e-10
15900.056 7.631982096699935e-10
15950.056 9.352712233199976e-10
16000.056 7.977278543999976e-10
16050.056 4.889047292399735e-10
16100.056 2.422101067620001e-10
16150.056 1.0145004679828828e-10
16200.056 3.452871277043292e-11
16250.056 1.4536363297331186e-11
16300.056 6.412329633185643e-12
16350.056 8.655828255666557e-12
16400.056 1.0418138220731847e-11
16450.056 1.1093550963242036e-11
16500.056 7.721610904999137e-12
16550.056 8.029219500350869e-12
16600.056 2.5821227648088267e-11
16650.056 1.434132502208752e-11
16700.056 1.5268222329350659e-12
16750.056 7.232625512038171e-12
16800.056 1.2696777416386199e-11
16850.056 1.3347208943893505e-11
16900.056 3.924325228550016e-12
16950.056 2.294751655193456e-12
17000.056 8.691849355421924e-13
17050.056 2.2221351626962923e-12
17100.056 5.943880312631065e-12
17150.056 2.8950948445170877e-12
17200.056 1.4914905649420182e-11
17250.056 3.739624793498333e-12
17300.056 2.581629511057438e-12
17350.056 3.790596596217246e-12
17400.056 9.486485570174626e-12
17450.056 1.3029109278102145e-11
17500.056 2.139995217058768e-11
17550.056 1.6941478024717842e-11
17600.056 1.4794368065759417e-11
17650.056 8.466758193453137e-12
17700.056 7.537109000017157e-12
17750.056 5.52047430197417e-12
17800.056 1.6825478185293548e-11
17850.056 5.694632598732619e-12
17900.056 3.4119927075889183e-12
17950.056 1.939573377232748e-12
18000.056 4.682641581091767e-12
18050.056 1.6632282761323525e-12
18100.056 1.982253173219581e-12
18150.056 1.047124108509544e-12
18200.056 7.286049742971797e-13
18250.056 4.294734168014485e-12
18300.056 2.739060780497473e-13
18350.056 2.4960404302757237e-13
18400.056 1.1256919250476202e-13
18450.056 1.8226960979245853e-12
18500.056 1.7984054571077243e-12
18550.056 5.669441461136498e-13
18600.056 1.1798231543448049e-12
18650.056 7.313016475911438e-13
18700.056 4.429061862386408e-14
18750.056 1.2083570078771556e-13
18800.056 4.036841306727606e-12
18850.056 3.3092884810858847e-12
18900.056 3.802335064760861e-12
18950.056 6.474964592448388e-12
19000.056 6.033351235089772e-13
19050.056 2.120516991476703e-13
19100.056 1.0110711486352652e-12
19150.056 3.137866325352837e-13
19200.056 8.847111866611995e-13
19250.056 5.447991228379563e-13
19300.056 2.647294033571961e-13
19350.056 2.799098209703055e-13
19400.056 1.900472728883753e-13
19450.056 3.247545373837024e-13
19500.056 2.2970613459684493e-13
19550.056 7.504140365610756e-13
19600.056 2.089373060049965e-12
19650.056 1.2713380332374801e-12
19700.056 2.4399979666398113e-12
19750.056 4.0717114245770735e-12
19800.056 1.911456721951058e-12
19850.056 2.4607343065154006e-12
19900.056 4.812398089701022e-12
19950.056 8.38887480266327e-12
20000.056 1.1341979447347075e-11
20050.056 6.6561847388892954e-12
20100.056 1.2206901226161232e-11
20150.056 7.559942349566158e-12
20200.056 3.827256315335906e-12
20250.056 1.2565078065506008e-11
20300.056 1.783449361412742e-11
20350.056 2.1097466244644377e-11
20400.056 1.508251673970399e-11
20450.056 3.784411237044344e-11
20500.056 4.5587580797149226e-11
20550.056 5.509944207003578e-11
20600.056 6.395454582771265e-11
20650.056 8.41463483252924e-11
20700.056 9.96937995601966e-11
20750.056 1.164861876109973e-10
20800.056 1.1282835818198403e-10
20850.056 1.4569424546400369e-10
20900.056 1.56831120678998e-10
20950.056 1.5335340613200366e-10
21000.056 1.5068071523900127e-10
21050.056 1.6573905714999626e-10
21100.056 1.5796724869000006e-10
21150.056 1.5684988446599658e-10
21200.056 1.4590111835800444e-10
21250.056 1.3460486153698843e-10
21300.056 1.1199791689300476e-10
21350.056 1.0796617703921383e-10
21400.056 1.0626230701170478e-10
21450.056 7.734897089079028e-11
21500.056 6.269373027216686e-11
21550.056 6.011325320671531e-11
21600.056 4.991780543143475e-11
21650.056 3.1202302675399585e-11
21700.056 2.457054331961115e-11
21750.056 2.4281726714607493e-11
21800.056 1.3572896059338175e-11
21850.056 1.2628784329448142e-11
21900.056 7.906306822998758e-12
21950.056 2.4400981784497622e-12
22000.056 1.4141456837337596e-13
22050.056 4.017530058705287e-13
22100.056 1.9784172767573246e-12
22150.056 1.1197061667747075e-12
22200.056 1.0224222160128009e-12
22250.056 8.047345328897612e-13
22300.056 2.404769435371508e-13
22350.056 4.268855809287705e-13
22400.056 9.355940986636007e-14
22450.056 2.3875321878976466e-13
22500.056 1.6692322788554283e-13
22550.056 5.150171264228775e-14
22600.056 3.658277023673017e-14
22650.056 7.680660243141727e-14
22700.056 8.359183009300406e-14
22750.056 2.031794298390966e-13
22800.056 2.3968526323874484e-13
22850.056 1.4252138278110947e-13
22900.056 8.613994380184938e-14
22950.056 4.947480695376449e-14
23000.056 7.634891632212016e-14
23050.056 6.856245135080437e-14
23100.056 1.627201407270418e-12
23150.056 1.7258800052589588e-12
23200.056 1.6831034984349295e-14
23250.056 1.7816379016333488e-13
23300.056 1.2702576405803582e-13
23350.056 1.974676079707665e-13
23400.056 1.4456712597691582e-13
23450.056 5.0222717190679996e-14
23500.056 5.871650724243524e-14
23550.056 2.0210394752192488e-13
23600.056 7.577589174205797e-13
23650.056 9.259478468077376e-13
23700.056 6.832839189021963e-14
23750.056 1.0218854138021801e-13
23800.056 1.1434692394137148e-12
23850.056 4.814273261954941e-13
23900.056 1.5986070113150196e-12
23950.056 4.460189906622315e-13
24000.056 1.977220090448199e-12
24050.056 2.139251596964642e-12
24100.056 3.821817904810537e-12
24150.056 5.64015180565501e-12
24200.056 2.7960084017290763e-12
24250.056 1.9419097630675235e-12
24300.056 5.920186933643858e-12
24350.056 3.940869467824189e-12
24400.056 1.4644063954989714e-11
24450.056 1.5130227750968022e-11
24500.056 1.1604230548131478e-11
24550.056 2.6340187290146157e-11
24600.056 3.0316478608628174e-11
24650.056 5.066638763826521e-11
24700.056 2.944035359761677e-11
24750.056 4.2717035761581484e-11
24800.056 2.9508881250942116e-11
24850.056 5.234667349240979e-11
24900.056 1.6782736940768426e-11
24950.056 3.5751245282688135e-11
25000.056 4.1674037495000525e-11
25050.056 1.9107230400004698e-11
25100.056 3.541527733047055e-11
25150.056 1.2101566756134246e-11
25200.056 1.843983925677931e-11
25250.056 4.996617970571019e-12
25300.056 5.8910627534229724e-12
25350.056 2.43122514390813e-12
25400.056 7.103224616592259e-12
25450.056 1.4132704412928264e-12
25500.056 1.0356550507216353e-12
25550.056 3.4500682163230307e-12
25600.056 1.315385953433565e-12
25650.056 4.326959203257562e-13
25700.056 2.711573075107714e-13
25750.056 7.402712097987555e-14
25800.056 5.100001388255116e-13
25850.056 6.154311527127971e-14
25900.056 8.349360455114119e-14
25950.056 1.9173535693727252e-14
26000.056 3.238081431101255e-13
26050.056 2.7059726686409144e-14
26100.056 1.43722363907351e-13
26150.056 4.859368995785829e-14
26200.056 7.248336795305117e-14
26250.056 7.883794074101221e-13
26300.056 8.472245191157857e-14
26350.056 2.738226524354212e-12
26400.056 6.21582922811695e-12
26450.056 2.3322070165553456e-12
26500.056 9.33292493252634e-12
26550.056 3.6921692144884124e-13
26600.056 3.21853252908981e-13
26650.056 3.931533367760048e-14
26700.056 3.2762965507693606e-14
26750.056 5.502099038620727e-14
26800.056 2.5541559779760983e-13
26850.056 1.3963050786977854e-13
26900.056 8.449757097223044e-13
26950.056 1.86199736355119e-13
27000.056 1.3184439536440422e-12
27050.056 2.6338556868478862e-12
27100.056 8.575614543887445e-14
27150.056 2.0716980859591453e-12
27200.056 9.219312022462491e-14
27250.056 4.694549498274084e-13
27300.056 8.071661716124496e-12
27350.056 1.5385878834365578e-12
27400.056 6.63835194952958e-14
27450.056 2.5717584438398344e-12
27500.056 3.70175763729906e-12
27550.056 3.452865752630129e-13
27600.056 1.3961602301973023e-12
27650.056 2.777711285087439e-13
27700.056 3.333425497034572e-13
27750.056 2.93793823516869e-12
27800.056 7.626066728535074e-13
27850.056 1.8134220955217047e-12
27900.056 2.5017182263243418e-12
27950.056 5.3164576454347704e-12
28000.056 6.460213063915172e-12
28050.056 3.9871016972818315e-13
28100.056 7.708602384790237e-12
28150.056 5.222111141788086e-12
28200.056 7.941297646870892e-13
28250.056 1.0578907828938424e-11
28300.056 9.61746463520491e-12
28350.056 1.0072079809539666e-12
28400.056 5.838554491339233e-12
28450.056 1.2830351600135034e-11
28500.056 5.1830775881909995e-12
28550.056 8.581173590944376e-13
28600.056 1.1533183609797034e-11
28650.056 4.921234238402329e-12
28700.056 1.2087274105187022e-11
28750.056 2.093455442301052e-11
28800.056 4.771348951336451e-12
28850.056 2.5541079065738042e-11
28900.056 9.39593702482816e-12
28950.056 1.2440258315090755e-11
29000.056 7.039626490460059e-12
29050.056 1.3652897530432834e-11
29100.056 4.919122959155472e-12
29150.056 6.288343237943322e-12
29200.056 3.293919533889769e-11
29250.056 1.9911824493625755e-11
29300.056 1.3029628310217574e-11
29350.056 3.3916984470354175e-11
29400.056 1.5741365292891593e-11
29450.056 4.9847348862362985e-12
29500.056 4.183549088021596e-11
29550.056 1.0119347561027207e-11
29600.056 1.0741163026780962e-11
29650.056 6.547232840109398e-11
29700.056 7.425683373519394e-12
29750.056 4.0479253383374504e-11
29800.056 1.8925519590832016e-11
29850.056 5.522809976947048e-11
29900.056 1.791692769378001e-11
29950.056 2.2455724125175713e-11
30000.056 2.0595034012445126e-13
30050.056 2.8658132155138303e-12
30100.056 1.489922193827873e-11
30150.056 6.254601126846578e-11
30200.056 3.5837369976211393e-11
30250.056 5.3881880267871486e-11
30300.056 8.216727815470454e-11
30350.056 1.1163241032537251e-11
30400.056 8.911735296501529e-11
30450.056 7.507893081546144e-11
30500.056 2.3541011543162636e-11
30550.056 2.0691956396565653e-11
30600.056 4.150176926039579e-10
30650.056 1.2802034323332776e-10
30700.056 4.834876660962048e-11
30750.056 1.2145512206945903e-10
30800.056 1.541131198410764e-10
30850.056 1.5122017993100393e-10
30900.056 7.482032425404881e-11
30950.056 4.6793809829707994e-11
31000.056 6.763650664051408e-11
31050.056 3.154621188098632e-11
31100.056 2.3490791531147685e-11
31150.056 4.699241053601459e-11
31200.056 2.2038404192936874e-10
31250.056 8.657932696527902e-11
31300.056 4.048745744116924e-11
31350.056 1.743298111694435e-10
31400.056 1.0294889793036746e-10
31450.056 1.0308857218922434e-10
31500.056 2.8510806205823265e-11
31550.056 6.354759936642101e-11
31600.056 4.89303755214223e-11
31650.056 3.6517586156632384e-11
31700.056 2.6589625524572475e-11
31750.056 1.308085034489623e-11
31800.056 2.577797801807566e-11
31850.056 3.634083006290399e-12
31900.056 9.761887657626865e-12
31950.056 5.225191066749966e-12
32000.056 3.0332148735943606e-12
32050.056 4.254177449046214e-12
32100.056 3.664444910628517e-12
32150.056 2.933355617745816e-12
32200.056 1.2366722949618648e-12
32250.056 3.0783233247016556e-12
32300.056 7.048469205994461e-13
32350.056 2.8822634905778376e-12
32400.056 2.094738011882044e-13
32450.056 1.7559598168604448e-12
32500.056 2.0101553522601783e-13
32550.056 1.5777523909492032e-12
32600.056 1.5064599326507506e-13
32650.056 3.8573987165104565e-12
32700.056 3.0659280778088676e-13
32750.056 1.1110888297035402e-11
32800.056 4.484497886299434e-12
32850.056 3.1281300561178555e-11
32900.056 2.456630219252076e-11
32950.056 2.513171542355181e-11
33000.056 5.695319358204533e-12
33050.056 4.611041199917851e-12
33100.056 6.871421788598426e-13
33150.056 3.4642690363435216e-16
33200.056 3.375781120585746e-14
33250.056 7.608893236072275e-14
33300.056 1.7205519889819772e-12
33350.056 3.534182869685481e-12
33400.056 1.734160441066267e-11
33450.056 3.356306422439524e-12
33500.056 2.1096587527509582e-11
33550.056 2.6755433157349653e-12
33600.056 8.339810220332793e-12
33650.056 8.731207933823958e-12
33700.056 1.3682735552693007e-12
33750.056 1.1125043139440643e-11
33800.056 4.603832811731713e-13
33850.056 5.039072101457654e-12
33900.056 5.502955659885668e-12
33950.056 5.2764347314363645e-12
34000.056 1.3718348019831562e-11
34050.056 1.9867270518153374e-12
34100.056 1.5162786091037083e-11
34150.056 4.352062022611111e-12
34200.056 1.9101493111189265e-11
34250.056 7.401670976737468e-12
34300.056 1.029315035394995e-11
34350.056 4.485749486668679e-11
34400.056 6.3382061572494554e-12
34450.056 3.466647703766112e-11
34500.056 1.1211898780019708e-11
34550.056 2.010408068949875e-11
34600.056 1.0023870740273839e-10
34650.056 5.417310828617339e-12
34700.056 5.578522080602621e-11
34750.056 2.7252106335914806e-11
34800.056 1.925073316147078e-11
34850.056 9.648457938577317e-11
34900.056 8.421204218570472e-12
34950.056 1.1203952047656217e-10
35000.056 1.352477444618516e-10
35050.056 1.020712412158087e-10
35100.056 2.2068683072206447e-10
35150.056 1.8047663232034392e-10
35200.056 1.2920822927391364e-10
35250.056 2.75575440962229e-10
35300.056 6.434007209562971e-11
35350.056 6.866044455726135e-11
35400.056 4.3578118706418756e-11
35450.056 4.370173124670401e-11
35500.056 1.9521029256546235e-10
35550.056 1.0590041080778059e-10
35600.056 1.983731820189683e-10
35650.056 2.787948769588087e-10
35700.056 2.8517908465557187e-10
35750.056 2.991652015880004e-10
35800.056 1.3662301468636406e-10
35850.056 6.706037875334355e-11
35900.056 8.695795197660527e-11
35950.056 1.776957307288413e-10
36000.056 2.114746979850375e-10
36050.056 1.3790361544717992e-10
36100.056 1.3348027774941743e-10
36150.056 5.549424563948223e-10
36200.056 4.851947648989903e-10
36250.056 2.548433671195665e-10
36300.056 8.79600930248673e-10
36350.056 4.253408846996238e-10
36400.056 7.472486156268705e-10
36450.056 5.398757970737861e-10
36500.056 5.505253018254563e-10
36550.056 1.2839326296747748e-09
36600.056 1.3103900728117155e-09
36650.056 6.831734912375453e-10
36700.056 9.014755271178375e-10
36750.056 1.3230669341406542e-09
36800.056 1.6918448558869012e-09
36850.056 6.179922181734e-10
36900.056 9.273727246235032e-10
36950.056 1.7483363035392652e-09
37000.056 1.0116107236808912e-09
37050.056 1.9291203314572156e-09
37100.056 6.04149927215412e-10
37150.056 1.0344037727610872e-09
37200.056 2.432757002589956e-09
37250.056 1.2112760938074108e-09
37300.056 5.970841313091613e-10
37350.056 1.217364219194603e-09
37400.056 2.190040933272871e-09
37450.056 6.749515451501143e-10
37500.056 1.087895667560265e-09
37550.056 3.129007582663517e-09
37600.056 5.537364139492111e-09
37650.056 9.803851015418182e-10
37700.056 2.137306869795395e-09
37750.056 1.6229827189339466e-09
37800.056 1.4798931632080967e-09
37850.056 7.402968261804683e-10
37900.056 8.380849353797037e-10
37950.056 1.891766039204237e-09
38000.056 1.6466919125341388e-09
38050.056 3.226467570703223e-09
38100.056 4.284365733582543e-09
38150.056 5.355407944865606e-09
38200.056 3.2099687236264466e-09
38250.056 4.903465284700553e-09
38300.056 8.31093982800965e-09
38350.056 5.755239226305036e-09
38400.056 1.7136984892164437e-09
38450.056 5.011287332202218e-10
38500.056 4.4505671123150105e-10
38550.056 2.355124976290365e-09
38600.056 2.9611570287593663e-09
38650.056 3.0339336276669304e-09
38700.056 2.117912966380101e-09
38750.056 2.7133207571459675e-09
38800.056 2.5213239117286507e-09
38850.056 3.253882358922533e-09
38900.056 3.958529371425813e-09
38950.056 2.084191733761172e-09
39000.056 4.335925601390037e-09
39050.056 1.6498200786207534e-09
39100.056 3.3972980670381857e-09
39150.056 5.702482587356065e-09
39200.056 3.441360682053539e-09
39250.056 6.012699786057129e-09
39300.056 3.438198961525924e-09
39350.056 7.915775435409783e-09
39400.056 3.768628331212967e-09
39450.056 6.49387981365191e-09
39500.056 6.940500178800064e-09
39550.056 2.2780451709275766e-09
39600.056 5.901424112306973e-09
39650.056 8.927179991699602e-09
39700.056 8.260090072031132e-09
39750.056 2.6856075290737936e-09
39800.056 2.9000746531360755e-09
39850.056 9.596352936801105e-09
39900.056 1.1849741915200746e-08
39950.056 3.7163733057742057e-09
40000.056 7.751673490899755e-09
40050.056 9.528400018419594e-09
40100.056 2.1861783422268852e-09
40150.056 7.560862517580387e-09
40200.056 9.046554888198725e-09
40250.056 1.0534439672697785e-08
40300.056 1.0841599479001284e-08
40350.056 4.828734931950179e-09
40400.056 7.566472771278181e-09
40450.056 2.8542339625477922e-09
40500.056 1.0481112722620514e-08
40550.056 1.0796263355040255e-08
40600.056 1.0091566534899777e-08
40650.056 6.8192195114862906e-09
40700.056 1.4347478093498856e-08
40750.056 9.240952919548357e-09
40800.056 4.559973132159817e-09
40850.056 1.7512525496403265e-08
40900.056 1.5743301904897676e-08
40950.056 1.1259580748545367e-08
41000.056 8.384350924190068e-09
41050.056 1.982471975019871e-08
41100.056 1.6464313658419282e-08
41150.056 4.336108108500495e-09
41200.056 1.8879422039402542e-08
41250.056 1.5599124497586976e-08
41300.056 1.7090562187462513e-08
41350.056 2.3801740601999614e-08
41400.056 1.7116688585898788e-08
41450.056 2.471158068089841e-08
41500.056 1.2593786613314367e-08
41550.056 1.1286810470733201e-08
41600.056 1.2689530627067418e-08
41650.056 2.0861471546022576e-08
41700.056 3.1091659797996455e-08
41750.056 2.096969503729927e-08
41800.056 2.248827949000145e-08
41850.056 1.9233745284367254e-08
41900.056 1.4492051162795777e-08
41950.056 1.4318351329798947e-08
42000.056 5.481991870894659e-09
42050.056 8.43273708638628e-09
42100.056 1.1421040789470034e-08
42150.056 1.3695266046149025e-08
42200.056 1.65738393782993e-08
42250.056 1.3019314237443052e-08
42300.056 1.0570330210138864e-08
42350.056 2.125960446310075e-08
42400.056 2.6612519341602078e-08
42450.056 2.8108876037002757e-08
42500.056 2.9328703538998456e-08
42550.056 2.4527251759998352e-08
42600.056 2.2323574064106827e-08
42650.056 3.5252687612195135e-08
42700.056 1.3176789575836195e-08
42750.056 2.370076237440385e-08
42800.056 3.752986206900141e-08
42850.056 3.959050949599419e-08
42900.056 4.0001365498002965e-08
42950.056 2.9823504406800725e-08
43000.056 3.559519772579955e-08
43050.056 1.554872332229979e-08
43100.056 2.8749862839999842e-08
43150.056 2.4204741079700782e-08
43200.056 3.61652113770027e-08
43250.056 5.2705485933002014e-08
43300.056 4.4803506051999574e-08
43350.056 2.2584423584397013e-08
43400.056 3.534506726720209e-08
43450.056 2.1664173021300904e-08
43500.056 1.9892080209502035e-08
43550.056 2.313707348110185e-08
43600.056 4.331700445700144e-08
43650.056 2.23796755967986e-08
43700.056 4.6984849400409e-08
43750.056 4.735108416099645e-08
43800.056 3.837044737479879e-08
43850.056 3.4719505484304243e-08
43900.056 2.3023056158298846e-08
43950.056 1.643825861909871e-08
44000.056 1.6451651887399452e-08
44050.056 4.496979336800308e-08
44100.056 6.439871770600164e-08
44150.056 5.4781896418996686e-08
44200.056 5.227081656100149e-08
44250.056 2.554816000499735e-08
44300.056 1.702984764320146e-08
44350.056 1.870630283159174e-08
44400.056 1.8469940003499275e-08
44450.056 3.766154324560434e-08
44500.056 3.179387573500246e-08
44550.056 4.858502870999957e-08
44600.056 3.656645330640054e-08
44650.056 3.739681367299853e-08
44700.056 2.3704412369796503e-08
44750.056 3.705614619270463e-08
44800.056 2.226371112190127e-08
44850.056 3.403275608600134e-08
44900.056 3.1194992678398647e-08
44950.056 3.750811358400425e-08
45000.056 4.717538300400011e-08
45050.056 3.999875577979642e-08
45100.056 3.573180325740227e-08
45150.056 2.986635873109742e-08
45200.056 2.0141098685601768e-08
45250.056 2.493925774289602e-08
45300.056 2.4675301059602652e-08
45350.056 1.6956488351543386e-08
45400.056 5.735257959000418e-08
45450.056 4.3932787223804814e-08
45500.056 5.7415999833603914e-08
45550.056 6.257408192298966e-08
45600.056 4.936781913400391e-08
45650.056 4.178017386229742e-08
45700.056 2.254232217993838e-08
45750.056 1.9114569650001696e-08
45800.056 5.6237819567002276e-08
45850.056 4.238411864250183e-08
45900.056 5.9400166409997625e-08
45950.056 5.482225649099641e-08
46000.056 5.63776341310045e-08
46050.056 4.1258416409005884e-08
46100.056 6.886559212999549e-08
46150.056 3.5551088384400055e-08
46200.056 2.6858218640395876e-08
46250.056 8.67822086938961e-09
46300.056 3.4499971465802415e-08
46350.056 3.6848117768504385e-08
46400.056 3.758651467230127e-08
46450.056 3.074660425688741e-08
46500.056 3.68490466663047e-08
46550.056 1.7235499523398766e-08
46600.056 2.1665270954017115e-08
46650.056 3.902475382770174e-08
46700.056 2.525874735299555e-08
46750.056 9.341972146361557e-09
46800.056 5.732511213109299e-09
46850.056 3.350361556340553e-08
46900.056 4.487703956099823e-08
46950.056 4.5153093767997706e-08
47000.056 4.612862970400362e-08
47050.056 2.718045234253215e-08
47100.056 1.973372020240064e-08
47150.056 3.4413355871404477e-08
47200.056 3.7837708633998e-08
47250.056 1.5014907082646758e-08
47300.056 1.0127307449993043e-08
47350.056 3.899964777200364e-08
47400.056 4.233271232799792e-08
47450.056 2.3812891753001664e-08
47500.056 4.913485172100207e-08
47550.056 4.1753753235001134e-08
47600.056 3.195892346289541e-08
47650.056 3.77250470375792e-08
47700.056 2.757164625776391e-08
47750.056 1.9493886118400164e-08
47800.056 1.3343053801401333e-08
47850.056 4.906836667770957e-09
47900.056 9.170017976210156e-09
47950.056 3.0184893181002435e-08
48000.056 4.1600676619996816e-08
48050.056 3.0229825496399914e-08
48100.056 1.2323213781240708e-08
48150.056 2.5590077270401495e-08
48200.056 1.5045701942898014e-08
48250.056 2.3441416387000276e-08
48300.056 3.848230805399981e-08
48350.056 2.068157258909699e-08
48400.056 3.3893044644209643e-09
48450.056 7.412501951166903e-09
48500.056 1.5714364119996614e-08
48550.056 2.010315809111361e-08
48600.056 3.638680813800056e-08
48650.056 4.6500586674998585e-08
48700.056 2.8668649939803957e-08
48750.056 2.150640211800177e-08
48800.056 3.517154833900139e-08
48850.056 1.5423271549947648e-08
48900.056 1.5801522859978325e-08
48950.056 7.653404868539602e-09
49000.056 4.458404193871255e-09
49050.056 1.6731621011368117e-08
49100.056 2.5413523767284407e-08
49150.056 1.993559655718997e-08
49200.056 3.577711237000391e-08
49250.056 3.8506548440000215e-08
49300.056 2.929899009599782e-08
49350.056 9.550022579939588e-09
49400.056 1.4280786330966812e-08
49450.056 1.1339527596202435e-08
49500.056 8.739230917938266e-09
49550.056 1.2025402909830063e-09
49600.056 4.026166422412828e-09
49650.056 1.546733798630173e-08
49700.056 2.059152005699733e-08
49750.056 1.5746874481699436e-08
49800.056 8.259907396358095e-09
49850.056 2.3791947327002934e-08
49900.056 2.5022517701999218e-08
49950.056 2.3398639600099398e-08
50000.056 1.2706934510803265e-08
50050.056 1.5538025852821714e-08
50100.056 1.3222855546399109e-08
50150.056 4.431763055759085e-09
50200.056 5.346831682842569e-10
50250.056 4.112337164599995e-09
50300.056 2.849508040812654e-09
50350.056 1.4912535756702157e-08
50400.056 2.0060518363998485e-08
50450.056 1.52885123679008e-08
50500.056 2.4997993400900837e-08
50550.056 2.5060892294000792e-08
50600.056 1.519532258809539e-08
50650.056 2.6281948834003347e-08
50700.056 2.4042810515999023e-08
50750.056 1.2528954589699665e-08
50800.056 2.9202393499183648e-09
50850.056 1.1632866948785987e-09
50900.056 1.1433251706301397e-08
50950.056 1.3590614426498634e-08
51000.056 8.781832515514505e-09
51050.056 1.661340698719803e-08
51100.056 5.266636918460216e-09
51150.056 4.344108672651132e-09
51200.056 1.970488425700025e-08
51250.056 1.5458024089297833e-08
51300.056 9.086052867061059e-09
51350.056 6.905101442505608e-09
51400.056 1.420878859594334e-09
51450.056 1.2578894315645948e-09
51500.056 1.2170257411644883e-09
51550.056 6.225754271001352e-09
51600.056 7.69824514690115e-09
51650.056 1.187374538339996e-08
51700.056 1.011350450102623e-08
51750.056 6.705417642491513e-09
51800.056 1.505097233399926e-08
51850.056 1.1269778030799436e-08
51900.056 1.0313619986800284e-08
51950.056 4.4848164487991905e-09
52000.056 3.4151084532689204e-10
52050.056 2.1254383829002068e-09
52100.056 1.0025283446697628e-09
52150.056 5.333365548381974e-10
52200.056 2.7905388886499742e-09
52250.056 5.5106952532409955e-09
52300.056 5.996868543799458e-09
52350.056 1.152821699677847e-09
52400.056 1.3787002065010092e-09
52450.056 7.925085306800884e-09
52500.056 5.3837462921992226e-09
52550.056 8.804789272699515e-09
52600.056 7.453848136780718e-09
52650.056 9.253416678300067e-09
52700.056 4.98645058716963e-09
52750.056 1.2812991075075039e-09
52800.056 2.885365176490569e-09
52850.056 3.607598221209118e-09
52900.056 9.190326326815782e-10
52950.056 1.8733084533503693e-09
53000.056 5.0081367028003925e-09
53050.056 1.5235621313817428e-09
53100.056 8.011715515400625e-09
53150.056 7.970029839199946e-09
53200.056 3.2356094593099066e-09
53250.056 6.391655746999761e-09
53300.056 7.011219043551234e-09
53350.056 5.666909886100088e-09
53400.056 3.2293509368994622e-09
53450.056 7.893254027397477e-10
53500.056 1.6183563496695881e-10
53550.056 3.1997482279799984e-10
53600.056 1.8004220299824462e-09
53650.056 3.3364704133200297e-09
53700.056 2.6044051787895003e-09
53750.056 2.4150396855795406e-09
53800.056 2.102513406470054e-09
53850.056 4.7409646050593745e-09
53900.056 6.405810962200041e-09
53950.056 4.685013570739811e-09
54000.056 3.7045912917207715e-09
54050.056 4.117327836699355e-09
54100.056 7.127608564339701e-10
54150.056 7.656210365900346e-10
54200.056 1.446481604359573e-10
54250.056 3.3424107121405457e-10
54300.056 9.7112107721508e-10
54350.056 1.9427724550600535e-09
54400.056 1.503661973604629e-09
54450.056 1.200818647402343e-09
54500.056 1.9217527667304165e-09
54550.056 1.5072342176098095e-09
54600.056 8.389369458397993e-10
54650.056 1.1735934200798058e-10
54700.056 8.937064465520718e-10
54750.056 9.59412668919886e-10
54800.056 5.051267762871699e-10
54850.056 8.279898738502378e-10
54900.056 1.1909289422790985e-09
54950.056 3.0418845684584763e-09
55000.056 1.2518018426368542e-09
55050.056 1.2346911228301321e-09
55100.056 1.9989618417806537e-09
55150.056 8.40328539524408e-10
55200.056 5.954687639860333e-10
55250.056 7.951688741085877e-10
55300.056 7.401002391770306e-10
55350.056 1.1804656482410108e-09
55400.056 8.750710162449339e-10
55450.056 9.96726292158744e-10
55500.056 3.3833741045103686e-10
55550.056 2.31989465831558e-10
55600.056 6.585536404940747e-10
55650.056 5.155352176458043e-10
55700.056 5.157830196720692e-10
55750.056 2.7770516770774444e-10
55800.056 1.3767819820202053e-10
55850.056 2.012592217569717e-10
55900.056 6.767400625444302e-10
55950.056 1.1693629106784839e-09
56000.056 4.806172074787161e-10
56050.056 3.878267870878766e-10
56100.056 6.589875709186522e-10
56150.056 2.994032250759863e-10
56200.056 3.4337544250394216e-10
56250.056 1.175846357127991e-09
56300.056 5.859097056388379e-10
56350.056 1.6973228929901932e-10
56400.056 1.1818111748608782e-10
56450.056 1.26340184540455e-10
56500.056 4.342027490725731e-10
56550.056 1.470957360000023e-10
56600.056 4.04310558389524e-10
56650.056 3.6598947928153626e-10
56700.056 3.107478997509787e-10
56750.056 2.1686361395297837e-10
56800.056 1.3416109085293656e-10
56850.056 3.7934747624509057e-10
56900.056 1.7529961043165746e-10
56950.056 5.421584764498792e-10
57000.056 7.428185067369343e-10
57050.056 5.28166557269847e-10
57100.056 8.50294982507044e-11
57150.056 2.5531295121149434e-10
57200.056 1.2681864096779444e-10
57250.056 2.3117595972999653e-10
57300.056 1.9547129806919592e-10
57350.056 1.509894414656573e-10
57400.056 4.1312555263032384e-10
57450.056 1.3885440583185826e-10
57500.056 9.8666709007003e-11
57550.056 1.3501770413857946e-10
57600.056 6.828612166960531e-11
57650.056 9.420056773051469e-11
57700.056 2.0006327579597488e-10
57750.056 3.021706313024557e-10
57800.056 2.1473283570089762e-10
57850.056 4.46498518515716e-10
57900.056 9.238972117100441e-10
57950.056 7.067161610539798e-10
58000.056 1.5204523204718457e-10
58050.056 3.825959781550206e-10
58100.056 1.7166625333366588e-10
58150.056 1.883270689019957e-10
58200.056 8.406051498699584e-11
58250.056 9.810284225536347e-11
58300.056 7.361020624067181e-11
58350.056 1.0380456767587164e-10
58400.056 1.900364441995564e-10
58450.056 5.196949664820064e-10
58500.056 5.241760714479148e-10
58550.056 1.6765088110897822e-10
58600.056 1.0598117671443933e-10
58650.056 2.439863918819768e-10
58700.056 8.926655481113098e-11
58750.056 2.99433365119966e-10
58800.056 5.659325447888863e-11
58850.056 1.0801780710931176e-10
58900.056 7.803757037093113e-11
58950.056 1.1157304153596e-10
59000.056 1.6162254225140623e-10
59050.056 1.169971080902808e-10
59100.056 3.9394571163343344e-11
59150.056 1.2579416311276815e-10
59200.056 3.7273445043602033e-10
59250.056 4.591077409400293e-10
59300.056 3.5540031260993864e-10
59350.056 1.0616413689600099e-10
59400.056 9.827463640608459e-11
59450.056 2.462561804004796e-10
59500.056 2.5895393630394676e-10
59550.056 2.62881640569996e-10
59600.056 2.806602331405071e-10
59650.056 5.811338037349006e-11
59700.056 1.6757040968703667e-10
59750.056 5.613722754919635e-10
59800.056 2.5164458562771844e-10
59850.056 2.2736587603977698e-10
59900.056 1.600896121600094e-10
59950.056 1.8214437961644933e-10
60000.056 4.054979196259534e-10
60050.056 6.996650333620587e-10
60100.056 4.769227081399624e-10
60150.056 1.3439628671496104e-10
60200.056 1.1522920509424642e-10
60250.056 4.989149951861207e-10
60300.056 3.382020654553581e-10
60350.056 3.015079944167076e-10
60400.056 3.179026294719064e-10
60450.056 9.997366472987785e-11
60500.056 5.593979053079071e-11
60550.056 2.0461076268759698e-10
60600.056 2.379320707597641e-10
60650.056 2.253218597639277e-10
60700.056 1.3407646624296914e-10
60750.056 4.606645086567216e-11
60800.056 1.958266384186218e-10
60850.056 3.50894950598252e-10
60900.056 2.087692378501978e-10
60950.056 1.0973205381486643e-10
61000.056 3.7322079652131047e-10
61050.056 1.6361948357975504e-10
61100.056 1.2709186010844678e-10
61150.056 7.224429101717366e-11
61200.056 2.580010933090436e-10
61250.056 1.7752972575150788e-10
61300.056 7.841044540683821e-11
61350.056 2.597389637840341e-10
61400.056 9.681369616910595e-11
61450.056 3.59557769672549e-11
61500.056 2.1363437204704213e-11
61550.056 6.395032849279915e-11
61600.056 5.745398941587371e-11
61650.056 3.919514463328013e-11
61700.056 1.5378835011937187e-10
61750.056 1.1003825450719267e-10
61800.056 1.2959436467865095e-10
61850.056 5.002818555901589e-11
61900.056 3.4285202891106135e-10
61950.056 1.5645628063786453e-10
62000.056 9.76910421893855e-11
62050.056 6.467239817576758e-10
62100.056 9.596882391004581e-11
62150.056 3.852339680103236e-10
62200.056 3.487662833996371e-10
62250.056 3.6377741189663617e-10
62300.056 7.285789823400201e-10
62350.056 1.111722585070116e-09
62400.056 6.507466417546258e-10
62450.056 4.4520072711279263e-10
62500.056 7.959507971822165e-10
62550.056 2.2192698439969653e-09
62600.056 3.575627712178143e-10
62650.056 3.079168813607357e-10
62700.056 1.3677978891623886e-10
62750.056 7.739610563226671e-10
62800.056 5.287122626899401e-10
62850.056 2.7517897482942265e-10
62900.056 1.203903735620208e-09
62950.056 1.6356233905627587e-09
63000.056 2.6978262197750917e-10
63050.056 2.4970578659508813e-09
63100.056 3.3149545847436613e-09
63150.056 2.4557843528802343e-09
63200.056 1.2375063763907715e-09
63250.056 1.0188343416499637e-09
63300.056 1.2376756020656206e-10
63350.056 3.611186595511241e-10
63400.056 2.7773227418791293e-10
63450.056 8.583181147224715e-11
63500.056 6.067169107901848e-10
63550.056 9.049816338998086e-10
63600.056 2.3809677869087554e-10
63650.056 5.404990696801129e-10
63700.056 2.458439369639504e-10
63750.056 2.974851247183324e-10
63800.056 7.873207586815472e-10
63850.056 6.792484996158412e-10
63900.056 2.3006502233599295e-10
63950.056 1.7919193464129924e-10
64000.056 4.5178815515819503e-10
64050.056 6.280264507926606e-11
64100.056 1.458656628230228e-10
64150.056 1.6558136042428254e-10
64200.056 1.0903270135799095e-10
64250.056 4.851575062132328e-10
64300.056 3.851678200979066e-10
64350.056 1.7137708878189574e-10
64400.056 5.153498604617098e-10
64450.056 4.6070540032317785e-10
64500.056 4.589677202200145e-10
64550.056 5.262236473700271e-10
64600.056 2.782799747374649e-10
64650.056 5.005212446378379e-10
64700.056 1.403592592614453e-10
64750.056 2.926450555007208e-10
64800.056 9.705340694750767e-11
64850.056 1.6363673826802134e-10
64900.056 9.958771224994715e-11
64950.056 1.0675625775698048e-10
65000.056 1.3381279214972115e-10
65050.056 3.1745821505390583e-10
65100.056 2.1402371246707314e-10
65150.056 2.7522594200561473e-10
65200.056 1.3645684901660112e-10
65250.056 1.290850855883274e-10
65300.056 2.7564161923949e-10
65350.056 5.278927589086986e-10
65400.056 2.79048457163771e-10
65450.056 3.720760926009562e-10
65500.056 4.2809339530403834e-10
65550.056 2.469996948561336e-10
65600.056 4.9370496720015e-10
65650.056 3.823800184653366e-10
65700.056 2.9548298257804666e-10
65750.056 2.3115178635914198e-10
65800.056 3.574057076510647e-10
65850.056 7.812136906698808e-10
65900.056 2.1894645239793327e-10
65950.056 1.5814838796222612e-10
66000.056 2.128572442265614e-10
66050.056 4.253100533884291e-10
66100.056 3.769632496716794e-10
66150.056 3.8584766850892777e-10
66200.056 6.564707861399661e-10
66250.056 2.5457784715104656e-10
66300.056 2.9933017728709173e-10
66350.056 1.806738111640168e-10
66400.056 2.557894582360712e-10
66450.056 5.729555909200984e-10
66500.056 7.427424223442347e-10
66550.056 6.955144655258284e-10
66600.056 6.243637110919468e-10
66650.056 2.0775830164804698e-10
66700.056 2.8689877150867586e-10
66750.056 5.46456138149932e-10
66800.056 3.6389121443000127e-10
66850.056 2.5602653096711894e-10
66900.056 9.11149908380777e-10
66950.056 5.755494939204374e-10
67000.056 1.307139804710397e-09
67050.056 6.220232735000423e-10
67100.056 4.904379971500716e-10
67150.056 5.730951630010058e-10
67200.056 7.925875969199046e-10
67250.056 8.09505544450257e-10
67300.056 1.3062898467519372e-09
67350.056 2.9984332507852353e-10
67400.056 9.25362323112081e-10
67450.056 7.123882328656232e-10
67500.056 5.621876431001166e-10
67550.056 2.0204206960407084e-09
67600.056 3.2412732308996818e-09
67650.056 1.7047904055703242e-09
67700.056 1.1981033301516005e-09
67750.056 6.877516428301853e-10
67800.056 5.741969397433648e-10
67850.056 5.159833210220061e-10
67900.056 4.6244012517202053e-10
67950.056 5.070655063299308e-10
68000.056 1.1906142775218456e-09
68050.056 5.267202180799021e-10
68100.056 1.2239959255523445e-09
68150.056 1.4319639724095645e-09
68200.056 7.982692628915583e-10
68250.056 3.6640959073598003e-10
68300.056 1.1606692277201496e-09
68350.056 1.5373446500398488e-09
68400.056 2.042961928060125e-09
68450.056 2.2122082730999856e-09
68500.056 1.0325306349597072e-09
68550.056 4.777679041999863e-10
68600.056 4.2671370386607443e-10
68650.056 3.3785506790603257e-10
68700.056 6.362744633502041e-10
68750.056 1.0140714797100148e-09
68800.056 7.156872462395993e-10
68850.056 7.343600772897029e-10
68900.056 2.6390352649900452e-09
68950.056 2.7650996058400173e-09
69000.056 9.128582202626157e-10
69050.056 6.515342669199664e-10
69100.056 2.0935208140001054e-09
69150.056 3.647045016150972e-09
69200.056 3.733474298840323e-09
69250.056 3.2669900769196353e-09
69300.056 3.3481785244605466e-09
69350.056 3.64822361779993e-09
69400.056 1.5076501664741294e-09
69450.056 2.87417952263872e-09
69500.056 1.7801717648399947e-09
69550.056 1.0798906531000282e-09
69600.056 3.503639075599922e-10
69650.056 1.116383596050265e-09
69700.056 2.112177689369956e-09
69750.056 1.0206858956529937e-09
69800.056 2.803374209399977e-09
69850.056 2.676507617840712e-09
69900.056 1.5399848737115818e-09
69950.056 1.4895739634086346e-09
70000.056 1.7914746054297815e-09
70050.056 4.174754453601328e-09
70100.056 2.9466509979856227e-09
70150.056 2.0744157533697736e-09
70200.056 1.286236157019585e-09
70250.056 1.2752084056602895e-09
70300.056 2.3827688662343146e-09
70350.056 2.6623831952998082e-09
70400.056 1.0399046014797429e-09
70450.056 3.8787827745011433e-10
70500.056 1.1504989882302592e-09
70550.056 1.0920569255100122e-09
70600.056 1.3373583847201584e-09
70650.056 2.1593087772797624e-09
70700.056 3.6321959379812426e-09
70750.056 5.9167225393007e-09
70800.056 1.8188044697089454e-09
70850.056 2.5447593044105084e-09
70900.056 3.605802679289569e-09
70950.056 4.680246193001375e-09
71000.056 4.2090902576998815e-09
71050.056 4.7776297269597006e-09
71100.056 3.181250372589609e-09
71150.056 1.4902378681495362e-09
71200.056 1.5425928875396505e-09
71250.056 3.924858346700862e-09
71300.056 5.786580384499556e-09
71350.056 5.057844326799817e-09
71400.056 3.1835540744992884e-09
71450.056 9.761820411299653e-10
71500.056 1.4624984126798063e-09
71550.056 1.5380389046500213e-09
71600.056 1.7368115528097477e-09
71650.056 9.11062155046002e-10
71700.056 8.097076379800621e-10
71750.056 2.0915094474007915e-09
71800.056 3.533091594239836e-09
71850.056 3.913293662800374e-09
71900.056 2.491325896699537e-09
71950.056 3.193433879868652e-09
72000.056 2.439858529000117e-09
72050.056 9.87324157123732e-10
72100.056 1.2480264009682008e-09
72150.056 2.522206248869383e-09
72200.056 2.5113052184203157e-09
72250.056 6.288526451300367e-09
72300.056 1.7107808372627646e-09
72350.056 3.373510855479738e-09
72400.056 2.573592468250079e-09
72450.056 2.4914012927287068e-09
72500.056 3.1845760698399284e-09
72550.056 6.887970162803778e-10
72600.056 1.303992957676129e-09
72650.056 2.7028195831410643e-09
72700.056 1.062136965009477e-09
72750.056 1.4460750736998933e-09
72800.056 5.922666462340751e-10
72850.056 1.030658898985509e-09
72900.056 3.811698978800225e-09
72950.056 1.421988804628857e-09
73000.056 1.4684939022272555e-09
73050.056 4.558706678260232e-10
73100.056 6.621646354516658e-10
73150.056 2.893592065399716e-09
73200.056 5.778171510635558e-10
73250.056 8.672177794029095e-10
73300.056 4.211392982321907e-10
73350.056 4.0110242529182926e-10
73400.056 1.1185562530701854e-09
73450.056 4.902885635899362e-10
73500.056 2.6029946756305864e-10
73550.056 7.258185818312149e-10
73600.056 9.205118387495757e-10
73650.056 5.391699738929593e-10
73700.056 3.859346936596225e-10
73750.056 1.2278981972846348e-10
73800.056 4.92366343607687e-10
73850.056 7.239967162895921e-10
73900.056 1.8172494256879706e-10
73950.056 3.423497883068088e-10
74000.056 8.914673189129727e-11
74050.056 6.995481993343828e-10
74100.056 9.174926666079149e-10
74150.056 5.968654734068108e-10
74200.056 1.1750201042975462e-10
74250.056 3.766350410733035e-11
74300.056 4.936862776102233e-10
74350.056 9.007818836502328e-10
74400.056 4.972917180814388e-10
74450.056 1.3653826509313353e-10
74500.056 5.866358599608958e-11
74550.056 1.8298089543944477e-10
74600.056 4.184338496421014e-10
74650.056 5.586976466089909e-10
74700.056 3.989393042111181e-10
74750.056 6.787934088085039e-11
74800.056 1.0423858344669757e-10
74850.056 6.948651205902363e-10
74900.056 9.011308388746412e-10
74950.056 5.192931156598066e-10
75000.056 2.33329036497887e-10
75050.056 1.6093295970392872e-11
75100.056 3.0060046688590565e-10
75150.056 1.0111526751402704e-09
75200.056 1.0570132322398367e-09
75250.056 4.5572222444271967e-10
75300.056 2.1288051202600294e-10
75350.056 3.730104893529502e-11
75400.056 5.019827563901723e-10
75450.056 1.3222527898502405e-09
75500.056 1.0572968484897199e-09
75550.056 5.076316040181221e-10
75600.056 4.854411087138692e-10
75650.056 1.933648432642658e-10
75700.056 1.4238469169301923e-09
75750.056 1.4132412686406997e-09
75800.056 1.361667970722581e-09
75850.056 1.3086834482934564e-09
75900.056 1.1636968993995765e-09
75950.056 2.948103943322186e-10
76000.056 2.021219268920106e-09
76050.056 2.42427876579943e-09
76100.056 1.838864507167669e-09
76150.056 1.8117515208497815e-09
76200.056 1.0582141307499958e-09
76250.056 1.6390925050310875e-10
76300.056 1.220664605490241e-09
76350.056 1.9465316468001374e-09
76400.056 1.2451475907299182e-09
76450.056 8.03975544030144e-10
76500.056 4.2210223042991686e-10
76550.056 8.777921189298413e-11
76600.056 1.688747941536358e-11
76650.056 2.6391369144036243e-11
76700.056 3.502646226686427e-11
76750.056 4.794620252705391e-11
76800.056 9.796657070072789e-11
76850.056 1.0878866185886618e-10
76900.056 1.9267732764783766e-10
76950.056 1.449671623876788e-10
77000.056 5.261936164638945e-10
77050.056 9.341920879918748e-11
77100.056 1.9217767033568516e-10
77150.056 4.367540953071525e-10
77200.056 1.5362561653101352e-10
77250.056 9.15996280355601e-11
77300.056 5.560748469899097e-10
77350.056 3.1718615651078356e-10
77400.056 7.400322149624017e-10
77450.056 1.8844892345594783e-09
77500.056 9.808482458968734e-10
77550.056 3.117683786583749e-10
77600.056 7.06852586762936e-11
77650.056 1.2565212709622796e-10
77700.056 5.786921404098199e-10
77750.056 8.658165862619264e-10
77800.056 1.5160149771401662e-09
77850.056 1.4653691919095954e-09
77900.056 2.6124981038989275e-10
77950.056 6.848793211007392e-11
78000.056 2.872172784979538e-10
78050.056 3.687524659271908e-10
78100.056 8.0663644782473e-10
78150.056 1.4104096727587039e-09
78200.056 2.3104113803999154e-09
78250.056 9.005168733396771e-10
78300.056 1.2158886967652836e-10
78350.056 4.765667871522217e-10
78400.056 2.0921890503069337e-10
78450.056 4.3749177514317447e-10
78500.056 1.5018160274979035e-09
78550.056 2.3576930986999166e-09
78600.056 1.345177512289794e-09
78650.056 1.7046893504437968e-10
78700.056 2.0096294916433495e-10
78750.056 5.652152629719046e-10
78800.056 2.1912257973225676e-10
78850.056 1.4797587058634824e-10
78900.056 4.423474223330722e-10
78950.056 1.1875295270101541e-09
79000.056 5.564067406430552e-10
79050.056 5.00368428944618e-10
79100.056 8.547253918002085e-10
79150.056 3.7311798368104223e-10
79200.056 5.20830637579994e-10
79250.056 2.080628699547872e-10
79300.056 3.3589315367554364e-10
79350.056 5.051712811489917e-10
79400.056 1.9178607976327252e-10
79450.056 1.2241291728053063e-09
79500.056 2.5615556813201395e-09
79550.056 1.8332563766096248e-09
79600.056 5.659878494186318e-10
79650.056 1.7574700774596864e-09
79700.056 5.472755588590105e-10
79750.056 5.967547738329977e-10
79800.056 4.939039935191213e-10
79850.056 1.3820857735703732e-09
79900.056 3.733096052540764e-09
79950.056 4.837785843099904e-09
