# %ECSV 1.0
# ---
# datatype:
# - {name: wav, unit: Angstrom, datatype: float64}
# - {name: flux_nu, unit: erg / (cm2 Hz s), datatype: float64}
# meta: {C/O: '1.00', Kzz: '1.0000E+05', Teff: '2000.', Y: '0.28', '[Fe/H]': '-0.50', f_hole: '1.00', f_rain: '0.00', grav: '32.'}
# schema: astropy-2.0
wav flux_nu
4000.0559999999996 nan
4050.0559999999996 7.057436277132987e-09
4100.056 8.401520840361285e-09
4150.056 6.218128706285588e-09
4200.056 4.3658922059223936e-09
4250.056 3.546850494872303e-09
4300.056 1.9209140250376208e-09
4350.056 2.0678134735761856e-09
4400.056 1.8829513393846936e-09
4450.056 8.260690144081575e-10
4500.056 1.0003927942832354e-09
4550.056 1.3037737769655092e-09
4600.056 1.0323999789966913e-09
4650.056 7.188026586362928e-10
4700.056 9.029054507803192e-10
4750.056 1.2867890637544496e-09
4800.056 7.013555349169939e-10
4850.056 8.824099691603258e-10
4900.056 2.5364657993993866e-09
4950.056 3.4191471818698736e-09
5000.056 9.9247843933998e-10
5050.056 1.4101956909003486e-09
5100.056 3.1031410277447747e-09
5150.056 3.4125136068156574e-09
5200.056 1.5814882912040304e-09
5250.056 2.1847714271299e-09
5300.056 2.791058852020172e-09
5350.056 2.644622577620442e-09
5400.056 2.962129311699915e-09
5450.056 2.4131665762096793e-09
5500.056 1.8227802147698006e-09
5550.056 2.368866882679771e-09
5600.056 1.9656730390100817e-09
5650.056 1.7756948628000457e-09
5700.056 1.8851062004000745e-09
5750.056 1.4776884681299069e-09
5800.056 1.1121075794599675e-09
5850.056 4.0495164653299245e-10
5900.056 3.1929096989249465e-11
5950.056 7.902794530300054e-10
6000.056 2.1299052034999818e-09
6050.056 3.996356913200192e-09
6100.056 5.6124518183002446e-09
6150.056 6.500790469199191e-09
6200.056 5.016624789100097e-09
6250.056 5.977474533600261e-09
6300.056 8.319951149500144e-09
6350.056 1.0631848269700639e-08
6400.056 1.3296025560500384e-08
6450.056 1.7151855524496387e-08
6500.056 1.7138617149597158e-08
6550.056 2.1447613444294622e-08
6600.056 1.8398533985401826e-08
6650.056 1.6137533136801746e-08
6700.056 1.2263127016007605e-08
6750.056 1.65426812231014e-08
6800.056 1.9145861517000833e-08
6850.056 2.5171591291000165e-08
6900.056 3.351822634299917e-08
6950.056 4.3231094712993135e-08
7000.056 6.153438090299376e-08
7050.056 5.206184131490459e-08
7100.056 2.702042628759795e-08
7150.056 2.3680767999001657e-08
7200.056 3.1963303246998705e-08
7250.056 4.64465949880032e-08
7300.056 7.889632739801286e-08
7350.056 1.2598876794499237e-07
7400.056 1.8161882899999597e-07
7450.056 2.0971027989296735e-07
7500.056 2.3811188234299633e-07
7550.056 2.491717368660065e-07
7600.056 1.283151340009981e-07
7650.056 2.2423740530807473e-08
7700.056 9.538743600647321e-09
7750.056 6.149041221300714e-08
7800.056 8.931564249670143e-08
7850.056 1.0717601119999751e-07
7900.056 1.2267069908802421e-07
7950.056 1.2843382119182272e-07
8000.056 1.7411772777296557e-07
8050.056 2.910610356529536e-07
8100.056 4.6499928915013406e-07
8150.056 7.06928110500037e-07
8200.056 4.566225991625205e-07
8250.056 5.325260245599736e-07
8300.056 3.998396967301826e-07
8350.056 4.3541954136017783e-07
8400.056 4.462473668800826e-07
8450.056 2.3464942341692092e-07
8500.056 1.955756673252735e-07
8550.056 2.5566966561003616e-07
8600.056 3.2560778778984063e-07
8650.056 4.545505227419399e-07
8700.056 5.594589637161158e-07
8750.056 7.443855084591583e-07
8800.056 1.0563580113132673e-06
8850.056 9.995367427571854e-07
8900.056 5.893937765299837e-07
8950.056 6.470670995513243e-07
9000.056 8.56063084720089e-07
9050.056 9.267793660497367e-07
9100.056 1.2373375281000926e-06
9150.056 1.4806240532299734e-06
9200.056 1.3771051388002497e-06
9250.056 7.788109630199061e-07
9300.056 6.186610368840852e-07
9350.056 7.286450580947767e-07
9400.056 8.466609202302505e-07
9450.056 9.954083042176645e-07
9500.056 1.2662387840377918e-06
9550.056 1.4836149081633562e-06
9600.056 1.6414577329984726e-06
9650.056 1.905063585886501e-06
9700.056 2.098063435851714e-06
9750.056 1.555927373274019e-06
9800.056 1.7479572797298283e-06
9850.056 1.7011451977798114e-06
9900.056 1.5189783382659427e-06
9950.056 1.4217942144370945e-06
10000.056 1.3950645517998475e-06
10050.056 1.3814078655259213e-06
10100.056 1.7376867148106736e-06
10150.056 1.6768588996797961e-06
10200.056 1.8421215073898316e-06
10250.056 1.7949704668393112e-06
10300.056 1.786301126509628e-06
10350.056 2.0595651385496843e-06
10400.056 2.240079451319897e-06
10450.056 2.4333523165104438e-06
10500.056 2.4817269462795107e-06
10550.056 2.5989291560404277e-06
10600.056 2.835893339900382e-06
10650.056 2.911381903869709e-06
10700.056 3.080939672700151e-06
10750.056 3.3272220015203118e-06
10800.056 3.509094979339645e-06
10850.056 3.732120927979819e-06
10900.056 3.633148822529732e-06
10950.056 3.4199662109790933e-06
11000.056 3.2704545019900984e-06
11050.056 2.3460042145299757e-06
11100.056 2.5833809698095386e-06
11150.056 2.7218506725477312e-06
11200.056 2.792089568874379e-06
11250.056 3.163674668406934e-06
11300.056 3.1845974040181103e-06
11350.056 2.946656849568993e-06
11400.056 2.4330399462400594e-06
11450.056 3.203027748868192e-06
11500.056 3.5645319133693864e-06
11550.056 3.4620530106901026e-06
11600.056 3.6063542550500428e-06
11650.056 3.7387515013826334e-06
11700.056 3.105821121634077e-06
11750.056 3.166313558537905e-06
11800.056 3.19866370516911e-06
11850.056 3.8495344424901995e-06
11900.056 3.960932910409087e-06
11950.056 3.9669488992797975e-06
12000.056 3.7294442555202683e-06
12050.056 4.135385552500352e-06
12100.056 4.110300170249851e-06
12150.056 4.489915698559764e-06
12200.056 4.567145942119565e-06
12250.056 4.834031354199464e-06
12300.056 4.9738705875006685e-06
12350.056 5.026776625480428e-06
12400.056 4.5887626582595545e-06
12450.056 3.912429299660113e-06
12500.056 4.268779167649172e-06
12550.056 4.307520174390031e-06
12600.056 4.644312719900062e-06
12650.056 4.849735592399596e-06
12700.056 5.1120496110997085e-06
12750.056 5.107276168100259e-06
12800.056 5.434700723499362e-06
12850.056 5.316761923300167e-06
12900.056 5.185370785999448e-06
12950.056 5.349805804199244e-06
13000.056 5.500839264619112e-06
13050.056 5.604515158449589e-06
13100.056 5.588678180459374e-06
13150.056 5.588526451279557e-06
13200.056 5.398322286259523e-06
13250.056 5.073815754960162e-06
13300.056 4.429880029542402e-06
13350.056 2.893101876147361e-06
13400.056 2.707858639710632e-06
13450.056 2.3785448508514367e-06
13500.056 2.3528573172097516e-06
13550.056 2.2034023150762956e-06
13600.056 2.0003231700861883e-06
13650.056 2.1981210441340945e-06
13700.056 1.9625930588513173e-06
13750.056 1.970045533590436e-06
13800.056 2.2551447901290165e-06
13850.056 2.240038217256471e-06
13900.056 2.195433202520582e-06
13950.056 2.083642879142565e-06
14000.056 1.9441370468029344e-06
14050.056 1.97065655054811e-06
14100.056 1.7727716937097112e-06
14150.056 1.7800823517226361e-06
14200.056 1.6659623824366518e-06
14250.056 1.644364228223718e-06
14300.056 1.6841641739977136e-06
14350.056 1.6845818458583102e-06
14400.056 1.791341896256251e-06
14450.056 1.8789383224411625e-06
14500.056 2.0706934354017125e-06
14550.056 2.103021091279951e-06
14600.056 2.1907306640327873e-06
14650.056 2.1568244763231347e-06
14700.056 2.0004348807436897e-06
14750.056 2.1260744575515013e-06
14800.056 2.20039404259768e-06
14850.056 2.3644569833113455e-06
14900.056 2.37789091404993e-06
14950.056 2.3967828479004644e-06
15000.056 2.4684451890505516e-06
15050.056 2.7033170222893326e-06
15100.056 2.706502707480408e-06
15150.056 2.82843688925024e-06
15200.056 2.936255978319793e-06
15250.056 2.950298475649782e-06
15300.056 3.1200502074698334e-06
15350.056 3.2118262324901286e-06
15400.056 3.326556426390083e-06
15450.056 3.482736839080295e-06
15500.056 3.5497798542993832e-06
15550.056 3.7459962117997928e-06
15600.056 3.7246197650704773e-06
15650.056 3.898968662150074e-06
15700.056 4.16356158850142e-06
15750.056 4.317908736499629e-06
15800.056 4.354862753700885e-06
15850.056 4.190792486400347e-06
15900.056 4.305567025100582e-06
15950.056 4.397381269999926e-06
16000.056 4.49115973559972e-06
16050.056 4.647399398400449e-06
16100.056 4.789432644800328e-06
16150.056 4.715733538600356e-06
16200.056 4.891585594099662e-06
16250.056 4.891011620199898e-06
16300.056 4.9417031111000986e-06
16350.056 5.201199392599687e-06
16400.056 5.1223950559008854e-06
16450.056 5.254179113600376e-06
16500.056 5.413089589400594e-06
16550.056 5.632868462399634e-06
16600.056 5.393708412200571e-06
16650.056 5.807100317400523e-06
16700.056 5.609636654298934e-06
16750.056 5.703089282699445e-06
16800.056 5.8656793404001795e-06
16850.056 5.871628104499634e-06
16900.056 5.7057219160002945e-06
16950.056 5.693204179499283e-06
17000.056 5.672929837300801e-06
17050.056 5.590248987900301e-06
17100.056 5.318768381000698e-06
17150.056 5.225103125769876e-06
17200.056 4.843525928959672e-06
17250.056 4.60628532907992e-06
17300.056 4.687475901929274e-06
17350.056 4.4878613072905384e-06
17400.056 4.572265030530108e-06
17450.056 4.281026747937738e-06
17500.056 4.106039439738913e-06
17550.056 4.078233261310353e-06
17600.056 3.90147794315403e-06
17650.056 3.975713846882293e-06
17700.056 3.4714323356834387e-06
17750.056 3.3554680117159923e-06
17800.056 3.3272228965537005e-06
17850.056 3.1136710901624786e-06
17900.056 3.1278575836058853e-06
17950.056 3.0381297382373893e-06
18000.056 2.7808479112153238e-06
18050.056 2.814175439737253e-06
18100.056 2.6973097690709714e-06
18150.056 2.9762596727299485e-06
18200.056 2.51022250739242e-06
18250.056 2.908641575430347e-06
18300.056 2.7935570746848746e-06
18350.056 2.6358137993452104e-06
18400.056 2.5921631713700876e-06
18450.056 2.3719541562647576e-06
18500.056 2.449066182315546e-06
18550.056 2.307036212424397e-06
18600.056 1.963576534059734e-06
18650.056 2.2720075909966548e-06
18700.056 2.44584663440651e-06
18750.056 2.333355890658788e-06
18800.056 2.3979977307210137e-06
18850.056 2.7429214503977422e-06
18900.056 2.6510146219667713e-06
18950.056 2.6620988426398963e-06
19000.056 2.8320436084494204e-06
19050.056 2.753300743774002e-06
19100.056 2.815997255577972e-06
19150.056 2.9255818725398224e-06
19200.056 2.891304097970092e-06
19250.056 2.7559893720592304e-06
19300.056 2.8864196922000707e-06
19350.056 2.885250354245047e-06
19400.056 2.601598147985123e-06
19450.056 2.907026485720422e-06
19500.056 2.8968515052606074e-06
19550.056 2.5253332305547814e-06
19600.056 2.882998108050724e-06
19650.056 2.840482767045055e-06
19700.056 2.8612142287323355e-06
19750.056 2.674271004363355e-06
19800.056 2.805249018221599e-06
19850.056 2.8209378867013157e-06
19900.056 2.5630932782857703e-06
19950.056 2.928282674639993e-06
20000.056 2.609477609460438e-06
20050.056 2.774538450311106e-06
20100.056 2.8767100917683103e-06
20150.056 2.8233578344704443e-06
20200.056 2.8999268287691045e-06
20250.056 3.031473153359997e-06
20300.056 3.0358614257802628e-06
20350.056 3.0881208343296395e-06
20400.056 3.068508125788418e-06
20450.056 3.257179929209655e-06
20500.056 3.236873621220186e-06
20550.056 3.313683620509969e-06
20600.056 3.4988450050405864e-06
20650.056 3.4170497522108567e-06
20700.056 3.5593235880402616e-06
20750.056 3.6150262879994733e-06
20800.056 3.7471387505002266e-06
20850.056 3.737685878109905e-06
20900.056 3.896756686609654e-06
20950.056 3.9414797233998314e-06
21000.056 4.119608145199748e-06
21050.056 4.1276453857001454e-06
21100.056 4.176103243920031e-06
21150.056 4.376959244800148e-06
21200.056 4.348803580000349e-06
21250.056 4.541344659999609e-06
21300.056 4.414764642099881e-06
21350.056 4.69359958760019e-06
21400.056 4.545856655300409e-06
21450.056 4.9287837630999946e-06
21500.056 4.7119687275002955e-06
21550.056 4.818847373599692e-06
21600.056 4.9397059735005455e-06
21650.056 4.907435647700349e-06
21700.056 5.104323809699726e-06
21750.056 4.996043547599927e-06
21800.056 5.002788855499687e-06
21850.056 5.036512181099738e-06
21900.056 5.163064251700541e-06
21950.056 5.072683530700276e-06
22000.056 5.215564541899808e-06
22050.056 5.0537614995993554e-06
22100.056 5.193395153399825e-06
22150.056 5.2218881475003595e-06
22200.056 5.068974792980942e-06
22250.056 5.303373992600441e-06
22300.056 5.254861488499798e-06
22350.056 5.117652057500183e-06
22400.056 5.315876882540228e-06
22450.056 5.228157495669413e-06
22500.056 5.301369476839842e-06
22550.056 5.224997300379223e-06
22600.056 5.243698033299888e-06
22650.056 5.189384103480993e-06
22700.056 5.171551680271105e-06
22750.056 5.320470213719652e-06
22800.056 5.12688365413007e-06
22850.056 5.199990190780489e-06
22900.056 5.30353800640974e-06
22950.056 4.0728026576305805e-06
23000.056 4.50388642475026e-06
23050.056 4.6581865248393e-06
23100.056 4.4596572914698365e-06
23150.056 4.6039361094406914e-06
23200.056 4.579073506430139e-06
23250.056 3.90057606819906e-06
23300.056 4.162172613130137e-06
23350.056 4.289890684340068e-06
23400.056 4.151885750510048e-06
23450.056 4.267239363880166e-06
23500.056 4.153749865679146e-06
23550.056 3.7602058658510907e-06
23600.056 3.818146806660862e-06
23650.056 4.054050441929405e-06
23700.056 3.999499120528809e-06
23750.056 3.996894915720656e-06
23800.056 3.949407047700538e-06
23850.056 3.4336041878504614e-06
23900.056 3.7397061960896813e-06
23950.056 3.814832861541146e-06
24000.056 3.6123287113993377e-06
24050.056 3.5832663639405146e-06
24100.056 3.2990897448590383e-06
24150.056 3.241012325890637e-06
24200.056 3.2531362489189075e-06
24250.056 3.1941245410504332e-06
24300.056 3.05713006382013e-06
24350.056 2.88524883001017e-06
24400.056 3.1529043479097656e-06
24450.056 2.84793723875982e-06
24500.056 2.64336380914994e-06
24550.056 2.6021516590999045e-06
24600.056 2.6378668767505397e-06
24650.056 2.861291469739843e-06
24700.056 2.4250057259399444e-06
24750.056 2.3025148934907397e-06
24800.056 2.240675110700433e-06
24850.056 2.592927947009976e-06
24900.056 2.02867862278131e-06
24950.056 2.5068384508396682e-06
25000.056 2.231617220290123e-06
25050.056 1.816255624200555e-06
25100.056 2.1667856288199856e-06
25150.056 1.8716556030070378e-06
25200.056 2.019735353537573e-06
25250.056 1.9113457224614765e-06
25300.056 2.046924449330124e-06
25350.056 1.7218002710480285e-06
25400.056 1.912068154930852e-06
25450.056 1.7339405479520359e-06
25500.056 1.849957061670675e-06
25550.056 1.7296919626202263e-06
25600.056 1.798082192640176e-06
25650.056 1.6087787865000028e-06
25700.056 2.0144290558291624e-06
25750.056 1.4958888941102736e-06
25800.056 1.9154972831103926e-06
25850.056 1.7315757265197768e-06
25900.056 1.913687676690438e-06
25950.056 1.682666750849989e-06
26000.056 1.8921392989606557e-06
26050.056 2.049914446360112e-06
26100.056 1.9810501906902547e-06
26150.056 2.002590891189365e-06
26200.056 1.8933429807201167e-06
26250.056 1.9326829460405355e-06
26300.056 1.9593531394201133e-06
26350.056 1.9417940859597623e-06
26400.056 2.0030452539294512e-06
26450.056 1.9738600257603235e-06
26500.056 2.0794628209791806e-06
26550.056 2.0638685994294508e-06
26600.056 2.4051253699794e-06
26650.056 1.909682394349661e-06
26700.056 1.95162542391995e-06
26750.056 1.7671237275592084e-06
26800.056 1.9711360324092824e-06
26850.056 1.6191695620701663e-06
26900.056 2.0648640212501476e-06
26950.056 1.4489532996500083e-06
27000.056 1.9547625992906465e-06
27050.056 1.650534580249851e-06
27100.056 1.6647932746496763e-06
27150.056 1.767321393079891e-06
27200.056 1.7497908717404897e-06
27250.056 1.6083113774308446e-06
27300.056 1.835323520280003e-06
27350.056 1.7862309194692672e-06
27400.056 1.5219001713600113e-06
27450.056 1.96585129951917e-06
27500.056 1.7943604885400368e-06
27550.056 1.731917149869907e-06
27600.056 1.983561894769663e-06
27650.056 1.5618100138997667e-06
27700.056 1.5367487632701754e-06
27750.056 2.0029710485188163e-06
27800.056 1.4609557322798483e-06
27850.056 1.6396079555490498e-06
27900.056 1.6642456452401798e-06
27950.056 1.9100479203998462e-06
28000.056 1.8255518731205643e-06
28050.056 1.4123388247203852e-06
28100.056 1.9973451362109063e-06
28150.056 1.6102670987600307e-06
28200.056 1.3819142344601257e-06
28250.056 1.7347367780701145e-06
28300.056 1.986803841480384e-06
28350.056 1.596503518979316e-06
28400.056 1.6611383125399534e-06
28450.056 1.6940174576296003e-06
28500.056 1.7359378092695888e-06
28550.056 1.3019335051694846e-06
28600.056 1.979080857280043e-06
28650.056 1.8365065736997703e-06
28700.056 1.640538615919549e-06
28750.056 1.8367216253798931e-06
28800.056 1.7547622708804055e-06
28850.056 1.8489249035002473e-06
28900.056 1.4906713112401357e-06
28950.056 2.0613168098097846e-06
29000.056 1.6762818369394736e-06
29050.056 1.740609319869818e-06
29100.056 1.4509578017601518e-06
29150.056 1.8517616240702588e-06
29200.056 1.6547850402703576e-06
29250.056 1.8488778307300618e-06
29300.056 1.5626963866591755e-06
29350.056 2.083643713239673e-06
29400.056 1.7114465470598346e-06
29450.056 1.7276342810299311e-06
29500.056 1.8291844885997898e-06
29550.056 1.7551192217701536e-06
29600.056 1.878631676959864e-06
29650.056 1.823942050799887e-06
29700.056 1.6207821407498156e-06
29750.056 2.0348098106309157e-06
29800.056 2.0063920121099057e-06
29850.056 1.9242396387497763e-06
29900.056 1.739436209840475e-06
29950.056 2.0734265697496217e-06
30000.056 2.041687751219433e-06
30050.056 1.913912563689914e-06
30100.056 1.5817268348795562e-06
30150.056 2.377123272049831e-06
30200.056 2.1102020930901802e-06
30250.056 2.044255601290556e-06
30300.056 2.04387414656979e-06
30350.056 1.962186002840339e-06
30400.056 2.363805345750432e-06
30450.056 1.8878061237202059e-06
30500.056 1.8003168037202658e-06
30550.056 2.4237775424805002e-06
30600.056 2.309797592950297e-06
30650.056 2.3294351137301025e-06
30700.056 2.1593470111499276e-06
30750.056 2.0841766962000616e-06
30800.056 2.502426915610621e-06
30850.056 2.160583250529946e-06
30900.056 2.1770896775298263e-06
30950.056 2.1038297664002704e-06
31000.056 2.438699038289937e-06
31050.056 2.1035169690600054e-06
31100.056 2.282323390689899e-06
31150.056 2.3948575298396745e-06
31200.056 2.3779668057997326e-06
31250.056 2.6043227069104725e-06
31300.056 2.3137676310798127e-06
31350.056 2.334145575149993e-06
31400.056 2.355893407730508e-06
31450.056 2.4070223922000873e-06
31500.056 2.4329275983803716e-06
31550.056 2.270429675939978e-06
31600.056 2.3859860093698206e-06
31650.056 2.5240376348099505e-06
31700.056 2.5175434054798855e-06
31750.056 2.233891840150212e-06
31800.056 2.6009914902001916e-06
31850.056 2.7824512408301437e-06
31900.056 2.758258852919791e-06
31950.056 2.1780320128998004e-06
32000.056 2.3709627361705096e-06
32050.056 2.758384490750294e-06
32100.056 2.7680022437596583e-06
32150.056 2.7645643536700483e-06
32200.056 2.655657422979943e-06
32250.056 2.5328618712701974e-06
32300.056 2.738024813570105e-06
32350.056 2.9434744837004316e-06
32400.056 2.62499639910002e-06
32450.056 2.5861108096802287e-06
32500.056 2.8284144644002644e-06
32550.056 3.1215433164601126e-06
32600.056 3.059472355479799e-06
32650.056 2.9655229554008932e-06
32700.056 2.8475055803001895e-06
32750.056 2.95518301554005e-06
32800.056 2.7066175418402203e-06
32850.056 3.2161281534597186e-06
32900.056 3.1037031133100054e-06
32950.056 2.669711350289831e-06
33000.056 2.904505345130279e-06
33050.056 2.986832897239627e-06
33100.056 3.0701049921591515e-06
33150.056 2.9340020155301626e-06
33200.056 2.609369667530337e-06
33250.056 2.8857190414799696e-06
33300.056 3.053379486160379e-06
33350.056 2.914212343080149e-06
33400.056 2.6976440925696403e-06
33450.056 2.95272913931917e-06
33500.056 3.075274032600296e-06
33550.056 2.968899703319653e-06
33600.056 3.0787717114406567e-06
33650.056 3.2112471849007424e-06
33700.056 3.3055075270195477e-06
33750.056 3.301916301800108e-06
33800.056 3.1691631486800144e-06
33850.056 3.106574642570164e-06
33900.056 3.5193177018995092e-06
33950.056 3.1195099247996253e-06
34000.056 3.159895175499279e-06
34050.056 3.205054680109929e-06
34100.056 3.4265649421404474e-06
34150.056 3.334877538799547e-06
34200.056 3.162981214529449e-06
34250.056 3.54373746579956e-06
34300.056 3.248938545099462e-06
34350.056 3.3782334513997314e-06
34400.056 3.169833415909625e-06
34450.056 3.1564383464400543e-06
34500.056 3.3557093081006536e-06
34550.056 3.198429775999772e-06
34600.056 3.3532360031200226e-06
34650.056 3.3917057507000286e-06
34700.056 3.283615149899343e-06
34750.056 3.517124864600264e-06
34800.056 3.596602199799594e-06
34850.056 3.2388939022400772e-06
34900.056 3.4506387909602515e-06
34950.056 3.3682372968192913e-06
35000.056 3.2721045697795764e-06
35050.056 3.7117773743006205e-06
35100.056 3.4732565425993075e-06
35150.056 3.503704039679818e-06
35200.056 3.5527745576997454e-06
35250.056 3.206215111600224e-06
35300.056 3.508560843080276e-06
35350.056 3.673244559899754e-06
35400.056 3.4306412268997418e-06
35450.056 3.3499095866003945e-06
35500.056 3.6485043232998674e-06
35550.056 3.4822710746998665e-06
35600.056 3.3361982772994676e-06
35650.056 3.772438085400455e-06
35700.056 3.3762059109003664e-06
35750.056 3.5152345378996943e-06
35800.056 3.642480515199687e-06
35850.056 3.648693996699828e-06
35900.056 3.852142047099563e-06
35950.056 3.66368104859982e-06
36000.056 3.3636391018996216e-06
36050.056 3.834585091400306e-06
36100.056 3.933228721499666e-06
36150.056 3.5235939154004273e-06
36200.056 3.839519844999569e-06
36250.056 3.548673963699367e-06
36300.056 4.07929082624068e-06
36350.056 3.8569244240994586e-06
36400.056 3.744173991299932e-06
36450.056 4.061828638299664e-06
36500.056 3.7704163535002736e-06
36550.056 3.681933181700565e-06
36600.056 3.7439821513003166e-06
36650.056 3.877083832600397e-06
36700.056 4.098721856800113e-06
36750.056 3.755722157300383e-06
36800.056 3.877904401199664e-06
36850.056 3.930649824000236e-06
36900.056 3.9775425326006016e-06
36950.056 3.964857757999994e-06
37000.056 4.046667468100062e-06
37050.056 4.11774145389989e-06
37100.056 3.981439859100408e-06
37150.056 3.960927631399238e-06
37200.056 4.1265809745000555e-06
37250.056 4.142651095400244e-06
37300.056 4.173255521200751e-06
37350.056 3.917066183000509e-06
37400.056 4.116643839799722e-06
37450.056 4.073266346600295e-06
37500.056 4.1887693662997324e-06
37550.056 4.083638469399304e-06
37600.056 4.291397472299506e-06
37650.056 3.992839598899664e-06
37700.056 4.0897017333000905e-06
37750.056 4.28993706129945e-06
37800.056 4.364553222999866e-06
37850.056 4.181035847399811e-06
37900.056 4.272447375900338e-06
37950.056 4.3131799844001814e-06
38000.056 4.223858016200527e-06
38050.056 4.2564264709003055e-06
38100.056 4.102316645600221e-06
38150.056 4.397814215199491e-06
38200.056 4.4692280129994784e-06
38250.056 4.1465107931005484e-06
38300.056 4.0974300683999505e-06
38350.056 4.261793018799904e-06
38400.056 4.340083610799786e-06
38450.056 4.3899672358003624e-06
38500.056 4.2645743470998084e-06
38550.056 4.2751961733002585e-06
38600.056 4.635244182399813e-06
38650.056 4.11159780250015e-06
38700.056 4.184123918000687e-06
38750.056 4.387599686699951e-06
38800.056 4.3104505252005686e-06
38850.056 4.297280812500255e-06
38900.056 4.155004727099866e-06
38950.056 4.393092633499695e-06
39000.056 4.274839029600137e-06
39050.056 4.346887321299916e-06
39100.056 4.115266879700005e-06
39150.056 4.25013086150018e-06
39200.056 4.376315880300158e-06
39250.056 4.343111027299394e-06
39300.056 4.3394110560992805e-06
39350.056 4.3117554857004405e-06
39400.056 4.247652474500117e-06
39450.056 4.270011354599805e-06
39500.056 4.2031374119997605e-06
39550.056 4.132641947499256e-06
39600.056 4.474716024700177e-06
39650.056 4.062300565800079e-06
39700.056 4.222578029699885e-06
39750.056 4.213922458099554e-06
39800.056 4.0026174535002646e-06
39850.056 4.133352444099746e-06
39900.056 4.0474721094998224e-06
39950.056 4.240732471099844e-06
40000.056 3.929274014699771e-06
40050.056 3.681429020699925e-06
40100.056 3.952894745399759e-06
40150.056 3.7252975859991856e-06
40200.056 3.8925400644997055e-06
40250.056 3.848030413698968e-06
40300.056 3.5667885092004207e-06
40350.056 3.7916134766001517e-06
40400.056 3.840220936299931e-06
40450.056 3.5027835097006944e-06
40500.056 3.32271961990008e-06
40550.056 3.859296089599732e-06
40600.056 3.453574614500312e-06
40650.056 3.6168194183006698e-06
40700.056 3.7776139765002254e-06
40750.056 3.3422383452990056e-06
40800.056 3.3097995737004875e-06
40850.056 3.1178006046007027e-06
40900.056 3.113356164700565e-06
40950.056 3.339443008299975e-06
41000.056 3.445627398300256e-06
41050.056 3.361121206199315e-06
41100.056 3.1647159613003627e-06
41150.056 3.436222382700133e-06
41200.056 3.2125519439001023e-06
41250.056 3.2687575744002413e-06
41300.056 2.8696397450996654e-06
41350.056 3.3763047307001377e-06
41400.056 3.1741964795000663e-06
41450.056 3.0612187198999075e-06
41500.056 3.3137638334001468e-06
41550.056 3.2472215058800706e-06
41600.056 3.348104589400016e-06
41650.056 2.978001979400475e-06
41700.056 2.871486797039619e-06
41750.056 3.1169501362000416e-06
41800.056 3.017682547919731e-06
41850.056 2.7737601341004086e-06
41900.056 3.1893531439195693e-06
41950.056 2.9302290777004245e-06
42000.056 3.064420282800262e-06
42050.056 2.7989344326790506e-06
42100.056 3.153588888800332e-06
42150.056 2.6204909810894458e-06
42200.056 2.6895886934701783e-06
42250.056 2.9668829208997936e-06
42300.056 2.72991309074006e-06
42350.056 3.038590012380578e-06
42400.056 2.731878673400241e-06
42450.056 2.392086350690096e-06
42500.056 2.5003628910502472e-06
42550.056 2.7602521425998182e-06
42600.056 2.6564602219004273e-06
42650.056 2.598188124799038e-06
42700.056 2.718205748600575e-06
42750.056 2.5584068304000993e-06
42800.056 2.607796363470223e-06
42850.056 2.83058217219964e-06
42900.056 2.7185382854802166e-06
42950.056 2.37535314554904e-06
43000.056 2.577367379849951e-06
43050.056 2.4297555976110858e-06
43100.056 2.56223368756963e-06
43150.056 2.637544175020629e-06
43200.056 2.4861035976000183e-06
43250.056 2.537005884860357e-06
43300.056 2.5542365174001136e-06
43350.056 2.349906534709548e-06
43400.056 2.3526488503797004e-06
43450.056 2.3617863559106707e-06
43500.056 2.3114565119995536e-06
43550.056 2.3665917378999775e-06
43600.056 2.497385689060062e-06
43650.056 2.2126328050602538e-06
43700.056 2.1710317342000706e-06
43750.056 2.222142216180123e-06
43800.056 2.138260678299973e-06
43850.056 2.163756029900499e-06
43900.056 2.2082749765799562e-06
43950.056 2.0747607848401534e-06
44000.056 1.8969430144300564e-06
44050.056 1.888434420460085e-06
44100.056 2.0436704831204042e-06
44150.056 2.1387536920797557e-06
44200.056 1.96392909613017e-06
44250.056 1.8893283228099038e-06
44300.056 1.8117926894003997e-06
44350.056 1.8148325656701882e-06
44400.056 1.874274005059924e-06
44450.056 1.956129664200096e-06
44500.056 1.9356642703603695e-06
44550.056 1.730750556219592e-06
44600.056 1.7538704063002186e-06
44650.056 1.9115111508400325e-06
44700.056 1.7087590889602083e-06
44750.056 1.8424787432897348e-06
44800.056 1.8107787476999404e-06
44850.056 1.822187316940084e-06
44900.056 1.6916625290002507e-06
44950.056 1.5905045920500385e-06
45000.056 1.7474059561999214e-06
45050.056 1.746970587989765e-06
45100.056 1.7991129523399146e-06
45150.056 1.6826864200700266e-06
45200.056 1.5322207658499226e-06
45250.056 1.6020912725997885e-06
45300.056 1.7155593755401223e-06
45350.056 1.778556077529807e-06
45400.056 1.6760985407902275e-06
45450.056 1.5245586649797642e-06
45500.056 1.572285819199932e-06
45550.056 1.7717474758098351e-06
45600.056 1.6260991866299528e-06
45650.056 1.4622803268896672e-06
45700.056 1.698068149920171e-06
45750.056 1.5662219964899428e-06
45800.056 1.5431179263999579e-06
45850.056 1.8204048775999992e-06
45900.056 1.8037353761200716e-06
45950.056 1.567399380519958e-06
46000.056 1.8693801974099857e-06
46050.056 1.848916867040423e-06
46100.056 1.539043186330121e-06
46150.056 1.613871971219939e-06
46200.056 1.7933077485704182e-06
46250.056 1.4700713055799458e-06
46300.056 1.908721142839927e-06
46350.056 1.553029842379832e-06
46400.056 1.648986656149785e-06
46450.056 1.6512300646903577e-06
46500.056 1.5459631724398923e-06
46550.056 1.8359248965499607e-06
46600.056 1.6905090433599632e-06
46650.056 2.1191909064499263e-06
46700.056 1.978177455400564e-06
46750.056 1.6046580615098769e-06
46800.056 1.7753578899902984e-06
46850.056 1.87075921464013e-06
46900.056 1.7776826620796553e-06
46950.056 1.977652269940118e-06
47000.056 1.735294531939973e-06
47050.056 1.91729960257973e-06
47100.056 1.6127452100001045e-06
47150.056 1.77624278942033e-06
47200.056 1.8064830038905298e-06
47250.056 1.6800601447196018e-06
47300.056 1.768011727979545e-06
47350.056 1.486500730399679e-06
47400.056 1.8287761958695413e-06
47450.056 1.7516234684698535e-06
47500.056 1.7680156390696044e-06
47550.056 1.675067632889732e-06
47600.056 1.8769144848798711e-06
47650.056 1.3645237503096166e-06
47700.056 1.8899575930700512e-06
47750.056 1.3174868177603834e-06
47800.056 1.8532756266898196e-06
47850.056 1.42738603167965e-06
47900.056 1.8934760918701181e-06
47950.056 1.3910559028803222e-06
48000.056 2.0699133521000062e-06
48050.056 1.5314777501003076e-06
48100.056 1.6850550965499638e-06
48150.056 1.5242775651602057e-06
48200.056 1.8931821348203532e-06
48250.056 1.551051165789855e-06
48300.056 2.0361629412297478e-06
48350.056 1.3733869142997548e-06
48400.056 1.8547103360599738e-06
48450.056 1.5359405663201062e-06
48500.056 2.038362225440033e-06
48550.056 1.412148065760049e-06
48600.056 1.8958292309398143e-06
48650.056 1.4402858397299787e-06
48700.056 1.8121166254400809e-06
48750.056 1.2983376249202012e-06
48800.056 2.0479119513001327e-06
48850.056 1.4343949810097143e-06
48900.056 1.864539789300127e-06
48950.056 1.6840003290200943e-06
49000.056 1.6725590447298677e-06
49050.056 1.7454714823298784e-06
49100.056 1.6305704817801606e-06
49150.056 1.6826731926700462e-06
49200.056 1.6749954938999294e-06
49250.056 1.6670958666300484e-06
49300.056 1.49215076787976e-06
49350.056 1.5638907474899645e-06
49400.056 1.8582283266701904e-06
49450.056 1.5830498871303854e-06
49500.056 1.6528118671101925e-06
49550.056 1.4671605079599686e-06
49600.056 1.5797736903403467e-06
49650.056 1.6365001276601657e-06
49700.056 1.4055734688898808e-06
49750.056 2.0906331114996612e-06
49800.056 1.609405176860068e-06
49850.056 1.972762928260039e-06
49900.056 1.5948028935201195e-06
49950.056 1.6857628202595098e-06
50000.056 1.6369819336195946e-06
50050.056 1.6743066545701281e-06
50100.056 1.7687002344298617e-06
50150.056 1.5414739037000074e-06
50200.056 1.4213211690401581e-06
50250.056 1.6023410781201324e-06
50300.056 1.5146473335798209e-06
50350.056 1.748000834329983e-06
50400.056 1.586677308320013e-06
50450.056 1.5485991093202106e-06
50500.056 2.0050169007503037e-06
50550.056 1.616609213109882e-06
50600.056 1.734824785580089e-06
50650.056 1.6338428709104113e-06
50700.056 1.8004263586994648e-06
50750.056 1.7976034962002366e-06
50800.056 1.3951929477598745e-06
50850.056 1.6487662043202646e-06
50900.056 1.6961168933899512e-06
50950.056 1.763487740190288e-06
51000.056 2.000210911110205e-06
51050.056 1.5402516016802473e-06
51100.056 1.5265453591399038e-06
51150.056 1.7488290896999703e-06
51200.056 1.6268882152199083e-06
51250.056 1.818233058840007e-06
51300.056 1.5318115587304794e-06
51350.056 1.7369434145397645e-06
51400.056 1.6447228882295452e-06
51450.056 1.210393993299815e-06
51500.056 1.684059706479984e-06
51550.056 2.0345061421401965e-06
51600.056 1.3763895238599856e-06
51650.056 1.6700961741597263e-06
51700.056 1.5193001989595097e-06
51750.056 1.4985694170801012e-06
51800.056 1.7570977170997654e-06
51850.056 1.7542783448998314e-06
51900.056 1.8351254171602762e-06
51950.056 1.6531808209798212e-06
52000.056 1.469959537519962e-06
52050.056 1.714093066449859e-06
52100.056 1.6283491856996758e-06
52150.056 1.6448738310601914e-06
52200.056 1.5776103697600951e-06
52250.056 1.6018718338099745e-06
52300.056 1.6991629015899768e-06
52350.056 1.888675413560208e-06
52400.056 1.3988877651401226e-06
52450.056 1.6151208357399698e-06
52500.056 1.7701113527495686e-06
52550.056 1.6313808464795351e-06
52600.056 1.706265321230168e-06
52650.056 1.9180437194403237e-06
52700.056 1.6396058371900497e-06
52750.056 1.3487693745798478e-06
52800.056 1.5275050276101493e-06
52850.056 1.4391094972998774e-06
52900.056 1.6311646708601388e-06
52950.056 1.5828539875597301e-06
53000.056 1.7758060966598045e-06
53050.056 1.6358066330197038e-06
53100.056 1.4951536672396757e-06
53150.056 1.8333356128003664e-06
53200.056 1.3168354448602673e-06
53250.056 1.8482397781199213e-06
53300.056 1.7916535997806936e-06
53350.056 1.7867693710998014e-06
53400.056 1.609894048220133e-06
53450.056 1.509180087650051e-06
53500.056 1.3291978450597326e-06
53550.056 1.6838487657798586e-06
53600.056 1.7520146031702912e-06
53650.056 1.4476851734503363e-06
53700.056 1.523187608840355e-06
53750.056 1.7221264865599116e-06
53800.056 1.6823385370502698e-06
53850.056 1.7645830797793988e-06
53900.056 1.3156312120703998e-06
53950.056 1.7524668934898582e-06
54000.056 1.792986891540049e-06
54050.056 1.4165924058502085e-06
54100.056 1.363553802139828e-06
54150.056 1.5225697335101127e-06
54200.056 1.3385487912400778e-06
54250.056 1.4894185962400805e-06
54300.056 1.3105949658297597e-06
54350.056 1.5059713707698373e-06
54400.056 1.7341222008098155e-06
54450.056 1.6423897839695821e-06
54500.056 1.5262062918899633e-06
54550.056 1.4525936309899378e-06
54600.056 1.5228406935399064e-06
54650.056 1.4406113557797654e-06
54700.056 1.5450601944801566e-06
54750.056 1.661623720820154e-06
54800.056 1.3845677890599845e-06
54850.056 1.4991833089797975e-06
54900.056 1.5538903698004078e-06
54950.056 1.6641979078601654e-06
55000.056 1.5478446452501065e-06
55050.056 1.7530197820598846e-06
55100.056 1.4778045267700435e-06
55150.056 1.389555077239712e-06
55200.056 1.4250324896598104e-06
55250.056 1.2885052940195463e-06
55300.056 1.405040660699851e-06
55350.056 1.5511188371103308e-06
55400.056 1.6146411607801622e-06
55450.056 1.615669501509629e-06
55500.056 1.225767646310105e-06
55550.056 1.4803773710097515e-06
55600.056 1.5179703690200002e-06
55650.056 1.2804943274901296e-06
55700.056 1.4610791905699725e-06
55750.056 1.659479878269887e-06
55800.056 1.384986262370094e-06
55850.056 1.3140156141697572e-06
55900.056 1.46646623991999e-06
55950.056 1.816344722570052e-06
56000.056 1.324494287609645e-06
56050.056 1.598041759399885e-06
56100.056 1.546422795259887e-06
56150.056 1.3227733006201696e-06
56200.056 1.4833896509697792e-06
56250.056 1.2875065718500676e-06
56300.056 1.6018081193298848e-06
56350.056 1.748771628340155e-06
56400.056 1.6227551551000683e-06
56450.056 1.446864295000018e-06
56500.056 1.3097272084200537e-06
56550.056 1.283652998030184e-06
56600.056 1.563617910249794e-06
56650.056 1.3270892898800473e-06
56700.056 1.707580019380514e-06
56750.056 1.3425173204000094e-06
56800.056 1.4077105189802462e-06
56850.056 1.3395810119102056e-06
56900.056 1.4618904892598952e-06
56950.056 1.4709655466500575e-06
57000.056 1.4526635678602536e-06
57050.056 1.7587888228199619e-06
57100.056 1.1542364171499557e-06
57150.056 1.44350874643996e-06
57200.056 1.2472421690900924e-06
57250.056 1.4341396466800281e-06
57300.056 1.4096214792401638e-06
57350.056 1.162266353529953e-06
57400.056 1.5106018197499887e-06
57450.056 1.4485758527898301e-06
57500.056 1.670973593100036e-06
57550.056 1.5872178371301081e-06
57600.056 1.7801935086895747e-06
57650.056 1.1623990336100368e-06
57700.056 1.3841580047101469e-06
57750.056 1.4767246205899472e-06
57800.056 1.1301254526796169e-06
57850.056 1.4535605494601518e-06
57900.056 1.56677680787011e-06
57950.056 1.3931981426098594e-06
58000.056 1.370486952230008e-06
58050.056 1.5060609934199862e-06
58100.056 1.67294063732976e-06
58150.056 1.464857261240244e-06
58200.056 1.1922925641900288e-06
58250.056 1.5120193397399657e-06
58300.056 1.1002839820798754e-06
58350.056 1.2880803179800212e-06
58400.056 1.3309281240901798e-06
58450.056 1.3801371961201243e-06
58500.056 1.4227963778000968e-06
58550.056 1.5417905686002748e-06
58600.056 1.34916147267983e-06
58650.056 1.4750381991298828e-06
58700.056 1.4348997916697223e-06
58750.056 1.4445822099800076e-06
58800.056 1.1583775375401448e-06
58850.056 1.34899521608998e-06
58900.056 1.4965754922499825e-06
58950.056 1.3018123646994884e-06
59000.056 1.3182451232399496e-06
59050.056 1.3454992645598159e-06
59100.056 1.5031907912098791e-06
59150.056 1.5643091461500152e-06
59200.056 1.475510136450138e-06
59250.056 1.6404180655101938e-06
59300.056 1.5493965091503345e-06
59350.056 1.4045948895200313e-06
59400.056 1.2445837877098192e-06
59450.056 1.3761053977300624e-06
59500.056 1.1932996659498962e-06
59550.056 1.5047324558199515e-06
59600.056 1.4900715808198798e-06
59650.056 1.6373828947699758e-06
59700.056 1.2260548062101037e-06
59750.056 1.5684698061498573e-06
59800.056 1.509981136460025e-06
59850.056 1.4201202704599736e-06
59900.056 1.395962388529746e-06
59950.056 1.4101985561303704e-06
60000.056 1.7306671597701304e-06
60050.056 1.526898779740048e-06
60100.056 1.6491920398898082e-06
60150.056 1.4535911509698748e-06
60200.056 1.5554338885798805e-06
60250.056 1.4609496861701457e-06
60300.056 1.3418694636698357e-06
60350.056 1.3459322023299378e-06
60400.056 1.51331820519982e-06
60450.056 1.2808720319197835e-06
60500.056 1.105404332540115e-06
60550.056 1.335364677890175e-06
60600.056 1.5155224472000232e-06
60650.056 1.5810051206599193e-06
60700.056 1.5201782630900907e-06
60750.056 1.4643709592398898e-06
60800.056 1.6697342248298514e-06
60850.056 1.7211753338400438e-06
60900.056 1.4924943665203484e-06
60950.056 1.6110756606797227e-06
61000.056 1.4195913859102327e-06
61050.056 1.4599081814998982e-06
61100.056 1.6150840434200255e-06
61150.056 1.1017009398798077e-06
61200.056 1.5176351262600775e-06
61250.056 1.73858811986994e-06
61300.056 1.9111324140000964e-06
61350.056 1.6449440749301063e-06
61400.056 1.8133111598998651e-06
61450.056 1.4143859470302794e-06
61500.056 1.6038906397200208e-06
61550.056 1.4867883777199397e-06
61600.056 1.3295918732102848e-06
61650.056 1.6646601779197488e-06
61700.056 1.3278495931198634e-06
61750.056 1.5248531951895301e-06
61800.056 1.79751009717038e-06
61850.056 1.424649910259811e-06
61900.056 1.6592225002401743e-06
61950.056 1.7345657881602316e-06
62000.056 1.515546400599997e-06
62050.056 1.5403932068496761e-06
62100.056 1.6605653132705793e-06
62150.056 1.627133874740191e-06
62200.056 1.422441157359712e-06
62250.056 1.7606471728001587e-06
62300.056 1.7050081229200474e-06
62350.056 1.6778877674201125e-06
62400.056 1.3788366083103049e-06
62450.056 1.4614027270800503e-06
62500.056 1.7244754293798577e-06
62550.056 1.632506597990021e-06
62600.056 1.6452283786502155e-06
62650.056 1.4766157285200082e-06
62700.056 1.5725740602700173e-06
62750.056 1.6696781311398537e-06
62800.056 1.454381887709622e-06
62850.056 1.8054850237902228e-06
62900.056 1.5141836634395495e-06
62950.056 1.6556113057299807e-06
63000.056 1.618112236050148e-06
63050.056 1.804900882630006e-06
63100.056 1.7241614620999864e-06
63150.056 1.422675163289911e-06
63200.056 1.6326076374001357e-06
63250.056 1.650926130059911e-06
63300.056 1.6411538016502992e-06
63350.056 1.675636350800168e-06
63400.056 1.4755161285298587e-06
63450.056 1.492741898500089e-06
63500.056 1.5593031114899495e-06
63550.056 1.3638036623897918e-06
63600.056 1.729403631190338e-06
63650.056 1.6475211733402277e-06
63700.056 1.5591202674198107e-06
63750.056 1.4869305671500383e-06
63800.056 1.3902371824401575e-06
63850.056 1.4444862444200387e-06
63900.056 1.3995292309799848e-06
63950.056 1.6632794451300576e-06
64000.056 1.6000626605799268e-06
64050.056 1.5451483101298283e-06
64100.056 9.790776685399528e-07
64150.056 1.274350656699952e-06
64200.056 1.2902207445500511e-06
64250.056 1.6896273494999645e-06
64300.056 1.3201061486799165e-06
64350.056 1.2835933302301054e-06
64400.056 1.4908922861300314e-06
64450.056 1.3920385788000992e-06
64500.056 1.1690554943497989e-06
64550.056 1.3734516928803982e-06
64600.056 1.213027926780058e-06
64650.056 1.5402815017000882e-06
64700.056 9.87829084979693e-07
64750.056 1.0840793555401445e-06
64800.056 9.604256243601168e-07
64850.056 1.110102561849928e-06
64900.056 1.1529956640801545e-06
64950.056 1.0838476262799256e-06
65000.056 1.2187868902499916e-06
65050.056 1.1503582829702234e-06
65100.056 1.1548004177298572e-06
65150.056 1.1758478538999612e-06
65200.056 1.1038176864399175e-06
65250.056 1.0972072945797782e-06
65300.056 1.148410022810026e-06
65350.056 1.3167430113499268e-06
65400.056 1.0479760828197759e-06
65450.056 1.1319592353199294e-06
65500.056 1.1176586128598468e-06
65550.056 1.0589272584699058e-06
65600.056 1.099127991920022e-06
65650.056 1.0030132393398974e-06
65700.056 1.091863447129965e-06
65750.056 1.0582531049302222e-06
65800.056 1.1870440746699933e-06
65850.056 1.182361420469592e-06
65900.056 9.574931928902134e-07
65950.056 7.091784793399367e-07
66000.056 9.635299320197627e-07
66050.056 1.206266144350419e-06
66100.056 1.0534889174500935e-06
66150.056 9.867398110097817e-07
66200.056 8.213553105901415e-07
66250.056 9.676563131201579e-07
66300.056 7.912725206498975e-07
66350.056 8.721808639803963e-07
66400.056 9.542776957196762e-07
66450.056 1.0594852506898067e-06
66500.056 1.2479304819199782e-06
66550.056 1.0315763648497598e-06
66600.056 9.76039210600216e-07
66650.056 1.0362219638899352e-06
66700.056 1.0608724490400644e-06
66750.056 1.0649986274800135e-06
66800.056 1.1080820782002534e-06
66850.056 9.24123822550556e-07
66900.056 8.921562637104286e-07
66950.056 1.1758990659002736e-06
67000.056 1.1722411106695256e-06
67050.056 1.0403481593797917e-06
67100.056 1.167458216030049e-06
67150.056 9.646039340096957e-07
67200.056 1.0134501157601669e-06
67250.056 1.0810740191600003e-06
67300.056 1.0489671325100303e-06
67350.056 1.084375741759722e-06
67400.056 1.2509338081100188e-06
67450.056 1.1249546975498988e-06
67500.056 1.0181523593900616e-06
67550.056 1.0692193526399609e-06
67600.056 1.2231134869399508e-06
67650.056 1.145319796569735e-06
67700.056 1.0390362600997175e-06
67750.056 9.895294331799845e-07
67800.056 1.0588043265800784e-06
67850.056 9.361949875297266e-07
67900.056 1.1043703927298492e-06
67950.056 9.988451183601866e-07
68000.056 1.009860619939586e-06
68050.056 1.1837773835197367e-06
68100.056 1.0469276424000943e-06
68150.056 8.729284449797983e-07
68200.056 1.0112347987698312e-06
68250.056 9.47476729300083e-07
68300.056 8.878607616098205e-07
68350.056 8.555218767699911e-07
68400.056 9.933551994199512e-07
68450.056 1.1606321268200744e-06
68500.056 1.0466139789901002e-06
68550.056 9.181241793599782e-07
68600.056 1.0724243095500423e-06
68650.056 8.807396606495531e-07
68700.056 9.415090738698997e-07
68750.056 1.0547337664301321e-06
68800.056 1.0919741139599925e-06
68850.056 9.516437473099672e-07
68900.056 1.118403559530221e-06
68950.056 1.1039903132598772e-06
69000.056 1.1692063636898377e-06
69050.056 9.564536650396363e-07
69100.056 1.0970395478698497e-06
69150.056 1.2470989174299978e-06
69200.056 8.521205597502347e-07
69250.056 1.1069004340498502e-06
69300.056 1.141049633520269e-06
69350.056 1.0728065944699382e-06
69400.056 1.0306896991497564e-06
69450.056 1.2331853969303343e-06
69500.056 1.0308455759800552e-06
69550.056 1.0565808058501377e-06
69600.056 8.450261871601424e-07
69650.056 1.0555888437000744e-06
69700.056 1.0400458142198514e-06
69750.056 1.094995203999682e-06
69800.056 1.09317254143021e-06
69850.056 1.170800530280141e-06
69900.056 1.081111972740092e-06
69950.056 1.313796626190288e-06
70000.056 9.520105169000122e-07
70050.056 1.1216599854501391e-06
70100.056 8.74092947319998e-07
70150.056 1.1033426506199786e-06
70200.056 9.206673453901901e-07
70250.056 9.674716509598312e-07
70300.056 1.0918178325599368e-06
70350.056 1.052762106930105e-06
70400.056 1.2092959909099655e-06
70450.056 8.784223265600955e-07
70500.056 1.0133910840798673e-06
70550.056 8.194680763701374e-07
70600.056 1.1073163298500626e-06
70650.056 1.0502281694701182e-06
70700.056 1.0408502446004881e-06
70750.056 9.812864633602047e-07
70800.056 1.0662765726702466e-06
70850.056 9.633443897599371e-07
70900.056 1.0417555800096942e-06
70950.056 1.000583651150108e-06
71000.056 1.0631265885499022e-06
71050.056 1.0581872224902594e-06
71100.056 1.016670817620225e-06
71150.056 9.631227393797123e-07
71200.056 9.681722206199444e-07
71250.056 1.0194079981901237e-06
71300.056 1.022769320229971e-06
71350.056 1.0528443510800967e-06
71400.056 9.689021780502267e-07
71450.056 9.657285355097448e-07
71500.056 1.102123579370008e-06
71550.056 1.0381232145599097e-06
71600.056 1.1423756336298402e-06
71650.056 1.0974925056401143e-06
71700.056 9.645357239098933e-07
71750.056 1.084187357120062e-06
71800.056 1.2560734730600537e-06
71850.056 1.2933007655601612e-06
71900.056 8.907312111701147e-07
71950.056 1.1294115909200538e-06
72000.056 9.958884929300507e-07
72050.056 9.242356486301771e-07
72100.056 1.0396061686299948e-06
72150.056 1.1213681304100287e-06
72200.056 1.097493671400125e-06
72250.056 1.022504551850156e-06
72300.056 9.789202790599967e-07
72350.056 9.559541543495493e-07
72400.056 1.153565182310282e-06
72450.056 1.0250273655996686e-06
72500.056 1.064443460449789e-06
72550.056 8.957865818702197e-07
72600.056 9.985623999903525e-07
72650.056 1.139201494970058e-06
72700.056 1.0501977350695758e-06
72750.056 1.0346228825195865e-06
72800.056 1.0277026423901317e-06
72850.056 1.0660080437702089e-06
72900.056 1.0539389110300803e-06
72950.056 9.050671328100372e-07
73000.056 9.61136210989426e-07
73050.056 1.0085540473902662e-06
73100.056 1.184436567490103e-06
73150.056 1.158702183899757e-06
73200.056 1.176169639159705e-06
73250.056 1.1134452845400953e-06
73300.056 1.0502467684697564e-06
73350.056 7.976877728400599e-07
73400.056 9.329356950302931e-07
73450.056 8.675889173199782e-07
73500.056 1.188041484589909e-06
73550.056 9.894978521999386e-07
73600.056 9.34308711409655e-07
73650.056 1.0468210097498367e-06
73700.056 9.811154127599163e-07
73750.056 9.655854348298153e-07
73800.056 8.393937143299705e-07
73850.056 1.104079086000189e-06
73900.056 1.0872349655497666e-06
73950.056 1.0889997720999754e-06
74000.056 1.0365676386099811e-06
74050.056 1.087442535349681e-06
74100.056 1.050407762939749e-06
74150.056 1.0591664968700902e-06
74200.056 1.003644008540065e-06
74250.056 1.0408990223098064e-06
74300.056 9.41515181550058e-07
74350.056 9.340155072698933e-07
74400.056 8.579041949002426e-07
74450.056 1.1767229836404373e-06
74500.056 1.088029819049939e-06
74550.056 1.165914992539937e-06
74600.056 8.400373047698236e-07
74650.056 8.385474178100978e-07
74700.056 9.32884780129856e-07
74750.056 9.823868529100288e-07
74800.056 8.693478592301647e-07
74850.056 1.268405602309868e-06
74900.056 1.0512849817896952e-06
74950.056 9.485437317100754e-07
75000.056 9.807692665898844e-07
75050.056 1.0860983766896194e-06
75100.056 1.0892901264402486e-06
75150.056 1.1112115197200077e-06
75200.056 1.0977873989100839e-06
75250.056 1.080489612329758e-06
75300.056 8.923120236999951e-07
75350.056 9.28222605799844e-07
75400.056 9.504591752401698e-07
75450.056 9.733494232004214e-07
75500.056 1.0701660958198801e-06
75550.056 9.307251409800801e-07
75600.056 1.1957434201400431e-06
75650.056 1.104543217260063e-06
75700.056 9.19830359009842e-07
75750.056 9.395173161999514e-07
75800.056 9.61785647960124e-07
75850.056 9.588524356099984e-07
75900.056 9.157268006300847e-07
75950.056 9.254784681700889e-07
76000.056 8.020625039399144e-07
76050.056 9.20083738299953e-07
76100.056 9.572150651301195e-07
76150.056 8.846530619998932e-07
76200.056 8.992751968902682e-07
76250.056 1.0630075706700244e-06
76300.056 8.888170385299867e-07
76350.056 9.65723229710103e-07
76400.056 1.005540728029805e-06
76450.056 9.973922215505534e-07
76500.056 1.0549627616403838e-06
76550.056 9.750668507599817e-07
76600.056 8.881869474300265e-07
76650.056 9.677620737199454e-07
76700.056 9.491659080401522e-07
76750.056 1.0227197781700359e-06
76800.056 9.93121571890234e-07
76850.056 1.0410116999302794e-06
76900.056 1.0581294780599836e-06
76950.056 9.409617065702125e-07
77000.056 9.804750911501312e-07
77050.056 1.065422130959961e-06
77100.056 7.30787084240203e-07
77150.056 9.898782328799208e-07
77200.056 1.0121531130501328e-06
77250.056 9.658963254196327e-07
77300.056 9.153066035999183e-07
77350.056 8.565571724198712e-07
77400.056 8.503114197298643e-07
77450.056 8.013038895799974e-07
77500.056 9.178254351598863e-07
77550.056 9.470564616997047e-07
77600.056 8.76668588480128e-07
77650.056 8.180713617097425e-07
77700.056 9.708326403399212e-07
77750.056 8.955135193896937e-07
77800.056 9.75038850380148e-07
77850.056 9.844871156698318e-07
77900.056 9.982206688499197e-07
77950.056 9.474469527502552e-07
78000.056 9.551355488896764e-07
78050.056 8.103448905899301e-07
78100.056 8.586144687700801e-07
78150.056 9.490587574602926e-07
78200.056 9.90016549830143e-07
78250.056 1.0059070681199244e-06
78300.056 9.589755774398656e-07
78350.056 8.947320281001229e-07
78400.056 1.0032596874001396e-06
78450.056 1.0273112926297734e-06
78500.056 1.0796335949298765e-06
78550.056 8.720873681100459e-07
78600.056 9.120220123900089e-07
78650.056 8.185731038698392e-07
78700.056 9.330515245699801e-07
78750.056 8.998927094001074e-07
78800.056 8.721325238302465e-07
78850.056 7.902549309498712e-07
78900.056 8.411053069400294e-07
78950.056 7.274437848699365e-07
79000.056 8.82827619920213e-07
79050.056 8.983151456297689e-07
79100.056 8.648625055599183e-07
79150.056 8.992304580101513e-07
79200.056 1.0046997121696843e-06
79250.056 8.6077245509007e-07
79300.056 9.410125317200783e-07
79350.056 9.977340615102164e-07
79400.056 1.0150015598700209e-06
79450.056 8.427162228297442e-07
79500.056 1.0485973240400173e-06
79550.056 8.260125259402126e-07
79600.056 8.006937485698541e-07
79650.056 8.442501403500469e-07
79700.056 8.884745917198294e-07
79750.056 9.493941524201352e-07
79800.056 8.190214702201765e-07
79850.056 8.768135809902709e-07
79900.056 8.822343024900274e-07
79950.056 9.671820497997876e-07
