# %ECSV 1.0
# ---
# datatype:
# - {name: wav, unit: Angstrom, datatype: float64}
# - {name: flux_nu, unit: erg / (cm2 Hz s), datatype: float64}
# meta: {C/O: '1.00', Kzz: '1.0000E+05', Teff: '275.', Y: '0.28', '[Fe/H]': '-0.50', f_hole: '1.00', f_rain: '0.00', grav: '32.'}
# schema: astropy-2.0
wav flux_nu
4000.0559999999996 nan
4050.0559999999996 2.2626062151490374e-20
4100.056 4.950271639240075e-19
4150.056 2.321738446900019e-18
4200.056 2.5858774703890147e-18
4250.056 1.5761401330500118e-17
4300.056 3.61340945630001e-17
4350.056 6.942957534600031e-17
4400.056 1.1908217195700015e-16
4450.056 1.9375632505999998e-16
4500.056 3.338331665200014e-16
4550.056 4.4740745337999995e-16
4600.056 3.284177062799996e-16
4650.056 2.720285837799992e-16
4700.056 1.8134751649999964e-16
4750.056 1.1532510738099987e-16
4800.056 7.99500791489997e-17
4850.056 4.7512226896999784e-17
4900.056 3.347093966399995e-17
4950.056 2.791124795299997e-17
5000.056 2.3387856039999952e-17
5050.056 2.085244861100019e-17
5100.056 2.5104884954000272e-17
5150.056 3.127867190500008e-17
5200.056 3.8280078943000097e-17
5250.056 4.62251725540001e-17
5300.056 5.553981170600013e-17
5350.056 6.645940972700013e-17
5400.056 7.734523873500019e-17
5450.056 9.081197027500068e-17
5500.056 1.0722913092100029e-16
5550.056 1.2602415665000017e-16
5600.056 1.4460609501000025e-16
5650.056 1.5980742899000003e-16
5700.056 1.587176655200002e-16
5750.056 1.5797940733000024e-16
5800.056 1.3906375553999928e-16
5850.056 8.792399460099867e-17
5900.056 2.2167996950042016e-17
5950.056 1.6717364576500678e-16
6000.056 4.50295898579999e-16
6050.056 9.491581175200094e-16
6100.056 1.6721305253000158e-15
6150.056 2.6706619642000173e-15
6200.056 4.031392967700022e-15
6250.056 5.6945518059000066e-15
6300.056 8.02385289590001e-15
6350.056 1.1041616853600019e-14
6400.056 1.4858839926000035e-14
6450.056 1.725448216059971e-14
6500.056 2.2029893356900328e-14
6550.056 2.9955833584999045e-14
6600.056 4.0888779404501103e-14
6650.056 5.738812347300042e-14
6700.056 7.786626973800038e-14
6750.056 1.0343904737700048e-13
6800.056 1.2776191513000076e-13
6850.056 1.4675347504000024e-13
6900.056 1.3237425249200138e-13
6950.056 1.0153329765580202e-13
7000.056 1.2694996758299594e-13
7050.056 1.3539526761630078e-13
7100.056 1.6063187290899787e-13
7150.056 1.1644145855735223e-13
7200.056 7.537736582201671e-14
7250.056 9.31336245658826e-14
7300.056 1.0110977929394167e-13
7350.056 1.5791756018819842e-13
7400.056 2.2415418013700854e-13
7450.056 3.277484989400131e-13
7500.056 4.12797522210002e-13
7550.056 4.639203082700006e-13
7600.056 4.67614247229999e-13
7650.056 1.8350587599289319e-13
7700.056 1.4361930079200514e-13
7750.056 5.08910027060007e-13
7800.056 6.917355533400037e-13
7850.056 9.70756958799986e-13
7900.056 1.1476729672299754e-12
7950.056 1.2371276835399991e-12
8000.056 1.556743896680007e-12
8050.056 1.7551204392800252e-12
8100.056 1.091170609194441e-12
8150.056 5.791868968073593e-13
8200.056 1.395735950152952e-12
8250.056 1.4233647377341664e-12
8300.056 1.4774417722431365e-12
8350.056 1.5989447536008117e-12
8400.056 2.0521063798112505e-12
8450.056 3.2804797386299897e-12
8500.056 4.132921719899993e-12
8550.056 5.219412291600085e-12
8600.056 6.278989142300022e-12
8650.056 6.824703075900022e-12
8700.056 6.149292131400039e-12
8750.056 5.898251243500001e-12
8800.056 4.915895400199879e-12
8850.056 3.2673219334898047e-12
8900.056 2.2725651021142037e-13
8950.056 8.395202912131914e-14
9000.056 8.221834270744203e-14
9050.056 5.017032527649829e-13
9100.056 6.688614882866363e-13
9150.056 1.1164741174573961e-12
9200.056 2.978314034844618e-12
9250.056 2.092794657136573e-12
9300.056 1.0772877258911238e-14
9350.056 1.2888324606110128e-14
9400.056 1.9553283280448083e-13
9450.056 1.2416355509455635e-13
9500.056 1.0090004350902078e-13
9550.056 9.346540191995543e-14
9600.056 1.5089464366145364e-13
9650.056 4.564081359982596e-13
9700.056 2.4757208963194114e-12
9750.056 1.4549557814575531e-12
9800.056 1.599242146233135e-12
9850.056 1.8576967816951375e-12
9900.056 2.7637942491116386e-12
9950.056 2.709964081230328e-12
10000.056 2.3284210617579456e-12
10050.056 2.1686057051399645e-12
10100.056 1.6317168686899984e-12
10150.056 7.578533457040058e-13
10200.056 1.6568283877729003e-13
10250.056 2.0697061375295353e-13
10300.056 4.680035302837691e-13
10350.056 1.4677967768933065e-13
10400.056 5.758122275784226e-13
10450.056 1.0091087219343152e-12
10500.056 1.6978365263350475e-12
10550.056 2.8156207827700497e-12
10600.056 3.384677063000115e-12
10650.056 3.1941387048999873e-12
10700.056 2.3719702243999642e-12
10750.056 2.0506838349859474e-12
10800.056 1.7653138090180265e-12
10850.056 1.421183401578614e-12
10900.056 1.1091926168719813e-12
10950.056 6.704780698607915e-13
11000.056 3.7248613142533366e-13
11050.056 1.7513522916781976e-13
11100.056 6.556738747624909e-14
11150.056 1.6081328920409267e-14
11200.056 5.897139188286609e-15
11250.056 3.781175496760032e-15
11300.056 1.44339955444746e-14
11350.056 2.1559323868180135e-15
11400.056 2.9520059080254826e-14
11450.056 1.3280363924826972e-14
11500.056 1.4197135602997675e-14
11550.056 2.6068327443228427e-15
11600.056 4.896908781631175e-16
11650.056 6.09939096346383e-15
11700.056 8.930010354930553e-15
11750.056 2.5685292664619577e-15
11800.056 1.5564567826879432e-14
11850.056 1.3492325781967535e-14
11900.056 1.3879981934525845e-14
11950.056 2.2897058867140714e-14
12000.056 3.269688192839693e-14
12050.056 4.985951715969767e-14
12100.056 5.893651279787708e-14
12150.056 8.231894045854788e-14
12200.056 9.304255383687983e-14
12250.056 2.2094346687847448e-13
12300.056 4.897366453702487e-13
12350.056 6.253383664292161e-13
12400.056 1.198887358701989e-12
12450.056 2.4367578439500472e-12
12500.056 3.2446619626001425e-12
12550.056 3.643326812330016e-12
12600.056 6.356757231448615e-12
12650.056 1.1811995325227988e-11
12700.056 1.4310464002739953e-11
12750.056 9.898531169848703e-12
12800.056 5.828722164919487e-12
12850.056 2.7102903152369423e-12
12900.056 1.7207659976489668e-12
12950.056 1.3972713312358544e-12
13000.056 1.541679730922226e-12
13050.056 9.423843871737253e-13
13100.056 9.040776110682241e-13
13150.056 4.1326863755855265e-13
13200.056 5.812080306332165e-13
13250.056 7.021290539395935e-13
13300.056 2.5205727170249617e-13
13350.056 1.2914658044362046e-13
13400.056 4.726302149349606e-14
13450.056 6.350773258913142e-15
13500.056 8.854625052642785e-16
13550.056 8.409962611447653e-17
13600.056 4.9731455157615706e-18
13650.056 7.969849607844084e-17
13700.056 2.4251034707414166e-17
13750.056 2.442227244947602e-16
13800.056 2.0293261689308562e-16
13850.056 5.3416799167361663e-17
13900.056 2.262877844203739e-16
13950.056 1.35260877709995e-16
14000.056 3.5716682920599007e-16
14050.056 4.4084074413464413e-16
14100.056 5.374511915401725e-16
14150.056 3.1748671687286922e-15
14200.056 1.9645011554220355e-15
14250.056 4.03214042885771e-15
14300.056 1.7729586725639247e-14
14350.056 1.3172883934815633e-14
14400.056 1.2395918312110513e-14
14450.056 3.4500306123658e-14
14500.056 9.672549808283452e-14
14550.056 1.4388259557081403e-13
14600.056 1.7407471696100113e-13
14650.056 4.4519932690842365e-14
14700.056 1.5631829932458393e-14
14750.056 2.754491069179814e-15
14800.056 4.5602204857829575e-15
14850.056 5.059067736365329e-15
14900.056 4.31410216562895e-15
14950.056 2.127573160557812e-15
15000.056 1.0525865289452195e-14
15050.056 1.6113096289194352e-14
15100.056 3.787600707122586e-15
15150.056 8.227971314682956e-16
15200.056 1.0471596798105023e-14
15250.056 2.3998982836636675e-14
15300.056 3.832556430261571e-14
15350.056 6.881499617805927e-14
15400.056 6.950857895349803e-14
15450.056 1.1992735783268637e-13
15500.056 1.732963809144352e-13
15550.056 6.347066431661779e-13
15600.056 1.350469286860877e-12
15650.056 3.2469466936347985e-12
15700.056 7.455431948730561e-12
15750.056 1.1438955154730558e-11
15800.056 1.464596142014062e-11
15850.056 2.015284509486307e-11
15900.056 2.4419711726598774e-11
15950.056 3.188251237439964e-11
16000.056 2.9906604218200915e-11
16050.056 2.072583335419864e-11
16100.056 1.1194868762700027e-11
16150.056 4.86267770989629e-12
16200.056 1.6803043423898821e-12
16250.056 6.421495055463035e-13
16300.056 2.3472445525379735e-13
16350.056 3.1564380895265567e-13
16400.056 4.0085874791875487e-13
16450.056 3.719200765563113e-13
16500.056 2.3479197617720466e-13
16550.056 2.2318733415015996e-13
16600.056 8.608204295468312e-13
16650.056 4.22422581344884e-13
16700.056 5.301264402145291e-14
16750.056 2.1048141296837144e-13
16800.056 3.7983073821934687e-13
16850.056 3.968881440387729e-13
16900.056 9.83786555936203e-14
16950.056 5.117208941782445e-14
17000.056 1.682840493650998e-14
17050.056 3.670308124040667e-14
17100.056 1.232627694464775e-13
17150.056 5.267213777866044e-14
17200.056 3.254521467600614e-13
17250.056 6.402171390619699e-14
17300.056 4.5395816407567173e-14
17350.056 8.010969709782068e-14
17400.056 2.151934246796425e-13
17450.056 2.704955994406601e-13
17500.056 4.781848943148978e-13
17550.056 4.20914172112912e-13
17600.056 3.5271810527358544e-13
17650.056 2.0299027185507477e-13
17700.056 1.709197523793323e-13
17750.056 1.4113448239654724e-13
17800.056 4.641331991311894e-13
17850.056 1.3938905858576883e-13
17900.056 8.982552480652901e-14
17950.056 6.979058735135157e-14
18000.056 1.195343708481478e-13
18050.056 7.198901649491134e-14
18100.056 8.650947407471463e-14
18150.056 3.6855518921425376e-14
18200.056 2.819986948724097e-14
18250.056 1.3599967709638916e-13
18300.056 9.706437578821814e-15
18350.056 7.600324169981287e-15
18400.056 2.8417685113680164e-15
18450.056 4.488351131751721e-14
18500.056 3.54012177450186e-14
18550.056 1.3771659818372148e-14
18600.056 3.800304217092753e-14
18650.056 2.933921028425454e-14
18700.056 1.2278042242827982e-15
18750.056 2.6136776951767036e-15
18800.056 7.602248389402773e-14
18850.056 5.923830580693028e-14
18900.056 7.873822767103627e-14
18950.056 8.222332278238473e-14
19000.056 1.14068889230288e-14
19050.056 4.686517871874249e-15
19100.056 1.9865713392630244e-14
19150.056 7.698871025710783e-15
19200.056 1.835270145790337e-14
19250.056 1.3243714184272352e-14
19300.056 6.634019840213933e-15
19350.056 7.059614066477923e-15
19400.056 4.9409031343057224e-15
19450.056 5.550495067493495e-15
19500.056 4.026425011710141e-15
19550.056 1.200439415773222e-14
19600.056 2.6716662232908125e-14
19650.056 1.673553278289475e-14
19700.056 2.5337296715197913e-14
19750.056 3.292442776132151e-14
19800.056 2.0398240519276155e-14
19850.056 2.371233336783029e-14
19900.056 4.0838572588063554e-14
19950.056 4.41491008674556e-14
20000.056 5.066753530324872e-14
20050.056 3.7298912059809146e-14
20100.056 5.4320574586028263e-14
20150.056 3.405678106687344e-14
20200.056 2.163200967946445e-14
20250.056 4.734478328804348e-14
20300.056 5.623202981546325e-14
20350.056 5.5487995021554343e-14
20400.056 5.226712354127185e-14
20450.056 7.33364554835902e-14
20500.056 7.366098991435824e-14
20550.056 7.356484555506014e-14
20600.056 7.161700034684738e-14
20650.056 7.131571667835675e-14
20700.056 6.927158292469782e-14
20750.056 6.435289340869828e-14
20800.056 5.70333149589928e-14
20850.056 5.615206547899976e-14
20900.056 5.217179301399899e-14
20950.056 4.717461963400057e-14
21000.056 4.3373806279099997e-14
21050.056 4.3012552092999423e-14
21100.056 4.2089110547000294e-14
21150.056 4.340370100700064e-14
21200.056 4.509483399460239e-14
21250.056 4.858269870699881e-14
21300.056 5.02727384495987e-14
21350.056 5.429930584297863e-14
21400.056 6.262806178610841e-14
21450.056 6.055297040138215e-14
21500.056 6.081185317050182e-14
21550.056 6.505653201441469e-14
21600.056 6.187995887516061e-14
21650.056 5.446975982091364e-14
21700.056 5.0677265268664894e-14
21750.056 5.638130744125945e-14
21800.056 4.623682999601219e-14
21850.056 4.5092519068186115e-14
21900.056 3.8412387383677026e-14
21950.056 1.7500041751833904e-14
22000.056 1.450802116850732e-15
22050.056 3.860000976769171e-15
22100.056 1.3805630088462664e-14
22150.056 7.985341583786154e-15
22200.056 6.92248370912751e-15
22250.056 5.406994852791168e-15
22300.056 2.1508050708768083e-15
22350.056 3.7175565248080625e-15
22400.056 1.2934033281101925e-15
22450.056 2.320231877912666e-15
22500.056 1.6812881225761567e-15
22550.056 6.255125554393869e-16
22600.056 4.630852280281125e-16
22650.056 7.959743709974499e-16
22700.056 9.250689919785401e-16
22750.056 1.7030609947996857e-15
22800.056 2.3379743017472954e-15
22850.056 1.4788085559347916e-15
22900.056 8.369560099424551e-16
22950.056 5.07315823394832e-16
23000.056 6.622559852703611e-16
23050.056 5.197362118643973e-16
23100.056 7.90658067860324e-15
23150.056 7.752582302722722e-15
23200.056 2.4194121139121796e-16
23250.056 1.849258506054013e-15
23300.056 1.1320731892196094e-15
23350.056 1.8746020165255136e-15
23400.056 1.4620401125857604e-15
23450.056 5.715251413069704e-16
23500.056 5.706528963945099e-16
23550.056 1.55235981120324e-15
23600.056 4.391026007652032e-15
23650.056 5.8537544718903136e-15
23700.056 6.852062290884013e-16
23750.056 9.981965875754868e-16
23800.056 6.246860692187648e-15
23850.056 3.2236439078120995e-15
23900.056 6.982453307458983e-15
23950.056 2.7971567982022677e-15
24000.056 9.379049555137601e-15
24050.056 1.096962377346922e-14
24100.056 1.6765572424981887e-14
24150.056 2.4868535047738972e-14
24200.056 1.6661697291415725e-14
24250.056 1.285784276414034e-14
24300.056 2.997480343700496e-14
24350.056 2.998904156293894e-14
24400.056 6.864567745687498e-14
24450.056 8.851561431866446e-14
24500.056 8.37277973981853e-14
24550.056 1.463550808594561e-13
24600.056 1.9998578534983826e-13
24650.056 2.8957555968462755e-13
24700.056 2.5748280128585845e-13
24750.056 3.8089174254149105e-13
24800.056 3.7539751122356734e-13
24850.056 5.212921628331379e-13
24900.056 3.9170889298268423e-13
24950.056 5.707809572901307e-13
25000.056 8.136313844363462e-13
25050.056 6.0447022972269e-13
25100.056 8.107434623500534e-13
25150.056 4.26497193220109e-13
25200.056 7.383120034984277e-13
25250.056 3.51441534429749e-13
25300.056 3.1586094024240066e-13
25350.056 1.9748941866059297e-13
25400.056 4.371592736496313e-13
25450.056 1.0286716184702166e-13
25500.056 7.821357165348843e-14
25550.056 2.4216684485451115e-13
25600.056 8.189665664337238e-14
25650.056 3.0353199523956165e-14
25700.056 1.5774328218908376e-14
25750.056 4.562327916907496e-15
25800.056 3.065717895687804e-14
25850.056 3.1942447370341965e-15
25900.056 4.042518722209561e-15
25950.056 9.903204396633952e-16
26000.056 1.632566254526262e-14
26050.056 1.3124142734251039e-15
26100.056 6.100681333771267e-15
26150.056 2.054481209807554e-15
26200.056 2.9326176419169225e-15
26250.056 3.169979370110188e-14
26300.056 3.4608333872989013e-15
26350.056 1.3800716856560036e-13
26400.056 3.7989295471128694e-13
26450.056 1.4791732703319827e-13
26500.056 6.225905356257838e-13
26550.056 2.0160654144360304e-14
26600.056 1.6243190911900754e-14
26650.056 2.092505172311836e-15
26700.056 1.950142920164745e-15
26750.056 3.640142439417623e-15
26800.056 1.932112541623425e-14
26850.056 1.0577065844412931e-14
26900.056 6.68697324581101e-14
26950.056 1.095036086892928e-14
27000.056 8.521997288991268e-14
27050.056 2.1115513243699999e-13
27100.056 4.718225049676723e-15
27150.056 1.316124834286903e-13
27200.056 5.700394085683111e-15
27250.056 3.181830629577783e-14
27300.056 6.593514501104621e-13
27350.056 1.2258877883123654e-13
27400.056 4.902431245471248e-15
27450.056 2.362289566295449e-13
27500.056 3.1930788566243556e-13
27550.056 3.0506268598627865e-14
27600.056 1.3333258882336521e-13
27650.056 2.44646485176025e-14
27700.056 3.365202565316336e-14
27750.056 3.2505989186349447e-13
27800.056 7.656390479694028e-14
27850.056 2.2076122565498801e-13
27900.056 3.099822549313304e-13
27950.056 6.109317044452679e-13
28000.056 9.45760889608388e-13
28050.056 4.054589679412828e-14
28100.056 1.0049016790817573e-12
28150.056 7.256098242226457e-13
28200.056 8.740985277814218e-14
28250.056 1.4010373766856325e-12
28300.056 1.2647968891501591e-12
28350.056 1.1672313679791814e-13
28400.056 6.97779327714733e-13
28450.056 1.5668156758594212e-12
28500.056 5.804772644798477e-13
28550.056 1.0594780329150957e-13
28600.056 1.498323120196203e-12
28650.056 5.603687721730729e-13
28700.056 1.6115221528863417e-12
28750.056 2.3981532914401994e-12
28800.056 4.666112552006066e-13
28850.056 4.331731764997318e-12
28900.056 1.1619235940995272e-12
28950.056 1.6400931764028585e-12
29000.056 7.776739210781905e-13
29050.056 1.5336437215242917e-12
29100.056 5.620245911958678e-13
29150.056 4.697124673124484e-13
29200.056 5.292603351757337e-12
29250.056 2.26357129552538e-12
29300.056 1.3798313256514992e-12
29350.056 3.846777466853935e-12
29400.056 2.339033673976911e-12
29450.056 4.734488728415995e-13
29500.056 5.3605321375437214e-12
29550.056 1.135389110091541e-12
29600.056 9.990772958517998e-13
29650.056 7.46860978610676e-12
29700.056 7.594481218995125e-13
29750.056 5.7686115957225025e-12
29800.056 2.001393032721896e-12
29850.056 6.57732295183362e-12
29900.056 1.9025798146637624e-12
29950.056 2.7376515693304987e-12
30000.056 1.697854247708501e-14
30050.056 3.3553188474103137e-13
30100.056 2.186164246807075e-12
30150.056 8.814606352066494e-12
30200.056 4.679785812220633e-12
30250.056 6.318080262775758e-12
30300.056 1.1343900294639954e-11
30350.056 1.1628442517134703e-12
30400.056 1.1345568764504608e-11
30450.056 1.2969665513932272e-11
30500.056 2.054357440675823e-12
30550.056 2.248100224612017e-12
30600.056 7.425892277669977e-11
30650.056 2.0874189962646443e-11
30700.056 4.802149619502433e-12
30750.056 1.666210216568796e-11
30800.056 2.7793305421628935e-11
30850.056 2.487641883275053e-11
30900.056 1.0976041564589073e-11
30950.056 5.92884464285976e-12
31000.056 9.704400979405741e-12
31050.056 2.8653578819084855e-12
31100.056 2.897191960129019e-12
31150.056 6.083670555660106e-12
31200.056 3.881338278530334e-11
31250.056 1.7574105869741768e-11
31300.056 5.8128801764523586e-12
31350.056 3.5773753422190676e-11
31400.056 2.2560443434411923e-11
31450.056 2.0857335227509128e-11
31500.056 5.060524424289773e-12
31550.056 1.1680534837925705e-11
31600.056 1.0040159411070651e-11
31650.056 7.51408689989782e-12
31700.056 4.570816625909367e-12
31750.056 2.566142337332258e-12
31800.056 4.372945589704478e-12
31850.056 5.231395700584716e-13
31900.056 1.3109757273602685e-12
31950.056 8.3363262138581e-13
32000.056 3.284817518208221e-13
32050.056 5.653113599211733e-13
32100.056 5.213279960028541e-13
32150.056 3.2119576714060947e-13
32200.056 1.249274295360597e-13
32250.056 2.98830350102551e-13
32300.056 6.258639264931465e-14
32350.056 2.595430333004881e-13
32400.056 1.3124227326565378e-14
32450.056 1.333432172641778e-13
32500.056 1.0900768982498599e-14
32550.056 1.0729995282640975e-13
32600.056 5.957096466801029e-15
32650.056 2.900175710696223e-13
32700.056 1.263112099773778e-14
32750.056 9.412946167225025e-13
32800.056 2.9765973746951293e-13
32850.056 3.6518871080398285e-12
32900.056 2.5431964624056456e-12
32950.056 2.647950003829235e-12
33000.056 5.17535007659844e-13
33050.056 3.358663861881195e-13
33100.056 4.4810140464632554e-14
33150.056 3.434353662527478e-17
33200.056 3.8031988584998e-15
33250.056 7.84366553305306e-15
33300.056 2.331271053769151e-13
33350.056 3.3411558821583285e-13
33400.056 2.1625409634486957e-12
33450.056 2.445225070307265e-13
33500.056 2.0118300882357428e-12
33550.056 2.2634416499385317e-13
33600.056 8.09093951330533e-13
33650.056 8.539831348342382e-13
33700.056 9.899991677792537e-14
33750.056 1.1104730504471723e-12
33800.056 3.268656845635203e-14
33850.056 5.088284009732288e-13
33900.056 5.898928192353563e-13
33950.056 6.129286301361686e-13
34000.056 1.6918202282683993e-12
34050.056 2.4764970784798894e-13
34100.056 2.0424710069761946e-12
34150.056 6.18129346422242e-13
34200.056 2.9992812717986225e-12
34250.056 9.257578480546712e-13
34300.056 1.531106720697135e-12
34350.056 8.283597755620777e-12
34400.056 9.910647760055489e-13
34450.056 5.634330495628848e-12
34500.056 1.4963972005533384e-12
34550.056 3.871110396982759e-12
34600.056 1.9342986336575887e-11
34650.056 7.353004398160734e-13
34700.056 9.234407140944958e-12
34750.056 4.588195662389301e-12
34800.056 3.4052110399090197e-12
34850.056 1.7183142333518328e-11
34900.056 1.2494607852867846e-12
34950.056 2.272630042345331e-11
35000.056 2.4546100619365005e-11
35050.056 2.2968596242473692e-11
35100.056 4.2619240468534904e-11
35150.056 3.260044726616981e-11
35200.056 2.4225240609284006e-11
35250.056 5.475884136246982e-11
35300.056 1.290423542779766e-11
35350.056 9.25515758774777e-12
35400.056 5.614725525367487e-12
35450.056 6.304658172159606e-12
35500.056 3.0609315907032697e-11
35550.056 1.5446660414044884e-11
35600.056 3.645586654065119e-11
35650.056 6.15359269443263e-11
35700.056 6.419000056849258e-11
35750.056 4.538025126925938e-11
35800.056 2.131287879215789e-11
35850.056 9.940304583820323e-12
35900.056 1.1801104082635655e-11
35950.056 2.5389839052973144e-11
36000.056 3.498448007638333e-11
36050.056 2.1958681223487162e-11
36100.056 2.1712934964891734e-11
36150.056 1.1907968490125923e-10
36200.056 8.915276608865172e-11
36250.056 4.4426541094422494e-11
36300.056 1.8612389845459666e-10
36350.056 8.441973156306088e-11
36400.056 1.4873181979409027e-10
36450.056 1.1109846025231924e-10
36500.056 1.062932597370391e-10
36550.056 2.83687969425852e-10
36600.056 2.4597926084090563e-10
36650.056 1.2874946692286394e-10
36700.056 2.070314878959421e-10
36750.056 2.829636392632088e-10
36800.056 3.794041962126921e-10
36850.056 1.0599019548111138e-10
36900.056 1.8181268884998646e-10
36950.056 3.880124468492426e-10
37000.056 2.1135900973224563e-10
37050.056 4.308134469365803e-10
37100.056 1.1885394477761232e-10
37150.056 2.019917127995853e-10
37200.056 5.654386717300296e-10
37250.056 2.9803511852615436e-10
37300.056 1.0919245812153921e-10
37350.056 2.2927523815998925e-10
37400.056 4.2185590047875173e-10
37450.056 1.1845331046969396e-10
37500.056 2.401261304623788e-10
37550.056 6.915534653613762e-10
37600.056 1.3933535324619157e-09
37650.056 2.027921728160177e-10
37700.056 4.5543740855160046e-10
37750.056 3.7593779403503844e-10
37800.056 2.8593333304514425e-10
37850.056 1.329236260000668e-10
37900.056 1.468429159051493e-10
37950.056 4.027828770082912e-10
38000.056 3.613854458032232e-10
38050.056 8.484759544806572e-10
38100.056 1.0005676896707354e-09
38150.056 1.4685464859203232e-09
38200.056 8.458967009495334e-10
38250.056 1.4174414702285539e-09
38300.056 2.315035537430105e-09
38350.056 1.3658282022556877e-09
38400.056 3.1216905352635375e-10
38450.056 7.031908319146884e-11
38500.056 6.960613350129248e-11
38550.056 4.91474231363853e-10
38600.056 6.420777744702407e-10
38650.056 6.85941078936183e-10
38700.056 3.14168425065474e-10
38750.056 5.638879408489006e-10
38800.056 5.076846819239474e-10
38850.056 7.43955483354708e-10
38900.056 8.890226163786109e-10
38950.056 4.249138363601272e-10
39000.056 1.1492337561942652e-09
39050.056 2.941870055422431e-10
39100.056 7.551995770932715e-10
39150.056 1.4286137480251938e-09
39200.056 7.608055471697712e-10
39250.056 1.6512577662914105e-09
39300.056 7.373578572617432e-10
39350.056 2.070717488276905e-09
39400.056 8.253468808933874e-10
39450.056 1.6268013570035424e-09
39500.056 1.5363197764360722e-09
39550.056 4.3678208605642157e-10
39600.056 1.5677076373523334e-09
39650.056 1.998598371379839e-09
39700.056 2.147136636158483e-09
39750.056 6.201282968781398e-10
39800.056 6.655389714701005e-10
39850.056 2.2787133376604593e-09
39900.056 3.2785284704503013e-09
39950.056 7.878093430697537e-10
40000.056 1.8587556091659093e-09
40050.056 2.4484734642238713e-09
40100.056 5.312236787945873e-10
40150.056 1.9789922405774255e-09
40200.056 2.338159362260465e-09
40250.056 2.7620338761710047e-09
40300.056 2.9152786659600552e-09
40350.056 1.2258471593948854e-09
40400.056 1.8131555502239484e-09
40450.056 6.139404616540274e-10
40500.056 2.902454133365494e-09
40550.056 3.002588704382199e-09
40600.056 2.566704025929956e-09
40650.056 1.648278386214197e-09
40700.056 3.4240417349165926e-09
40750.056 2.30085156217229e-09
40800.056 1.1092353903960052e-09
40850.056 5.010996835581273e-09
40900.056 4.351028379219121e-09
40950.056 3.372125271422902e-09
41000.056 2.151443564582431e-09
41050.056 5.549381321859084e-09
41100.056 4.604891720633872e-09
41150.056 1.0572715578047465e-09
41200.056 5.7121526266709085e-09
41250.056 4.1591270692309345e-09
41300.056 4.357502276068245e-09
41350.056 6.8577170729997884e-09
41400.056 4.934363478479432e-09
41450.056 7.380894674218644e-09
41500.056 3.825933158179461e-09
41550.056 3.2254861096519162e-09
41600.056 3.695975020236464e-09
41650.056 6.279754551729061e-09
41700.056 9.602499521998626e-09
41750.056 6.515781086439364e-09
41800.056 6.400642717800784e-09
41850.056 6.161357519908712e-09
41900.056 4.213130540945145e-09
41950.056 3.965329882735783e-09
42000.056 1.0188288576159004e-09
42050.056 2.147229005512283e-09
42100.056 2.6529590155309397e-09
42150.056 3.685304971882748e-09
42200.056 5.295439865522171e-09
42250.056 3.866838683661368e-09
42300.056 3.0967862303815288e-09
42350.056 6.724546580390217e-09
42400.056 8.805752948000972e-09
42450.056 9.99564954570133e-09
42500.056 1.0480560440499086e-08
42550.056 8.60387361049914e-09
42600.056 7.389778598742625e-09
42650.056 1.1296319126217974e-08
42700.056 3.933350024593902e-09
42750.056 9.292244728301652e-09
42800.056 1.467199383380073e-08
42850.056 1.4529552448297615e-08
42900.056 1.397618655170129e-08
42950.056 1.142182852990047e-08
43000.056 1.3287759953500266e-08
43050.056 5.9528051890217635e-09
43100.056 1.0094022737040135e-08
43150.056 8.845292822300424e-09
43200.056 1.4481052304800795e-08
43250.056 1.7410265423300758e-08
43300.056 1.6181153018500163e-08
43350.056 9.495835702397957e-09
43400.056 1.3496415068800731e-08
43450.056 7.737110659430004e-09
43500.056 6.690803455372737e-09
43550.056 8.384666675740576e-09
43600.056 1.59168495976012e-08
43650.056 9.017783568809705e-09
43700.056 1.6809698441004226e-08
43750.056 1.7645824761998276e-08
43800.056 1.4132443917199047e-08
43850.056 1.2893997887101565e-08
43900.056 8.481974280639358e-09
43950.056 5.981557565299562e-09
44000.056 6.776690751799558e-09
44050.056 1.71421045597006e-08
44100.056 2.0786221101000357e-08
44150.056 1.8507629398599312e-08
44200.056 1.8329609792100886e-08
44250.056 9.832814066498707e-09
44300.056 7.208243606000807e-09
44350.056 7.33108041981178e-09
44400.056 6.728999233799755e-09
44450.056 1.4347658303101577e-08
44500.056 1.2587121236801248e-08
44550.056 1.7612562680999782e-08
44600.056 1.3695634363459933e-08
44650.056 1.3324202242900631e-08
44700.056 9.564092494198513e-09
44750.056 1.5363144620802166e-08
44800.056 8.909813663260447e-09
44850.056 1.237137270890022e-08
44900.056 1.2577237448499891e-08
44950.056 1.4611318058601724e-08
45000.056 1.826024574300042e-08
45050.056 1.4966196018298317e-08
45100.056 1.363711067420063e-08
45150.056 1.1313722366598429e-08
45200.056 8.392189303650848e-09
45250.056 1.0469000707497621e-08
45300.056 1.021786162875125e-08
45350.056 6.82398462776144e-09
45400.056 2.1164252832001346e-08
45450.056 1.5851886644731878e-08
45500.056 1.9442924787800482e-08
45550.056 2.0097712250796278e-08
45600.056 1.7093120950001718e-08
45650.056 1.5360856220299503e-08
45700.056 9.518207861519291e-09
45750.056 8.723998683770654e-09
45800.056 2.0057181216901034e-08
45850.056 1.444892049837071e-08
45900.056 2.0212900901999402e-08
45950.056 2.0743623478298805e-08
46000.056 1.9456338638501913e-08
46050.056 1.4162013875401681e-08
46100.056 2.3682826803999073e-08
46150.056 1.4673362709299887e-08
46200.056 1.1341427108018349e-08
46250.056 4.092897571386805e-09
46300.056 1.3859079312100426e-08
46350.056 1.3800094574521972e-08
46400.056 1.4235390522000447e-08
46450.056 1.2441344870489214e-08
46500.056 1.4636671840202106e-08
46550.056 7.098278295019526e-09
46600.056 9.063843111358802e-09
46650.056 1.531038684630068e-08
46700.056 1.0834158130597984e-08
46750.056 4.1081169407606675e-09
46800.056 2.430550694839833e-09
46850.056 1.3532972448301939e-08
46900.056 1.6840329324899233e-08
46950.056 1.7216475290899476e-08
47000.056 1.7583243648001365e-08
47050.056 1.0675480204441059e-08
47100.056 8.694179435200563e-09
47150.056 1.3715361617201585e-08
47200.056 1.513377127119899e-08
47250.056 6.699817421088801e-09
47300.056 4.591720320756171e-09
47350.056 1.5562376804801378e-08
47400.056 1.6277711091898872e-08
47450.056 9.645102373566369e-09
47500.056 1.6886273659500806e-08
47550.056 1.5849649738300112e-08
47600.056 1.1594628854048623e-08
47650.056 1.4224343117203506e-08
47700.056 1.1090041106344909e-08
47750.056 8.568692604599875e-09
47800.056 5.988248569000793e-09
47850.056 2.1931992718304375e-09
47900.056 4.229427625910071e-09
47950.056 1.2357717579900447e-08
48000.056 1.5817459338199e-08
48050.056 1.1993719555900086e-08
48100.056 5.524397137282537e-09
48150.056 1.1189795484200467e-08
48200.056 6.02668290048711e-09
48250.056 9.125421784399939e-09
48300.056 1.518525299399977e-08
48350.056 8.70174050359879e-09
48400.056 1.4784508106215436e-09
48450.056 3.1397361530688138e-09
48500.056 6.530766436618518e-09
48550.056 7.736822353403369e-09
48600.056 1.4263226167399638e-08
48650.056 1.7076341039399353e-08
48700.056 1.1368886132201988e-08
48750.056 1.0064885673000933e-08
48800.056 1.4131047865200477e-08
48850.056 6.754920214198988e-09
48900.056 6.371203386849248e-09
48950.056 3.136175610699862e-09
49000.056 1.8689556115167355e-09
49050.056 7.144729947419096e-09
49100.056 1.0426712849162797e-08
49150.056 8.500259446770577e-09
49200.056 1.4541229769001279e-08
49250.056 1.4644425099699924e-08
49300.056 1.189985256109922e-08
49350.056 4.035392725656443e-09
49400.056 6.209422151518437e-09
49450.056 4.996231972986073e-09
49500.056 3.658293988283256e-09
49550.056 4.682637178270079e-10
49600.056 1.617916714608745e-09
49650.056 6.604457764000892e-09
49700.056 8.621047256398523e-09
49750.056 6.048063948048975e-09
49800.056 3.446177369610147e-09
49850.056 9.675567336021253e-09
49900.056 1.017359330689965e-08
49950.056 9.934571827099903e-09
50000.056 4.94277095879757e-09
50050.056 6.118907318070769e-09
50100.056 5.460768067899568e-09
50150.056 1.7559823178896103e-09
50200.056 1.823972787750923e-10
50250.056 1.60246076489001e-09
50300.056 1.0587039335332592e-09
50350.056 6.114778964301038e-09
50400.056 8.161591403498861e-09
50450.056 6.947559514860873e-09
50500.056 1.0271586185890084e-08
50550.056 1.0096038424100503e-08
50600.056 6.2692653183733944e-09
50650.056 1.1299505314901253e-08
50700.056 9.853203485899534e-09
50750.056 5.310669049199959e-09
50800.056 1.1421800960107343e-09
50850.056 4.1830988012722695e-10
50900.056 4.5518237093005955e-09
50950.056 5.5392104929993696e-09
51000.056 3.4252074824194627e-09
51050.056 7.136536775299295e-09
51100.056 2.1884929242350414e-09
51150.056 1.7004526496498421e-09
51200.056 8.077874796900076e-09
51250.056 6.32669045275904e-09
51300.056 3.938666823740642e-09
51350.056 2.567288843134046e-09
51400.056 4.4775599045001597e-10
51450.056 4.271955891375576e-10
51500.056 4.440994233305857e-10
51550.056 2.435664953870589e-09
51600.056 3.1673150077707e-09
51650.056 5.193735577900107e-09
51700.056 4.353068554158229e-09
51750.056 2.703225573325673e-09
51800.056 6.325845373099692e-09
51850.056 4.8469649417497485e-09
51900.056 4.025100080100015e-09
51950.056 1.6364082918997309e-09
52000.056 1.0844423165256538e-10
52050.056 7.43296475270067e-10
52100.056 3.20829562716919e-10
52150.056 1.6007664832126977e-10
52200.056 1.046298154120023e-09
52250.056 2.0870299686704036e-09
52300.056 2.0972263275997938e-09
52350.056 3.766487394385407e-10
52400.056 4.658813724860044e-10
52450.056 2.9553887115602367e-09
52500.056 1.83260801093471e-09
52550.056 3.6138714018199116e-09
52600.056 3.3056466501302208e-09
52650.056 3.965737693800057e-09
52700.056 2.1563085647997562e-09
52750.056 4.297449546056212e-10
52800.056 1.1066018795302276e-09
52850.056 1.3661099001396429e-09
52900.056 2.922578739746488e-10
52950.056 6.340006684251333e-10
53000.056 1.843948594740222e-09
53050.056 5.164023066658732e-10
53100.056 3.0590104172001197e-09
53150.056 2.8379767590701086e-09
53200.056 1.2807995352659314e-09
53250.056 2.1780154871098982e-09
53300.056 2.5288896146984116e-09
53350.056 1.9543602577101087e-09
53400.056 1.09499099996973e-09
53450.056 2.503024310839162e-10
53500.056 4.286822986548837e-11
53550.056 8.752721376460103e-11
53600.056 5.745297303461493e-10
53650.056 1.2790103513259563e-09
53700.056 9.798239209497493e-10
53750.056 9.981225209357424e-10
53800.056 7.969577592970094e-10
53850.056 1.885742489609785e-09
53900.056 2.5252294149899543e-09
53950.056 1.6654785052099392e-09
54000.056 1.3645051947773373e-09
54050.056 1.5004137161997158e-09
54100.056 2.659173861439886e-10
54150.056 2.34873523142006e-10
54200.056 3.984564991088721e-11
54250.056 9.271921115701676e-11
54300.056 2.948922163540164e-10
54350.056 6.148869755300104e-10
54400.056 4.885312464748538e-10
54450.056 3.8869848265631467e-10
54500.056 6.608724186571754e-10
54550.056 5.429803003199116e-10
54600.056 2.3896350024893675e-10
54650.056 3.198867561479473e-11
54700.056 2.5696507865602113e-10
54750.056 2.9260162916797886e-10
54800.056 1.5611119416505696e-10
54850.056 2.803475504141091e-10
54900.056 3.6789528651303615e-10
54950.056 1.0388206689680275e-09
55000.056 4.825325041695348e-10
55050.056 4.437619768196633e-10
55100.056 7.108777149552559e-10
55150.056 2.935327762093736e-10
55200.056 1.8241203654441678e-10
55250.056 2.39039878875214e-10
55300.056 2.5850088740909793e-10
55350.056 4.0465676209789683e-10
55400.056 2.726605989509838e-10
55450.056 3.5695417588750393e-10
55500.056 1.1229726769921202e-10
55550.056 6.226563102858458e-11
55600.056 1.9556105103072571e-10
55650.056 1.5569347378093257e-10
55700.056 1.4459832830901908e-10
55750.056 7.379702260610521e-11
55800.056 3.6547840386606685e-11
55850.056 5.922533420239219e-11
55900.056 2.1546285651515926e-10
55950.056 3.5892450211844494e-10
56000.056 1.519479613229827e-10
56050.056 1.1253624839645764e-10
56100.056 2.064773229167129e-10
56150.056 7.785720908339536e-11
56200.056 1.0150821131360167e-10
56250.056 3.4112869400462034e-10
56300.056 1.6571694239395806e-10
56350.056 4.270112580492385e-11
56400.056 3.20228138218968e-11
56450.056 3.323619574501527e-11
56500.056 1.1814313045171486e-10
56550.056 4.0225062505298036e-11
56600.056 1.1140251647740758e-10
56650.056 9.748502411462229e-11
56700.056 7.657974975009158e-11
56750.056 6.136929222019396e-11
56800.056 3.381090839364138e-11
56850.056 1.1314982853952214e-10
56900.056 4.8254420184391535e-11
56950.056 1.5351072349116468e-10
57000.056 2.1937633829919778e-10
57050.056 1.6242872337395925e-10
57100.056 2.243756807871803e-11
57150.056 7.255515801780911e-11
57200.056 3.354737305735668e-11
57250.056 6.09639042492003e-11
57300.056 4.8429575968968754e-11
57350.056 3.915200922297513e-11
57400.056 9.9319427446676e-11
57450.056 3.173278297656863e-11
57500.056 2.1860178503457113e-11
57550.056 2.9544941418235376e-11
57600.056 1.517051143827071e-11
57650.056 2.6430413362004782e-11
57700.056 5.666032394679065e-11
57750.056 7.860457562149678e-11
57800.056 6.082965216336975e-11
57850.056 1.1578000046771494e-10
57900.056 2.57911340744013e-10
57950.056 1.7149866783532903e-10
58000.056 3.390120057749227e-11
58050.056 9.355883353546082e-11
58100.056 3.8348483086051074e-11
58150.056 4.3403440582274426e-11
58200.056 2.274801728529832e-11
58250.056 2.3045171033080877e-11
58300.056 1.645064153926194e-11
58350.056 2.379880955560537e-11
58400.056 4.0366389105146916e-11
58450.056 1.2972831979800848e-10
58500.056 1.270086655439715e-10
58550.056 3.651771805398052e-11
58600.056 2.5500158915466905e-11
58650.056 6.351605250239938e-11
58700.056 1.879944649892814e-11
58750.056 7.768737145298893e-11
58800.056 1.5469035002917118e-11
58850.056 2.534210562614202e-11
58900.056 1.752286197030379e-11
58950.056 2.922521433479073e-11
59000.056 4.0266849464501286e-11
59050.056 2.3051739007391036e-11
59100.056 7.454491801315924e-12
59150.056 2.8703359567040115e-11
59200.056 9.64511057890079e-11
59250.056 1.237533435305026e-10
59300.056 9.48011186359848e-11
59350.056 3.105908334810094e-11
59400.056 2.7941450172949504e-11
59450.056 5.5960151876812086e-11
59500.056 6.690299886845353e-11
59550.056 6.083197139869867e-11
59600.056 6.0001564204988e-11
59650.056 1.1688003457479272e-11
59700.056 4.503523464970921e-11
59750.056 1.381420415389842e-10
59800.056 6.251994975162243e-11
59850.056 5.5266433529655484e-11
59900.056 4.540275927820331e-11
59950.056 4.304962116341076e-11
60000.056 8.960585013772474e-11
60050.056 1.6756967851881696e-10
60100.056 1.1935006608819142e-10
60150.056 3.2708135090289e-11
60200.056 2.290189468928628e-11
60250.056 1.1186540278231276e-10
60300.056 7.115302960629016e-11
60350.056 7.121707600557859e-11
60400.056 8.332679973697576e-11
60450.056 2.850799942536187e-11
60500.056 1.495544213983278e-11
60550.056 5.434033460282545e-11
60600.056 5.913798496498867e-11
60650.056 5.903051074032883e-11
60700.056 3.398850872779019e-11
60750.056 1.0652917806287154e-11
60800.056 4.5574655789085484e-11
60850.056 8.089149400822701e-11
60900.056 4.5764059423339027e-11
60950.056 2.286884347645876e-11
61000.056 8.464585445925913e-11
61050.056 4.1249488694990405e-11
61100.056 3.115602667309028e-11
61150.056 1.9527868519621826e-11
61200.056 6.116608799770633e-11
61250.056 3.8503568144205376e-11
61300.056 1.6722731337762056e-11
61350.056 6.330595975992757e-11
61400.056 2.5969928017601818e-11
61450.056 8.815096981860771e-12
61500.056 4.742100788094787e-12
61550.056 1.4512612855019566e-11
61600.056 1.3310596974766037e-11
61650.056 8.70381002543987e-12
61700.056 3.58639344827712e-11
61750.056 2.552733248910813e-11
61800.056 2.954012962949762e-11
61850.056 1.2539760805991347e-11
61900.056 8.605605205301638e-11
61950.056 3.630132626078104e-11
62000.056 2.2565833460577045e-11
62050.056 1.5753965118453724e-10
62100.056 2.037016846137531e-11
62150.056 9.343948615210568e-11
62200.056 9.29433661536116e-11
62250.056 1.0397556531637048e-10
62300.056 2.1899751616000734e-10
62350.056 3.3829907202804415e-10
62400.056 1.732131530497745e-10
62450.056 1.1764547185354741e-10
62500.056 2.1906562055529302e-10
62550.056 6.906737520129808e-10
62600.056 8.876866680543118e-11
62650.056 6.614061839127495e-11
62700.056 2.7490750821654684e-11
62750.056 1.8649370221720297e-10
62800.056 1.3619055190596704e-10
62850.056 6.235110741374606e-11
62900.056 3.4383798108903164e-10
62950.056 4.34098650660954e-10
63000.056 6.906472364844344e-11
63050.056 7.048424289612907e-10
63100.056 1.0100534033548743e-09
63150.056 7.681131335401058e-10
63200.056 3.588460093740213e-10
63250.056 2.5033841754398e-10
63300.056 2.5386374293294703e-11
63350.056 8.06118001320396e-11
63400.056 7.827651079337647e-11
63450.056 2.1747662193855447e-11
63500.056 1.603769951440515e-10
63550.056 2.2869303453894363e-10
63600.056 4.999680802285764e-11
63650.056 1.4263504476803962e-10
63700.056 7.59305194319859e-11
63750.056 7.999508648970482e-11
63800.056 2.0503812150168144e-10
63850.056 1.7408991149275151e-10
63900.056 6.30860504089771e-11
63950.056 4.1646425620748156e-11
64000.056 1.1264019333852127e-10
64050.056 1.4824500059013084e-11
64100.056 4.5786406463208985e-11
64150.056 5.1887788523018796e-11
64200.056 2.9940770489269824e-11
64250.056 1.4235503347552063e-10
64300.056 1.1042683972096918e-10
64350.056 4.817760677362725e-11
64400.056 1.437349007128187e-10
64450.056 1.214093576794495e-10
64500.056 1.5163483001901242e-10
64550.056 1.4944507149701487e-10
64600.056 7.260100523770321e-11
64650.056 1.3265925522115834e-10
64700.056 4.083298721566632e-11
64750.056 8.60105095616694e-11
64800.056 2.6962430403287507e-11
64850.056 4.8900845721008004e-11
64900.056 2.8089762846382258e-11
64950.056 3.165717218099433e-11
65000.056 3.9153660419206134e-11
65050.056 8.583898686517175e-11
65100.056 5.334046710872316e-11
65150.056 6.950386977761092e-11
65200.056 4.07292346622019e-11
65250.056 3.5097301845256835e-11
65300.056 7.901220705796734e-11
65350.056 1.4183507382169466e-10
65400.056 8.277742295669242e-11
65450.056 1.169532185945283e-10
65500.056 1.292512390186116e-10
65550.056 7.959170091961301e-11
65600.056 1.5273364779185746e-10
65650.056 1.2527330924662304e-10
65700.056 9.754094363411402e-11
65750.056 7.679473812534428e-11
65800.056 1.106097562474082e-10
65850.056 2.5122064665695983e-10
65900.056 7.254149986697742e-11
65950.056 4.740651119660747e-11
66000.056 6.5425231190559e-11
66050.056 1.2226999354744072e-10
66100.056 1.2273564419658674e-10
66150.056 1.280370822699979e-10
66200.056 2.3197382266999399e-10
66250.056 8.700619911933273e-11
66300.056 1.0643834648382772e-10
66350.056 6.122246262940554e-11
66400.056 8.557393058402682e-11
66450.056 1.8698757412003003e-10
66500.056 2.3096500192007243e-10
66550.056 2.1436266551194857e-10
66600.056 2.0699742511706965e-10
66650.056 6.158847163986902e-11
66700.056 9.182881591733303e-11
66750.056 1.7611511747337902e-10
66800.056 1.2204995477099922e-10
66850.056 8.481108254509369e-11
66900.056 3.0441741514322806e-10
66950.056 1.8590280075273078e-10
67000.056 3.877065237671677e-10
67050.056 2.0380000117208257e-10
67100.056 1.7256058890402218e-10
67150.056 2.0045080482198906e-10
67200.056 2.5992395026397524e-10
67250.056 2.7680051271110153e-10
67300.056 4.755901442999645e-10
67350.056 1.0139631133044277e-10
67400.056 3.249396723029951e-10
67450.056 2.453719066106893e-10
67500.056 1.9235285916403528e-10
67550.056 7.752938849053126e-10
67600.056 1.2220669568598946e-09
67650.056 6.432171040915497e-10
67700.056 4.4758707013944464e-10
67750.056 2.495741236350699e-10
67800.056 1.8449732698884759e-10
67850.056 1.8603816095300407e-10
67900.056 1.487414372430154e-10
67950.056 1.7729348645195287e-10
68000.056 4.2702067990094504e-10
68050.056 1.8868951808414558e-10
68100.056 4.712646338029417e-10
68150.056 5.093903163758059e-10
68200.056 2.540272047465117e-10
68250.056 1.2185796247198474e-10
68300.056 3.787554973400231e-10
68350.056 4.83899958303944e-10
68400.056 7.18088650410061e-10
68450.056 7.911699027000134e-10
68500.056 3.57231135105885e-10
68550.056 1.6517793682099505e-10
68600.056 1.4970463869302832e-10
68650.056 1.2356711455501851e-10
68700.056 2.3103877973208357e-10
68750.056 3.6775896997799435e-10
68800.056 2.5516496430453784e-10
68850.056 2.7491440495788613e-10
68900.056 1.0182358633199867e-09
68950.056 1.0751577123400387e-09
69000.056 3.3145426134543256e-10
69050.056 2.332714539669789e-10
69100.056 7.938518885800275e-10
69150.056 1.3905270791804075e-09
69200.056 1.6272070550001886e-09
69250.056 1.1790010375179464e-09
69300.056 1.2445519812444648e-09
69350.056 1.448498049190021e-09
69400.056 5.98776195953187e-10
69450.056 1.1485897855594233e-09
69500.056 7.016205802140248e-10
69550.056 4.016480323220215e-10
69600.056 1.3158853008899083e-10
69650.056 4.1932200886909373e-10
69700.056 7.460098437499835e-10
69750.056 3.7401512120702396e-10
69800.056 1.163503706550055e-09
69850.056 1.013259173028285e-09
69900.056 5.629938197058525e-10
69950.056 5.511919641342407e-10
70000.056 7.04157583409898e-10
70050.056 1.64250559386061e-09
70100.056 1.2848371355029176e-09
70150.056 7.967370868038101e-10
70200.056 4.918835657488156e-10
70250.056 4.561497950441094e-10
70300.056 9.377350746997312e-10
70350.056 1.0477887706498882e-09
70400.056 3.844029963898962e-10
70450.056 1.5155367744304683e-10
70500.056 4.4530794653910186e-10
70550.056 4.4561248221397973e-10
70600.056 5.152460664630786e-10
70650.056 8.854081723498959e-10
70700.056 1.4898431865405986e-09
70750.056 2.4342180852405362e-09
70800.056 7.047034175975492e-10
70850.056 1.119800710660184e-09
70900.056 1.5554856404968638e-09
70950.056 2.1549483758106496e-09
71000.056 1.784564362809959e-09
71050.056 2.1032927715689406e-09
71100.056 1.3591578168298527e-09
71150.056 6.092586375247802e-10
71200.056 6.097219726998414e-10
71250.056 1.7692911694505377e-09
71300.056 2.572250413559847e-09
71350.056 2.090072252019757e-09
71400.056 1.324673756029704e-09
71450.056 3.7644404477000705e-10
71500.056 5.693240546859282e-10
71550.056 6.60631375860013e-10
71600.056 6.7235941850786e-10
71650.056 3.4041332007051164e-10
71700.056 3.180560336500418e-10
71750.056 8.904387689903692e-10
71800.056 1.610402748823936e-09
71850.056 1.7200401647803635e-09
71900.056 1.1543500980697346e-09
71950.056 1.413101845279318e-09
72000.056 9.917805476201373e-10
72050.056 4.1278989201188787e-10
72100.056 5.156658600518804e-10
72150.056 1.1292772803986722e-09
72200.056 1.2109314069441503e-09
72250.056 2.957696539700144e-09
72300.056 7.093371176136028e-10
72350.056 1.6868878369038295e-09
72400.056 1.2622386071700135e-09
72450.056 1.1455319026193618e-09
72500.056 1.4926679333400594e-09
72550.056 3.0821787055658876e-10
72600.056 5.547913052078127e-10
72650.056 1.0867758535484054e-09
72700.056 4.363406864747667e-10
72750.056 5.890222255659535e-10
72800.056 2.4827507120723154e-10
72850.056 4.611148745122314e-10
72900.056 1.6846194996000532e-09
72950.056 6.143590264014088e-10
73000.056 6.519781601794367e-10
73050.056 1.728398224310322e-10
73100.056 2.386708784451783e-10
73150.056 1.2251928269198805e-09
73200.056 2.2558663666640009e-10
73250.056 3.417532675989641e-10
73300.056 1.5297322357570824e-10
73350.056 1.5255469376392947e-10
73400.056 4.38182866680087e-10
73450.056 1.8321795902097165e-10
73500.056 9.183753012561987e-11
73550.056 2.720514704930822e-10
73600.056 3.2648730020482305e-10
73650.056 1.8365986730324154e-10
73700.056 1.2990428149485547e-10
73750.056 4.191093092226683e-11
73800.056 1.6890424618426843e-10
73850.056 2.4234975577984483e-10
73900.056 5.877105979069871e-11
73950.056 1.0866053959707494e-10
74000.056 3.034383451178334e-11
74050.056 2.223819720151284e-10
74100.056 3.031717530611683e-10
74150.056 1.8398333959193785e-10
74200.056 3.7324805374797334e-11
74250.056 1.2888105507511392e-11
74300.056 1.4781545244856523e-10
74350.056 2.738034903680806e-10
74400.056 1.4697034524950486e-10
74450.056 4.133376433047341e-11
74500.056 1.8889970144667424e-11
74550.056 5.4293863708702184e-11
74600.056 1.3013866610523528e-10
74650.056 1.735656634580023e-10
74700.056 1.1756048513603602e-10
74750.056 2.1242282430838255e-11
74800.056 3.156049378800473e-11
74850.056 1.9334325263806403e-10
74900.056 2.46715482012899e-10
74950.056 1.4307841872894755e-10
75000.056 6.546912045167126e-11
75050.056 5.45719549991797e-12
75100.056 8.055503060918367e-11
75150.056 2.7063013827607757e-10
75200.056 2.987381815899567e-10
75250.056 1.1986760732292856e-10
75300.056 5.888826262000031e-11
75350.056 1.1344193731650235e-11
75400.056 1.2568890075504045e-10
75450.056 3.520282470800676e-10
75500.056 2.857863448309369e-10
75550.056 1.3519445345900527e-10
75600.056 1.2371818546896433e-10
75650.056 5.021713342383043e-11
75700.056 3.9161112480007825e-10
75750.056 4.509710533492577e-10
75800.056 4.523802495560042e-10
75850.056 3.764713535640334e-10
75900.056 3.1142237902788033e-10
75950.056 7.334572275967183e-11
76000.056 5.574653577770631e-10
76050.056 8.770142127798181e-10
76100.056 6.065719534612947e-10
76150.056 5.848692858899341e-10
76200.056 2.929416744899829e-10
76250.056 4.425999055662933e-11
76300.056 3.0761438928806844e-10
76350.056 5.286424098900435e-10
76400.056 3.4833241014097097e-10
76450.056 2.256873803500307e-10
76500.056 1.191213690669783e-10
76550.056 2.7326860111462414e-11
76600.056 5.979550258594899e-12
76650.056 9.264461620582844e-12
76700.056 1.214694824634188e-11
76750.056 1.6837246031032705e-11
76800.056 3.31739859328692e-11
76850.056 3.6767425256705324e-11
76900.056 6.193405873508333e-11
76950.056 4.916917929560558e-11
77000.056 1.7533378496596786e-10
77050.056 3.1598238809305534e-11
77100.056 6.318328477539435e-11
77150.056 1.3383161744275772e-10
77200.056 5.3491864977007234e-11
77250.056 2.822926812740673e-11
77300.056 1.7286473123296847e-10
77350.056 1.1717177681272068e-10
77400.056 2.6142192505573895e-10
77450.056 6.549312096897385e-10
77500.056 3.2638945631563764e-10
77550.056 9.983836409391186e-11
77600.056 2.231156707956992e-11
77650.056 3.8143126298087257e-11
77700.056 1.6974843712795037e-10
77750.056 2.8913509533478715e-10
77800.056 4.4877032887804087e-10
77850.056 4.098203784898812e-10
77900.056 7.646229664402228e-11
77950.056 2.2495004063181695e-11
78000.056 8.500159080778688e-11
78050.056 1.079427868288301e-10
78100.056 2.4044473351440363e-10
78150.056 4.865076142322964e-10
78200.056 7.514558963899524e-10
78250.056 2.571550495079232e-10
78300.056 3.944609824116466e-11
78350.056 1.3861329144146934e-10
78400.056 6.512804350783426e-11
78450.056 1.2615128093697893e-10
78500.056 4.44894814731791e-10
78550.056 7.700180896899665e-10
78600.056 4.292278763299374e-10
78650.056 5.7348599035120344e-11
78700.056 6.590021192573636e-11
78750.056 1.6839500331196734e-10
78800.056 7.035381601205617e-11
78850.056 4.9403497123683517e-11
78900.056 1.365976121431215e-10
78950.056 3.74056707300059e-10
79000.056 1.795166079729934e-10
79050.056 1.622805346540719e-10
79100.056 2.699986604840721e-10
79150.056 1.2168794728362912e-10
79200.056 1.6726502058500573e-10
79250.056 7.017849236388679e-11
79300.056 1.1031917145566752e-10
79350.056 1.6965604372699744e-10
79400.056 6.773352734940366e-11
79450.056 4.2952335306309196e-10
79500.056 9.098715496000832e-10
79550.056 6.028303439798076e-10
79600.056 1.9266672243751467e-10
79650.056 6.279394464098899e-10
79700.056 1.8697903224300392e-10
79750.056 2.0275512497275363e-10
79800.056 1.7360827518921234e-10
79850.056 4.589365755441132e-10
79900.056 1.3475251919922948e-09
79950.056 1.9444223821999713e-09
