# %ECSV 1.0
# ---
# datatype:
# - {name: wav, unit: Angstrom, datatype: float64}
# - {name: flux_nu, unit: erg / (cm2 Hz s), datatype: float64}
# meta: {C/O: '1.00', Kzz: '1.0000E+05', Teff: '1400.', Y: '0.28', '[Fe/H]': '-0.50', f_hole: '1.00', f_rain: '0.00', grav: '32.'}
# schema: astropy-2.0
wav flux_nu
4000.0559999999996 nan
4050.0559999999996 1.1071960381087166e-10
4100.056 3.454391774170456e-10
4150.056 2.8547809170765544e-10
4200.056 2.0528812107038836e-10
4250.056 2.1800808724309093e-10
4300.056 1.676065199963346e-10
4350.056 1.7739956982701273e-10
4400.056 2.039464264520472e-10
4450.056 1.5451840404900834e-10
4500.056 1.6553373545701464e-10
4550.056 2.1526066470088906e-10
4600.056 2.114638811859951e-10
4650.056 1.9220991052298141e-10
4700.056 2.3731842968203027e-10
4750.056 2.6883831291195606e-10
4800.056 1.6948897433901275e-10
4850.056 1.8054240352300025e-10
4900.056 2.2564702154999887e-10
4950.056 1.988344175819973e-10
5000.056 8.683056689999349e-11
5050.056 4.33280841810029e-11
5100.056 3.555651163900317e-11
5150.056 2.8937117638004085e-11
5200.056 2.885728952399915e-11
5250.056 2.525791384500065e-11
5300.056 2.0646044957000256e-11
5350.056 1.6901153528000172e-11
5400.056 1.343579344299995e-11
5450.056 1.0629407419600012e-11
5500.056 8.271905283399978e-12
5550.056 6.31505167730001e-12
5600.056 4.7184886498999685e-12
5650.056 3.391127676999991e-12
5700.056 2.2929392268999883e-12
5750.056 1.4072538441999916e-12
5800.056 7.413402046999925e-13
5850.056 2.9458129708699495e-13
5900.056 4.949882845889406e-14
5950.056 7.026473239300137e-13
6000.056 2.645621011800046e-12
6050.056 7.599787733800093e-12
6100.056 1.8114580743000122e-11
6150.056 3.846008866300042e-11
6200.056 7.589011775700071e-11
6250.056 1.3977509644000117e-10
6300.056 2.433059164300021e-10
6350.056 4.051305676000015e-10
6400.056 6.418007138900028e-10
6450.056 9.72639344930001e-10
6500.056 1.3372386469199992e-09
6550.056 1.848028426599956e-09
6600.056 2.4775016230000604e-09
6650.056 3.086782102400115e-09
6700.056 2.0071940274825423e-09
6750.056 4.433312759200085e-09
6800.056 5.7890857876001646e-09
6850.056 6.796968231800089e-09
6900.056 6.785950571700141e-09
6950.056 6.068056521199885e-09
7000.056 5.938741566999982e-09
7050.056 6.200495406200062e-09
7100.056 6.339958250099923e-09
7150.056 6.663623128799968e-09
7200.056 7.495257913900049e-09
7250.056 7.999120354000039e-09
7300.056 7.895617821600163e-09
7350.056 6.625951680400088e-09
7400.056 5.0545288728000085e-09
7450.056 4.003859491299848e-09
7500.056 3.221589601999947e-09
7550.056 2.384486085699988e-09
7600.056 1.4272881100799789e-09
7650.056 1.8627602865042673e-10
7700.056 6.674085418283025e-11
7750.056 9.325028381900276e-10
7800.056 2.308739709153645e-09
7850.056 5.438870124400066e-09
7900.056 7.988043989200276e-09
7950.056 8.645201533573672e-09
8000.056 1.3809885115199995e-08
8050.056 2.0347979761998785e-08
8100.056 2.9438846786000078e-08
8150.056 4.129836008400148e-08
8200.056 4.574647787560005e-08
8250.056 5.98091682070011e-08
8300.056 6.653433871600718e-08
8350.056 7.747665181700135e-08
8400.056 8.694551575199862e-08
8450.056 7.923485199899608e-08
8500.056 7.671407965846379e-08
8550.056 9.016753960900552e-08
8600.056 9.651697145298553e-08
8650.056 9.499854542397936e-08
8700.056 9.209274341500358e-08
8750.056 1.0742900653100403e-07
8800.056 1.419878498370127e-07
8850.056 1.557647154069861e-07
8900.056 1.4531182530800254e-07
8950.056 1.4565132777480982e-07
9000.056 1.9285446413000558e-07
9050.056 1.9957190421700323e-07
9100.056 2.4211474646000247e-07
9150.056 2.709717920540093e-07
9200.056 2.83131049134999e-07
9250.056 2.2947608970777707e-07
9300.056 1.7050875503493393e-07
9350.056 1.9406343410191145e-07
9400.056 2.2710702203158292e-07
9450.056 2.6246856523515194e-07
9500.056 2.891662576473377e-07
9550.056 3.205782947965488e-07
9600.056 3.1282038875720415e-07
9650.056 3.492742659830642e-07
9700.056 3.892324888543898e-07
9750.056 3.376053258026662e-07
9800.056 3.7249543442091766e-07
9850.056 3.887456443129844e-07
9900.056 3.2004751190797346e-07
9950.056 2.5834487588898635e-07
10000.056 2.3421950860198013e-07
10050.056 2.853433803769917e-07
10100.056 3.5185997061601395e-07
10150.056 3.6095771804994276e-07
10200.056 4.002624296499843e-07
10250.056 4.1396452022994183e-07
10300.056 4.040849463999957e-07
10350.056 4.6668564283999185e-07
10400.056 5.361863275999776e-07
10450.056 5.551564097800632e-07
10500.056 5.116171953999905e-07
10550.056 5.201196939100891e-07
10600.056 5.693409890700743e-07
10650.056 6.148147707800495e-07
10700.056 6.552019811300488e-07
10750.056 7.524632993500584e-07
10800.056 8.406919921299876e-07
10850.056 9.456886925898901e-07
10900.056 9.035084074399553e-07
10950.056 7.796079069449512e-07
11000.056 7.462144722747676e-07
11050.056 5.923457382287302e-07
11100.056 5.972052163120713e-07
11150.056 5.922194794461655e-07
11200.056 6.010766006789759e-07
11250.056 7.222154082348893e-07
11300.056 7.012886723121166e-07
11350.056 5.578239715437583e-07
11400.056 5.513892469416839e-07
11450.056 6.628989881920872e-07
11500.056 7.911596377263897e-07
11550.056 7.013913554861699e-07
11600.056 7.627160021056204e-07
11650.056 7.801255144517452e-07
11700.056 6.143119754038622e-07
11750.056 5.90826290007014e-07
11800.056 6.461719910019943e-07
11850.056 8.680662581010819e-07
11900.056 9.311307056189219e-07
11950.056 9.505780756709407e-07
12000.056 8.524446986539998e-07
12050.056 1.0542570782741091e-06
12100.056 1.0518209050559268e-06
12150.056 1.2358276179998928e-06
12200.056 1.25484600706968e-06
12250.056 1.4055932064697967e-06
12300.056 1.5046352480202114e-06
12350.056 1.5079841181500498e-06
12400.056 1.3497503874299426e-06
12450.056 1.2106537479800346e-06
12500.056 1.3038950942198778e-06
12550.056 1.3389050599000674e-06
12600.056 1.5657480330500374e-06
12650.056 1.6046464648198938e-06
12700.056 1.7767094085401793e-06
12750.056 1.7414026066700163e-06
12800.056 1.8609840509200142e-06
12850.056 1.7465682235260659e-06
12900.056 1.6113585067188624e-06
12950.056 1.6820719570428992e-06
13000.056 1.7276220137176024e-06
13050.056 1.7791629261798658e-06
13100.056 1.7688841634366385e-06
13150.056 1.7062549127584375e-06
13200.056 1.6073703193939697e-06
13250.056 1.4140591491317794e-06
13300.056 1.0655720354149025e-06
13350.056 5.084276079564297e-07
13400.056 4.0759413973299303e-07
13450.056 3.1159605851139376e-07
13500.056 2.811402664344806e-07
13550.056 2.4413222525706537e-07
13600.056 2.0875114932517896e-07
13650.056 2.8213464972098685e-07
13700.056 2.384284351196314e-07
13750.056 2.4202273897868127e-07
13800.056 2.96170659207472e-07
13850.056 2.781921410819535e-07
13900.056 2.8146230582742067e-07
13950.056 2.6385380914371203e-07
14000.056 2.447626359346251e-07
14050.056 2.5196061756162763e-07
14100.056 2.1288607608866725e-07
14150.056 2.3988483607313433e-07
14200.056 2.0900325369315626e-07
14250.056 2.0721111656419256e-07
14300.056 2.354221420763479e-07
14350.056 2.3149448684514577e-07
14400.056 2.5756019779385867e-07
14450.056 2.668699416635591e-07
14500.056 3.386435483364549e-07
14550.056 3.560122061423858e-07
14600.056 3.9245289010107194e-07
14650.056 3.9506371430570744e-07
14700.056 3.5381761399944774e-07
14750.056 3.943518739919546e-07
14800.056 4.402441712800925e-07
14850.056 4.831260881355698e-07
14900.056 4.831854556949083e-07
14950.056 4.967450304787833e-07
15000.056 5.238806734321516e-07
15050.056 5.979551802411061e-07
15100.056 6.195207842170752e-07
15150.056 6.77794115840362e-07
15200.056 6.870917503329162e-07
15250.056 7.256190712879415e-07
15300.056 7.864514445229218e-07
15350.056 8.322576531529619e-07
15400.056 8.9572956526804e-07
15450.056 9.588364909060833e-07
15500.056 9.923024485998611e-07
15550.056 1.077594889747928e-06
15600.056 1.060086519680092e-06
15650.056 1.1352580653300927e-06
15700.056 1.257444136180432e-06
15750.056 1.3299180105299136e-06
15800.056 1.3117360571203214e-06
15850.056 1.301995956359988e-06
15900.056 1.3294575606301215e-06
15950.056 1.3659373863798532e-06
16000.056 1.3695529411099356e-06
16050.056 1.3619669876100275e-06
16100.056 1.3742573536300393e-06
16150.056 1.282430263460055e-06
16200.056 1.269198423569745e-06
16250.056 1.2440495818998959e-06
16300.056 1.2257584103059795e-06
16350.056 1.296453198467984e-06
16400.056 1.325037279040168e-06
16450.056 1.3578236367900394e-06
16500.056 1.4278978517911822e-06
16550.056 1.4448972709600405e-06
16600.056 1.3836891769202745e-06
16650.056 1.3546258821749246e-06
16700.056 1.2006259061729944e-06
16750.056 1.2567088268298913e-06
16800.056 1.3904774921459683e-06
16850.056 1.377207864279962e-06
16900.056 1.3331634092399974e-06
16950.056 1.2880433593519448e-06
17000.056 1.2370527841602275e-06
17050.056 1.2909954358000646e-06
17100.056 1.2429072725252412e-06
17150.056 1.1756507817828843e-06
17200.056 1.121985252463836e-06
17250.056 1.040365823934804e-06
17300.056 1.0073665032849195e-06
17350.056 9.469888239479797e-07
17400.056 9.564462881499933e-07
17450.056 8.781265727275714e-07
17500.056 8.65572581289773e-07
17550.056 8.460173276670908e-07
17600.056 8.024193812098353e-07
17650.056 7.98942734151124e-07
17700.056 6.616023294377528e-07
17750.056 6.185505201600022e-07
17800.056 6.630254751602334e-07
17850.056 5.530019256143715e-07
17900.056 5.744010558797845e-07
17950.056 5.38925275646738e-07
18000.056 5.061467771330986e-07
18050.056 4.967985127854143e-07
18100.056 4.805809843338777e-07
18150.056 5.681073114379959e-07
18200.056 4.2604990227941435e-07
18250.056 5.674946180763387e-07
18300.056 5.194067356217007e-07
18350.056 4.6962779970801627e-07
18400.056 4.642476206410159e-07
18450.056 4.2894992309108487e-07
18500.056 4.572358653208215e-07
18550.056 4.168245989730057e-07
18600.056 3.5196404675640444e-07
18650.056 3.9190347678489145e-07
18700.056 4.284908975725143e-07
18750.056 4.245947887901582e-07
18800.056 4.742652413680364e-07
18850.056 5.419717021382644e-07
18900.056 5.288204584567929e-07
18950.056 5.725716756405066e-07
19000.056 5.773649805769312e-07
19050.056 5.393539702178683e-07
19100.056 6.059537267738148e-07
19150.056 5.953582458142404e-07
19200.056 6.058780863849435e-07
19250.056 5.601055990741499e-07
19300.056 5.8521245849574e-07
19350.056 5.418014666157083e-07
19400.056 4.5619762875548726e-07
19450.056 5.683350494766179e-07
19500.056 5.617675749938066e-07
19550.056 4.606651011945841e-07
19600.056 5.462335367114752e-07
19650.056 5.555655974889096e-07
19700.056 5.636085904283545e-07
19750.056 5.313828787991013e-07
19800.056 5.660431468384166e-07
19850.056 6.038917986982372e-07
19900.056 5.233426817868904e-07
19950.056 6.408018135730257e-07
20000.056 5.754498786460401e-07
20050.056 6.279315396232496e-07
20100.056 6.55284894925676e-07
20150.056 6.629958625660492e-07
20200.056 6.943015743168823e-07
20250.056 7.373105717789245e-07
20300.056 7.328092091070516e-07
20350.056 7.791989737178601e-07
20400.056 7.755887802556864e-07
20450.056 8.273779931748128e-07
20500.056 8.430677996419683e-07
20550.056 8.505179550859783e-07
20600.056 9.172901657401988e-07
20650.056 9.032053089922542e-07
20700.056 9.357337654241528e-07
20750.056 9.59759764789923e-07
20800.056 9.902937883500442e-07
20850.056 9.76822758259944e-07
20900.056 1.01637969123983e-06
20950.056 1.0218809655199304e-06
21000.056 1.0479634371900174e-06
21050.056 1.0473028326100018e-06
21100.056 1.0430698682600135e-06
21150.056 1.0774596976099246e-06
21200.056 1.0517083007000097e-06
21250.056 1.0788265708799207e-06
21300.056 1.032843378009907e-06
21350.056 1.070963912840002e-06
21400.056 1.0308325653701985e-06
21450.056 1.0624200344199914e-06
21500.056 1.0189673818801342e-06
21550.056 1.010073301240008e-06
21600.056 9.959617445501532e-07
21650.056 9.64061189930034e-07
21700.056 9.807309360999895e-07
21750.056 9.215975613299954e-07
21800.056 8.879705136097889e-07
21850.056 8.539641163300282e-07
21900.056 8.078007690499856e-07
21950.056 7.101568491200961e-07
22000.056 5.758500795620672e-07
22050.056 4.890600613208039e-07
22100.056 5.359095542331514e-07
22150.056 5.90522170984037e-07
22200.056 6.023504719699772e-07
22250.056 6.061836343192409e-07
22300.056 5.734752438879599e-07
22350.056 5.481606461910673e-07
22400.056 5.118555593499792e-07
22450.056 4.7616380775492006e-07
22500.056 4.820702041981506e-07
22550.056 4.436206602098576e-07
22600.056 4.5416525220013666e-07
22650.056 4.399522142630652e-07
22700.056 4.1534631579002164e-07
22750.056 4.228314458150683e-07
22800.056 3.936233732919261e-07
22850.056 3.703215964110641e-07
22900.056 3.6151484709091005e-07
22950.056 3.090386613099714e-07
23000.056 3.456546402590123e-07
23050.056 4.036461820869071e-07
23100.056 4.5101203667804425e-07
23150.056 4.666567768510151e-07
23200.056 3.19043302196009e-07
23250.056 3.0378777833503756e-07
23300.056 2.700504354541008e-07
23350.056 2.6597629281600057e-07
23400.056 2.724878085950731e-07
23450.056 2.8759627546805166e-07
23500.056 3.0472418929606045e-07
23550.056 3.333086202190614e-07
23600.056 3.4964207066597965e-07
23650.056 3.9099599677393e-07
23700.056 3.2322703329203626e-07
23750.056 3.035487133510685e-07
23800.056 2.770549266780192e-07
23850.056 2.930204595700211e-07
23900.056 3.6188219638603286e-07
23950.056 3.916447751811086e-07
24000.056 4.055584161258353e-07
24050.056 4.369831331250045e-07
24100.056 4.093401459418871e-07
24150.056 4.263891819502105e-07
24200.056 4.3750429563787707e-07
24250.056 4.171189063240524e-07
24300.056 4.340575629970611e-07
24350.056 3.910544855919688e-07
24400.056 4.488485506391014e-07
24450.056 4.1517503968981065e-07
24500.056 4.142579777779632e-07
24550.056 4.265955839061166e-07
24600.056 4.419452104960707e-07
24650.056 4.920393997730466e-07
24700.056 4.137535177028973e-07
24750.056 4.2022547507812846e-07
24800.056 4.207799638230779e-07
24850.056 4.914303044590399e-07
24900.056 3.809814711152345e-07
24950.056 4.882554161730278e-07
25000.056 4.530883113150873e-07
25050.056 3.6909425137104743e-07
25100.056 4.418429183079895e-07
25150.056 3.765974292669614e-07
25200.056 4.198546744610011e-07
25250.056 3.8368172640296504e-07
25300.056 4.4022519920403326e-07
25350.056 3.565905935520038e-07
25400.056 4.3103197689912615e-07
25450.056 3.6207000684096817e-07
25500.056 3.8195941723310767e-07
25550.056 3.6691575554499573e-07
25600.056 3.740635193799873e-07
25650.056 3.311399127109954e-07
25700.056 4.374636439188129e-07
25750.056 3.0740174405509964e-07
25800.056 4.261231006530701e-07
25850.056 3.4774365671392473e-07
25900.056 4.0744234017301767e-07
25950.056 3.3824260448101637e-07
26000.056 4.40859301915181e-07
26050.056 4.354060984599802e-07
26100.056 4.5688944408496964e-07
26150.056 4.370785237609349e-07
26200.056 4.3064610772498743e-07
26250.056 4.678514205159965e-07
26300.056 4.4721059025204383e-07
26350.056 4.993488498569307e-07
26400.056 5.11188250559915e-07
26450.056 5.156520629620652e-07
26500.056 5.400454168598066e-07
26550.056 4.807435342218158e-07
26600.056 5.935735152268808e-07
26650.056 4.311025530749353e-07
26700.056 4.4062090158004284e-07
26750.056 3.653118712078514e-07
26800.056 4.462169651698777e-07
26850.056 3.3812916365698867e-07
26900.056 4.7399089106904825e-07
26950.056 3.245333421399347e-07
27000.056 4.6658439329811884e-07
27050.056 3.9671479147102584e-07
27100.056 3.9411109527891294e-07
27150.056 4.5138464420301307e-07
27200.056 4.241490221931164e-07
27250.056 4.121750184111738e-07
27300.056 5.185817320190234e-07
27350.056 4.85181696515869e-07
27400.056 3.693554525959488e-07
27450.056 5.616122726487917e-07
27500.056 5.190451941719218e-07
27550.056 4.434025415969054e-07
27600.056 5.703825889569111e-07
27650.056 4.124795585919471e-07
27700.056 3.8946524408606507e-07
27750.056 5.667064611078108e-07
27800.056 3.87929418530964e-07
27850.056 4.373193692617498e-07
27900.056 4.568624804570463e-07
27950.056 5.562617793169766e-07
28000.056 5.149704393551407e-07
28050.056 3.5997744904409154e-07
28100.056 5.878651850591745e-07
28150.056 4.4983878198704763e-07
28200.056 3.6708459817503256e-07
28250.056 5.247292786640357e-07
28300.056 6.154698611680598e-07
28350.056 4.2321037385287797e-07
28400.056 4.755119037949551e-07
28450.056 5.240313522228585e-07
28500.056 5.105816662848731e-07
28550.056 3.41517251384874e-07
28600.056 5.985911648919223e-07
28650.056 5.441424538399517e-07
28700.056 4.949272139919159e-07
28750.056 5.700156000350188e-07
28800.056 5.278780416931364e-07
28850.056 5.769485109850815e-07
28900.056 4.230451927370093e-07
28950.056 6.328838067199929e-07
29000.056 5.250406260568725e-07
29050.056 5.522050779249302e-07
29100.056 4.4607485155908213e-07
29150.056 5.999842189551361e-07
29200.056 5.141130604190956e-07
29250.056 6.117926344599969e-07
29300.056 4.764502470157662e-07
29350.056 7.202726564338492e-07
29400.056 5.52629204742892e-07
29450.056 5.810107694119797e-07
29500.056 5.963628859699055e-07
29550.056 5.767647923100129e-07
29600.056 6.323805601038513e-07
29650.056 5.997617159159323e-07
29700.056 5.302872460708533e-07
29750.056 6.570253615292806e-07
29800.056 6.739884817769362e-07
29850.056 6.468955463959102e-07
29900.056 5.96276255082216e-07
29950.056 6.824801967198798e-07
30000.056 6.683247294588847e-07
30050.056 6.235203586599537e-07
30100.056 5.414908375438259e-07
30150.056 7.452614964999594e-07
30200.056 6.3987079160002e-07
30250.056 6.89102088930166e-07
30300.056 6.297692664899596e-07
30350.056 5.957253984000545e-07
30400.056 6.847200773100441e-07
30450.056 5.602223218000785e-07
30500.056 4.846847415100657e-07
30550.056 5.497108025100829e-07
30600.056 5.599316339100241e-07
30650.056 5.233961735499258e-07
30700.056 4.978630754359834e-07
30750.056 4.7130485982997703e-07
30800.056 4.565372985320852e-07
30850.056 4.0384220073491324e-07
30900.056 4.1954731303993476e-07
30950.056 3.7617961670106853e-07
31000.056 3.5634639779799434e-07
31050.056 3.779230251000115e-07
31100.056 3.207881970409762e-07
31150.056 3.422142595599796e-07
31200.056 3.6029722333001854e-07
31250.056 3.070776671889696e-07
31300.056 3.07572510736972e-07
31350.056 2.8670808578600284e-07
31400.056 2.6796614418002994e-07
31450.056 2.6646141470997255e-07
31500.056 2.555897943149513e-07
31550.056 2.6056486318600183e-07
31600.056 2.3743661473598482e-07
31650.056 2.302810692679975e-07
31700.056 2.3192151606597282e-07
31750.056 2.139250337160626e-07
31800.056 2.412528592769627e-07
31850.056 2.2022075696102607e-07
31900.056 2.461202743599998e-07
31950.056 2.0112217028502323e-07
32000.056 2.2568700239296493e-07
32050.056 2.3628259455401305e-07
32100.056 2.3786647485802354e-07
32150.056 2.4611668622897347e-07
32200.056 2.2493849444999196e-07
32250.056 2.6628633991302236e-07
32300.056 2.285702362289952e-07
32350.056 2.780436953559792e-07
32400.056 2.2726391961999422e-07
32450.056 2.773404295289127e-07
32500.056 2.771963256910396e-07
32550.056 2.760590840129925e-07
32600.056 2.819548733739938e-07
32650.056 3.343816482889822e-07
32700.056 3.1860370582003907e-07
32750.056 3.336406573800059e-07
32800.056 3.2573994888202375e-07
32850.056 3.391864734599462e-07
32900.056 3.677707624099877e-07
32950.056 3.565067169099742e-07
33000.056 3.344901296819334e-07
33050.056 3.0339923741005295e-07
33100.056 2.539563642999879e-07
33150.056 1.8889415225600572e-07
33200.056 1.4755598594896727e-07
33250.056 1.1856123445696886e-07
33300.056 1.1248655483901425e-07
33350.056 1.281518174940002e-07
33400.056 1.4291376540998057e-07
33450.056 1.6066193150499686e-07
33500.056 1.92524257190028e-07
33550.056 2.0939779811603665e-07
33600.056 2.446221427899918e-07
33650.056 2.6900965594001066e-07
33700.056 2.6303938106897425e-07
33750.056 3.150640811699988e-07
33800.056 3.143235385309766e-07
33850.056 3.4138637267996865e-07
33900.056 3.151127475299889e-07
33950.056 3.081514077099869e-07
34000.056 3.367113781400049e-07
34050.056 2.9535498605194275e-07
34100.056 3.460521811499545e-07
34150.056 3.2097389675297157e-07
34200.056 2.85673056795929e-07
34250.056 3.1946590979991094e-07
34300.056 2.8676461811085367e-07
34350.056 2.6488365796999254e-07
34400.056 2.657886134600069e-07
34450.056 3.0273039540997783e-07
34500.056 2.986489898799932e-07
34550.056 2.87085754141994e-07
34600.056 3.2663674908999913e-07
34650.056 3.1575210544796424e-07
34700.056 3.047662432799715e-07
34750.056 3.288646838399891e-07
34800.056 3.1424797976994773e-07
34850.056 2.971603397400175e-07
34900.056 3.42891334915971e-07
34950.056 3.1867234738994414e-07
35000.056 3.7920886335004015e-07
35050.056 3.196851444999523e-07
35100.056 3.4058840886999305e-07
35150.056 3.541773823919921e-07
35200.056 3.6243450639002673e-07
35250.056 3.876772057099577e-07
35300.056 3.6454200925004433e-07
35350.056 3.459757711599366e-07
35400.056 3.6754199465007566e-07
35450.056 3.054265942301109e-07
35500.056 4.018191326100341e-07
35550.056 4.0531580218996196e-07
35600.056 3.7499398834006987e-07
35650.056 4.1636314691999703e-07
35700.056 3.8000387990999995e-07
35750.056 4.1164267044992214e-07
35800.056 5.052564324400319e-07
35850.056 4.128380072899723e-07
35900.056 4.924556759099609e-07
35950.056 4.7312527763000333e-07
36000.056 4.814474140700381e-07
36050.056 4.948778863899858e-07
36100.056 5.137096622497168e-07
36150.056 5.141149465600244e-07
36200.056 5.6731740974996e-07
36250.056 5.43807621579926e-07
36300.056 5.888391175400376e-07
36350.056 5.748007223499409e-07
36400.056 5.791822722800101e-07
36450.056 6.434175356700052e-07
36500.056 6.393064258999492e-07
36550.056 6.791632018801929e-07
36600.056 7.036386314800382e-07
36650.056 7.171324334298507e-07
36700.056 7.735070989999607e-07
36750.056 7.819029184501452e-07
36800.056 8.134601591399579e-07
36850.056 8.330857415099287e-07
36900.056 8.157607778500476e-07
36950.056 9.213350465099289e-07
37000.056 9.265673514999599e-07
37050.056 9.208586925999665e-07
37100.056 9.878929326500835e-07
37150.056 9.443896818100319e-07
37200.056 1.014424270760027e-06
37250.056 1.041627090029921e-06
37300.056 9.857005008998665e-07
37350.056 9.722495593301972e-07
37400.056 1.1478829025899297e-06
37450.056 1.0729350476201364e-06
37500.056 1.092740815899868e-06
37550.056 1.1766048218000534e-06
37600.056 1.2401567971899837e-06
37650.056 1.1418545112099988e-06
37700.056 1.2828785578101022e-06
37750.056 1.2124256022400169e-06
37800.056 1.2669741806102818e-06
37850.056 1.1862809494499685e-06
37900.056 1.2335610534902453e-06
37950.056 1.231062519499926e-06
38000.056 1.358775855890083e-06
38050.056 1.3481377206801108e-06
38100.056 1.2732934372401749e-06
38150.056 1.4544691026399344e-06
38200.056 1.4747846085000547e-06
38250.056 1.3521251641601493e-06
38300.056 1.4435987183199428e-06
38350.056 1.5118325560999806e-06
38400.056 1.4149757975298058e-06
38450.056 1.5373359021400265e-06
38500.056 1.426223057450164e-06
38550.056 1.5463613723900834e-06
38600.056 1.6356083871198824e-06
38650.056 1.5150792231999978e-06
38700.056 1.5788370057001559e-06
38750.056 1.6185245454400298e-06
38800.056 1.5625477394798778e-06
38850.056 1.5384710746000342e-06
38900.056 1.5659777340099925e-06
38950.056 1.655703170459953e-06
39000.056 1.6236353376000322e-06
39050.056 1.6607188261098588e-06
39100.056 1.549200693290197e-06
39150.056 1.637234892400043e-06
39200.056 1.7030752316800028e-06
39250.056 1.7018597809997021e-06
39300.056 1.638022412279675e-06
39350.056 1.7080247405601638e-06
39400.056 1.7006658323000839e-06
39450.056 1.68959273129992e-06
39500.056 1.614701196909954e-06
39550.056 1.6533508876999257e-06
39600.056 1.7613323006997738e-06
39650.056 1.6549664483999875e-06
39700.056 1.6856481424799593e-06
39750.056 1.633269849149964e-06
39800.056 1.6266245991999445e-06
39850.056 1.690784850499918e-06
39900.056 1.6592940075200982e-06
39950.056 1.715429229199803e-06
40000.056 1.626280789550043e-06
40050.056 1.5903494080000607e-06
40100.056 1.6451631090999533e-06
40150.056 1.5894160317997727e-06
40200.056 1.617884253989804e-06
40250.056 1.5403950113296433e-06
40300.056 1.5170620552801377e-06
40350.056 1.6323640602001428e-06
40400.056 1.5996148447801046e-06
40450.056 1.572783300000183e-06
40500.056 1.4674202396701487e-06
40550.056 1.6398237205999213e-06
40600.056 1.4591166260901886e-06
40650.056 1.5101324242699238e-06
40700.056 1.6244076208200104e-06
40750.056 1.4728378237795312e-06
40800.056 1.390710352770021e-06
40850.056 1.4506066765603009e-06
40900.056 1.4043122998600388e-06
40950.056 1.4714684730399936e-06
41000.056 1.4697267169999474e-06
41050.056 1.4877230399198642e-06
41100.056 1.39910769089998e-06
41150.056 1.4033816068999822e-06
41200.056 1.4312107153200274e-06
41250.056 1.4142508390900608e-06
41300.056 1.2724173616797419e-06
41350.056 1.486925789870048e-06
41400.056 1.3850695306401374e-06
41450.056 1.4007360524002221e-06
41500.056 1.3796282276000236e-06
41550.056 1.3880530716099935e-06
41600.056 1.4447144784800459e-06
41650.056 1.3548556327302207e-06
41700.056 1.2959207847198238e-06
41750.056 1.3412414491599275e-06
41800.056 1.4152003238398035e-06
41850.056 1.1561422286001922e-06
41900.056 1.382024300109867e-06
41950.056 1.3023883913703022e-06
42000.056 1.305837493750164e-06
42050.056 1.1704858157097217e-06
42100.056 1.4046129243801784e-06
42150.056 1.0751011101197509e-06
42200.056 1.1454461063400507e-06
42250.056 1.2359951745299394e-06
42300.056 1.0917529300500417e-06
42350.056 1.3061947637402223e-06
42400.056 1.1271274452002404e-06
42450.056 1.0140808213600506e-06
42500.056 1.0675650220001634e-06
42550.056 1.09611543415993e-06
42600.056 1.0701703526302814e-06
42650.056 1.0640655654895434e-06
42700.056 1.1238892611902454e-06
42750.056 1.0469046500999844e-06
42800.056 1.0376308833102454e-06
42850.056 1.1570493107197413e-06
42900.056 1.1090638179700893e-06
42950.056 9.924368066196085e-07
43000.056 1.0335099287799985e-06
43050.056 9.129970646604229e-07
43100.056 9.905086652200321e-07
43150.056 9.91935380470137e-07
43200.056 9.8795896508009e-07
43250.056 9.977179286599069e-07
43300.056 1.0484687552400301e-06
43350.056 9.10907554619907e-07
43400.056 9.523840837399315e-07
43450.056 9.460548281001758e-07
43500.056 9.364067144798999e-07
43550.056 9.74506930890063e-07
43600.056 1.0406087539900393e-06
43650.056 9.133426376500297e-07
43700.056 9.171538519199055e-07
43750.056 9.421474967001508e-07
43800.056 8.899773109100124e-07
43850.056 8.91340052090178e-07
43900.056 9.278733164899118e-07
43950.056 8.363079985200036e-07
44000.056 7.969906035300384e-07
44050.056 8.181359704600533e-07
44100.056 8.773434153100923e-07
44150.056 8.839965567698927e-07
44200.056 8.349800970700338e-07
44250.056 8.074370767200056e-07
44300.056 7.80114626350084e-07
44350.056 7.742370359200633e-07
44400.056 8.064957887199644e-07
44450.056 8.077475919500067e-07
44500.056 8.164576401301134e-07
44550.056 7.689716556298652e-07
44600.056 7.495350695100869e-07
44650.056 8.045671680100602e-07
44700.056 7.269170832700532e-07
44750.056 7.777056609199251e-07
44800.056 7.714295166899692e-07
44850.056 7.588781334300749e-07
44900.056 7.066043145100645e-07
44950.056 6.949366762000406e-07
45000.056 7.366175208399491e-07
45050.056 7.43579315619954e-07
45100.056 7.642225124899831e-07
45150.056 7.107284996499879e-07
45200.056 6.648949532600204e-07
45250.056 6.848256520899259e-07
45300.056 7.207560201700294e-07
45350.056 7.410515680899475e-07
45400.056 7.146460147700696e-07
45450.056 6.62812043669896e-07
45500.056 6.873476315599704e-07
45550.056 7.416160308899468e-07
45600.056 6.937566832299954e-07
45650.056 6.35255663939888e-07
45700.056 7.391604141500636e-07
45750.056 6.66039591270012e-07
45800.056 6.686282133699743e-07
45850.056 7.772867493999652e-07
45900.056 7.664756196600305e-07
45950.056 6.689412843600055e-07
46000.056 7.730820836300285e-07
46050.056 7.610585500601171e-07
46100.056 6.593733739600535e-07
46150.056 7.18422780469969e-07
46200.056 7.480854124901413e-07
46250.056 6.410767566199846e-07
46300.056 7.973848277999868e-07
46350.056 6.937965008499419e-07
46400.056 7.12327757519941e-07
46450.056 7.416584521900796e-07
46500.056 6.690081609499671e-07
46550.056 8.118338152299812e-07
46600.056 7.582279889400306e-07
46650.056 9.436273104198543e-07
46700.056 8.705232760602758e-07
46750.056 7.047514306899548e-07
46800.056 7.652036626400932e-07
46850.056 8.354413965900979e-07
46900.056 7.862329377098754e-07
46950.056 8.653642866200183e-07
47000.056 7.368848837699957e-07
47050.056 8.729762779298627e-07
47100.056 6.813887484300706e-07
47150.056 7.44990695240069e-07
47200.056 8.082421105601324e-07
47250.056 7.198668621699491e-07
47300.056 7.337813447298605e-07
47350.056 6.786659685198953e-07
47400.056 8.131686438198818e-07
47450.056 7.078031966299693e-07
47500.056 8.106012482599053e-07
47550.056 7.174806458299431e-07
47600.056 8.030889484599456e-07
47650.056 6.160270651198733e-07
47700.056 8.256632410900676e-07
47750.056 5.903456838401082e-07
47800.056 8.104992287699222e-07
47850.056 6.337901846099029e-07
47900.056 7.921937240600248e-07
47950.056 6.266587573600781e-07
48000.056 8.858595007500157e-07
48050.056 6.997028624900833e-07
48100.056 7.614291308599943e-07
48150.056 7.004992862900931e-07
48200.056 8.104297938400811e-07
48250.056 6.857952503300142e-07
48300.056 8.691210140798259e-07
48350.056 6.274748006599735e-07
48400.056 7.734963099299871e-07
48450.056 6.732318673100397e-07
48500.056 8.913661725300197e-07
48550.056 6.401610468800064e-07
48600.056 8.184961833899475e-07
48650.056 6.714100622599723e-07
48700.056 8.083312990000434e-07
48750.056 6.01680873560063e-07
48800.056 9.035829014300271e-07
48850.056 6.47065980009875e-07
48900.056 8.456091072800699e-07
48950.056 7.651212204500284e-07
49000.056 7.134135730398904e-07
49050.056 8.052488948399957e-07
49100.056 7.302657188600568e-07
49150.056 7.789761440999768e-07
49200.056 7.3856454876998e-07
49250.056 7.828940675800303e-07
49300.056 6.816312202099557e-07
49350.056 7.181104705800057e-07
49400.056 8.283609375700354e-07
49450.056 7.306715803001694e-07
49500.056 7.524128359500067e-07
49550.056 6.59155396790002e-07
49600.056 7.318842994201457e-07
49650.056 7.595250165700115e-07
49700.056 6.673667838099173e-07
49750.056 9.353075434198653e-07
49800.056 7.275478391000304e-07
49850.056 9.188526781200807e-07
49900.056 7.358555300500355e-07
49950.056 7.881879737798602e-07
50000.056 7.732258235098603e-07
50050.056 7.843213117300402e-07
50100.056 8.211166400099613e-07
50150.056 6.881662282600179e-07
50200.056 6.393202628900453e-07
50250.056 7.865852590900028e-07
50300.056 7.347828977799676e-07
50350.056 8.688071879199986e-07
50400.056 7.513892371599706e-07
50450.056 7.346633126801214e-07
50500.056 8.979446677401213e-07
50550.056 7.655615039299891e-07
50600.056 8.154386765199858e-07
50650.056 7.9826107306014e-07
50700.056 8.656349235798088e-07
50750.056 8.899306887101169e-07
50800.056 6.615644002199116e-07
50850.056 7.672535013401348e-07
50900.056 8.555472335899756e-07
50950.056 8.208112076901721e-07
51000.056 9.516455207000955e-07
51050.056 7.359884838600725e-07
51100.056 7.021349118399371e-07
51150.056 8.20678362189937e-07
51200.056 8.320570958699754e-07
51250.056 8.394200138999517e-07
51300.056 7.215274407702414e-07
51350.056 7.826187577998963e-07
51400.056 7.033782813098799e-07
51450.056 5.708196729898813e-07
51500.056 7.314153698600594e-07
51550.056 9.57456645280095e-07
51600.056 6.870496455100628e-07
51650.056 7.819742008899024e-07
51700.056 7.495548950698049e-07
51750.056 6.991736249400503e-07
51800.056 8.426808498697879e-07
51850.056 8.334545536799268e-07
51900.056 9.042169457701538e-07
51950.056 8.203967830199372e-07
52000.056 6.707148594599757e-07
52050.056 7.948143037999658e-07
52100.056 7.20244198209891e-07
52150.056 7.327646283500342e-07
52200.056 6.846177641699944e-07
52250.056 7.470297491900165e-07
52300.056 8.558161266599779e-07
52350.056 8.792869933700663e-07
52400.056 6.469223506101001e-07
52450.056 7.766552988700035e-07
52500.056 8.462938261398567e-07
52550.056 8.240592347197854e-07
52600.056 7.903705157201059e-07
52650.056 8.659592618701594e-07
52700.056 7.643943448800094e-07
52750.056 6.473791638799445e-07
52800.056 7.250836147600627e-07
52850.056 6.953243535799029e-07
52900.056 7.57778687110047e-07
52950.056 7.521724368799294e-07
53000.056 8.494459423399528e-07
53050.056 7.115130122398338e-07
53100.056 6.837750814398493e-07
53150.056 8.989776010101011e-07
53200.056 6.22563542950051e-07
53250.056 8.81364386370001e-07
53300.056 8.496331203303402e-07
53350.056 8.443014288099164e-07
53400.056 8.114574389500736e-07
53450.056 6.992788024100409e-07
53500.056 5.932682803598802e-07
53550.056 7.470289378399012e-07
53600.056 8.145788702001341e-07
53650.056 6.771431358900537e-07
53700.056 7.019175676101377e-07
53750.056 7.415663067400316e-07
53800.056 7.360348798801133e-07
53850.056 8.309111101397535e-07
53900.056 6.115129410701817e-07
53950.056 8.393517933199454e-07
54000.056 7.749741168500498e-07
54050.056 6.906881406300842e-07
54100.056 5.933609680399007e-07
54150.056 6.727293758200967e-07
54200.056 5.547350511899971e-07
54250.056 6.349890805900357e-07
54300.056 5.919797947899686e-07
54350.056 6.968485690398724e-07
54400.056 7.707291807499042e-07
54450.056 7.440007552298812e-07
54500.056 6.805787700400172e-07
54550.056 6.470499088999957e-07
54600.056 7.015951174199527e-07
54650.056 6.279685253899125e-07
54700.056 7.2979369521001e-07
54750.056 7.70865357920071e-07
54800.056 6.127958545199959e-07
54850.056 6.731040067899446e-07
54900.056 7.352378352401227e-07
54950.056 7.898030157999914e-07
55000.056 6.755207182099884e-07
55050.056 7.392051186599352e-07
55100.056 7.046633845100521e-07
55150.056 6.097821410298693e-07
55200.056 6.528691325299508e-07
55250.056 5.872546355198748e-07
55300.056 6.036331770999263e-07
55350.056 7.185285822601721e-07
55400.056 7.51585943020085e-07
55450.056 6.877708849498995e-07
55500.056 5.219759786200877e-07
55550.056 6.481690525098833e-07
55600.056 6.5951433911998e-07
55650.056 5.665922701599795e-07
55700.056 6.491214933000323e-07
55750.056 6.845284483499438e-07
55800.056 6.033896354500639e-07
55850.056 5.673441939199562e-07
55900.056 6.609064131399354e-07
55950.056 8.203084556799968e-07
56000.056 6.002671016898821e-07
56050.056 6.803552450500048e-07
56100.056 7.114838219599692e-07
56150.056 5.907756416900398e-07
56200.056 6.543254964098991e-07
56250.056 5.882107892400615e-07
56300.056 7.023711711899252e-07
56350.056 7.788173564700575e-07
56400.056 6.495854273600186e-07
56450.056 6.2603770567e-07
56500.056 5.675646174499996e-07
56550.056 5.2905520409003e-07
56600.056 6.915865726698677e-07
56650.056 6.295009231300396e-07
56700.056 7.57438370790081e-07
56750.056 5.898424664199509e-07
56800.056 6.756058132101129e-07
56850.056 6.076445291000269e-07
56900.056 6.007655464600119e-07
56950.056 6.893859406099851e-07
57000.056 6.998888808600548e-07
57050.056 7.302816013899313e-07
57100.056 4.99933673479992e-07
57150.056 6.402399130700505e-07
57200.056 5.550066774600121e-07
57250.056 6.09704979270009e-07
57300.056 6.490658744000776e-07
57350.056 5.376104303499595e-07
57400.056 6.851252837699729e-07
57450.056 6.620376906399196e-07
57500.056 7.069809169400977e-07
57550.056 7.24232735100085e-07
57600.056 7.845937596798506e-07
57650.056 4.983441291900154e-07
57700.056 5.76169122360025e-07
57750.056 6.355394231200243e-07
57800.056 4.921033393098812e-07
57850.056 6.809608190200635e-07
57900.056 7.287877382600409e-07
57950.056 6.777116541999489e-07
58000.056 6.06483452219975e-07
58050.056 6.541392240199786e-07
58100.056 7.084814514899824e-07
58150.056 6.642319727000264e-07
58200.056 5.020179691900095e-07
58250.056 5.779545274699339e-07
58300.056 4.623750281199845e-07
58350.056 5.418632963300496e-07
58400.056 5.634377735300466e-07
58450.056 5.837682929700872e-07
58500.056 6.044367171200526e-07
58550.056 6.803554727700844e-07
58600.056 5.588612238098913e-07
58650.056 6.333936895999466e-07
58700.056 5.954125360998897e-07
58750.056 6.658534073700082e-07
58800.056 4.6751800249999095e-07
58850.056 5.97554594919999e-07
58900.056 6.508968836799732e-07
58950.056 5.525342773998663e-07
59000.056 6.107409161000097e-07
59050.056 6.137294919099247e-07
59100.056 7.117355577799623e-07
59150.056 6.829685681699726e-07
59200.056 6.402433352000137e-07
59250.056 7.225809488700948e-07
59300.056 7.051524079301148e-07
59350.056 5.692861029700029e-07
59400.056 5.251784323999366e-07
59450.056 6.169909463100473e-07
59500.056 5.138055532499391e-07
59550.056 6.093857676600021e-07
59600.056 6.722595404200042e-07
59650.056 7.115580811400007e-07
59700.056 5.330936250499892e-07
59750.056 6.97623887529852e-07
59800.056 6.34789215020068e-07
59850.056 6.351869795099858e-07
59900.056 5.836529599299052e-07
59950.056 6.238758075101422e-07
60000.056 7.740306119000176e-07
60050.056 6.848337186000437e-07
60100.056 6.949029769398506e-07
60150.056 6.062011009199116e-07
60200.056 6.826160655899062e-07
60250.056 6.320224576500964e-07
60300.056 6.024192817999246e-07
60350.056 5.775441498200582e-07
60400.056 6.656796336999367e-07
60450.056 5.266493703199077e-07
60500.056 4.622105749200256e-07
60550.056 5.953490841300432e-07
60600.056 6.544347473799934e-07
60650.056 6.481166951599015e-07
60700.056 6.168313235200291e-07
60750.056 6.006022073399828e-07
60800.056 6.76086685189948e-07
60850.056 7.268953817700555e-07
60900.056 6.738911676101584e-07
60950.056 6.390453007799529e-07
61000.056 6.373148140600854e-07
61050.056 6.109530956699843e-07
61100.056 6.878582258599715e-07
61150.056 4.946624040199329e-07
61200.056 6.661035443300496e-07
61250.056 7.480874407899134e-07
61300.056 7.459904724600292e-07
61350.056 7.38255275109977e-07
61400.056 7.551815702899493e-07
61450.056 6.342263560000501e-07
61500.056 6.478962318900992e-07
61550.056 6.3134098965997e-07
61600.056 5.798900978000927e-07
61650.056 6.45974694279949e-07
61700.056 5.5723743958996e-07
61750.056 6.557268078298412e-07
61800.056 7.412666707200671e-07
61850.056 5.862420808599492e-07
61900.056 7.11598709000133e-07
61950.056 7.003509904001117e-07
62000.056 6.498260533200293e-07
62050.056 6.279945936898749e-07
62100.056 7.109563832901501e-07
62150.056 6.59696874670108e-07
62200.056 6.359310029399103e-07
62250.056 7.360874193699752e-07
62300.056 7.294847637599849e-07
62350.056 6.835917705599262e-07
62400.056 5.706102432700922e-07
62450.056 6.370585731500582e-07
62500.056 7.141971587499581e-07
62550.056 6.901946667000153e-07
62600.056 7.252683281900619e-07
62650.056 6.232343806400539e-07
62700.056 6.746821027299895e-07
62750.056 7.402120261599773e-07
62800.056 6.434944793898849e-07
62850.056 7.391069063200856e-07
62900.056 6.535025815097998e-07
62950.056 7.022166992800703e-07
63000.056 6.934138587300566e-07
63050.056 7.642318861600431e-07
63100.056 7.38378871959934e-07
63150.056 6.124248772199569e-07
63200.056 7.189086398800055e-07
63250.056 6.917798416000158e-07
63300.056 6.806220215800669e-07
63350.056 7.318782634200014e-07
63400.056 6.123085775799586e-07
63450.056 5.813285719000385e-07
63500.056 6.948408371799956e-07
63550.056 5.934156763399474e-07
63600.056 7.028589273300786e-07
63650.056 6.701811515400756e-07
63700.056 6.050087499099834e-07
63750.056 6.010375519100044e-07
63800.056 5.882657463999749e-07
63850.056 6.19117715370091e-07
63900.056 5.883292787600848e-07
63950.056 6.308386848900391e-07
64000.056 6.531782913500106e-07
64050.056 6.156993091699057e-07
64100.056 4.31343864270011e-07
64150.056 5.154501147099462e-07
64200.056 4.930136214299594e-07
64250.056 6.139040375099131e-07
64300.056 5.301323158699984e-07
64350.056 5.004972730600185e-07
64400.056 5.865738013100277e-07
64450.056 5.585998813500137e-07
64500.056 4.949986311399243e-07
64550.056 5.371984448300535e-07
64600.056 4.993781934699564e-07
64650.056 6.100484183300773e-07
64700.056 4.222326511699325e-07
64750.056 4.7482682007000847e-07
64800.056 4.2559555777005033e-07
64850.056 4.6330111067001527e-07
64900.056 4.752205977199677e-07
64950.056 4.539471765299662e-07
65000.056 5.067960226000356e-07
65050.056 5.150376823500253e-07
65100.056 5.103227301800031e-07
65150.056 5.112998868600114e-07
65200.056 4.90431414289983e-07
65250.056 5.246685446099448e-07
65300.056 5.213618462500211e-07
65350.056 6.064435146099606e-07
65400.056 4.99481178929953e-07
65450.056 5.187548294499761e-07
65500.056 5.321136768599408e-07
65550.056 4.895442141799715e-07
65600.056 5.186217522900773e-07
65650.056 4.930668864099789e-07
65700.056 5.225646328099934e-07
65750.056 4.908260865900696e-07
65800.056 5.461567364499952e-07
65850.056 5.723726845199147e-07
65900.056 4.6178806366007893e-07
65950.056 3.606357766799827e-07
66000.056 4.6032460760989175e-07
66050.056 6.018644089001358e-07
66100.056 5.091298930100135e-07
66150.056 4.7194027520992803e-07
66200.056 4.097802339400382e-07
66250.056 4.584659065200242e-07
66300.056 3.8573058101995487e-07
66350.056 4.105036426501654e-07
66400.056 4.6353981687990534e-07
66450.056 5.294299810499324e-07
66500.056 6.189269256100215e-07
66550.056 5.505215877098685e-07
66600.056 4.802720675301344e-07
66650.056 5.509575994000601e-07
66700.056 5.089446424899511e-07
66750.056 5.338281593000741e-07
66800.056 5.822871413800634e-07
66850.056 4.570417091302482e-07
66900.056 4.806108614902103e-07
66950.056 6.094325916800581e-07
67000.056 5.929132908699062e-07
67050.056 5.045217103198995e-07
67100.056 5.425817758500756e-07
67150.056 4.726033680699538e-07
67200.056 5.129265048101257e-07
67250.056 5.259646674099989e-07
67300.056 5.182746943900062e-07
67350.056 5.405846780399281e-07
67400.056 6.032242707499152e-07
67450.056 5.378386437900059e-07
67500.056 4.7165789893003024e-07
67550.056 5.193268383000018e-07
67600.056 6.271396930599736e-07
67650.056 5.465007920400032e-07
67700.056 5.037534698198593e-07
67750.056 4.748830554699647e-07
67800.056 5.105807304598771e-07
67850.056 4.795519678299414e-07
67900.056 5.117703294598963e-07
67950.056 4.910440030599979e-07
68000.056 5.049259960798376e-07
68050.056 5.695356392999743e-07
68100.056 5.235811021199806e-07
68150.056 4.50887062209923e-07
68200.056 4.739794153801224e-07
68250.056 4.559221299899575e-07
68300.056 4.445837903299347e-07
68350.056 4.20894323279954e-07
68400.056 4.97123080369952e-07
68450.056 5.441402118701227e-07
68500.056 5.146002770200307e-07
68550.056 4.410914832099819e-07
68600.056 5.184998690400086e-07
68650.056 4.175624142199161e-07
68700.056 4.677144145899992e-07
68750.056 5.147519803600727e-07
68800.056 5.441879062899799e-07
68850.056 4.70369633589961e-07
68900.056 5.839886083200401e-07
68950.056 5.753395997601465e-07
69000.056 5.481166628299663e-07
69050.056 4.811451286998374e-07
69100.056 5.721489463799412e-07
69150.056 6.133658578400093e-07
69200.056 4.5013392809006674e-07
69250.056 5.656002609399225e-07
69300.056 5.690049186201981e-07
69350.056 5.074248368999117e-07
69400.056 4.6729886838987664e-07
69450.056 5.921126302901256e-07
69500.056 5.155925010799863e-07
69550.056 5.042849701700408e-07
69600.056 3.985641238600132e-07
69650.056 5.004334660101313e-07
69700.056 5.274208480799701e-07
69750.056 4.843196166999733e-07
69800.056 5.220214286900459e-07
69850.056 5.538596906000976e-07
69900.056 5.220959595899768e-07
69950.056 5.456893076500593e-07
70000.056 4.5979331422001757e-07
70050.056 5.459477988500386e-07
70100.056 4.3249129839005907e-07
70150.056 4.986494637398942e-07
70200.056 4.4471178441003936e-07
70250.056 4.618171794299505e-07
70300.056 5.086407203399497e-07
70350.056 4.6472173448999044e-07
70400.056 5.114168720100577e-07
70450.056 4.066039113000329e-07
70500.056 4.3899949947006616e-07
70550.056 4.0959919124008163e-07
70600.056 4.404499822199698e-07
70650.056 4.853193652300578e-07
70700.056 4.447307078700636e-07
70750.056 4.6732618887011563e-07
70800.056 4.6498400887008877e-07
70850.056 4.211904293200823e-07
70900.056 4.6443736966993157e-07
70950.056 4.601192481400809e-07
71000.056 4.4884439073997807e-07
71050.056 4.804981213900636e-07
71100.056 4.165784174200933e-07
71150.056 4.028429777199478e-07
71200.056 4.5021219831999347e-07
71250.056 4.6208037906006704e-07
71300.056 3.930785751598932e-07
71350.056 4.3834665981008686e-07
71400.056 4.458890891799148e-07
71450.056 4.1981376447005013e-07
71500.056 4.211641010899556e-07
71550.056 3.9561248170003327e-07
71600.056 4.335178922999782e-07
71650.056 4.5689263077000565e-07
71700.056 4.0361644778994244e-07
71750.056 3.771562557699941e-07
71800.056 4.1975741157003065e-07
71850.056 4.3309508965991935e-07
71900.056 3.905676397899676e-07
71950.056 4.0679760600985974e-07
72000.056 3.8517567156001073e-07
72050.056 3.808558944300998e-07
72100.056 3.830067815699709e-07
72150.056 4.0628162661995986e-07
72200.056 3.5079138301007537e-07
72250.056 4.0767978306002003e-07
72300.056 3.7384627822005035e-07
72350.056 3.832564729799684e-07
72400.056 4.052794508699914e-07
72450.056 3.597077679599177e-07
72500.056 3.956726125800537e-07
72550.056 3.14889302860032e-07
72600.056 3.8950071282000664e-07
72650.056 3.7211809792999755e-07
72700.056 3.6708555697997743e-07
72750.056 3.827622510199033e-07
72800.056 3.5311540274010713e-07
72850.056 3.606666128400374e-07
72900.056 3.9167895570000665e-07
72950.056 3.432609834800004e-07
73000.056 3.6286667914994965e-07
73050.056 3.648486754500435e-07
73100.056 3.829557306400447e-07
73150.056 3.783047998499444e-07
73200.056 3.364772256598663e-07
73250.056 3.6368804169997086e-07
73300.056 3.217300425299223e-07
73350.056 3.3479056285994715e-07
73400.056 3.558226492500006e-07
73450.056 3.4119795006994776e-07
73500.056 3.757217781700263e-07
73550.056 3.5886419873998054e-07
73600.056 3.4088653699994665e-07
73650.056 3.4335625745998564e-07
73700.056 3.396888730700157e-07
73750.056 3.277853169198901e-07
73800.056 3.415666810000304e-07
73850.056 3.5188673820993165e-07
73900.056 3.575972812098944e-07
73950.056 3.500887576200525e-07
74000.056 3.292977147999413e-07
74050.056 3.7908613785997694e-07
74100.056 3.709118110999548e-07
74150.056 3.6849430469994285e-07
74200.056 3.3607681087991545e-07
74250.056 3.319687588300463e-07
74300.056 3.3129127827997835e-07
74350.056 3.430073282400199e-07
74400.056 3.585126731399941e-07
74450.056 3.3759926044991714e-07
74500.056 3.3861256244990707e-07
74550.056 3.704698148900642e-07
74600.056 3.1749053408002804e-07
74650.056 3.2001283036008987e-07
74700.056 3.5317721524001647e-07
74750.056 3.1331452179999004e-07
74800.056 3.537251687300801e-07
74850.056 3.785553671500895e-07
74900.056 3.79993428239962e-07
74950.056 3.4295126157992164e-07
75000.056 3.6765236612995994e-07
75050.056 3.476931975199379e-07
75100.056 3.8052597004010423e-07
75150.056 3.9008006099002885e-07
75200.056 3.807577786200314e-07
75250.056 3.906721799499933e-07
75300.056 3.6892162355002196e-07
75350.056 3.6092437560995866e-07
75400.056 3.876055139700241e-07
75450.056 3.942914263301078e-07
75500.056 3.636303373099962e-07
75550.056 3.5940777808002635e-07
75600.056 4.158814436700595e-07
75650.056 3.8970455485999367e-07
75700.056 3.947119967399335e-07
75750.056 3.798452412601667e-07
75800.056 3.9105667340996073e-07
75850.056 3.9388002504007547e-07
75900.056 3.975372082800433e-07
75950.056 3.9462690972999024e-07
76000.056 3.778362186699528e-07
76050.056 4.052926498299074e-07
76100.056 4.0631641387997243e-07
76150.056 4.128401078799101e-07
76200.056 3.8769259529011105e-07
76250.056 4.4052798973995125e-07
76300.056 4.114126843999459e-07
76350.056 4.40959635060055e-07
76400.056 4.2777847866007e-07
76450.056 4.425815994901174e-07
76500.056 4.237256340200532e-07
76550.056 3.9789188343006285e-07
76600.056 3.042621464399821e-07
76650.056 3.3641901168999823e-07
76700.056 3.215753998099808e-07
76750.056 3.384399264100516e-07
76800.056 3.711999195100882e-07
76850.056 3.542647676900603e-07
76900.056 3.168376814299627e-07
76950.056 3.0416120224005026e-07
77000.056 3.0071170620002073e-07
77050.056 2.9657310404996547e-07
77100.056 2.907690973700086e-07
77150.056 3.2062485088003376e-07
77200.056 2.957298771599718e-07
77250.056 3.122655875400254e-07
77300.056 3.102777191099741e-07
77350.056 2.869129152599789e-07
77400.056 2.7504806958998407e-07
77450.056 2.772325438899859e-07
77500.056 3.014310408099366e-07
77550.056 3.0506865477999236e-07
77600.056 3.022459049600081e-07
77650.056 3.0533546469999757e-07
77700.056 3.030571249099501e-07
77750.056 3.0036349343998654e-07
77800.056 2.9958044509001574e-07
77850.056 3.097975963600443e-07
77900.056 3.0269390700996884e-07
77950.056 3.2296746882000774e-07
78000.056 3.1050715923999647e-07
78050.056 2.9626403071000815e-07
78100.056 3.0980833529006483e-07
78150.056 3.0541729705006037e-07
78200.056 3.305132925900256e-07
78250.056 3.25578856859969e-07
78300.056 3.1173207565998103e-07
78350.056 3.253039830300137e-07
78400.056 3.489998066200276e-07
78450.056 3.2557052053004315e-07
78500.056 3.629990334900334e-07
78550.056 3.29556219629958e-07
78600.056 3.4408261452002916e-07
78650.056 3.314487601199967e-07
78700.056 3.465207797901027e-07
78750.056 3.557358348000445e-07
78800.056 3.514447704299731e-07
78850.056 3.3721271482992086e-07
78900.056 3.3332321546003406e-07
78950.056 3.3506680705997645e-07
79000.056 3.432282297100298e-07
79050.056 3.514176630099678e-07
79100.056 3.4679011446997405e-07
79150.056 3.407231997500841e-07
79200.056 3.656078843599405e-07
79250.056 3.450748825799905e-07
79300.056 3.5473272168001274e-07
79350.056 3.717806674500548e-07
79400.056 3.642587064200993e-07
79450.056 3.368591679399629e-07
79500.056 3.791487777699461e-07
79550.056 3.703358071301124e-07
79600.056 3.603972882799817e-07
79650.056 3.526591945099584e-07
79700.056 3.655561395000236e-07
79750.056 3.75077134980077e-07
79800.056 3.310578027501338e-07
79850.056 3.8785970316002016e-07
79900.056 3.873451757700312e-07
79950.056 3.9908911912999117e-07
