# %ECSV 1.0
# ---
# datatype:
# - {name: wav, unit: Angstrom, datatype: float64}
# - {name: flux_nu, unit: erg / (cm2 Hz s), datatype: float64}
# schema: astropy-2.0
wav flux_nu
3000.0480007680403 nan
3050.0480007680403 0.0
3100.0480007680403 0.0
3150.0480007680403 0.0
3200.0480007680403 0.0
3250.0480007680403 0.0
3300.0480007680403 0.0
3350.0480007680403 0.0
3400.0480007680403 0.0
3450.0480007680403 0.0
3500.0480007680403 0.0
3550.0480007680403 0.0
3600.0480007680403 0.0
3650.0480007680403 0.0
3700.0480007680403 0.0
3750.0480007680403 0.0
3800.0480007680403 0.0
3850.0480007680403 0.0
3900.0480007680403 0.0
3950.0480007680403 0.0
4000.0480007680403 0.0
4050.0480007680403 0.0
4100.04800076804 0.0
4150.04800076804 0.0
4200.04800076804 0.0
4250.04800076804 0.0
4300.04800076804 0.0
4350.04800076804 0.0
4400.04800076804 0.0
4450.04800076804 0.0
4500.04800076804 0.0
4550.04800076804 0.0
4600.04800076804 0.0
4650.04800076804 0.0
4700.04800076804 0.0
4750.04800076804 0.0
4800.04800076804 0.0
4850.04800076804 0.0
4900.04800076804 0.0
4950.04800076804 0.0
5000.04800076804 1.7895295228694106e-11
5050.04800076804 4.344371382272494e-11
5100.04800076804 4.9263623050002936e-11
5150.04800076804 5.7189074148491826e-11
5200.04800076804 6.641718895378536e-11
5250.04800076804 7.475658730057892e-11
5300.04800076804 8.429750596684997e-11
5350.04800076804 9.457064932824402e-11
5400.04800076804 1.0386697122657074e-10
5450.04800076804 1.1478907847620762e-10
5500.04800076804 1.2691515460884303e-10
5550.04800076804 1.4053110913421152e-10
5600.04800076804 1.531609114980696e-10
5650.04800076804 1.630376080999885e-10
5700.04800076804 1.6370762974890432e-10
5750.04800076804 1.6458526022015164e-10
5800.04800076804 1.5002009847726215e-10
5850.04800076804 1.1367473945003075e-10
5900.04800076804 2.6499683028714706e-11
5950.04800076804 5.0328911228060255e-11
6000.04800076804 1.8424151684499943e-10
6050.04800076804 3.0972176772567804e-10
6100.04800076804 4.3911962078807786e-10
6150.04800076804 5.627013175062878e-10
6200.04800076804 6.826263881151444e-10
6250.04800076804 7.882719326529483e-10
6300.04800076804 9.180748678191902e-10
6350.04800076804 1.0570660420031782e-09
6400.04800076804 1.1797896464617544e-09
6450.04800076804 1.1588479512910541e-09
6500.04800076804 1.2633210121476536e-09
6550.04800076804 1.4503765066337853e-09
6600.04800076804 1.6201251028894475e-09
6650.04800076804 1.870852513386117e-09
6700.04800076804 2.198133713213408e-09
6750.04800076804 2.4937900113150275e-09
6800.04800076804 2.7604222092859826e-09
6850.04800076804 3.042461821946958e-09
6900.04800076804 2.6470117373937924e-09
6950.04800076804 2.2476490337092836e-09
7000.04800076804 2.700308280625117e-09
7050.04800076804 2.5488410122233517e-09
7100.04800076804 2.586882935407448e-09
7150.04800076804 1.6060616814635943e-09
7200.04800076804 1.0289436741481002e-09
7250.04800076804 1.282752231594998e-09
7300.04800076804 1.2549410014007012e-09
7350.04800076804 1.5300287988663738e-09
7400.04800076804 1.9268811808668983e-09
7450.04800076804 2.457700322097567e-09
7500.04800076804 2.78183760853218e-09
7550.04800076804 3.0926275365208524e-09
7600.04800076804 3.3384813488361063e-09
7650.04800076804 3.386219441927052e-09
7700.04800076804 2.1301616196553566e-09
7750.04800076804 8.213684075459891e-10
7800.04800076804 2.7300129782967555e-09
7850.04800076804 2.7333035617445626e-09
7900.04800076804 2.835158736651625e-09
7950.04800076804 3.082476111183941e-09
8000.04800076804 3.2077688557707974e-09
8050.04800076804 3.2917903191530287e-09
8100.04800076804 1.871381723422713e-09
8150.04800076804 1.163686352766114e-09
8200.04800076804 2.4066231014295623e-09
8250.04800076804 2.3049802543379056e-09
8300.04800076804 2.4534537274788076e-09
8350.04800076804 2.339851275903113e-09
8400.04800076804 2.4827730350726514e-09
8450.04800076804 2.9858868577566187e-09
8500.04800076804 3.386795612432e-09
8550.04800076804 4.056418311039197e-09
8600.04800076804 5.070760606918822e-09
8650.04800076804 5.864273155556355e-09
8700.04800076804 6.050707190005041e-09
8750.04800076804 6.5512181523403515e-09
8800.04800076804 6.123771953503899e-09
8850.04800076804 4.066639202985933e-09
8900.04800076804 7.778557355401164e-10
8950.04800076804 3.90471075584283e-10
9000.04800076804 3.892090232999433e-10
9050.04800076804 1.7463201869021642e-09
9100.04800076804 1.7618882147138253e-09
9150.04800076804 1.5039689999105243e-09
9200.04800076804 2.0667097388678353e-09
9250.04800076804 1.2153934971460467e-09
9300.04800076804 8.829497227419579e-12
9350.04800076804 1.8994851662557782e-11
9400.04800076804 1.756946375003105e-10
9450.04800076804 8.530672859733793e-11
9500.04800076804 6.494613231589762e-11
9550.04800076804 6.332579789237077e-11
9600.04800076804 8.224252690937572e-11
9650.04800076804 1.6208989175794542e-10
9700.04800076804 5.020798883879495e-10
9750.04800076804 4.952961332546052e-10
9800.04800076804 6.667257318136385e-10
9850.04800076804 9.072421758914775e-10
9900.04800076804 1.3476167539352675e-09
9950.04800076804 1.4475790749176945e-09
10000.04800076804 1.802953255787491e-09
10050.04800076804 1.6953778965975844e-09
10100.04800076804 1.7946232970913585e-09
10150.04800076804 1.5453444272191719e-09
10200.04800076804 1.2634086689200406e-09
10250.04800076804 1.4587107655750394e-09
10300.04800076804 1.7626602921153697e-09
10350.04800076804 1.3897968795683898e-09
10400.04800076804 1.8050772376604777e-09
10450.04800076804 2.0428480749198773e-09
10500.04800076804 2.1949076094634048e-09
10550.04800076804 2.36627500992273e-09
10600.04800076804 2.3492230875997094e-09
10650.04800076804 2.2323133098314663e-09
10700.04800076804 1.9983107844637876e-09
10750.04800076804 1.8743045147164396e-09
10800.04800076804 1.7052188206493897e-09
10850.04800076804 1.5088844884316124e-09
10900.04800076804 1.226736547546325e-09
10950.04800076804 7.023869029468195e-10
11000.04800076804 3.716029069425584e-10
11050.04800076804 1.4685790928792086e-10
11100.04800076804 5.1467529600755965e-11
11150.04800076804 1.5517196527952e-11
11200.04800076804 1.1234332301188455e-11
11250.04800076804 1.719371356170456e-11
11300.04800076804 2.923531097188678e-11
11350.04800076804 8.45892960657143e-12
11400.04800076804 5.8093541688732335e-11
11450.04800076804 2.5166810150608063e-11
11500.04800076804 2.7189172537122983e-11
11550.04800076804 7.321125529959148e-12
11600.04800076804 3.5544419696520547e-12
11650.04800076804 1.7328488693100764e-11
11700.04800076804 2.616507541988579e-11
11750.04800076804 1.0419162829947379e-11
11800.04800076804 5.686948479432966e-11
11850.04800076804 8.49838778759218e-11
11900.04800076804 1.1123947646260677e-10
11950.04800076804 1.7893098178125654e-10
12000.04800076804 2.6867325188464703e-10
12050.04800076804 3.9504994276184795e-10
12100.04800076804 4.943553979744465e-10
12150.04800076804 6.622403715352005e-10
12200.04800076804 7.720712242601594e-10
12250.04800076804 1.0097843121917912e-09
12300.04800076804 1.3868718746223974e-09
12350.04800076804 1.5969894067740237e-09
12400.04800076804 2.09805394100048e-09
12450.04800076804 2.6768663700130217e-09
12500.04800076804 3.0794530386446526e-09
12550.04800076804 3.4799537668468378e-09
12600.04800076804 4.2168549838727e-09
12650.04800076804 4.905624488755901e-09
12700.04800076804 5.236615634788381e-09
12750.04800076804 4.465617909235032e-09
12800.04800076804 3.643548905218151e-09
12850.04800076804 2.5875560824402155e-09
12900.04800076804 2.0326090339592137e-09
12950.04800076804 1.6010323750957343e-09
13000.04800076804 1.7592325594792925e-09
13050.04800076804 1.1893799832261911e-09
13100.04800076804 1.195932975802156e-09
13150.04800076804 7.300783155232526e-10
13200.04800076804 7.736633730428793e-10
13250.04800076804 5.772336551994577e-10
13300.04800076804 1.881420641778239e-10
13350.04800076804 6.948359884143567e-11
13400.04800076804 1.1239793682619675e-11
13450.04800076804 1.964800536023584e-12
13500.04800076804 4.590527612962589e-13
13550.04800076804 7.284947252605282e-14
13600.04800076804 1.3797482733890172e-14
13650.04800076804 1.389948441078577e-13
13700.04800076804 6.289022930217851e-14
13750.04800076804 4.5335966241078915e-13
13800.04800076804 4.739779657663144e-13
13850.04800076804 1.0153246240034749e-13
13900.04800076804 2.5626490889060605e-13
13950.04800076804 2.2458406494663853e-13
14000.04800076804 4.127113697480559e-13
14050.04800076804 5.73007316348888e-13
14100.04800076804 4.865910127027653e-13
14150.04800076804 1.4976457267477572e-12
14200.04800076804 9.978798497093255e-13
14250.04800076804 1.6333757241420893e-12
14300.04800076804 7.737739363275321e-12
14350.04800076804 5.662546671360106e-12
14400.04800076804 5.562224025081559e-12
14450.04800076804 1.3760604451863898e-11
14500.04800076804 3.422443985149453e-11
14550.04800076804 4.224822937457684e-11
14600.04800076804 1.0067691409381638e-10
14650.04800076804 4.9408510900230684e-11
14700.04800076804 2.1010623719568966e-11
14750.04800076804 1.9292882632625676e-11
14800.04800076804 1.9230227905140895e-11
14850.04800076804 2.2136300136508318e-11
14900.04800076804 2.3408379020258204e-11
14950.04800076804 2.4633817052333433e-11
15000.04800076804 6.245854416023777e-11
15050.04800076804 7.901325705594112e-11
15100.04800076804 4.5482057700165536e-11
15150.04800076804 2.5731369500306516e-11
15200.04800076804 6.833787261455203e-11
15250.04800076804 1.4481225540451182e-10
15300.04800076804 1.945928730244322e-10
15350.04800076804 2.4913945398667855e-10
15400.04800076804 3.2443616537664273e-10
15450.04800076804 4.282396886489545e-10
15500.04800076804 5.856673988745402e-10
15550.04800076804 8.913263869328127e-10
15600.04800076804 1.3271166221944691e-09
15650.04800076804 1.966327648746511e-09
15700.04800076804 2.7704096127902286e-09
15750.04800076804 3.2998654071659015e-09
15800.04800076804 3.8340996622087864e-09
15850.04800076804 4.420299704520862e-09
15900.04800076804 4.412286044166705e-09
15950.04800076804 4.5006984233546735e-09
16000.04800076804 3.818726286932322e-09
16050.04800076804 2.6578053754493718e-09
16100.04800076804 1.6086744963729546e-09
16150.04800076804 8.143108782692517e-10
16200.04800076804 3.437361425300514e-10
16250.04800076804 1.9327187807547347e-10
16300.04800076804 1.1436530959512462e-10
16350.04800076804 1.3012255039403516e-10
16400.04800076804 1.5517838693161225e-10
16450.04800076804 1.647788750978588e-10
16500.04800076804 1.4640247886893726e-10
16550.04800076804 1.5570547746184147e-10
16600.04800076804 3.350585993293883e-10
16650.04800076804 1.9417869437230087e-10
16700.04800076804 2.7781027938233172e-11
16750.04800076804 1.2534598585580532e-10
16800.04800076804 1.8093523832734034e-10
16850.04800076804 1.7196966397903871e-10
16900.04800076804 7.68310813787371e-11
16950.04800076804 5.4313139622266766e-11
17000.04800076804 2.6136624355910578e-11
17050.04800076804 5.214736536299291e-11
17100.04800076804 9.450852873899716e-11
17150.04800076804 5.744430010817779e-11
17200.04800076804 1.8596903299573967e-10
17250.04800076804 6.813013780478162e-11
17300.04800076804 4.837359234100271e-11
17350.04800076804 6.454089633481093e-11
17400.04800076804 1.1016182710957354e-10
17450.04800076804 1.3863663021858246e-10
17500.04800076804 1.9479886167727217e-10
17550.04800076804 1.455088135972135e-10
17600.04800076804 1.2711631066126395e-10
17650.04800076804 8.311827421167154e-11
17700.04800076804 7.339619008165065e-11
17750.04800076804 4.950506615424098e-11
17800.04800076804 8.978892793336706e-11
17850.04800076804 4.447621536851534e-11
17900.04800076804 3.024405066701583e-11
17950.04800076804 1.5904350610620203e-11
18000.04800076804 3.2339704943359524e-11
18050.04800076804 1.2356084339598628e-11
18100.04800076804 1.3225982194866783e-11
18150.04800076804 9.424129395434264e-12
18200.04800076804 5.493691428303148e-12
18250.04800076804 2.62603180670302e-11
18300.04800076804 2.934439370507163e-12
18350.04800076804 2.502689684685819e-12
18400.04800076804 1.350765853219408e-12
18450.04800076804 1.3450214126843596e-11
18500.04800076804 1.2826306171679305e-11
18550.04800076804 4.697430741755073e-12
18600.04800076804 8.35322691471662e-12
18650.04800076804 4.878862019664706e-12
18700.04800076804 5.568033132680917e-13
18750.04800076804 1.5011710261307776e-12
18800.04800076804 2.6964430488211957e-11
18850.04800076804 2.2335447105589207e-11
18900.04800076804 2.320713170039523e-11
18950.04800076804 4.0042300566795964e-11
19000.04800076804 5.8210303990066176e-12
19050.04800076804 2.7659728534250045e-12
19100.04800076804 1.0995484744283055e-11
19150.04800076804 4.142427304385527e-12
19200.04800076804 1.1480880362187739e-11
19250.04800076804 7.786223132666384e-12
19300.04800076804 3.998866188722799e-12
19350.04800076804 5.466430621708534e-12
19400.04800076804 3.699883992554598e-12
19450.04800076804 6.461430498354672e-12
19500.04800076804 6.8078534193478194e-12
19550.04800076804 9.357232664075725e-12
19600.04800076804 1.9043776289181594e-11
19650.04800076804 1.7976909006983832e-11
19700.04800076804 2.5491231018059864e-11
19750.04800076804 3.60794451578371e-11
19800.04800076804 2.561304536069822e-11
19850.04800076804 3.420606284661892e-11
19900.04800076804 4.93100569090056e-11
19950.04800076804 5.8180812867108165e-11
20000.04800076804 6.451210732253969e-11
20050.04800076804 5.551532582658716e-11
20100.04800076804 8.560072229476339e-11
20150.04800076804 5.93759846028448e-11
20200.04800076804 4.616256999518816e-11
20250.04800076804 7.756629701110888e-11
20300.04800076804 8.235062199007296e-11
20350.04800076804 8.912960203557601e-11
20400.04800076804 8.330192937615489e-11
20450.04800076804 1.2299734756473085e-10
20500.04800076804 1.283766512130047e-10
20550.04800076804 1.3288797095005048e-10
20600.04800076804 1.3797853686872114e-10
20650.04800076804 1.430044495854039e-10
20700.04800076804 1.435108908726151e-10
20750.04800076804 1.4458526090215168e-10
20800.04800076804 1.3734285427535793e-10
20850.04800076804 1.4094124713330495e-10
20900.04800076804 1.389198556622879e-10
20950.04800076804 1.3339240334068443e-10
21000.04800076804 1.2883656877382847e-10
21050.04800076804 1.2927576578265896e-10
21100.04800076804 1.2604541858875485e-10
21150.04800076804 1.254039152440928e-10
21200.04800076804 1.2263228848379328e-10
21250.04800076804 1.2007436682321429e-10
21300.04800076804 1.1369320857937364e-10
21350.04800076804 1.1047739459152387e-10
21400.04800076804 1.1394574755839799e-10
21450.04800076804 9.71971329614453e-11
21500.04800076804 9.395455007093928e-11
21550.04800076804 9.203412157345197e-11
21600.04800076804 8.608159017170883e-11
21650.04800076804 7.533991564611736e-11
21700.04800076804 7.569379609641022e-11
21750.04800076804 7.602008529415771e-11
21800.04800076804 6.143756468106884e-11
21850.04800076804 5.5949493404867256e-11
21900.04800076804 4.6541380085680883e-11
21950.04800076804 2.104287551487119e-11
22000.04800076804 2.375962885428635e-12
22050.04800076804 4.664298977285045e-12
22100.04800076804 1.9089041253764214e-11
22150.04800076804 1.288056741884756e-11
22200.04800076804 1.0683290315663224e-11
22250.04800076804 9.383632679366268e-12
22300.04800076804 4.364972862370504e-12
22350.04800076804 5.680897173349079e-12
22400.04800076804 2.159473030331957e-12
22450.04800076804 3.0551151380645613e-12
22500.04800076804 2.806107062281237e-12
22550.04800076804 1.290113140882078e-12
22600.04800076804 1.2723585106137249e-12
22650.04800076804 2.4266969071724564e-12
22700.04800076804 1.8721060323310743e-12
22750.04800076804 2.1846236976896152e-12
22800.04800076804 3.4346992720078756e-12
22850.04800076804 2.3712473901958952e-12
22900.04800076804 1.4019991491331212e-12
22950.04800076804 8.44094196283672e-13
23000.04800076804 1.2869077575760365e-12
23050.04800076804 1.3393575349317173e-12
23100.04800076804 1.3651037124897755e-11
23150.04800076804 1.254217683459842e-11
23200.04800076804 3.4536370221361566e-13
23250.04800076804 2.0181666343285606e-12
23300.04800076804 2.1304122801106467e-12
23350.04800076804 1.8984968169101367e-12
23400.04800076804 1.898562296812075e-12
23450.04800076804 7.571049259446932e-13
23500.04800076804 9.02956773914324e-13
23550.04800076804 2.2884772548714124e-12
23600.04800076804 5.86923059922988e-12
23650.04800076804 6.3970988368903885e-12
23700.04800076804 8.058627879761163e-13
23750.04800076804 1.3558388705651666e-12
23800.04800076804 7.84737652455628e-12
23850.04800076804 4.04072689303812e-12
23900.04800076804 1.0014342542136621e-11
23950.04800076804 4.100653585749641e-12
24000.04800076804 1.1600319431294612e-11
24050.04800076804 1.2133824881121057e-11
24100.04800076804 1.5536191121686925e-11
24150.04800076804 2.3694189870353087e-11
24200.04800076804 1.8465882964641632e-11
24250.04800076804 1.1613523029991574e-11
24300.04800076804 3.151239842269869e-11
24350.04800076804 1.915082413005114e-11
24400.04800076804 4.9802595805018335e-11
24450.04800076804 4.8742976181175286e-11
24500.04800076804 4.060232854326006e-11
24550.04800076804 7.92623139737302e-11
24600.04800076804 9.488094544982276e-11
24650.04800076804 1.1738861254343625e-10
24700.04800076804 8.593099895873406e-11
24750.04800076804 1.1534328844700995e-10
24800.04800076804 9.514130180729658e-11
24850.04800076804 1.347200165799192e-10
24900.04800076804 5.3297951847949424e-11
24950.04800076804 1.031681560617995e-10
25000.04800076804 1.1786227906349386e-10
25050.04800076804 5.636424485990962e-11
25100.04800076804 9.794919459872883e-11
25150.04800076804 3.8640553724808143e-11
25200.04800076804 6.134380927067178e-11
25250.04800076804 1.94178615843172e-11
25300.04800076804 2.437775168416457e-11
25350.04800076804 9.592026552889075e-12
25400.04800076804 2.930529615524258e-11
25450.04800076804 7.246111416911847e-12
25500.04800076804 5.6588493115535364e-12
25550.04800076804 1.724112354205667e-11
25600.04800076804 6.913040860771562e-12
25650.04800076804 2.6398226920303526e-12
25700.04800076804 2.218074529290938e-12
25750.04800076804 6.883480947405066e-13
25800.04800076804 4.356878278484045e-12
25850.04800076804 5.434683525697112e-13
25900.04800076804 9.115892128780301e-13
25950.04800076804 1.658437760871411e-13
26000.04800076804 3.0647430238379658e-12
26050.04800076804 2.315059298797759e-13
26100.04800076804 1.794078659742075e-12
26150.04800076804 5.554018144631378e-13
26200.04800076804 8.096514702584578e-13
26250.04800076804 7.903514265989636e-12
26300.04800076804 8.656182776165153e-13
26350.04800076804 1.9837706460909697e-11
26400.04800076804 4.122784778392382e-11
26450.04800076804 1.5319967607887984e-11
26500.04800076804 5.1185463699768966e-11
26550.04800076804 3.213446009123325e-12
26600.04800076804 2.6276030126946568e-12
26650.04800076804 3.4361683677457265e-13
26700.04800076804 1.7519418892826458e-13
26750.04800076804 4.3258242276543953e-13
26800.04800076804 1.657309313710589e-12
26850.04800076804 1.0211110082360427e-12
26900.04800076804 5.566559083576794e-12
26950.04800076804 1.317973861460934e-12
27000.04800076804 9.144457077997685e-12
27050.04800076804 1.506708940313186e-11
27100.04800076804 8.07722197963429e-13
27150.04800076804 1.4805738085373466e-11
27200.04800076804 7.46833594720921e-13
27250.04800076804 3.3783437657308205e-12
27300.04800076804 4.9252641705677336e-11
27350.04800076804 1.0759939409605293e-11
27400.04800076804 4.362357276669305e-13
27450.04800076804 1.5826948063852286e-11
27500.04800076804 2.3914317798753975e-11
27550.04800076804 2.371071650282172e-12
27600.04800076804 9.065128155672584e-12
27650.04800076804 1.9003395009689816e-12
27700.04800076804 2.127817627828503e-12
27750.04800076804 1.596125435390456e-11
27800.04800076804 4.949326660741952e-12
27850.04800076804 8.859103931305547e-12
27900.04800076804 1.473413325271064e-11
27950.04800076804 3.277218890602291e-11
28000.04800076804 3.006841801771753e-11
28050.04800076804 2.898166690707588e-12
28100.04800076804 4.73202790009153e-11
28150.04800076804 3.083298671965583e-11
28200.04800076804 6.328702555534358e-12
28250.04800076804 6.863967262222905e-11
28300.04800076804 8.079639917844048e-11
28350.04800076804 7.665648494945517e-12
28400.04800076804 4.46683788434169e-11
28450.04800076804 1.1366153671058074e-10
28500.04800076804 4.015646155637831e-11
28550.04800076804 1.056460485735201e-11
28600.04800076804 8.100801962785357e-11
28650.04800076804 5.448056205018767e-11
28700.04800076804 7.166971999734805e-11
28750.04800076804 2.0253972319251257e-10
28800.04800076804 8.291863053770087e-11
28850.04800076804 1.6977490276616717e-10
28900.04800076804 8.710722633186667e-11
28950.04800076804 1.560544746625868e-10
29000.04800076804 9.794989304548619e-11
29050.04800076804 1.420614323004288e-10
29100.04800076804 7.140383120258638e-11
29150.04800076804 1.450539447902562e-10
29200.04800076804 2.415696419487249e-10
29250.04800076804 2.4756527205113565e-10
29300.04800076804 1.6052063801577997e-10
29350.04800076804 5.591787434858501e-10
29400.04800076804 1.43138321105375e-10
29450.04800076804 8.545958434101229e-11
29500.04800076804 5.071891169377991e-10
29550.04800076804 1.5563933306767347e-10
29600.04800076804 2.484389375981416e-10
29650.04800076804 7.337928789371652e-10
29700.04800076804 1.0191442935409091e-10
29750.04800076804 3.4421081686350185e-10
29800.04800076804 2.440861854048285e-10
29850.04800076804 7.142450290282176e-10
29900.04800076804 4.0441021493993085e-10
29950.04800076804 2.916802552397606e-10
30000.04800076804 1.1005624744945413e-11
30050.04800076804 6.61642012680491e-11
30100.04800076804 2.428321751912368e-10
30150.04800076804 6.670008074252194e-10
30200.04800076804 3.217940789573161e-10
30250.04800076804 9.246017920964332e-10
30300.04800076804 9.720295535554932e-10
30350.04800076804 1.9658788915292272e-10
30400.04800076804 1.0245717081306343e-09
30450.04800076804 7.38847601707653e-10
30500.04800076804 4.255167944878727e-10
30550.04800076804 3.048326215000618e-10
30600.04800076804 2.692107404374103e-09
30650.04800076804 1.1365206194233794e-09
30700.04800076804 5.923242674543175e-10
30750.04800076804 1.2360227730263627e-09
30800.04800076804 9.91321577427503e-10
30850.04800076804 1.1663659977034397e-09
30900.04800076804 7.395401491538592e-10
30950.04800076804 3.709504289734825e-10
31000.04800076804 6.699015523480282e-10
31050.04800076804 4.753644132372115e-10
31100.04800076804 2.3628132115604087e-10
31150.04800076804 4.559136038017124e-10
31200.04800076804 1.4140915594447097e-09
31250.04800076804 4.4516996473692764e-10
31300.04800076804 3.1545026889879564e-10
31350.04800076804 8.421708008325246e-10
31400.04800076804 4.2878334471201356e-10
31450.04800076804 5.160666733717805e-10
31500.04800076804 1.8681132852457338e-10
31550.04800076804 2.824824717194718e-10
31600.04800076804 2.365796304005121e-10
31650.04800076804 1.5935479386668915e-10
31700.04800076804 1.6166701109240366e-10
31750.04800076804 5.360621827444403e-11
31800.04800076804 1.3456660311529708e-10
31850.04800076804 2.2700052359425687e-11
31900.04800076804 6.557762726553379e-11
31950.04800076804 3.1941705324131056e-11
32000.04800076804 2.428137153685332e-11
32050.04800076804 2.7562941747687403e-11
32100.04800076804 2.1032773314106957e-11
32150.04800076804 2.3935152479729568e-11
32200.04800076804 1.1898959597360332e-11
32250.04800076804 2.7317616097512974e-11
32300.04800076804 7.896202438109844e-12
32350.04800076804 2.9967154800646655e-11
32400.04800076804 4.93714529351082e-12
32450.04800076804 1.9405894492663153e-11
32500.04800076804 4.994168894571441e-12
32550.04800076804 2.070841909887976e-11
32600.04800076804 4.904792535948793e-12
32650.04800076804 3.924900191988975e-11
32700.04800076804 7.86893309468052e-12
32750.04800076804 8.933693013502718e-11
32800.04800076804 4.3373462836619974e-11
32850.04800076804 1.867308090109355e-10
32900.04800076804 1.5075886999257795e-10
32950.04800076804 1.6672956897349442e-10
33000.04800076804 4.671436507159185e-11
33050.04800076804 4.892797757623472e-11
33100.04800076804 1.1139825789581265e-11
33150.04800076804 3.701549737358808e-15
33200.04800076804 5.815976436619504e-13
33250.04800076804 1.0447257745720824e-12
33300.04800076804 1.3717649518285731e-11
33350.04800076804 3.2465259222172e-11
33400.04800076804 1.0068123457146428e-10
33450.04800076804 3.118580501027724e-11
33500.04800076804 1.5020455057709123e-10
33550.04800076804 3.0596049923600956e-11
33600.04800076804 6.045017818750756e-11
33650.04800076804 7.053234437524657e-11
33700.04800076804 2.0737919254094234e-11
33750.04800076804 8.684734044196748e-11
33800.04800076804 8.807964466131288e-12
33850.04800076804 4.384985551285765e-11
33900.04800076804 4.5782692044868796e-11
33950.04800076804 4.227871899125618e-11
34000.04800076804 1.0404579000593943e-10
34050.04800076804 1.499860963981041e-11
34100.04800076804 8.393949484760391e-11
34150.04800076804 2.8873844817574556e-11
34200.04800076804 9.830541335980025e-11
34250.04800076804 5.1418090881532736e-11
34300.04800076804 5.397574799406139e-11
34350.04800076804 2.0031899460615466e-10
34400.04800076804 3.542020334472239e-11
34450.04800076804 1.5975884717308492e-10
34500.04800076804 7.204975881257286e-11
34550.04800076804 9.404199751723031e-11
34600.04800076804 4.230968003415195e-10
34650.04800076804 3.470356109005393e-11
34700.04800076804 2.4243710100439356e-10
34750.04800076804 1.2848378353888157e-10
34800.04800076804 1.010409567213772e-10
34850.04800076804 4.1333518298408903e-10
34900.04800076804 6.410340118955977e-11
34950.04800076804 3.675282171387927e-10
35000.04800076804 5.495724622738275e-10
35050.04800076804 3.472430978451672e-10
35100.04800076804 8.806360250330974e-10
35150.04800076804 7.494572567708894e-10
35200.04800076804 5.690474984779264e-10
35250.04800076804 9.643843755857254e-10
35300.04800076804 2.599088494298135e-10
35350.04800076804 3.7079071332103253e-10
35400.04800076804 2.449489161498289e-10
35450.04800076804 2.0689852710105421e-10
35500.04800076804 9.701782852131772e-10
35550.04800076804 5.41774408296887e-10
35600.04800076804 8.531362005470264e-10
35650.04800076804 9.957718217015695e-10
35700.04800076804 9.7106845996784e-10
35750.04800076804 1.5366078264225785e-09
35800.04800076804 6.700978246775782e-10
35850.04800076804 3.2185835721292897e-10
35900.04800076804 6.310220813685708e-10
35950.04800076804 1.0076411842983358e-09
36000.04800076804 7.946487723078886e-10
36050.04800076804 7.230192099302903e-10
36100.04800076804 6.770328316253771e-10
36150.04800076804 2.2902134430525145e-09
36200.04800076804 2.048446056392925e-09
36250.04800076804 1.2279029458481418e-09
36300.04800076804 3.154310765728017e-09
36350.04800076804 1.8165831303727636e-09
36400.04800076804 3.2429335527473398e-09
36450.04800076804 1.948968252377935e-09
36500.04800076804 2.097159679179648e-09
36550.04800076804 4.9404229949376785e-09
36600.04800076804 5.508563247732444e-09
36650.04800076804 2.927184273675214e-09
36700.04800076804 3.394748045350672e-09
36750.04800076804 5.292423868612807e-09
36800.04800076804 5.831051772399588e-09
36850.04800076804 2.4872927649684466e-09
36900.04800076804 3.5224220380415836e-09
36950.04800076804 6.054643285328096e-09
37000.04800076804 3.874490355482583e-09
37050.04800076804 6.46181062499708e-09
37100.04800076804 2.4934461700444345e-09
37150.04800076804 4.282811833362026e-09
37200.04800076804 8.197299977008002e-09
37250.04800076804 4.164169645795519e-09
37300.04800076804 2.759698032235255e-09
37350.04800076804 5.2929518501341465e-09
37400.04800076804 8.78406009473355e-09
37450.04800076804 3.010638981952219e-09
37500.04800076804 4.159901831362469e-09
37550.04800076804 1.148545257912549e-08
37600.04800076804 1.7220218575033054e-08
37650.04800076804 4.414186331234854e-09
37700.04800076804 8.385241214302905e-09
37750.04800076804 5.852485984013864e-09
37800.04800076804 6.2193195062348816e-09
37850.04800076804 3.351581360593467e-09
37900.04800076804 4.063812968411428e-09
37950.04800076804 7.00183354484088e-09
38000.04800076804 6.967909427944775e-09
38050.04800076804 1.0633586738962311e-08
38100.04800076804 1.4792372156888115e-08
38150.04800076804 1.6186669477047412e-08
38200.04800076804 1.1173607610364823e-08
38250.04800076804 1.5043962198435603e-08
38300.04800076804 2.7457824091366622e-08
38350.04800076804 1.963926669629586e-08
38400.04800076804 7.83175071576564e-09
38450.04800076804 3.366467670740987e-09
38500.04800076804 2.7753649962847693e-09
38550.04800076804 9.468110371204067e-09
38600.04800076804 1.1956513654468109e-08
38650.04800076804 1.2990231686997371e-08
38700.04800076804 1.2017083404062161e-08
38750.04800076804 1.3319118879916136e-08
38800.04800076804 1.0918038355464633e-08
38850.04800076804 1.4784211392811271e-08
38900.04800076804 1.589477474774346e-08
38950.04800076804 9.632894762311246e-09
39000.04800076804 1.8390457316229472e-08
39050.04800076804 8.855870445362049e-09
39100.04800076804 1.4038669276423898e-08
39150.04800076804 1.950956199132009e-08
39200.04800076804 1.4719962340006367e-08
39250.04800076804 1.969533794723333e-08
39300.04800076804 1.4884814758596637e-08
39350.04800076804 3.0372296743917205e-08
39400.04800076804 1.7504546163634494e-08
39450.04800076804 2.3639098420424276e-08
39500.04800076804 2.8176467025499993e-08
39550.04800076804 1.343554131006512e-08
39600.04800076804 2.1771466643420672e-08
39650.04800076804 3.654729482754103e-08
39700.04800076804 2.944160240371441e-08
39750.04800076804 1.1236853759300973e-08
39800.04800076804 1.2495745943983379e-08
39850.04800076804 3.612885395224648e-08
39900.04800076804 4.037752622204123e-08
39950.04800076804 1.9176205254639837e-08
40000.04800076804 3.444203527278643e-08
40050.04800076804 3.3417515556359784e-08
40100.04800076804 9.690522087503708e-09
40150.04800076804 3.0156381420289425e-08
40200.04800076804 3.716169167955741e-08
40250.04800076804 4.171899774513789e-08
40300.04800076804 3.8874705657053586e-08
40350.04800076804 1.7775043078883638e-08
40400.04800076804 3.139165510643162e-08
40450.04800076804 1.676679757777626e-08
40500.04800076804 4.016269395273561e-08
40550.04800076804 3.6790066388171974e-08
40600.04800076804 3.870901408477399e-08
40650.04800076804 2.6862378535738553e-08
40700.04800076804 5.638122853915492e-08
40750.04800076804 3.830591577662533e-08
40800.04800076804 1.98084156217012e-08
40850.04800076804 5.7278254639791494e-08
40900.04800076804 5.5386056639015627e-08
40950.04800076804 3.303306209164055e-08
41000.04800076804 3.923671295808619e-08
41050.04800076804 6.346255111559278e-08
41100.04800076804 4.778176713499461e-08
41150.04800076804 1.6473580154534813e-08
41200.04800076804 5.7394010005143516e-08
41250.04800076804 4.927804759673298e-08
41300.04800076804 5.513023689188509e-08
41350.04800076804 7.092401176114317e-08
41400.04800076804 5.474639043545481e-08
41450.04800076804 6.448089475879915e-08
41500.04800076804 3.739401653169502e-08
41550.04800076804 3.3611158094102554e-08
41600.04800076804 4.241317081183421e-08
41650.04800076804 6.40234693271783e-08
41700.04800076804 7.294949205300257e-08
41750.04800076804 5.881685591883646e-08
41800.04800076804 7.175949683580346e-08
41850.04800076804 4.789220146724014e-08
41900.04800076804 3.961100640488648e-08
41950.04800076804 4.9248958975805467e-08
42000.04800076804 4.3201715742909315e-08
42050.04800076804 4.1320512796678724e-08
42100.04800076804 5.599682940433693e-08
42150.04800076804 4.947611323735829e-08
42200.04800076804 5.332664509012165e-08
42250.04800076804 4.033039411626906e-08
42300.04800076804 3.532592461619442e-08
42350.04800076804 5.844444401519557e-08
42400.04800076804 6.83512824761749e-08
42450.04800076804 6.577824413995505e-08
42500.04800076804 6.714413647402188e-08
42550.04800076804 6.035139335576463e-08
42600.04800076804 5.324079723103774e-08
42650.04800076804 8.008103600346217e-08
42700.04800076804 3.823743460433787e-08
42750.04800076804 5.0745667411291796e-08
42800.04800076804 7.129066164156285e-08
42850.04800076804 7.673181988581164e-08
42900.04800076804 7.691587412668216e-08
42950.04800076804 5.813438623256218e-08
43000.04800076804 7.007078160928707e-08
43050.04800076804 3.367804401917586e-08
43100.04800076804 5.9417852618507325e-08
43150.04800076804 5.5147877358957696e-08
43200.04800076804 6.71869082772422e-08
43250.04800076804 9.92406568783406e-08
43300.04800076804 8.371344643276609e-08
43350.04800076804 4.5751634549804574e-08
43400.04800076804 6.574663626334224e-08
43450.04800076804 5.004487644985543e-08
43500.04800076804 5.112898264110422e-08
43550.04800076804 4.719960318300958e-08
43600.04800076804 7.848238401631639e-08
43650.04800076804 4.010481822027912e-08
43700.04800076804 7.983931126405857e-08
43750.04800076804 8.485793383797164e-08
43800.04800076804 6.749211899624668e-08
43850.04800076804 6.516314759525846e-08
43900.04800076804 5.22441044829303e-08
43950.04800076804 3.699869441697767e-08
44000.04800076804 3.315264283428677e-08
44050.04800076804 7.555961915128512e-08
44100.04800076804 1.0558392211996349e-07
44150.04800076804 9.59224110501554e-08
44200.04800076804 8.970376921425324e-08
44250.04800076804 5.137475847033239e-08
44300.04800076804 3.300311051887732e-08
44350.04800076804 3.779137580315256e-08
44400.04800076804 4.1669182182717175e-08
44450.04800076804 6.589834634102555e-08
44500.04800076804 5.5527034178300894e-08
44550.04800076804 7.971429063780307e-08
44600.04800076804 5.931149797560086e-08
44650.04800076804 6.64280279098325e-08
44700.04800076804 4.433539192258296e-08
44750.04800076804 5.8162346670800714e-08
44800.04800076804 4.066273088670982e-08
44850.04800076804 5.987430029515071e-08
44900.04800076804 4.9857173789028396e-08
44950.04800076804 5.36700103583039e-08
45000.04800076804 6.373986902712519e-08
45050.04800076804 5.977651844651868e-08
45100.04800076804 5.639353554455283e-08
45150.04800076804 4.525905852634175e-08
45200.04800076804 2.7416530070566552e-08
45250.04800076804 3.133021282018491e-08
45300.04800076804 3.8089603423051216e-08
45350.04800076804 2.832228347549689e-08
45400.04800076804 5.277670431629201e-08
45450.04800076804 4.3905575524788755e-08
45500.04800076804 5.0248845992739524e-08
45550.04800076804 6.023460874455957e-08
45600.04800076804 4.5902325312879906e-08
45650.04800076804 4.2150933475896786e-08
45700.04800076804 3.4002779109942715e-08
45750.04800076804 2.373933652143352e-08
45800.04800076804 4.1393039491712626e-08
45850.04800076804 4.4320201183560395e-08
45900.04800076804 5.6568260317734576e-08
45950.04800076804 3.910825758273784e-08
46000.04800076804 5.4837760979827207e-08
46050.04800076804 5.014336899973853e-08
46100.04800076804 4.5826583432523346e-08
46150.04800076804 4.075215689825825e-08
46200.04800076804 2.745629740676438e-08
46250.04800076804 1.2884319200847012e-08
46300.04800076804 4.668965470651897e-08
46350.04800076804 3.967393945669672e-08
46400.04800076804 4.7684245910699365e-08
46450.04800076804 4.683587136094277e-08
46500.04800076804 4.4911584716369094e-08
46550.04800076804 3.056819302575734e-08
46600.04800076804 3.2636334165030045e-08
46650.04800076804 6.092367869847003e-08
46700.04800076804 4.1973310162629235e-08
46750.04800076804 1.6826797499606036e-08
46800.04800076804 1.081687572997205e-08
46850.04800076804 4.7154311024542267e-08
46900.04800076804 5.103642331939086e-08
46950.04800076804 6.294585309842133e-08
47000.04800076804 4.2423047691544374e-08
47050.04800076804 4.215690314706127e-08
47100.04800076804 2.143191158021836e-08
47150.04800076804 3.917174736080818e-08
47200.04800076804 4.428936919551691e-08
47250.04800076804 2.151253015431378e-08
47300.04800076804 1.7078542680346333e-08
47350.04800076804 3.6721280862217785e-08
47400.04800076804 5.995565384974276e-08
47450.04800076804 2.9460043276660665e-08
47500.04800076804 6.837033954829588e-08
47550.04800076804 4.177826682786684e-08
47600.04800076804 4.813918990914409e-08
47650.04800076804 3.2938009112415566e-08
47700.04800076804 4.4195406463482774e-08
47750.04800076804 2.4493536386053697e-08
47800.04800076804 2.273560396198108e-08
47850.04800076804 8.302245493574091e-09
47900.04800076804 1.518452459946199e-08
47950.04800076804 3.768458630966772e-08
48000.04800076804 5.883162927720691e-08
48050.04800076804 4.082430266894827e-08
48100.04800076804 2.1715544824294478e-08
48150.04800076804 3.277183879684112e-08
48200.04800076804 2.82892009854481e-08
48250.04800076804 3.5485304425897345e-08
48300.04800076804 5.7486854531930514e-08
48350.04800076804 2.6847304635723297e-08
48400.04800076804 6.575302180849624e-09
48450.04800076804 1.3046429514408794e-08
48500.04800076804 2.8259286895423023e-08
48550.04800076804 2.888763800742992e-08
48600.04800076804 5.630633112734966e-08
48650.04800076804 5.5180713647093064e-08
48700.04800076804 4.908378180741009e-08
48750.04800076804 3.3617224248923476e-08
48800.04800076804 5.2581315448332836e-08
48850.04800076804 2.5551294996149686e-08
48900.04800076804 2.769555158693482e-08
48950.04800076804 1.4817049981747633e-08
49000.04800076804 9.321232773934299e-09
49050.04800076804 2.934468439796173e-08
49100.04800076804 3.973311782215282e-08
49150.04800076804 3.4252041643454194e-08
49200.04800076804 5.279003486186184e-08
49250.04800076804 5.956217009249934e-08
49300.04800076804 4.66000323006356e-08
49350.04800076804 1.7419577911705174e-08
49400.04800076804 2.4616270482039257e-08
49450.04800076804 2.0241181745207167e-08
49500.04800076804 1.6831647985522773e-08
49550.04800076804 2.5767071838693335e-09
49600.04800076804 8.123372447157663e-09
49650.04800076804 2.6658671316692498e-08
49700.04800076804 3.552488544524206e-08
49750.04800076804 2.919889776435862e-08
49800.04800076804 1.5930248943821064e-08
49850.04800076804 4.033479136167583e-08
49900.04800076804 4.459377282913862e-08
49950.04800076804 3.885651863228839e-08
50000.04800076804 2.4993263121920555e-08
50050.04800076804 2.909902207604639e-08
50100.04800076804 2.495629826702236e-08
50150.04800076804 9.095281889092525e-09
50200.04800076804 1.3448894609345937e-09
50250.04800076804 8.606715739859929e-09
50300.04800076804 6.265607610326943e-09
50350.04800076804 2.7803720530863433e-08
50400.04800076804 3.5870789974656235e-08
50450.04800076804 2.6712001412475004e-08
50500.04800076804 4.144706556468695e-08
50550.04800076804 4.600818068661844e-08
50600.04800076804 2.852462388544326e-08
50650.04800076804 4.2491345296833995e-08
50700.04800076804 4.220793137559614e-08
50750.04800076804 2.339740533627813e-08
50800.04800076804 6.344515430271864e-09
50850.04800076804 2.6961220785494703e-09
50900.04800076804 2.2093697960718594e-08
50950.04800076804 2.6270178724782386e-08
51000.04800076804 1.732375382885579e-08
51050.04800076804 2.8973884525901788e-08
51100.04800076804 9.415352421814386e-09
51150.04800076804 8.910004205798766e-09
51200.04800076804 3.545456951491589e-08
51250.04800076804 2.5950749225351228e-08
51300.04800076804 1.7263060262387586e-08
51350.04800076804 1.4350178245592511e-08
51400.04800076804 3.509876607125667e-09
51450.04800076804 2.9813741269741762e-09
51500.04800076804 2.7056870675174225e-09
51550.04800076804 1.1939410438226185e-08
51600.04800076804 1.4642258318036886e-08
51650.04800076804 2.2198722930942476e-08
51700.04800076804 1.840689395687731e-08
51750.04800076804 1.220472653986789e-08
51800.04800076804 2.8752597815384534e-08
51850.04800076804 2.1989643292797197e-08
51900.04800076804 2.0889812758769117e-08
51950.04800076804 9.674805053917154e-09
52000.04800076804 8.619903723061505e-10
52050.04800076804 4.852535932903572e-09
52100.04800076804 2.5766063263432784e-09
52150.04800076804 1.3506036301329146e-09
52200.04800076804 5.833880670604191e-09
52250.04800076804 1.2043362434418104e-08
52300.04800076804 1.36098452218402e-08
52350.04800076804 2.8584960776566564e-09
52400.04800076804 3.4212045357151193e-09
52450.04800076804 1.648661247426e-08
52500.04800076804 1.2746161224119732e-08
52550.04800076804 1.7230055569280634e-08
52600.04800076804 1.4866033699063783e-08
52650.04800076804 1.7726515283184785e-08
52700.04800076804 9.807210812380572e-09
52750.04800076804 3.09888813853747e-09
52800.04800076804 6.18522578462541e-09
52850.04800076804 7.799522190694579e-09
52900.04800076804 2.2512846519919398e-09
52950.04800076804 4.445483196528074e-09
53000.04800076804 1.196350328546605e-08
53050.04800076804 3.709753621741888e-09
53100.04800076804 1.7977478975379753e-08
53150.04800076804 2.0267637753557518e-08
53200.04800076804 7.459442064616297e-09
53250.04800076804 1.6891631500681974e-08
53300.04800076804 1.6963199179551306e-08
53350.04800076804 1.5475034630408002e-08
53400.04800076804 8.396148751317679e-09
53450.04800076804 1.9281304947394318e-09
53500.04800076804 3.4514015463563896e-10
53550.04800076804 8.29871844735311e-10
53600.04800076804 4.607098579630445e-09
53650.04800076804 7.440714014299243e-09
53700.04800076804 6.159469234048119e-09
53750.04800076804 5.073107798188541e-09
53800.04800076804 4.7536918553729344e-09
53850.04800076804 1.0187182474097675e-08
53900.04800076804 1.5608979082497142e-08
53950.04800076804 1.2936094996714524e-08
54000.04800076804 8.89450117738403e-09
54050.04800076804 8.804902063428292e-09
54100.04800076804 1.5488311598941007e-09
54150.04800076804 1.9585427660491384e-09
54200.04800076804 2.8202367322185503e-10
54250.04800076804 8.23973233105264e-10
54300.04800076804 2.9606566536053616e-09
54350.04800076804 5.322988535220222e-09
54400.04800076804 3.748126771611515e-09
54450.04800076804 3.285445882322903e-09
54500.04800076804 4.096819409718688e-09
54550.04800076804 3.493196678374069e-09
54600.04800076804 2.3637731235256314e-09
54650.04800076804 1.8911458561251588e-10
54700.04800076804 2.418889489947083e-09
54750.04800076804 2.4983996983003518e-09
54800.04800076804 1.257671538676038e-09
54850.04800076804 2.4066884531303484e-09
54900.04800076804 4.650800337677717e-09
54950.04800076804 8.916993439146793e-09
55000.04800076804 3.1475641390766754e-09
55050.04800076804 3.4920680327102983e-09
55100.04800076804 5.941563822002783e-09
55150.04800076804 2.4882299595659655e-09
55200.04800076804 1.3881755215687736e-09
55250.04800076804 2.3822341528652346e-09
55300.04800076804 1.8662887769115695e-09
55350.04800076804 3.413441785039635e-09
55400.04800076804 3.326143619236025e-09
55450.04800076804 2.526235646765037e-09
55500.04800076804 9.156005126533104e-10
55550.04800076804 5.622788303327503e-10
55600.04800076804 1.5694552812814028e-09
55650.04800076804 1.451370903118636e-09
55700.04800076804 1.3190611675728064e-09
55750.04800076804 8.124644019916445e-10
55800.04800076804 2.902203689793533e-10
55850.04800076804 7.737230790718326e-10
55900.04800076804 2.342828847547519e-09
55950.04800076804 3.947050178555518e-09
56000.04800076804 1.4287381870337e-09
56050.04800076804 1.3897480312845714e-09
56100.04800076804 2.2741228222999523e-09
56150.04800076804 7.378021235440445e-10
56200.04800076804 1.3127002882663728e-09
56250.04800076804 3.296576072318299e-09
56300.04800076804 1.5775399355460156e-09
56350.04800076804 6.182375113018487e-10
56400.04800076804 1.4241971989960651e-10
56450.04800076804 1.504069450564379e-10
56500.04800076804 1.2746742201531137e-09
56550.04800076804 4.896180715596999e-10
56600.04800076804 1.928516746583284e-09
56650.04800076804 2.113053126437642e-09
56700.04800076804 1.2722314020023674e-09
56750.04800076804 4.3327744553519384e-10
56800.04800076804 7.208439266245607e-10
56850.04800076804 1.4490928146074757e-09
56900.04800076804 6.424324985952368e-10
56950.04800076804 1.8986304357937667e-09
57000.04800076804 2.6076011418743248e-09
57050.04800076804 1.2839324468357162e-09
57100.04800076804 2.399499155247075e-10
57150.04800076804 5.687740160223974e-10
57200.04800076804 3.2659466827629827e-10
57250.04800076804 6.293876120594297e-10
57300.04800076804 9.59539075879393e-10
57350.04800076804 4.785081507134611e-10
57400.04800076804 1.5332652200104266e-09
57450.04800076804 4.597668270829746e-10
57500.04800076804 4.103992111641345e-10
57550.04800076804 6.73467085172323e-10
57600.04800076804 4.602876768126349e-10
57650.04800076804 8.541501475573501e-11
57700.04800076804 3.034822572420459e-10
57750.04800076804 9.671490417348568e-10
57800.04800076804 3.4000104949260197e-10
57850.04800076804 2.224803503877603e-09
57900.04800076804 3.5513567800780736e-09
57950.04800076804 3.512305737108484e-09
58000.04800076804 7.346727499726171e-10
58050.04800076804 1.7773528381294126e-09
58100.04800076804 1.0737980996998393e-09
58150.04800076804 7.075403830940672e-10
58200.04800076804 7.450331123278273e-11
58250.04800076804 2.616655554453221e-10
58300.04800076804 2.5672279281557664e-10
58350.04800076804 3.999546558305763e-10
58400.04800076804 1.2925554978216148e-09
58450.04800076804 1.7813786390007437e-09
58500.04800076804 1.9630060817189203e-09
58550.04800076804 8.904406335413433e-10
58600.04800076804 2.365309342011944e-10
58650.04800076804 4.98680007395345e-10
58700.04800076804 7.143444505637641e-10
58750.04800076804 5.979585782212598e-10
58800.04800076804 1.942368905434205e-11
58850.04800076804 2.3517650786353607e-10
58900.04800076804 3.04627909250613e-10
58950.04800076804 1.3577477988692204e-10
59000.04800076804 4.582180448212311e-10
59050.04800076804 8.321509102388971e-10
59100.04800076804 5.376738663744189e-10
59150.04800076804 5.479609216431232e-10
59200.04800076804 1.185086549970074e-09
59250.04800076804 1.2154741343659816e-09
59300.04800076804 7.522703336967668e-10
59350.04800076804 4.028153395087825e-11
59400.04800076804 9.216452531497313e-11
59450.04800076804 9.098911707969869e-10
59500.04800076804 6.805423615774214e-10
59550.04800076804 1.1807751726484668e-09
59600.04800076804 1.3958350762816583e-09
59650.04800076804 4.379814317727484e-10
59700.04800076804 3.0496306976116925e-10
59750.04800076804 1.6798572424299751e-09
59800.04800076804 6.413369395566936e-10
59850.04800076804 6.382768417603784e-10
59900.04800076804 1.4008315740479976e-10
59950.04800076804 6.586677419802155e-10
60000.04800076804 1.889271136497846e-09
60050.04800076804 2.7490116868595353e-09
60100.04800076804 1.2054037627296786e-09
60150.04800076804 3.0488314254801217e-10
60200.04800076804 8.244587403542654e-10
60250.04800076804 2.3190387157948644e-09
60300.04800076804 2.1577608233621936e-09
60350.04800076804 1.257567545923275e-09
60400.04800076804 8.028795331834747e-10
60450.04800076804 8.492674896798417e-11
60500.04800076804 8.703334876283742e-12
60550.04800076804 4.708444252172784e-10
60600.04800076804 1.0185431353593325e-09
60650.04800076804 4.871243692187233e-10
60700.04800076804 2.710377737302581e-10
60750.04800076804 7.257203181095092e-11
60800.04800076804 9.44434884589368e-10
60850.04800076804 1.957826345927977e-09
60900.04800076804 1.636101527688385e-09
60950.04800076804 9.448293088128533e-10
61000.04800076804 1.7340275373290409e-09
61050.04800076804 3.461137947652991e-10
61100.04800076804 2.9617234215879825e-10
61150.04800076804 4.6449951664189134e-11
61200.04800076804 9.126965796334592e-10
61250.04800076804 1.3065256890620114e-09
61300.04800076804 6.805209978080687e-10
61350.04800076804 1.9058299532794516e-09
61400.04800076804 4.3528817526042576e-10
61450.04800076804 1.3114049073987179e-10
61500.04800076804 8.579195338677021e-11
61550.04800076804 5.269441824230023e-10
61600.04800076804 1.4368500608235356e-10
61650.04800076804 3.981695701893008e-10
61700.04800076804 8.678304179191449e-10
61750.04800076804 8.139527556347441e-10
61800.04800076804 4.769600148847692e-10
61850.04800076804 6.046417490017502e-11
61900.04800076804 1.104788744908969e-09
61950.04800076804 1.5068062242926073e-09
62000.04800076804 1.1861847202878188e-09
62050.04800076804 3.3680186066590005e-09
62100.04800076804 7.120153888912999e-10
62150.04800076804 2.1235531851312928e-09
62200.04800076804 1.992096378891267e-09
62250.04800076804 1.2479792891140015e-09
62300.04800076804 4.089322606058346e-09
62350.04800076804 3.81476774733044e-09
62400.04800076804 2.2950883254410416e-09
62450.04800076804 1.992809161470593e-09
62500.04800076804 4.575335265927636e-09
62550.04800076804 8.19304236461983e-09
62600.04800076804 3.051206924375254e-09
62650.04800076804 2.0001273049130216e-09
62700.04800076804 1.0884003186242901e-09
62750.04800076804 3.458025196079207e-09
62800.04800076804 1.935807526792443e-09
62850.04800076804 2.046148220496768e-09
62900.04800076804 3.802494808176227e-09
62950.04800076804 7.796274002746068e-09
63000.04800076804 2.2485097035715765e-09
63050.04800076804 1.1065397578064015e-08
63100.04800076804 1.0348051770302768e-08
63150.04800076804 7.698179520938813e-09
63200.04800076804 4.500333195057141e-09
63250.04800076804 4.906570142996253e-09
63300.04800076804 1.2658137596225533e-09
63350.04800076804 1.4663868303230515e-09
63400.04800076804 4.5085109267996e-10
63450.04800076804 1.1895590405610273e-10
63500.04800076804 1.5611670311430616e-09
63550.04800076804 2.848371061653513e-09
63600.04800076804 1.7588695973421883e-09
63650.04800076804 1.544775349678723e-09
63700.04800076804 1.855943358430206e-10
63750.04800076804 8.426677324543382e-10
63800.04800076804 2.8728203112586574e-09
63850.04800076804 2.287147003007365e-09
63900.04800076804 3.4608438087719457e-10
63950.04800076804 1.1373270824575592e-09
64000.04800076804 2.005802355710779e-09
64050.04800076804 4.4936975078718875e-10
64100.04800076804 6.571042027559747e-11
64150.04800076804 9.859891279951304e-11
64200.04800076804 1.2937517556466172e-10
64250.04800076804 9.841971080182286e-10
64300.04800076804 9.35822239044612e-10
64350.04800076804 5.165537210874794e-10
64400.04800076804 1.7775539768404487e-09
64450.04800076804 2.1687078339743544e-09
64500.04800076804 9.208173904100579e-10
64550.04800076804 1.971693490015972e-09
64600.04800076804 1.4202568881010218e-09
64650.04800076804 2.002126462549155e-09
64700.04800076804 4.2417089076326124e-10
64750.04800076804 8.04312256254561e-10
64800.04800076804 2.3469392463177787e-10
64850.04800076804 1.5141608622514456e-10
64900.04800076804 1.223988253468451e-10
64950.04800076804 6.565933743842786e-11
65000.04800076804 2.441008796198843e-10
65050.04800076804 1.0040772558634171e-09
65100.04800076804 1.3222210783769501e-09
65150.04800076804 6.469290208774917e-10
65200.04800076804 9.652429629014909e-11
65250.04800076804 5.461697232362933e-10
65300.04800076804 1.1956982050786554e-09
65350.04800076804 2.778872507491012e-09
65400.04800076804 9.829290637172256e-10
65450.04800076804 1.0155385834597628e-09
65500.04800076804 1.2190455447127664e-09
65550.04800076805 3.566649338327999e-10
65600.04800076805 1.0585965103752298e-09
65650.04800076805 4.785975804436744e-10
65700.04800076805 4.102573496771643e-10
65750.04800076805 2.93387601324431e-10
65800.04800076805 1.0163521193838733e-09
65850.04800076805 1.6522888928462817e-09
65900.04800076805 1.9703091139620468e-10
65950.04800076805 6.510011227176447e-10
66000.04800076805 8.586815903932164e-10
66050.04800076805 2.0882469336716755e-09
66100.04800076805 1.1772131787631373e-09
66150.04800076805 1.3132461733357807e-09
66200.04800076805 1.328262219954381e-09
66250.04800076805 4.596209207004191e-10
66300.04800076805 1.6455382814110567e-10
66350.04800076805 6.161213737034766e-11
66400.04800076805 1.4969115593926635e-10
66450.04800076805 9.58134428918393e-10
66500.04800076805 1.9236811526592724e-09
66550.04800076805 2.1515004349766746e-09
66600.04800076805 1.7538533730396146e-09
66650.04800076805 9.296888091766318e-10
66700.04800076805 4.6505666934263693e-10
66750.04800076805 8.386479729336885e-10
66800.04800076805 7.26492274473011e-10
66850.04800076805 4.605726081844359e-10
66900.04800076805 2.535210169682439e-09
66950.04800076805 2.011947897086316e-09
67000.04800076805 3.3885963843154377e-09
67050.04800076805 1.5246632607035176e-09
67100.04800076805 6.057508422400105e-10
67150.04800076805 1.292942955239319e-09
67200.04800076805 1.7178373986913508e-09
67250.04800076805 1.477491299871909e-09
67300.04800076805 3.4158033402353297e-09
67350.04800076805 1.0798500046767733e-09
67400.04800076805 3.135952086738367e-09
67450.04800076805 2.078123452865147e-09
67500.04800076805 1.768921477801467e-09
67550.04800076805 5.574195431875516e-09
67600.04800076805 8.165090111520276e-09
67650.04800076805 5.349710592437119e-09
67700.04800076805 2.687350694418678e-09
67750.04800076805 1.189622567506008e-09
67800.04800076805 1.9139009824515334e-09
67850.04800076805 6.634697516554559e-10
67900.04800076805 7.672391068087759e-10
67950.04800076805 6.882683204754031e-10
68000.04800076805 2.4603257896375576e-09
68050.04800076805 2.2331973579321774e-09
68100.04800076805 4.555362085146058e-09
68150.04800076805 4.226105728659933e-09
68200.04800076805 2.50841593269808e-09
68250.04800076805 3.75582994093373e-10
68300.04800076805 2.597742875577636e-09
68350.04800076805 5.0141739969643765e-09
68400.04800076805 5.851447385057623e-09
68450.04800076805 5.036247703778512e-09
68500.04800076805 2.1759089662725967e-09
68550.04800076805 5.754273013765715e-10
68600.04800076805 5.494343326493541e-10
68650.04800076805 2.4726895204267697e-10
68700.04800076805 1.0585492641647887e-09
68750.04800076805 2.4951552137072265e-09
68800.04800076805 2.7876688203588796e-09
68850.04800076805 1.4656069738196215e-09
68900.04800076805 5.625002895382858e-09
68950.04800076805 6.114139806934712e-09
69000.04800076805 3.2883225221820885e-09
69050.04800076805 1.2447084432315087e-09
69100.04800076805 4.187644856582206e-09
69150.04800076805 7.564843284464294e-09
69200.04800076805 7.246434146362986e-09
69250.04800076805 8.375202171103157e-09
69300.04800076805 5.513748388936056e-09
69350.04800076805 9.803719588624463e-09
69400.04800076805 3.739347010467359e-09
69450.04800076805 7.570897521019683e-09
69500.04800076805 3.720555318449518e-09
69550.04800076805 1.953317582239308e-09
69600.04800076805 3.458254706028121e-10
69650.04800076805 2.27624908334027e-09
69700.04800076805 4.9911280291558965e-09
69750.04800076805 2.844876109645363e-09
69800.04800076805 5.847203416552126e-09
69850.04800076805 5.613094424944275e-09
69900.04800076805 3.0251173452105837e-09
69950.04800076805 2.8412780404187526e-09
70000.04800076805 3.997303833728789e-09
70050.04800076805 8.488183149595721e-09
70100.04800076805 6.670941454913424e-09
70150.04800076805 4.820324112438031e-09
70200.04800076805 2.5350241231115035e-09
70250.04800076805 2.8926333750341365e-09
70300.04800076805 6.722313498153591e-09
70350.04800076805 5.573503578205531e-09
70400.04800076805 2.165708077067229e-09
70450.04800076805 1.4574252530933123e-10
70500.04800076805 2.091922230987509e-09
70550.04800076805 1.9143422324358964e-09
70600.04800076805 2.6302728357559254e-09
70650.04800076805 6.140675189668037e-09
70700.04800076805 8.194116710215415e-09
70750.04800076805 1.2378921626483164e-08
70800.04800076805 4.7230462571832135e-09
70850.04800076805 5.465454189583396e-09
70900.04800076805 6.8956428863920316e-09
70950.04800076805 9.906022439896857e-09
71000.04800076805 9.64503567879715e-09
71050.04800076805 9.746481940632041e-09
71100.04800076805 7.142387156547718e-09
71150.04800076805 2.9761396774843074e-09
71200.04800076805 3.508591162631468e-09
71250.04800076805 7.734843842622644e-09
71300.04800076805 1.0644897148357428e-08
71350.04800076805 9.81866625935998e-09
71400.04800076805 6.171804445077821e-09
71450.04800076805 1.592271846516064e-09
71500.04800076805 2.8030671541181222e-09
71550.04800076805 3.523326502039115e-09
71600.04800076805 4.209345811775497e-09
71650.04800076805 1.894653698292171e-09
71700.04800076805 1.2084994083922464e-09
71750.04800076805 4.248405463197631e-09
71800.04800076805 7.275390445136539e-09
71850.04800076805 7.451934404686061e-09
71900.04800076805 3.685415520352191e-09
71950.04800076805 6.135477726638589e-09
72000.04800076805 5.0291681338640055e-09
72050.04800076805 1.5965997702457922e-09
72100.04800076805 2.3701558528993904e-09
72150.04800076805 4.07744904050028e-09
72200.04800076805 5.7872561684538524e-09
72250.04800076805 1.0515686445261193e-08
72300.04800076805 4.867899093537107e-09
72350.04800076805 6.2480310456389275e-09
72400.04800076805 5.74517039916783e-09
72450.04800076805 4.273010378787114e-09
72500.04800076805 6.1816089584368045e-09
72550.04800076805 1.7163401876457397e-09
72600.04800076805 3.5596378807344516e-09
72650.04800076805 6.754843442995286e-09
72700.04800076805 2.75204004494729e-09
72750.04800076805 3.0045518246001323e-09
72800.04800076805 1.5795954398168072e-09
72850.04800076805 3.0342224883717715e-09
72900.04800076805 7.637308041950595e-09
72950.04800076805 3.573887995441789e-09
73000.04800076805 3.931041189124291e-09
73050.04800076805 1.3879276942507244e-09
73100.04800076805 2.4214197209067137e-09
73150.04800076805 6.5452878717856386e-09
73200.04800076805 2.1398918033382725e-09
73250.04800076805 2.6973124683366367e-09
73300.04800076805 1.6844401628577267e-09
73350.04800076805 1.0328954790901364e-09
73400.04800076805 2.6868528982505256e-09
73450.04800076805 1.4448021348364158e-09
73500.04800076805 1.0365221747879764e-09
73550.04800076805 2.3066772551498392e-09
73600.04800076805 2.8079051820674793e-09
73650.04800076805 2.252400267140354e-09
73700.04800076805 1.9857094439373935e-09
73750.04800076805 3.922376367812513e-10
73800.04800076805 1.8437175590370747e-09
73850.04800076805 3.338253882462177e-09
73900.04800076805 9.604137823872952e-10
73950.04800076805 1.4534646240115277e-09
74000.04800076805 4.017211671683913e-10
74050.04800076805 3.0037593830197052e-09
74100.04800076805 2.3046041641640487e-09
74150.04800076805 2.415842992056706e-09
74200.04800076805 6.566947415659906e-10
74250.04800076805 6.969222815013707e-11
74300.04800076805 2.271834855687527e-09
74350.04800076805 3.494990106011023e-09
74400.04800076805 2.9242571985869765e-09
74450.04800076805 6.848098511657853e-10
74500.04800076805 2.2858490549660355e-10
74550.04800076805 9.157859480850354e-10
74600.04800076805 1.8679779663333423e-09
74650.04800076805 2.1074852512708785e-09
74700.04800076805 1.270697505108597e-09
74750.04800076805 2.939455281004455e-10
74800.04800076805 5.466407733978175e-10
74850.04800076805 3.0832593538174805e-09
74900.04800076805 3.034731842219856e-09
74950.04800076805 2.441045806923159e-09
75000.04800076805 8.481312187259835e-10
75050.04800076805 2.716260326307437e-11
75100.04800076805 1.8865880131899565e-09
75150.04800076805 4.293977159909994e-09
75200.04800076805 4.1579498652562525e-09
75250.04800076805 3.0551141237232073e-09
75300.04800076805 1.4016696012720026e-09
75350.04800076805 2.0081965423936863e-10
75400.04800076805 2.8063929127930533e-09
75450.04800076805 4.8819338926641305e-09
75500.04800076805 4.374510752609587e-09
75550.04800076805 3.022626518464077e-09
75600.04800076805 2.7043877830685676e-09
75650.04800076805 1.112698857796828e-09
75700.04800076805 5.035059621046556e-09
75750.04800076805 3.579127265436031e-09
75800.04800076805 3.857161151727162e-09
75850.04800076805 4.218681217923222e-09
75900.04800076805 4.38868530401913e-09
75950.04800076805 1.6529781386195013e-09
76000.04800076805 6.547306192482472e-09
76050.04800076805 6.1144615512037125e-09
76100.04800076805 4.80166553879174e-09
76150.04800076805 5.3796963451248365e-09
76200.04800076805 3.6542202601078922e-09
76250.04800076805 1.0704369092697672e-09
76300.04800076805 5.402375647671737e-09
76350.04800076805 6.838639742616275e-09
76400.04800076805 5.403389191976819e-09
76450.04800076805 3.6212936310621903e-09
76500.04800076805 2.2468328317875842e-09
76550.04800076805 3.864693349587089e-10
76600.04800076805 4.599594787464875e-11
76650.04800076805 3.512455079368505e-11
76700.04800076805 9.377487092269961e-11
76750.04800076805 1.7255875476627795e-10
76800.04800076805 3.6550491694312786e-10
76850.04800076805 4.0864443860684047e-10
76900.04800076805 2.66420218467684e-10
76950.04800076805 6.722903265689066e-10
77000.04800076805 2.249730985705144e-09
77050.04800076805 1.1206110161811944e-10
77100.04800076805 3.29451558944558e-10
77150.04800076805 2.478434092385074e-09
77200.04800076805 8.493712665981942e-10
77250.04800076805 2.890220498169791e-10
77300.04800076805 1.96197433855157e-09
77350.04800076805 1.0949631861307624e-09
77400.04800076805 1.5775823952247721e-09
77450.04800076805 5.050900092850401e-09
77500.04800076805 2.972366547900291e-09
77550.04800076805 1.2443300751939182e-09
77600.04800076805 2.974237947437713e-10
77650.04800076805 5.309033086393107e-10
77700.04800076805 8.866839427675661e-10
77750.04800076805 2.979245092256083e-09
77800.04800076805 4.117921970339776e-09
77850.04800076805 5.330697747825144e-09
77900.04800076805 1.4415502180962184e-09
77950.04800076805 1.263956172591263e-10
78000.04800076805 1.384927442843752e-09
78050.04800076805 1.736900063600758e-09
78100.04800076805 3.3236216203022563e-09
78150.04800076805 5.1715578618011645e-09
78200.04800076805 6.796749903118542e-09
78250.04800076805 3.792622825267962e-09
78300.04800076805 5.770035490071813e-10
78350.04800076805 2.451872627119844e-09
78400.04800076805 7.916003076992381e-10
78450.04800076805 2.119648405919288e-09
78500.04800076805 5.77335177901952e-09
78550.04800076805 7.642222144153241e-09
78600.04800076805 4.751276417892127e-09
78650.04800076805 3.3931032096029116e-10
78700.04800076805 8.194309945278803e-10
78750.04800076805 2.483883870516021e-09
78800.04800076805 1.2228566874503694e-09
78850.04800076805 3.378130063056378e-10
78900.04800076805 1.8736502607131918e-09
78950.04800076805 4.414988059309867e-09
79000.04800076805 2.3936343814750506e-09
79050.04800076805 1.9260317270042536e-09
79100.04800076805 3.352709630460899e-09
79150.04800076805 1.6490358030261334e-09
79200.04800076805 2.3357743202160334e-09
79250.04800076805 8.453070822449668e-10
79300.04800076805 1.4750857252450154e-09
79350.04800076805 1.8898856711427876e-09
79400.04800076805 7.909996882017389e-10
79450.04800076805 4.93502393465644e-09
79500.04800076805 6.872863985154381e-09
79550.04800076805 5.510433679892953e-09
79600.04800076805 2.557234215437604e-09
79650.04800076805 5.0857014831472695e-09
79700.04800076805 2.6004889166806732e-09
79750.04800076805 2.355074318316815e-09
79800.04800076805 1.5685513636935517e-09
79850.04800076805 4.419452736903159e-09
79900.04800076805 8.753920594013126e-09
79950.04800076805 1.0218325377822186e-08
