# %ECSV 1.0
# ---
# datatype:
# - {name: wav, unit: Angstrom, datatype: float64}
# - {name: flux_nu, unit: erg / (cm2 Hz s), datatype: float64}
# schema: astropy-2.0
wav flux_nu
10000.000000000093 nan
10050.000000000093 2.2486660090734146e-07
10100.000000000093 2.595684781963027e-07
10150.000000000093 2.6743421503286535e-07
10200.000000000093 2.9251082851944804e-07
10250.000000000093 3.128374401168852e-07
10300.000000000093 3.320701352512434e-07
10350.000000000093 3.720016087946281e-07
10400.000000000093 4.023538585412434e-07
10450.000000000093 4.2485022129586327e-07
10500.000000000093 4.3363667895193483e-07
10550.000000000093 4.4435033743517407e-07
10600.000000000093 4.615832887026863e-07
10650.000000000093 4.808250381733239e-07
10700.000000000093 4.986910942294617e-07
10750.000000000093 5.142312751459514e-07
10800.000000000093 5.232698221534281e-07
10850.000000000093 5.267974203113228e-07
10900.000000000093 4.5741990624672567e-07
10950.000000000093 3.209143868390399e-07
11000.000000000093 2.440746399025814e-07
11050.000000000093 1.7430686887992818e-07
11100.000000000093 1.2499754076704788e-07
11150.000000000093 9.385207295624642e-08
11200.000000000093 1.0179465214486995e-07
11250.000000000093 1.3429742856612693e-07
11300.000000000093 1.3647962941744332e-07
11350.000000000093 7.402702901878153e-08
11400.000000000093 1.5703561586825338e-07
11450.000000000093 1.1824650112910572e-07
11500.000000000093 1.3464200165870348e-07
11550.000000000093 9.580742752972425e-08
11600.000000000093 9.681908798705236e-08
11650.000000000093 1.2511320312466463e-07
11700.000000000093 1.314087802263512e-07
11750.000000000093 1.0829365910854824e-07
11800.000000000093 1.6329999903674615e-07
11850.000000000093 2.0575651176491396e-07
11900.000000000093 2.45442276881208e-07
11950.000000000093 2.8289235290578434e-07
12000.000000000093 3.4167487682767763e-07
12050.000000000093 3.97182084834551e-07
12100.000000000093 4.419594502993224e-07
12150.000000000093 4.991336950072778e-07
12200.000000000093 5.471983972969035e-07
12250.000000000093 5.995973277376861e-07
12300.000000000093 6.527293487111284e-07
12350.000000000093 6.74440981452168e-07
12400.000000000093 7.209853799146544e-07
12450.000000000093 7.774474235984102e-07
12500.000000000093 8.163557457165599e-07
12550.000000000093 8.51655288308124e-07
12600.000000000093 8.512347162953476e-07
12650.000000000093 8.300341633207836e-07
12700.000000000093 8.311639085691775e-07
12750.000000000093 8.241045601882091e-07
12800.000000000093 8.245277650846696e-07
12850.000000000093 7.45539981844117e-07
12900.000000000093 7.004843152045017e-07
12950.000000000093 6.775871048829322e-07
13000.000000000093 6.642340715327143e-07
13050.000000000093 6.196412854868227e-07
13100.000000000093 6.007196118415051e-07
13150.000000000093 5.139886866081447e-07
13200.000000000093 4.753854140646588e-07
13250.000000000093 3.448904847621219e-07
13300.000000000093 2.0410146251910437e-07
13350.000000000093 7.164323995134395e-08
13400.000000000093 2.978670854261122e-08
13450.000000000093 2.010080924340115e-08
13500.000000000093 1.2138639091684301e-08
13550.000000000093 9.113257212753497e-09
13600.000000000093 7.085819961652952e-09
13650.000000000093 1.680160414369999e-08
13700.000000000093 1.3402567463830413e-08
13750.000000000093 1.9782876713715956e-08
13800.000000000093 2.4644825132876633e-08
13850.000000000093 1.5911284171924627e-08
13900.000000000093 1.5624167928313112e-08
13950.000000000093 1.5125295208615784e-08
14000.000000000093 1.5591918787714087e-08
14050.000000000093 1.9216646160369078e-08
14100.000000000093 1.4666916394411071e-08
14150.000000000093 2.0437340296632542e-08
14200.000000000093 1.6070583548116663e-08
14250.000000000093 1.73110856714984e-08
14300.000000000093 2.8034497946991435e-08
14350.000000000093 2.7126744405158053e-08
14400.000000000093 2.7803219685868095e-08
14450.000000000093 3.4386637657057985e-08
14500.000000000093 5.436028011563047e-08
14550.000000000093 5.3801440542713234e-08
14600.000000000093 7.970733781287354e-08
14650.000000000093 7.709400756416006e-08
14700.000000000093 6.083160340986708e-08
14750.000000000093 7.871866972356313e-08
14800.000000000093 9.256155728673548e-08
14850.000000000093 1.006340150734366e-07
14900.000000000093 1.0238912289287562e-07
14950.000000000093 1.205935772564179e-07
15000.000000000093 1.3758347263261935e-07
15050.000000000093 1.6110980683090518e-07
15100.000000000093 1.7429200318533586e-07
15150.000000000093 1.889972566456341e-07
15200.000000000093 2.0222709046346613e-07
15250.000000000093 2.4131855418965035e-07
15300.000000000093 2.6483753805614637e-07
15350.000000000093 3.0438618500494754e-07
15400.000000000093 3.3157196166399523e-07
15450.000000000093 3.581478298721195e-07
15500.000000000093 3.747395405277194e-07
15550.000000000093 4.1318890471965465e-07
15600.000000000093 4.3303705872211066e-07
15650.000000000093 4.4222464629373797e-07
15700.000000000093 4.765581100140403e-07
15750.000000000093 4.889093082473034e-07
15800.000000000093 4.897483696359375e-07
15850.000000000093 5.009189002913921e-07
15900.000000000093 4.845180980916243e-07
15950.000000000093 4.678738628987112e-07
16000.000000000093 4.29412209860319e-07
16050.000000000093 3.6832743568800783e-07
16100.000000000093 3.1882761883971537e-07
16150.000000000093 2.5934555532987076e-07
16200.000000000093 2.0769795062579484e-07
16250.000000000093 1.9960880001279791e-07
16300.000000000093 1.8018063778086866e-07
16350.000000000093 1.9275038726508587e-07
16400.000000000095 2.0932478652228549e-07
16450.000000000095 2.223369740020985e-07
16500.000000000095 2.39716566106432e-07
16550.000000000095 2.3500935219631367e-07
16600.000000000095 2.410514516005183e-07
16650.000000000095 1.7567073089662962e-07
16700.000000000095 1.1816976094087593e-07
16750.000000000095 1.5445231739219528e-07
16800.000000000095 1.955621073978191e-07
16850.000000000095 1.928015056345306e-07
16900.000000000095 1.7959443819433952e-07
16950.000000000095 1.666313298002363e-07
17000.000000000095 1.506218195760612e-07
17050.000000000095 1.8209132079513106e-07
17100.000000000095 1.960251724711711e-07
17150.000000000095 1.7693337558078518e-07
17200.000000000095 2.0613514485445405e-07
17250.000000000095 1.81827464762563e-07
17300.000000000095 1.660000732013329e-07
17350.000000000095 1.535941068513282e-07
17400.000000000095 1.4824345015680198e-07
17450.000000000095 1.4590377477765902e-07
17500.000000000095 1.5207963854911243e-07
17550.000000000095 1.309741178859941e-07
17600.000000000095 1.19431864850703e-07
17650.000000000095 1.1315287253987207e-07
17700.000000000095 9.00112715253071e-08
17750.000000000095 7.717383725387175e-08
17800.000000000095 8.57998936867168e-08
17850.000000000095 6.030145115971612e-08
17900.000000000095 7.06792445709556e-08
17950.000000000095 5.248829500180745e-08
18000.000000000095 5.7758472523496476e-08
18050.000000000095 4.7797684252170127e-08
18100.000000000095 4.901032384745483e-08
18150.000000000095 5.974145356996182e-08
18200.000000000095 3.931987605372135e-08
18250.000000000095 7.760188098136378e-08
18300.000000000095 4.5840028510163154e-08
18350.000000000095 4.400877467655896e-08
18400.000000000095 3.841979742071456e-08
18450.000000000095 5.0449056075155105e-08
18500.000000000095 5.07923028695613e-08
18550.000000000095 3.881865404497082e-08
18600.000000000095 3.558026125988377e-08
18650.000000000095 3.137558001474772e-08
18700.000000000095 2.8687503956112287e-08
18750.000000000095 4.070409366646909e-08
18800.000000000095 7.419896474391756e-08
18850.000000000095 8.036016597116289e-08
18900.000000000095 6.994257983804834e-08
18950.000000000095 1.1198317717286017e-07
19000.000000000095 7.355917861932086e-08
19050.000000000095 5.578709885736214e-08
19100.000000000095 9.218025385852996e-08
19150.000000000095 6.574448711307877e-08
19200.000000000095 8.212914737055124e-08
19250.000000000095 6.43298796901691e-08
19300.000000000095 5.966594443236704e-08
19350.000000000095 5.676253195315271e-08
19400.000000000095 3.735642955901514e-08
19450.000000000095 6.574981385671136e-08
19500.000000000095 6.517796378323621e-08
19550.000000000095 5.187895840556296e-08
19600.000000000095 6.457540947470303e-08
19650.000000000095 7.96093509886362e-08
19700.000000000095 7.856231731690753e-08
19750.000000000095 8.009446268087516e-08
19800.000000000095 9.211076038120183e-08
19850.000000000095 1.1644553733845466e-07
19900.000000000095 8.93375577590427e-08
19950.000000000095 1.3105459310913907e-07
20000.000000000095 1.2013574307315382e-07
20050.000000000095 1.385375839792491e-07
20100.000000000095 1.418019096285294e-07
20150.000000000095 1.4846911630632677e-07
20200.000000000095 1.6366402888931233e-07
20250.000000000095 1.8189086637198597e-07
20300.000000000095 1.7429002808977687e-07
20350.000000000095 1.9855565701614802e-07
20400.000000000095 1.947229945682984e-07
20450.000000000095 2.1620593706864324e-07
20500.000000000095 2.237614618073905e-07
20550.000000000095 2.2197483062143625e-07
20600.000000000095 2.403828474754017e-07
20650.000000000095 2.3669634153745846e-07
20700.000000000095 2.3902091179902074e-07
20750.000000000095 2.4564977439045276e-07
20800.000000000095 2.468055913320563e-07
20850.000000000095 2.47984579890735e-07
20900.000000000095 2.5290612703272066e-07
20950.000000000095 2.478117222000148e-07
21000.000000000095 2.481350565723859e-07
21050.000000000095 2.4332373123225195e-07
21100.000000000095 2.4076881822865486e-07
21150.000000000095 2.4155972238778105e-07
21200.000000000095 2.347238497029528e-07
21250.000000000095 2.3285822684445895e-07
21300.000000000095 2.2198442154300876e-07
21350.000000000095 2.203655660882681e-07
21400.000000000095 2.1373202470302176e-07
21450.000000000095 2.0386733060211661e-07
21500.000000000095 2.0176351337889328e-07
21550.000000000095 1.9571351059711153e-07
21600.000000000095 1.880054386310926e-07
21650.000000000095 1.78671338493193e-07
21700.000000000095 1.7973501564780274e-07
21750.000000000095 1.679039003886677e-07
21800.000000000095 1.5594224866343827e-07
21850.000000000095 1.4236930112279723e-07
21900.000000000095 1.3073112640535592e-07
21950.000000000095 9.690481787885102e-08
22000.000000000095 5.995682732151814e-08
22050.000000000095 4.941467836342484e-08
22100.000000000095 7.345947309754214e-08
22150.000000000095 8.024844914322882e-08
22200.000000000095 7.962794572483785e-08
22250.000000000095 7.549046684853824e-08
22300.000000000095 6.839508421780796e-08
22350.000000000095 6.509335160241902e-08
22400.000000000095 5.403612884172807e-08
22450.000000000095 4.917542192729988e-08
22500.000000000095 5.1667065879604864e-08
22550.000000000095 3.9982046871908176e-08
22600.000000000095 4.527211075571016e-08
22650.000000000095 4.837474172944495e-08
22700.000000000095 4.557371914292746e-08
22750.000000000095 4.635461500668553e-08
22800.000000000095 4.5017159935127815e-08
22850.000000000095 3.8962657563646556e-08
22900.000000000095 3.720312210445271e-08
22950.000000000095 3.627019574250758e-08
23000.000000000095 3.6451637224121676e-08
23050.000000000095 4.678217053398494e-08
23100.000000000095 6.880115631732753e-08
23150.000000000095 6.490383113874098e-08
23200.000000000095 2.6030686697275232e-08
23250.000000000095 3.15715949386575e-08
23300.000000000095 3.00296990789012e-08
23350.000000000095 2.6590950946335927e-08
23400.000000000095 3.111507191398259e-08
23450.000000000095 2.8837382821377323e-08
23500.000000000095 2.9558326692115555e-08
23550.000000000095 3.967665322085845e-08
23600.000000000095 4.568503610986017e-08
23650.000000000095 5.019305221430695e-08
23700.000000000095 2.8034873210066065e-08
23750.000000000095 2.7911895415023067e-08
23800.000000000095 3.66964238293397e-08
23850.000000000095 3.614688512382374e-08
23900.000000000095 5.2045881110188677e-08
23950.000000000095 4.9243904471243574e-08
24000.000000000095 6.418468924711641e-08
24050.000000000095 6.498241706526514e-08
24100.000000000095 5.5426483653792526e-08
24150.000000000095 6.4517107529004e-08
24200.000000000095 6.743611163878654e-08
24250.000000000095 6.076319799058959e-08
24300.000000000095 7.062880291898924e-08
24350.000000000095 5.871853207218881e-08
24400.000000000095 8.132208888103137e-08
24450.000000000095 6.737457525624351e-08
24500.000000000095 7.295688689370678e-08
24550.000000000095 7.394240293968492e-08
24600.000000000095 7.994021082838727e-08
24650.000000000095 9.127245893607333e-08
24700.000000000095 6.626732546012673e-08
24750.000000000095 6.407729980371851e-08
24800.000000000095 6.655899878492369e-08
24850.000000000095 9.342966681959111e-08
24900.000000000095 4.5211817140101274e-08
24950.000000000095 7.803975889306437e-08
25000.000000000095 7.179421457180194e-08
25050.000000000095 4.709236257395715e-08
25100.000000000095 6.632886249803036e-08
25150.000000000095 4.1225451623055375e-08
25200.000000000095 5.5778686037728494e-08
25250.000000000095 3.537729895614304e-08
25300.000000000095 4.881749303641537e-08
25350.000000000095 2.8662338418366246e-08
25400.000000000095 5.2257485754463187e-08
25450.000000000095 3.148327316063706e-08
25500.000000000095 3.089260777557274e-08
25550.000000000095 4.0901905216166796e-08
25600.000000000095 3.6405186200699574e-08
25650.000000000095 2.274125073084259e-08
25700.000000000095 4.398792841147236e-08
25750.000000000095 2.1789911146961192e-08
25800.000000000095 4.722502829022445e-08
25850.000000000095 2.2597023286779102e-08
25900.000000000095 3.469950149904729e-08
25950.000000000095 1.96108658329503e-08
26000.000000000095 4.482572095989251e-08
26050.000000000095 2.720614527601049e-08
26100.000000000095 5.1214586220018727e-08
26150.000000000095 3.971993825420636e-08
26200.000000000095 4.267051849791622e-08
26250.000000000095 6.869716510833547e-08
26300.000000000095 4.532420319680639e-08
26350.000000000095 7.773791283389608e-08
26400.000000000095 7.805723540946704e-08
26450.000000000095 7.52517793245732e-08
26500.000000000095 8.100443499445759e-08
26550.000000000095 4.88655738132182e-08
26600.000000000095 5.739951296210424e-08
26650.000000000095 2.84409099561898e-08
26700.000000000095 2.4107119377437488e-08
26750.000000000095 2.1130680312752933e-08
26800.000000000095 2.98420746415331e-08
26850.000000000095 1.7776019088182462e-08
26900.000000000095 3.846069217151149e-08
26950.000000000095 2.059666669996712e-08
27000.000000000095 4.833774241652006e-08
27050.000000000095 4.453303000993744e-08
27100.000000000095 3.008434028262599e-08
27150.000000000095 5.778634839343285e-08
27200.000000000095 3.266257574733721e-08
27250.000000000095 3.9952784783793366e-08
27300.000000000095 8.987053684236427e-08
27350.000000000095 6.467401184004527e-08
27400.000000000095 2.0264533226175353e-08
27450.000000000095 7.586904547759178e-08
27500.000000000095 8.551740173947478e-08
27550.000000000095 3.6987466553141084e-08
27600.000000000095 6.396818278726292e-08
27650.000000000095 3.193162752994412e-08
27700.000000000095 2.6696001309298336e-08
27750.000000000095 6.671952862132135e-08
27800.000000000095 3.483434979111928e-08
27850.000000000095 3.8123130963783586e-08
27900.000000000095 5.0808956765553375e-08
27950.000000000095 7.329213401027537e-08
28000.000000000095 5.842297097944487e-08
28050.000000000095 2.6262315355627555e-08
28100.000000000095 7.907349287865579e-08
28150.000000000095 5.3883480542592055e-08
28200.000000000095 2.7075311057305272e-08
28250.000000000095 8.113679638853689e-08
28300.000000000095 9.693215812566274e-08
28350.000000000095 3.082692477135357e-08
28400.000000000095 6.866725968594725e-08
28450.000000000095 8.713436466815277e-08
28500.000000000095 6.48769104489093e-08
28550.000000000095 2.9968408934152236e-08
28600.000000000095 9.291115417074786e-08
28650.000000000095 7.785100315528607e-08
28700.000000000095 6.588119003104096e-08
28750.000000000095 9.44885743843602e-08
28800.000000000095 8.878870978606324e-08
28850.000000000095 9.84871687703207e-08
28900.000000000095 5.1855205281179865e-08
28950.000000000095 1.1875576579993858e-07
29000.000000000095 8.816209148070319e-08
29050.000000000095 1.0052813550438628e-07
29100.000000000095 6.876707643111725e-08
29150.000000000095 1.4281097499460086e-07
29200.000000000095 8.667006255566676e-08
29250.000000000095 1.1783571860937953e-07
29300.000000000095 7.562764365113589e-08
29350.000000000095 2.1454806072992895e-07
29400.000000000095 1.1037116151079166e-07
29450.000000000095 1.1634437121126816e-07
29500.000000000095 1.340263352456245e-07
29550.000000000095 1.1705959144372746e-07
29600.000000000095 1.4977824241823796e-07
29650.000000000095 1.2853503567649713e-07
29700.000000000095 1.1410676813473136e-07
29750.000000000095 1.5027079574175348e-07
29800.000000000095 1.55849455507786e-07
29850.000000000095 1.6685015903296987e-07
29900.000000000095 1.7481797263807956e-07
29950.000000000095 1.6153648110397387e-07
30000.000000000095 1.2359497037685466e-07
30050.000000000095 1.1178228943118517e-07
30100.000000000095 1.406586432885755e-07
30150.000000000095 1.9505302287975126e-07
30200.000000000095 1.4321146516230024e-07
30250.000000000095 2.0816421081114697e-07
30300.000000000095 1.7971622170312157e-07
30350.000000000095 1.7080303427737729e-07
30400.000000000095 1.9508110035460533e-07
30450.000000000095 1.4491914140317194e-07
30500.000000000095 1.4906496131760912e-07
30550.000000000095 1.5077268724813957e-07
30600.000000000095 1.8176043987112978e-07
30650.000000000095 1.558960465592523e-07
30700.000000000095 1.3799569430506595e-07
30750.000000000095 1.3242299078826282e-07
30800.000000000095 1.2687069636778142e-07
30850.000000000095 1.1828364636472346e-07
30900.000000000095 1.215617301955774e-07
30950.000000000095 8.322806788512835e-08
31000.000000000095 9.683516365625069e-08
31050.000000000095 1.1135086463644777e-07
31100.000000000095 7.918273879706036e-08
31150.000000000095 8.839024541976629e-08
31200.000000000095 1.0315148602095739e-07
31250.000000000095 7.659768643397435e-08
31300.000000000095 7.56115016029239e-08
31350.000000000095 7.372556471928474e-08
31400.000000000095 5.501876556242917e-08
31450.000000000095 7.102687252675747e-08
31500.000000000095 5.306504441609468e-08
31550.000000000095 6.119265113347941e-08
31600.000000000095 4.7581559019768065e-08
31650.000000000095 4.479409705818285e-08
31700.000000000095 5.460196358959795e-08
31750.000000000095 3.707220638872054e-08
31800.000000000095 4.936161539530963e-08
31850.000000000095 3.7600123964175865e-08
31900.000000000095 4.483681992176895e-08
31950.000000000095 3.8256477155924014e-08
32000.000000000095 4.0888757456032965e-08
32050.000000000095 3.623446183868088e-08
32100.000000000095 3.269226089791452e-08
32150.000000000095 4.3438642500259036e-08
32200.000000000095 3.050579835982409e-08
32250.000000000095 4.784466113792935e-08
32300.000000000095 2.8154260194047918e-08
32350.000000000095 5.6093430108182164e-08
32400.000000000095 3.564460383771449e-08
32450.000000000095 5.27796471044899e-08
32500.000000000095 4.102021566319511e-08
32550.000000000095 4.925087653210105e-08
32600.000000000095 5.4442111627576515e-08
32650.000000000095 6.362162941729468e-08
32700.000000000095 5.859080252116114e-08
32750.000000000095 7.507156788120106e-08
32800.000000000095 6.958961970675262e-08
32850.000000000095 8.513474712872353e-08
32900.000000000095 9.051912774149307e-08
32950.000000000095 9.443930867789349e-08
33000.000000000095 8.06289642420322e-08
33050.000000000095 7.936176398813983e-08
33100.000000000095 4.618352341614888e-08
33150.000000000095 8.877215398303967e-09
33200.000000000095 1.0989311998050853e-08
33250.000000000095 7.973492590447966e-09
33300.000000000095 9.752615152124744e-09
33350.000000000095 1.7953911226002368e-08
33400.000000000095 2.6439891015740263e-08
33450.000000000095 3.2465755521479135e-08
33500.000000000095 4.839076664839056e-08
33550.000000000095 4.263138282599125e-08
33600.000000000095 6.362027363666379e-08
33650.000000000095 6.630264751425411e-08
33700.000000000095 5.402516937568697e-08
33750.000000000095 7.944042102263312e-08
33800.000000000095 4.575090716004116e-08
33850.000000000095 6.636114783750311e-08
33900.000000000095 5.9470419704895975e-08
33950.000000000095 6.626414536168789e-08
34000.000000000095 7.307199812484063e-08
34050.000000000095 3.524567261555049e-08
34100.000000000095 6.850286877213799e-08
34150.000000000095 4.514617410041154e-08
34200.000000000095 6.044118937398599e-08
34250.000000000095 5.6338821508505925e-08
34300.000000000095 4.402281882077815e-08
34350.000000000095 6.628713076812129e-08
34400.000000000095 4.607309871280852e-08
34450.000000000095 6.950888583938058e-08
34500.000000000095 5.954209323359084e-08
34550.000000000095 4.21282287407251e-08
34600.000000000095 7.569823149973271e-08
34650.000000000095 4.3014680757108736e-08
34700.000000000095 5.574329152421263e-08
34750.000000000095 5.943340803741183e-08
34800.000000000095 3.630803761780992e-08
34850.000000000095 6.713197065482474e-08
34900.000000000095 6.398332227855191e-08
34950.000000000095 6.185248544760559e-08
35000.000000000095 8.369228552729518e-08
35050.000000000095 5.791189162132335e-08
35100.000000000095 8.524149634371099e-08
35150.000000000095 7.532603631565332e-08
35200.000000000095 8.737444574293416e-08
35250.000000000095 1.1062110670226806e-07
35300.000000000095 6.328476716149546e-08
35350.000000000095 9.342516023030988e-08
35400.000000000095 9.407362394397809e-08
35450.000000000095 7.893335089024164e-08
35500.000000000095 1.2320503732412197e-07
35550.000000000095 1.0340875786050071e-07
35600.000000000095 1.1382337433020284e-07
35650.000000000095 1.2536475965717457e-07
35700.000000000095 8.545324536842554e-08
35750.000000000095 1.3503189549979018e-07
35800.000000000095 1.3102009479007045e-07
35850.000000000095 9.861813494239058e-08
35900.000000000095 1.4409404578374068e-07
35950.000000000095 1.4028664260837825e-07
36000.000000000095 1.2469114291411325e-07
36050.000000000095 1.5076602182126931e-07
36100.000000000095 1.318419822358501e-07
36150.000000000095 1.6299141835513007e-07
36200.000000000095 1.7094507877203159e-07
36250.000000000095 1.6291183390814209e-07
36300.000000000095 1.8826481283942633e-07
36350.000000000095 1.8459430313752785e-07
36400.000000000095 2.136483470520556e-07
36450.000000000095 2.0593756842885031e-07
36500.000000000095 2.0306163166941512e-07
36550.000000000095 2.413581517100172e-07
36600.000000000095 2.6538512523269347e-07
36650.000000000095 2.46834642715084e-07
36700.000000000095 2.561612199849941e-07
36750.000000000095 2.8326971112648026e-07
36800.000000000095 2.7963085758656217e-07
36850.000000000095 2.623939158125506e-07
36900.000000000095 2.67431672059222e-07
36950.000000000095 3.0743983372109443e-07
37000.000000000095 2.8531990357002886e-07
37050.000000000095 3.137696925393847e-07
37100.000000000095 3.005598365294435e-07
37150.000000000095 3.277073827267401e-07
37200.000000000095 3.503153764820946e-07
37250.000000000095 3.0528021982532227e-07
37300.000000000095 3.003725129559264e-07
37350.000000000095 3.546628255653822e-07
37400.000000000095 4.0175020585021944e-07
37450.000000000095 3.494034992860025e-07
37500.000000000095 3.329360646880964e-07
37550.000000000095 4.247252353674638e-07
37600.000000000095 4.523490723106519e-07
37650.000000000095 3.542589650843392e-07
37700.000000000095 4.2545132101682474e-07
37750.000000000095 3.4446381163971206e-07
37800.000000000095 4.0829293742398173e-07
37850.000000000095 3.283401916629168e-07
37900.000000000095 3.8902602565953005e-07
37950.000000000095 4.240786366239637e-07
38000.000000000095 4.6586955063715744e-07
38050.000000000095 4.2429727125579104e-07
38100.000000000095 4.706396594256631e-07
38150.000000000095 4.682970025250937e-07
38200.000000000095 4.799452376693972e-07
38250.000000000095 4.742939423908627e-07
38300.000000000095 5.503313911441748e-07
38350.000000000095 5.513979096240654e-07
38400.000000000095 4.364549349838214e-07
38450.000000000095 4.85215024908568e-07
38500.000000000095 4.363145052054916e-07
38550.000000000095 5.028849548545721e-07
38600.000000000095 5.053669431818676e-07
38650.000000000095 5.560800867960311e-07
38700.000000000095 5.729914608212687e-07
38750.000000000095 5.595842112315186e-07
38800.000000000095 5.15964931623863e-07
38850.000000000095 5.853115019284462e-07
38900.000000000095 5.996471492035961e-07
38950.000000000095 5.575200636994031e-07
39000.000000000095 6.14644829877116e-07
39050.000000000095 5.792505422375076e-07
39100.000000000095 5.698418871805471e-07
39150.000000000095 6.094007106794364e-07
39200.000000000095 5.837885043026758e-07
39250.000000000095 6.409799534447415e-07
39300.000000000095 6.24801773445233e-07
39350.000000000095 6.812738518466125e-07
39400.000000000095 6.56256683788314e-07
39450.000000000095 6.69575385979514e-07
39500.000000000095 6.566119017281807e-07
39550.000000000095 6.476150274661221e-07
39600.000000000095 6.583839600539212e-07
39650.000000000095 7.297049349411993e-07
39700.000000000095 6.822454292580694e-07
39750.000000000095 6.115606992972693e-07
39800.000000000095 6.611384406437974e-07
39850.000000000095 7.355726962041564e-07
39900.000000000095 7.34753121366039e-07
39950.000000000095 7.078892154527363e-07
40000.000000000095 7.451593146817839e-07
40050.000000000095 7.374205817670602e-07
40100.000000000095 6.53066030352583e-07
40150.000000000095 7.685486741714282e-07
40200.000000000095 7.718383288636611e-07
40250.000000000095 7.39716126127563e-07
40300.000000000095 7.643678047928228e-07
40350.000000000095 6.913643833534743e-07
40400.000000000095 7.733942609715462e-07
40450.000000000095 7.290528718456318e-07
40500.000000000095 7.407300222870547e-07
40550.000000000095 7.863977095088062e-07
40600.000000000095 7.44897100823707e-07
40650.000000000095 7.684827089252234e-07
40700.000000000095 8.713930413189914e-07
40750.000000000095 7.539987694423882e-07
40800.000000000095 6.960203730133322e-07
40850.000000000095 8.124995529536786e-07
40900.000000000095 8.132969890482166e-07
40950.000000000095 7.439474882289444e-07
41000.000000000095 7.681822503304967e-07
41050.000000000095 8.056503933263494e-07
41100.000000000095 7.360740237176426e-07
41150.000000000095 6.950391979150973e-07
41200.000000000095 8.157150078023251e-07
41250.000000000095 7.818144825869562e-07
41300.000000000095 6.785800588619916e-07
41350.000000000095 8.251952606120222e-07
41400.000000000095 7.618986106090968e-07
41450.000000000095 8.012390673842671e-07
41500.000000000095 7.370582083751856e-07
41550.000000000095 6.845868293211883e-07
41600.000000000095 7.46555233462408e-07
41650.000000000095 7.690228915768365e-07
41700.000000000095 7.021273117907476e-07
41750.000000000095 7.015134636216523e-07
41800.000000000095 8.28890662895444e-07
41850.000000000095 5.703760980865689e-07
41900.000000000095 6.65367901440747e-07
41950.000000000095 7.657100838177007e-07
42000.000000000095 7.743348047318515e-07
42050.000000000095 6.629997307873678e-07
42100.000000000095 8.05871575271567e-07
42150.000000000095 5.9729116432838e-07
42200.000000000095 6.3326043757259e-07
42250.000000000095 6.723414544282786e-07
42300.000000000095 6.576843409731025e-07
42350.000000000095 7.071625926316074e-07
42400.000000000095 7.082662883621842e-07
42450.000000000095 6.057001250157532e-07
42500.000000000095 6.104665882996177e-07
42550.000000000095 5.853134443023596e-07
42600.000000000095 6.742251072333787e-07
42650.000000000095 7.87588017671645e-07
42700.000000000095 6.273192845532549e-07
42750.000000000095 5.562070536688616e-07
42800.000000000095 6.005258306123065e-07
42850.000000000095 6.682151479558458e-07
42900.000000000095 6.970175660940215e-07
42950.000000000095 5.465070110744664e-07
43000.000000000095 6.8022988471312e-07
43050.000000000095 4.2700512434067777e-07
43100.000000000095 6.012741106147142e-07
43150.000000000095 5.939398693273006e-07
43200.000000000095 6.017836081239956e-07
43250.000000000095 7.357123728942872e-07
43300.000000000095 7.27467783309564e-07
43350.000000000095 4.884534794071136e-07
43400.000000000095 6.220889602109942e-07
43450.000000000095 5.149175829470548e-07
43500.000000000095 5.552320200769199e-07
43550.000000000095 5.331668176062325e-07
43600.000000000095 6.3770132524016e-07
43650.000000000095 4.222913082723369e-07
43700.000000000095 6.486052320581209e-07
43750.000000000095 6.338672736891906e-07
43800.000000000095 5.300692452071457e-07
43850.000000000095 5.168178410963469e-07
43900.000000000095 5.019305733551292e-07
43950.000000000095 4.365785673546454e-07
44000.000000000095 3.258260655079616e-07
44050.000000000095 4.6197721004048675e-07
44100.000000000095 5.105929609298941e-07
44150.000000000095 4.975095464914611e-07
44200.000000000095 4.4176418535627005e-07
44250.000000000095 3.728016030721693e-07
44300.000000000095 3.4950937198728144e-07
44350.000000000095 3.287950105597873e-07
44400.000000000095 3.337974511573155e-07
44450.000000000095 3.5817052815048286e-07
44500.000000000095 3.06192461284602e-07
44550.000000000095 3.4026013751091235e-07
44600.000000000095 2.8058885171491716e-07
44650.000000000095 3.2265257151381755e-07
44700.000000000095 2.928207922752423e-07
44750.000000000095 3.097793535795679e-07
44800.000000000095 2.839408132582054e-07
44850.000000000095 2.849793589407906e-07
44900.000000000095 2.38967585184845e-07
44950.000000000095 2.3351225078680974e-07
45000.000000000095 2.4883791963631616e-07
45050.000000000095 2.573796876690626e-07
45100.000000000095 2.541002874556999e-07
45150.000000000095 2.2639252733091074e-07
45200.000000000095 1.7710324256908935e-07
45250.000000000095 1.9543626915478365e-07
45300.000000000095 2.283597995913983e-07
45350.000000000095 2.2191253718923825e-07
45400.000000000095 1.9460416176799203e-07
45450.000000000095 1.8835625024572762e-07
45500.000000000095 2.0434702190790594e-07
45550.000000000095 2.3218171327002505e-07
45600.000000000095 1.8895394967315356e-07
45650.000000000095 1.7971602773134652e-07
45700.000000000095 2.2142851572871727e-07
45750.000000000095 1.890649046375207e-07
45800.000000000095 1.7256080177121143e-07
45850.000000000095 2.491228372541088e-07
45900.000000000095 2.4460460205635207e-07
45950.000000000095 1.7872819441908697e-07
46000.000000000095 2.4041083312660874e-07
46050.000000000095 2.5067565691564196e-07
46100.000000000095 1.8228279624126303e-07
46150.000000000095 2.3017493609654006e-07
46200.000000000095 2.2580543643638849e-07
46250.000000000095 1.4852081095101395e-07
46300.000000000095 2.707712981748076e-07
46350.000000000095 2.0427064748909732e-07
46400.000000000095 2.3731702700340666e-07
46450.000000000095 2.927712660255759e-07
46500.000000000095 2.2678301010976833e-07
46550.000000000095 2.854014052186053e-07
46600.000000000095 2.6894677426275675e-07
46650.000000000095 4.3218965478405824e-07
46700.000000000095 3.3974306333459876e-07
46750.000000000095 2.467522266076076e-07
46800.000000000095 2.0910426339433952e-07
46850.000000000095 3.097901320876825e-07
46900.000000000095 2.6918348135089775e-07
46950.000000000095 3.584033377200678e-07
47000.000000000095 2.159758645999032e-07
47050.000000000095 3.5036934574769444e-07
47100.000000000095 1.8402829235738254e-07
47150.000000000095 2.537957387393567e-07
47200.000000000095 2.8610848110346127e-07
47250.000000000095 2.1122767201551928e-07
47300.000000000095 2.2970135595894605e-07
47350.000000000095 1.9578720534432766e-07
47400.000000000095 3.2038590653794464e-07
47450.000000000095 1.963281880921053e-07
47500.000000000095 3.327364170969402e-07
47550.000000000095 2.0119373525391005e-07
47600.000000000095 3.081585408223551e-07
47650.000000000095 1.9479875175914422e-07
47700.000000000095 2.9135773457804744e-07
47750.000000000095 1.7026759429588238e-07
47800.000000000095 2.634850833605159e-07
47850.000000000095 1.4778307874802113e-07
47900.000000000095 2.3835006071226764e-07
47950.000000000095 2.0817484212298673e-07
48000.000000000095 3.3637955795175574e-07
48050.000000000095 2.2945108545633063e-07
48100.000000000095 2.7245082218188555e-07
48150.000000000095 2.1307910178621092e-07
48200.000000000095 2.9811593292567036e-07
48250.000000000095 2.2227442933461067e-07
48300.000000000095 3.7151006103217977e-07
48350.000000000095 2.1200285647155624e-07
48400.000000000095 2.3192694885778935e-07
48450.000000000095 1.9991811470034883e-07
48500.000000000095 3.5122773179434086e-07
48550.000000000095 1.9938079609621924e-07
48600.000000000095 3.322007032856277e-07
48650.000000000095 2.0641779219382507e-07
48700.000000000095 3.5698760664854493e-07
48750.000000000095 2.090758229931142e-07
48800.000000000095 3.5152490602221653e-07
48850.000000000095 2.29544683583442e-07
48900.000000000095 3.449685226870885e-07
48950.000000000095 2.9201884646062254e-07
49000.000000000095 2.4850829150040805e-07
49050.000000000095 3.325134317052925e-07
49100.000000000095 2.54096657295089e-07
49150.000000000095 3.566482853949651e-07
49200.000000000095 2.6768255933941673e-07
49250.000000000095 3.537047037113547e-07
49300.000000000095 2.749466523889509e-07
49350.000000000095 2.7220806196973375e-07
49400.000000000095 3.1748276274162194e-07
49450.000000000095 3.086199290814329e-07
49500.000000000095 2.797722426854739e-07
49550.000000000095 1.6646253971413151e-07
49600.000000000095 2.776631059415239e-07
49650.000000000095 2.758411243986727e-07
49700.000000000095 2.728469996310034e-07
49750.000000000095 3.886153475047031e-07
49800.000000000095 2.5800875341450414e-07
49850.000000000095 4.137297294494993e-07
49900.000000000095 3.4199701894585686e-07
49950.000000000095 3.353034565233451e-07
50000.000000000095 3.7428884945906084e-07
50050.000000000095 3.5473496857375764e-07
50100.000000000095 3.9978239911688156e-07
50150.000000000095 2.4417768229144383e-07
50200.000000000095 1.648374306280339e-07
50250.000000000095 3.479614584529883e-07
50300.000000000095 2.6632443408682713e-07
50350.000000000095 3.9978675642878607e-07
50400.000000000095 3.222872388132375e-07
50450.000000000095 3.0232882263058013e-07
50500.000000000095 4.1606211846707894e-07
50550.000000000095 3.54696699599973e-07
50600.000000000095 3.261927710667037e-07
50650.000000000095 3.4098339293381576e-07
50700.000000000095 4.83973734846081e-07
50750.000000000095 3.9538042650334964e-07
50800.000000000095 2.3581447747285702e-07
50850.000000000095 2.325920622681178e-07
50900.000000000095 4.1942980015174686e-07
50950.000000000095 4.0407490142901534e-07
51000.000000000095 3.9905252760078313e-07
51050.000000000095 3.663693989980623e-07
51100.000000000095 2.3369929773998595e-07
51150.000000000095 2.9238022891437996e-07
51200.000000000095 4.513094458123835e-07
51250.000000000095 3.6094605480234163e-07
51300.000000000095 2.7754636861529707e-07
51350.000000000095 3.333968439460643e-07
51400.000000000095 2.3289650618344783e-07
51450.000000000095 2.086741044098687e-07
51500.000000000095 1.91927779055097e-07
51550.000000000095 3.4985271481115186e-07
51600.000000000095 2.607835845006354e-07
51650.000000000095 3.120696593362886e-07
51700.000000000095 3.399375004209943e-07
51750.000000000095 2.3966598423576015e-07
51800.000000000095 4.0940831055243724e-07
51850.000000000095 3.44116982179424e-07
51900.000000000095 4.513759040015139e-07
51950.000000000095 3.5359063073767357e-07
52000.000000000095 1.4603311268664303e-07
52050.000000000095 2.5859846642371806e-07
52100.000000000095 2.2646956536303215e-07
52150.000000000095 1.8752317316298901e-07
52200.000000000095 2.0847677129892723e-07
52250.000000000095 2.6881026887817586e-07
52300.000000000095 4.3434009008838394e-07
52350.000000000095 2.723458347975046e-07
52400.000000000095 2.271581886785079e-07
52450.000000000095 3.529965889338533e-07
52500.000000000095 3.3000317811834914e-07
52550.000000000095 3.34892522785075e-07
52600.000000000095 2.9157406065732713e-07
52650.000000000095 3.0281816133489444e-07
52700.000000000095 2.47573531690692e-07
52750.000000000095 2.024772781366016e-07
52800.000000000095 2.2381634298695304e-07
52850.000000000095 2.550786044485566e-07
52900.000000000095 2.1508103229215416e-07
52950.000000000095 2.3641065161915095e-07
53000.000000000095 3.6120979261427393e-07
53050.000000000095 1.7375648076804705e-07
53100.000000000095 3.423535363433101e-07
53150.000000000095 4.068255170270365e-07
53200.000000000095 1.9867204278679047e-07
53250.000000000095 3.5501552714939256e-07
53300.000000000095 3.882218778734199e-07
53350.000000000095 3.7265673775413167e-07
53400.000000000095 3.651430563610258e-07
53450.000000000095 1.8643204263405848e-07
53500.000000000095 1.2384284608403528e-07
53550.000000000095 1.8403061954022476e-07
53600.000000000095 2.7241771845810086e-07
53650.000000000095 2.1819630626541494e-07
53700.000000000095 2.0859485906770045e-07
53750.000000000095 2.0496837929802268e-07
53800.000000000095 2.1263465522342153e-07
53850.000000000095 2.8002250095756816e-07
53900.000000000095 2.7642206208466984e-07
53950.000000000095 3.579761295492414e-07
54000.000000000095 2.512360446262212e-07
54050.000000000095 2.4807612592032343e-07
54100.000000000095 1.3255863879577242e-07
54150.000000000095 1.8904640829724973e-07
54200.000000000095 1.0455123951467515e-07
54250.000000000095 1.301631004587247e-07
54300.000000000095 1.9293150012074808e-07
54350.000000000095 2.5424645000464426e-07
54400.000000000095 2.5592535390508935e-07
54450.000000000095 2.3236186521789874e-07
54500.000000000095 2.0322951700305426e-07
54550.000000000095 1.713017007666738e-07
54600.000000000095 2.130208852929601e-07
54650.000000000095 1.276311502231279e-07
54700.000000000095 2.545718007929983e-07
54750.000000000095 2.3511799755725063e-07
54800.000000000095 1.7016688386883512e-07
54850.000000000095 1.996303908558135e-07
54900.000000000095 2.681271117719536e-07
54950.000000000095 3.3679368308267037e-07
55000.000000000095 1.6852321052183397e-07
55050.000000000095 2.2681786916881596e-07
55100.000000000095 2.2194547576488602e-07
55150.000000000095 1.853843219174144e-07
55200.000000000095 1.813432561616137e-07
55250.000000000095 1.9598873496878576e-07
55300.000000000095 1.4724845207141927e-07
55350.000000000095 2.2990956066698338e-07
55400.000000000095 2.7666907108777434e-07
55450.000000000095 2.0187625302427834e-07
55500.000000000095 1.165061455462683e-07
55550.000000000095 1.5887091170300827e-07
55600.000000000095 1.595539947744366e-07
55650.000000000095 1.3245113652094428e-07
55700.000000000095 1.6568107048884553e-07
55750.000000000095 1.8626511274044655e-07
55800.000000000095 1.3934025820430166e-07
55850.000000000095 1.2554536147085346e-07
55900.000000000095 2.188068940114378e-07
55950.000000000095 2.822669876772463e-07
56000.000000000095 1.431851910620932e-07
56050.000000000095 1.887658418433226e-07
56100.000000000095 2.151739026604168e-07
56150.000000000095 1.596338797182288e-07
56200.000000000095 1.794702385085637e-07
56250.000000000095 2.022528548418678e-07
56300.000000000095 2.015395630581647e-07
56350.000000000095 2.0620565392575545e-07
56400.000000000095 1.3621453347438986e-07
56450.000000000095 1.238091798543867e-07
56500.000000000095 1.7375428341125877e-07
56550.000000000095 1.0942432465290999e-07
56600.000000000095 2.1332702933913864e-07
56650.000000000095 1.9967166262853906e-07
56700.000000000095 2.2797593257785627e-07
56750.000000000095 1.2587964050440815e-07
56800.000000000095 2.0734817052988006e-07
56850.000000000095 1.7154526171742982e-07
56900.000000000095 1.4395810992849875e-07
56950.000000000095 2.1991630268897962e-07
57000.000000000095 2.467316906488733e-07
57050.000000000095 1.6151992835609015e-07
57100.000000000095 9.034018241747023e-08
57150.000000000095 1.3571392819641188e-07
57200.000000000095 1.0744206259809678e-07
57250.000000000095 1.5007654189467726e-07
57300.000000000095 1.872291740904339e-07
57350.000000000095 1.1984683730561655e-07
57400.000000000095 2.0137306396475354e-07
57450.000000000095 1.7488236749208146e-07
57500.000000000095 1.5994516626532827e-07
57550.000000000095 2.011798504795764e-07
57600.000000000095 2.0885130299088718e-07
57650.000000000095 9.362201503655686e-08
57700.000000000095 1.16803742603465e-07
57750.000000000095 1.4424219847113638e-07
57800.000000000095 6.65794658633752e-08
57850.000000000095 2.4844389313253335e-07
57900.000000000095 2.884585324483309e-07
57950.000000000095 2.624057790651836e-07
58000.000000000095 1.5152930653956224e-07
58050.000000000095 1.8916734354301124e-07
58100.000000000095 2.2862231009755107e-07
58150.000000000095 1.806617345837977e-07
58200.000000000095 9.884013433938785e-08
58250.000000000095 1.3046704973458185e-07
58300.000000000095 1.0855942740976079e-07
58350.000000000095 1.2925545373291128e-07
58400.000000000095 1.7336698590185466e-07
58450.000000000095 1.9069110698343144e-07
58500.000000000095 1.7507638356616062e-07
58550.000000000095 2.0178749034864433e-07
58600.000000000095 1.2248415932879854e-07
58650.000000000095 1.4708817748366458e-07
58700.000000000095 1.535354761762372e-07
58750.000000000095 1.7550349176682905e-07
58800.000000000095 8.613374146803128e-08
58850.000000000095 1.419455316932764e-07
58900.000000000095 1.7908481508092077e-07
58950.000000000095 1.131525018850921e-07
59000.000000000095 1.797048666281454e-07
59050.000000000095 1.9935859047836895e-07
59100.000000000095 2.3240943545959138e-07
59150.000000000095 1.7425647575014852e-07
59200.000000000095 1.7546135154470012e-07
59250.000000000095 1.8777146089309698e-07
59300.000000000095 1.838121605153132e-07
59350.000000000095 9.653650991028757e-08
59400.000000000095 7.967867303490944e-08
59450.000000000095 1.6335267607010453e-07
59500.000000000095 1.0436112208795903e-07
59550.000000000095 1.97749289839178e-07
59600.000000000095 2.1838614673522675e-07
59650.000000000095 1.7073042962000365e-07
59700.000000000095 1.2033115042100535e-07
59750.000000000095 2.5440228053531986e-07
59800.000000000095 1.572721705761972e-07
59850.000000000095 2.0733377992117976e-07
59900.000000000095 1.0806605768297003e-07
59950.000000000095 1.7503380093570474e-07
60000.000000000095 2.9070205733025203e-07
60050.000000000095 2.452121854777718e-07
60100.000000000095 2.395733414461672e-07
60150.000000000095 1.6701438195563257e-07
60200.000000000095 1.9724853035370723e-07
60250.000000000095 2.420008941199992e-07
60300.000000000095 2.2318137582260783e-07
60350.000000000095 1.5642612002229884e-07
60400.000000000095 2.0346052497644488e-07
60450.000000000095 1.0895118554835913e-07
60500.000000000095 7.397434906929862e-08
60550.000000000095 2.018792287517576e-07
60600.000000000095 1.9656776441634992e-07
60650.000000000095 1.672743868889705e-07
60700.000000000095 1.4771641514974557e-07
60750.000000000095 1.1453130049049745e-07
60800.000000000095 2.027542243203877e-07
60850.000000000095 2.962503853683497e-07
60900.000000000095 2.6065922176771973e-07
60950.000000000095 2.3556599246266348e-07
61000.000000000095 2.0048100318848862e-07
61050.000000000095 1.3981493354244562e-07
61100.000000000095 1.8419525521664306e-07
61150.000000000095 8.53746057934901e-08
61200.000000000095 2.427789141795606e-07
61250.000000000095 2.7114029597293904e-07
61300.000000000095 2.3322056784920904e-07
61350.000000000095 2.987110198654688e-07
61400.000000000095 1.9579395842892745e-07
61450.000000000095 1.3039409357456155e-07
61500.000000000095 1.4554586655811714e-07
61550.000000000095 1.6216257981482563e-07
61600.000000000095 1.1749150455970356e-07
61650.000000000095 1.7044177789161036e-07
61700.000000000095 1.5014365573051268e-07
61750.000000000095 1.7808951851371892e-07
61800.000000000095 2.046442562703231e-07
61850.000000000095 1.295711203270894e-07
61900.000000000095 2.591003850524519e-07
61950.000000000095 2.5595697016671254e-07
62000.000000000095 2.404278783602741e-07
62050.000000000095 2.3326166112658127e-07
62100.000000000095 2.3899150285155567e-07
62150.000000000095 2.398196491987482e-07
62200.000000000095 2.1659175350564377e-07
62250.000000000095 2.1765052664687255e-07
62300.000000000095 2.978477394096452e-07
62350.000000000095 2.572738994744406e-07
62400.000000000095 1.5901371908297366e-07
62450.000000000095 2.0776576127039628e-07
62500.000000000095 2.7968847424765534e-07
62550.000000000095 2.745644004757783e-07
62600.000000000095 2.885848802522698e-07
62650.000000000095 2.3461074286041138e-07
62700.000000000095 2.400864747246068e-07
62750.000000000095 3.005930195179247e-07
62800.000000000095 2.0136791139939615e-07
62850.000000000095 2.6432947419829717e-07
62900.000000000095 2.215090413033301e-07
62950.000000000095 2.9971144798991664e-07
63000.000000000095 2.532234932077254e-07
63050.000000000095 3.3231853217019626e-07
63100.000000000095 3.1453043837580237e-07
63150.000000000095 2.2221679739949064e-07
63200.000000000095 2.7233053398838367e-07
63250.000000000095 2.6899248869479746e-07
63300.000000000095 2.826034064092181e-07
63350.000000000095 2.6224570906607705e-07
63400.000000000095 1.646379809703331e-07
63450.000000000095 1.3043579838444335e-07
63500.000000000095 2.4475848880866733e-07
63550.000000000095 2.4546995260350136e-07
63600.000000000095 2.750171219393931e-07
63650.000000000095 2.1224435882825603e-07
63700.000000000095 1.4211200791682303e-07
63750.000000000095 1.9453811722626568e-07
63800.000000000095 2.329593109886023e-07
63850.000000000095 2.1886081687074914e-07
63900.000000000095 1.5701352459199329e-07
63950.000000000095 2.2395210162757263e-07
64000.000000000095 2.497847127095281e-07
64050.000000000095 1.8225135845363592e-07
64100.000000000095 7.596415926022592e-08
64150.000000000095 1.0431047192413711e-07
64200.000000000095 1.181283664544246e-07
64250.000000000095 1.8043783352948164e-07
64300.000000000095 1.4704771347920174e-07
64350.000000000095 1.2540891063894117e-07
64400.000000000095 2.009081520871194e-07
64450.000000000095 2.0737758840519645e-07
64500.000000000095 1.206580241638701e-07
64550.000000000095 1.8181077568914295e-07
64600.000000000095 1.2442900539353145e-07
64650.000000000095 1.8577050216286363e-07
64700.000000000095 1.000680510085395e-07
64750.000000000095 1.198204555122567e-07
64800.000000000095 1.1604207556938428e-07
64850.000000000095 1.0605727324687082e-07
64900.000000000095 1.203938405100862e-07
64950.000000000095 1.1111027176522989e-07
65000.000000000095 1.3474313032483147e-07
65050.000000000095 1.4060642954296729e-07
65100.000000000095 1.7196119592972195e-07
65150.000000000095 1.2944988627533814e-07
65200.000000000095 1.0720161230575099e-07
65250.000000000095 1.5912958271989467e-07
65300.000000000095 1.454088800674017e-07
65350.000000000095 2.4284506181648916e-07
65400.000000000095 1.332484349806966e-07
65450.000000000095 1.3671838082376384e-07
65500.000000000095 1.567112787389703e-07
65550.00000000009 1.0957511835132922e-07
65600.00000000009 1.3805729970842588e-07
65650.00000000009 1.4039660493889378e-07
65700.00000000009 1.2950004205360557e-07
65750.00000000009 1.064317764152584e-07
65800.00000000009 1.4847160513457694e-07
65850.00000000009 1.7790760265942097e-07
65900.00000000009 1.0558330791181734e-07
65950.00000000009 9.253848629828025e-08
66000.00000000009 1.268734901957043e-07
66050.00000000009 2.1323441126121982e-07
66100.00000000009 1.383540309165378e-07
66150.00000000009 1.1146198561198985e-07
66200.00000000009 1.0840376879641218e-07
66250.00000000009 1.0313755153006764e-07
66300.00000000009 5.8130319811842954e-08
66350.00000000009 7.984463363932896e-08
66400.00000000009 1.0484376746824006e-07
66450.00000000009 1.652002801812885e-07
66500.00000000009 2.1838624272196108e-07
66550.00000000009 1.968416541036652e-07
66600.00000000009 1.567772868006655e-07
66650.00000000009 1.5034638533010995e-07
66700.00000000009 1.3502266526486202e-07
66750.00000000009 1.2780515427825136e-07
66800.00000000009 1.578134964150752e-07
66850.00000000009 1.1170551210982899e-07
66900.00000000009 1.7462626607435954e-07
66950.00000000009 2.2183103738443292e-07
67000.00000000009 2.2537983446706927e-07
67050.00000000009 1.463108351380128e-07
67100.00000000009 1.259714395359978e-07
67150.00000000009 1.298844241526828e-07
67200.00000000009 1.5012670199766236e-07
67250.00000000009 1.4622781663468787e-07
67300.00000000009 1.6640138911906937e-07
67350.00000000009 1.1721159862429621e-07
67400.00000000009 2.088063069496127e-07
67450.00000000009 1.5833999087180465e-07
67500.00000000009 1.475885351061659e-07
67550.00000000009 1.7513327620997926e-07
67600.00000000009 2.732752944234467e-07
67650.00000000009 2.04144107169362e-07
67700.00000000009 1.6386809042841233e-07
67750.00000000009 1.43803218519838e-07
67800.00000000009 1.8133135853599263e-07
67850.00000000009 1.1926144114089658e-07
67900.00000000009 1.4565526389063364e-07
67950.00000000009 1.1061103281256414e-07
68000.00000000009 1.4844780530567102e-07
68050.00000000009 1.907195667767681e-07
68100.00000000009 2.0398401831134138e-07
68150.00000000009 1.6704420447898953e-07
68200.00000000009 1.7483583838192714e-07
68250.00000000009 8.965178482828652e-08
68300.00000000009 1.5584170090857132e-07
68350.00000000009 1.0708641167987612e-07
68400.00000000009 2.0424036993292825e-07
68450.00000000009 1.9619767003245358e-07
68500.00000000009 1.6811800001436785e-07
68550.00000000009 1.1921872695048597e-07
68600.00000000009 1.2755236141202932e-07
68650.00000000009 8.83855838035083e-08
68700.00000000009 1.3842192841948147e-07
68750.00000000009 1.6626844454822742e-07
68800.00000000009 1.837929842034829e-07
68850.00000000009 1.0916994955735015e-07
68900.00000000009 2.2748508190947244e-07
68950.00000000009 2.49058499074132e-07
69000.00000000009 2.1973617955282758e-07
69050.00000000009 1.4147811881043884e-07
69100.00000000009 2.3400018545717376e-07
69150.00000000009 2.6061724413386283e-07
69200.00000000009 1.645922820832175e-07
69250.00000000009 2.446411357010046e-07
69300.00000000009 1.936273139869897e-07
69350.00000000009 2.265357852283325e-07
69400.00000000009 1.2796220410062838e-07
69450.00000000009 2.393464406929569e-07
69500.00000000009 1.5964583333729813e-07
69550.00000000009 1.687431256281415e-07
69600.00000000009 7.394476720605708e-08
69650.00000000009 1.5197134326510589e-07
69700.00000000009 2.1978908536030558e-07
69750.00000000009 1.6502658985157572e-07
69800.00000000009 2.0029661485523536e-07
69850.00000000009 2.18101345435808e-07
69900.00000000009 1.7381203517584586e-07
69950.00000000009 1.7872397317950017e-07
70000.00000000009 1.5093353957372621e-07
70050.00000000009 2.328648638250738e-07
70100.00000000009 1.659672403037804e-07
70150.00000000009 1.8214521438601145e-07
70200.00000000009 1.397104743808001e-07
70250.00000000009 1.736939431475182e-07
70300.00000000009 2.2140715665654008e-07
70350.00000000009 1.7549343727808792e-07
70400.00000000009 1.4590607433939836e-07
70450.00000000009 7.825642043769805e-08
70500.00000000009 1.2195508884101238e-07
70550.00000000009 1.2556270541267346e-07
70600.00000000009 1.3704364695838412e-07
70650.00000000009 1.9672651480540583e-07
70700.00000000009 1.780214243239501e-07
70750.00000000009 2.2160074921798876e-07
70800.00000000009 1.5008126888549152e-07
70850.00000000009 1.4060195996942022e-07
70900.00000000009 1.4620925672902255e-07
70950.00000000009 2.0085801194694961e-07
71000.00000000009 1.7738913575297593e-07
71050.00000000009 1.8096108808633317e-07
71100.00000000009 1.644163336184771e-07
71150.00000000009 1.5357010888672537e-07
71200.00000000009 1.3803989667855283e-07
71250.00000000009 1.5684073205171936e-07
71300.00000000009 1.8653994604822849e-07
71350.00000000009 1.8335876582607506e-07
71400.00000000009 1.795181711165122e-07
71450.00000000009 1.1218814723247764e-07
71500.00000000009 1.3469990701419716e-07
71550.00000000009 1.3882613906543915e-07
71600.00000000009 1.696843414502126e-07
71650.00000000009 1.4465429714726868e-07
71700.00000000009 1.1901793901503256e-07
71750.00000000009 1.4857147712072676e-07
71800.00000000009 1.790817721455869e-07
71850.00000000009 1.828342456208509e-07
71900.00000000009 1.2753224006833132e-07
71950.00000000009 1.435383515277108e-07
72000.00000000009 1.385255723692894e-07
72050.00000000009 1.1136562644574692e-07
72100.00000000009 1.3002237313931633e-07
72150.00000000009 1.1822889079306917e-07
72200.00000000009 1.429097523483172e-07
72250.00000000009 1.6870407754235661e-07
72300.00000000009 1.4380164439321264e-07
72350.00000000009 1.431666864537303e-07
72400.00000000009 1.3089365360379475e-07
72450.00000000009 1.1773078003668379e-07
72500.00000000009 1.4417813617761391e-07
72550.00000000009 8.9435976179338e-08
72600.00000000009 1.044352751535486e-07
72650.00000000009 1.5174543107807612e-07
72700.00000000009 1.464741987334946e-07
72750.00000000009 1.3338189579063515e-07
72800.00000000009 1.1829517195443744e-07
72850.00000000009 1.2006990176581803e-07
72900.00000000009 1.658481098409896e-07
72950.00000000009 1.3847680668599913e-07
73000.00000000009 1.3896962992097986e-07
73050.00000000009 1.1390306673888566e-07
73100.00000000009 1.0296810469915318e-07
73150.00000000009 1.802056259672294e-07
73200.00000000009 1.1248742176409059e-07
73250.00000000009 1.3408531637500418e-07
73300.00000000009 1.2721921093640193e-07
73350.00000000009 1.0541265951427468e-07
73400.00000000009 1.3336577951702952e-07
73450.00000000009 9.438597472394663e-08
73500.00000000009 9.439490508036223e-08
73550.00000000009 1.2987959687542606e-07
73600.00000000009 1.0847904309103157e-07
73650.00000000009 1.2851036314155286e-07
73700.00000000009 1.4511446200747466e-07
73750.00000000009 9.211905700152827e-08
73800.00000000009 1.2172874451889804e-07
73850.00000000009 1.3249615444015294e-07
73900.00000000009 1.3356128942973476e-07
73950.00000000009 1.1318842019694037e-07
74000.00000000009 1.003822236664041e-07
74050.00000000009 1.7455486710205046e-07
74100.00000000009 1.187747985603172e-07
74150.00000000009 1.2912518912481995e-07
74200.00000000009 1.1335137619365728e-07
74250.00000000009 7.288663284928861e-08
74300.00000000009 1.1929995246221317e-07
74350.00000000009 1.4629399834701748e-07
74400.00000000009 1.3669565530162291e-07
74450.00000000009 8.675574481222275e-08
74500.00000000009 9.220601906338565e-08
74550.00000000009 1.2082398530829863e-07
74600.00000000009 1.1550243131980126e-07
74650.00000000009 1.1256168495134196e-07
74700.00000000009 9.133917233327543e-08
74750.00000000009 1.0002884149564147e-07
74800.00000000009 1.0909857061905916e-07
74850.00000000009 9.774095000083895e-08
74900.00000000009 1.5853110697218373e-07
74950.00000000009 1.467233788072675e-07
75000.00000000009 1.2532939956780146e-07
75050.00000000009 8.984219931507342e-08
75100.00000000009 1.6194553717921756e-07
75150.00000000009 1.3484309653811113e-07
75200.00000000009 1.5286633887990558e-07
75250.00000000009 1.583672814144694e-07
75300.00000000009 1.5834908140848197e-07
75350.00000000009 9.165063448301317e-08
75400.00000000009 1.6282407640402523e-07
75450.00000000009 1.3481499659928663e-07
75500.00000000009 1.3249972673643553e-07
75550.00000000009 1.5486413199491858e-07
75600.00000000009 1.885800640309553e-07
75650.00000000009 1.3184274699989598e-07
75700.00000000009 1.424399491132595e-07
75750.00000000009 1.0682889463071867e-07
75800.00000000009 1.4816269924071797e-07
75850.00000000009 1.675045490184846e-07
75900.00000000009 1.4825798183009386e-07
75950.00000000009 1.1582630477982193e-07
76000.00000000009 1.473836889815017e-07
76050.00000000009 1.5105536659173621e-07
76100.00000000009 1.4488321413446502e-07
76150.00000000009 1.566572829460459e-07
76200.00000000009 1.558019746703362e-07
76250.00000000009 1.7204950113242778e-07
76300.00000000009 2.172168970523206e-07
76350.00000000009 2.3728411991760403e-07
76400.00000000009 1.8724787138023536e-07
76450.00000000009 1.828019941004203e-07
76500.00000000009 1.5152569107923667e-07
76550.00000000009 1.2349943607278017e-07
76600.00000000009 6.103526829453429e-08
76650.00000000009 7.444690663935204e-08
76700.00000000009 7.817540631725888e-08
76750.00000000009 7.393529028106014e-08
76800.00000000009 1.1238710155062911e-07
76850.00000000009 5.991064321272093e-08
76900.00000000009 6.384412249706091e-08
76950.00000000009 9.465929397145982e-08
77000.00000000009 9.950499943183139e-08
77050.00000000009 7.650266222723382e-08
77100.00000000009 8.068957966169365e-08
77150.00000000009 1.0737405403384737e-07
77200.00000000009 9.612240426085252e-08
77250.00000000009 1.044966574706785e-07
77300.00000000009 9.996896450259973e-08
77350.00000000009 6.803041562926038e-08
77400.00000000009 6.845902325916364e-08
77450.00000000009 8.206255109472151e-08
77500.00000000009 8.353348364657941e-08
77550.00000000009 9.647579387757142e-08
77600.00000000009 1.0434958535763881e-07
77650.00000000009 1.0292302107387362e-07
77700.00000000009 8.551781604818238e-08
77750.00000000009 1.2246897233802953e-07
77800.00000000009 1.0810339925439601e-07
77850.00000000009 1.4581028827054965e-07
77900.00000000009 1.2268705416873624e-07
77950.00000000009 8.55789788811433e-08
78000.00000000009 1.0611592011121499e-07
78050.00000000009 1.0842446976715169e-07
78100.00000000009 8.984142385767311e-08
78150.00000000009 1.3158972383298809e-07
78200.00000000009 1.364557619570856e-07
78250.00000000009 1.4581124801860374e-07
78300.00000000009 1.3673102483045237e-07
78350.00000000009 1.3155568456451255e-07
78400.00000000009 1.1032549866286757e-07
78450.00000000009 1.5303747758285632e-07
78500.00000000009 1.5616137928101768e-07
78550.00000000009 1.5425623022335506e-07
78600.00000000009 1.3858641322319306e-07
78650.00000000009 7.47422129423252e-08
78700.00000000009 1.0930941395888946e-07
78750.00000000009 1.072651195107417e-07
78800.00000000009 1.411934752386196e-07
78850.00000000009 8.863381051696326e-08
78900.00000000009 1.3049050995519248e-07
78950.00000000009 1.2132828319215817e-07
79000.00000000009 1.2856464527993356e-07
79050.00000000009 1.1503353584139257e-07
79100.00000000009 1.2312508539922172e-07
79150.00000000009 1.3698265367406772e-07
79200.00000000009 1.430256735697873e-07
79250.00000000009 1.2358567719596385e-07
79300.00000000009 9.915288316782931e-08
79350.00000000009 1.4461901970666442e-07
79400.00000000009 1.1542510159760582e-07
79450.00000000009 1.4623509235838083e-07
79500.00000000009 1.8682691842616724e-07
79550.00000000009 1.587565814315687e-07
79600.00000000009 1.0409590223524497e-07
79650.00000000009 1.3123436831974954e-07
79700.00000000009 1.4757501582812121e-07
79750.00000000009 1.5380115720084226e-07
79800.00000000009 1.1989134502404994e-07
79850.00000000009 1.287218991808336e-07
79900.00000000009 1.9939617354919487e-07
79950.00000000009 1.530367593229255e-07
