# %ECSV 1.0
# ---
# datatype:
# - {name: wav, unit: Angstrom, datatype: float64}
# - {name: flux_nu, unit: erg / (cm2 Hz s), datatype: float64}
# schema: astropy-2.0
wav flux_nu
10000.000000000093 nan
10050.000000000093 2.895211755597178e-07
10100.000000000093 3.3472199004883064e-07
10150.000000000093 3.3798605579525007e-07
10200.000000000093 3.6923164380730383e-07
10250.000000000093 3.9376362026750587e-07
10300.000000000093 4.114984998996192e-07
10350.000000000093 4.6682258302171427e-07
10400.000000000093 5.063928670578875e-07
10450.000000000093 5.353976975343455e-07
10500.000000000093 5.44120283384189e-07
10550.000000000093 5.57196782709933e-07
10600.000000000093 5.855604317347003e-07
10650.000000000093 6.151445826005994e-07
10700.000000000093 6.483983522409876e-07
10750.000000000093 6.767770197766456e-07
10800.000000000093 6.998113675675548e-07
10850.000000000093 7.26964100460405e-07
10900.000000000093 6.651824459188576e-07
10950.000000000093 5.110973887553005e-07
11000.000000000093 4.1121149529462925e-07
11050.000000000093 3.155238423489975e-07
11100.000000000093 2.4362238882439804e-07
11150.000000000093 1.9567638056760304e-07
11200.000000000093 2.1087579018738788e-07
11250.000000000093 2.721686052991689e-07
11300.000000000093 2.7063822209920275e-07
11350.000000000093 1.576860572817378e-07
11400.000000000093 3.0856258323216893e-07
11450.000000000093 2.405076537261647e-07
11500.000000000093 2.8092834018098106e-07
11550.000000000093 2.1046413734803066e-07
11600.000000000093 2.1710962200189494e-07
11650.000000000093 2.642817497307613e-07
11700.000000000093 2.712592257917458e-07
11750.000000000093 2.3775199632776224e-07
11800.000000000093 3.227093318206635e-07
11850.000000000093 3.830490432671287e-07
11900.000000000093 4.514153687245703e-07
11950.000000000093 4.829067980429021e-07
12000.000000000093 5.669002466281426e-07
12050.000000000093 6.540781417961547e-07
12100.000000000093 7.105939875175066e-07
12150.000000000093 7.987142884947845e-07
12200.000000000093 8.582250281859977e-07
12250.000000000093 9.337207051470376e-07
12300.000000000093 1.0029532778056507e-06
12350.000000000093 1.0210765574024531e-06
12400.000000000093 1.0520169072328653e-06
12450.000000000093 1.128572876551075e-06
12500.000000000093 1.1790749535997262e-06
12550.000000000093 1.23280494497309e-06
12600.000000000093 1.240409677013903e-06
12650.000000000093 1.2079247633658895e-06
12700.000000000093 1.2261039567033054e-06
12750.000000000093 1.226822132226075e-06
12800.000000000093 1.2416997443056519e-06
12850.000000000093 1.1445803053810812e-06
12900.000000000093 1.0852759370945516e-06
12950.000000000093 1.0698060027550353e-06
13000.000000000093 1.0605137107894686e-06
13050.000000000093 1.0173612544492678e-06
13100.000000000093 9.887446055695738e-07
13150.000000000093 8.743187941131277e-07
13200.000000000093 8.09806145797361e-07
13250.000000000093 6.035067510821321e-07
13300.000000000093 3.683776485494576e-07
13350.000000000093 1.2765376269189004e-07
13400.000000000093 5.9040124665414185e-08
13450.000000000093 4.265478618339478e-08
13500.000000000093 2.7475963519783018e-08
13550.000000000093 2.1918156572589145e-08
13600.000000000093 1.8382882729536638e-08
13650.000000000093 3.894598865704628e-08
13700.000000000093 3.20435173953508e-08
13750.000000000093 4.318809254297184e-08
13800.000000000093 5.380692230507055e-08
13850.000000000093 3.747212046257007e-08
13900.000000000093 3.644637807406058e-08
13950.000000000093 3.484983924784563e-08
14000.000000000093 3.492532863409354e-08
14050.000000000093 4.188517095256995e-08
14100.000000000093 3.208635766825321e-08
14150.000000000093 4.324032382302302e-08
14200.000000000093 3.481397558450445e-08
14250.000000000093 3.663624585050363e-08
14300.000000000093 5.397871318594068e-08
14350.000000000093 5.321323873170099e-08
14400.000000000093 5.461961590024588e-08
14450.000000000093 6.455428135339349e-08
14500.000000000093 9.708223843769341e-08
14550.000000000093 9.601107122539e-08
14600.000000000093 1.3578072936629396e-07
14650.000000000093 1.3273734880128702e-07
14700.000000000093 1.0902393425085134e-07
14750.000000000093 1.362563798627943e-07
14800.000000000093 1.5863391502608883e-07
14850.000000000093 1.7171825092674328e-07
14900.000000000093 1.7293807414396184e-07
14950.000000000093 1.9698920703770737e-07
15000.000000000093 2.2153028418695073e-07
15050.000000000093 2.600927446591413e-07
15100.000000000093 2.778402531394961e-07
15150.000000000093 3.011230986640666e-07
15200.000000000093 3.175299010162034e-07
15250.000000000093 3.6983570079870395e-07
15300.000000000093 4.045691309881262e-07
15350.000000000093 4.5849024384998545e-07
15400.000000000093 4.946890794701012e-07
15450.000000000093 5.333528952631459e-07
15500.000000000093 5.562145097745337e-07
15550.000000000093 6.098052028550355e-07
15600.000000000093 6.331902738438729e-07
15650.000000000093 6.466946817772524e-07
15700.000000000093 6.972468294394624e-07
15750.000000000093 7.160830975634585e-07
15800.000000000093 7.159113879717807e-07
15850.000000000093 7.34702507773572e-07
15900.000000000093 7.170675377633206e-07
15950.000000000093 7.003532812613192e-07
16000.000000000093 6.546952466988397e-07
16050.000000000093 5.798623051285846e-07
16100.000000000093 5.185877964866912e-07
16150.000000000093 4.3903346556380006e-07
16200.000000000093 3.7030447496595934e-07
16250.000000000093 3.618815413280191e-07
16300.000000000093 3.335615483381995e-07
16350.000000000093 3.531030536022577e-07
16400.000000000095 3.7745077247278566e-07
16450.000000000095 3.9768585707763016e-07
16500.000000000095 4.243512046647057e-07
16550.000000000095 4.175054750085855e-07
16600.000000000095 4.1842846863107964e-07
16650.000000000095 3.277980557639148e-07
16700.000000000095 2.430631397049549e-07
16750.000000000095 2.894164850809701e-07
16800.000000000095 3.507512232269166e-07
16850.000000000095 3.458958720799357e-07
16900.000000000095 3.2928151943089175e-07
16950.000000000095 3.1087004121997824e-07
17000.000000000095 2.8829515683174867e-07
17050.000000000095 3.35772324671244e-07
17100.000000000095 3.5105669069026444e-07
17150.000000000095 3.2095819488393076e-07
17200.000000000095 3.531427700111959e-07
17250.000000000095 3.1801375924346025e-07
17300.000000000095 2.9387373592405044e-07
17350.000000000095 2.7251229290227167e-07
17400.000000000095 2.591395022872274e-07
17450.000000000095 2.4955741221625524e-07
17500.000000000095 2.5639072051598685e-07
17550.000000000095 2.2459843561356036e-07
17600.000000000095 2.076846968212465e-07
17650.000000000095 1.9974241490282604e-07
17700.000000000095 1.5900920168893743e-07
17750.000000000095 1.398329785746519e-07
17800.000000000095 1.511761145425486e-07
17850.000000000095 1.098002806243616e-07
17900.000000000095 1.300953385816575e-07
17950.000000000095 1.0114793143492742e-07
18000.000000000095 1.0585796522859627e-07
18050.000000000095 9.321175088897253e-08
18100.000000000095 9.332260325841817e-08
18150.000000000095 1.1324952390096381e-07
18200.000000000095 7.785330017891318e-08
18250.000000000095 1.405170906136379e-07
18300.000000000095 9.211417523630901e-08
18350.000000000095 8.914143807350505e-08
18400.000000000095 7.979838751591727e-08
18450.000000000095 9.281433272414406e-08
18500.000000000095 9.533243602808796e-08
18550.000000000095 7.564832691885158e-08
18600.000000000095 6.837951608137224e-08
18650.000000000095 6.315334568243867e-08
18700.000000000095 6.180643367342012e-08
18750.000000000095 8.023990123163314e-08
18800.000000000095 1.308304483717209e-07
18850.000000000095 1.4372593266664676e-07
18900.000000000095 1.2704639197417145e-07
18950.000000000095 1.917179447045479e-07
19000.000000000095 1.3889671748299095e-07
19050.000000000095 1.1037431019843562e-07
19100.000000000095 1.687071293879352e-07
19150.000000000095 1.290543892725453e-07
19200.000000000095 1.5213315030844153e-07
19250.000000000095 1.240002201007738e-07
19300.000000000095 1.1868693068846792e-07
19350.000000000095 1.1100020178327854e-07
19400.000000000095 7.366296472965331e-08
19450.000000000095 1.2343855384742337e-07
19500.000000000095 1.2191250191374386e-07
19550.000000000095 9.782610651415901e-08
19600.000000000095 1.185166239071364e-07
19650.000000000095 1.4295192477106128e-07
19700.000000000095 1.394998841894623e-07
19750.000000000095 1.371071522626476e-07
19800.000000000095 1.5884752451265048e-07
19850.000000000095 1.9449683777032103e-07
19900.000000000095 1.502306579492886e-07
19950.000000000095 2.134734311692603e-07
20000.000000000095 1.9742828038036353e-07
20050.000000000095 2.273005812467245e-07
20100.000000000095 2.264436518529146e-07
20150.000000000095 2.4261808856631097e-07
20200.000000000095 2.666263833633554e-07
20250.000000000095 2.904979449932756e-07
20300.000000000095 2.790392038991928e-07
20350.000000000095 3.16196269185062e-07
20400.000000000095 3.1408618275499037e-07
20450.000000000095 3.4314585281221284e-07
20500.000000000095 3.566968178093793e-07
20550.000000000095 3.527056118326874e-07
20600.000000000095 3.842564441340749e-07
20650.000000000095 3.7603325708546903e-07
20700.000000000095 3.827001406614736e-07
20750.000000000095 3.9307728256395084e-07
20800.000000000095 3.9722555670724513e-07
20850.000000000095 3.974611226318076e-07
20900.000000000095 4.0784430305543266e-07
20950.000000000095 4.002726902610802e-07
21000.000000000095 4.0265714397830944e-07
21050.000000000095 3.9531618477704325e-07
21100.000000000095 3.925602078441001e-07
21150.000000000095 3.951618670787694e-07
21200.000000000095 3.850110978305186e-07
21250.000000000095 3.8430732818788517e-07
21300.000000000095 3.675505148743514e-07
21350.000000000095 3.6741318405085473e-07
21400.000000000095 3.5521282862846023e-07
21450.000000000095 3.4457152938550196e-07
21500.000000000095 3.4051708588968566e-07
21550.000000000095 3.3124299713010353e-07
21600.000000000095 3.20454405914669e-07
21650.000000000095 3.0625957492906505e-07
21700.000000000095 3.062144446560922e-07
21750.000000000095 2.875764893390859e-07
21800.000000000095 2.7000235288369287e-07
21850.000000000095 2.4885596568979943e-07
21900.000000000095 2.324308559827934e-07
21950.000000000095 1.8108242774464137e-07
22000.000000000095 1.275969109361012e-07
22050.000000000095 1.0311180605133873e-07
22100.000000000095 1.3839448585537437e-07
22150.000000000095 1.504262450992038e-07
22200.000000000095 1.5162395886123646e-07
22250.000000000095 1.4403086512791504e-07
22300.000000000095 1.3614475836976803e-07
22350.000000000095 1.2864146661672357e-07
22400.000000000095 1.1240124290770836e-07
22450.000000000095 1.0277470153782207e-07
22500.000000000095 1.0586987870414638e-07
22550.000000000095 8.696781420613301e-08
22600.000000000095 9.607689135250014e-08
22650.000000000095 9.869049241319199e-08
22700.000000000095 9.545683429376451e-08
22750.000000000095 9.62629115397764e-08
22800.000000000095 9.246253346425123e-08
22850.000000000095 8.177000390937557e-08
22900.000000000095 7.977645153791324e-08
22950.000000000095 7.839340787898004e-08
23000.000000000095 7.467546672915178e-08
23050.000000000095 9.427819830768772e-08
23100.000000000095 1.2448797558726955e-07
23150.000000000095 1.2034307604356861e-07
23200.000000000095 6.059199068337307e-08
23250.000000000095 6.68168470710285e-08
23300.000000000095 6.24433169416329e-08
23350.000000000095 5.582480363115436e-08
23400.000000000095 6.477898020187763e-08
23450.000000000095 6.189006889440065e-08
23500.000000000095 6.385397303683472e-08
23550.000000000095 8.250666126539422e-08
23600.000000000095 9.122407465659663e-08
23650.000000000095 9.910373769386149e-08
23700.000000000095 6.211291892035064e-08
23750.000000000095 6.24746999331584e-08
23800.000000000095 7.247780586682818e-08
23850.000000000095 7.320186131455415e-08
23900.000000000095 9.933076553801745e-08
23950.000000000095 9.776074654660519e-08
24000.000000000095 1.210965513105424e-07
24050.000000000095 1.2132444206589315e-07
24100.000000000095 1.0451853136407429e-07
24150.000000000095 1.193175902552508e-07
24200.000000000095 1.2528917829375655e-07
24250.000000000095 1.1596335267945992e-07
24300.000000000095 1.2671373371274386e-07
24350.000000000095 1.0996504799478997e-07
24400.000000000095 1.4347522553969292e-07
24450.000000000095 1.196517418724929e-07
24500.000000000095 1.2945157619034203e-07
24550.000000000095 1.2603950151468933e-07
24600.000000000095 1.3531457197241592e-07
24650.000000000095 1.540847370747063e-07
24700.000000000095 1.1418287539387526e-07
24750.000000000095 1.0748044869918049e-07
24800.000000000095 1.1467522250989387e-07
24850.000000000095 1.543306506880467e-07
24900.000000000095 7.969499236894633e-08
24950.000000000095 1.3132332319175073e-07
25000.000000000095 1.2273380545264752e-07
25050.000000000095 8.397849790742398e-08
25100.000000000095 1.1416248272049652e-07
25150.000000000095 7.37372628495431e-08
25200.000000000095 9.794599647376634e-08
25250.000000000095 6.726421422989322e-08
25300.000000000095 8.976590520510168e-08
25350.000000000095 5.57318411712429e-08
25400.000000000095 9.395621704455464e-08
25450.000000000095 6.114161155317138e-08
25500.000000000095 6.044246104806078e-08
25550.000000000095 7.58577239929044e-08
25600.000000000095 7.06442055138611e-08
25650.000000000095 4.6686595266905044e-08
25700.000000000095 8.682545105217812e-08
25750.000000000095 4.624424393437678e-08
25800.000000000095 8.905547400112555e-08
25850.000000000095 4.836321596466104e-08
25900.000000000095 7.159817450162154e-08
25950.000000000095 4.4117841553971324e-08
26000.000000000095 8.462435171641608e-08
26050.000000000095 5.984959621144082e-08
26100.000000000095 9.905056258758256e-08
26150.000000000095 8.118870593097471e-08
26200.000000000095 8.5761360336488e-08
26250.000000000095 1.217551677529626e-07
26300.000000000095 8.824262005195643e-08
26350.000000000095 1.3354840249429688e-07
26400.000000000095 1.3575564949482139e-07
26450.000000000095 1.3276028324151763e-07
26500.000000000095 1.3749221342966877e-07
26550.000000000095 9.49267796236988e-08
26600.000000000095 1.1164249508356823e-07
26650.000000000095 6.096014808884194e-08
26700.000000000095 5.359863589341639e-08
26750.000000000095 4.628880516170512e-08
26800.000000000095 6.203848712693154e-08
26850.000000000095 3.80129777006877e-08
26900.000000000095 7.425445367608316e-08
26950.000000000095 4.145364954928991e-08
27000.000000000095 8.750294781895655e-08
27050.000000000095 8.033828245945104e-08
27100.000000000095 6.01920930487714e-08
27150.000000000095 1.0053944368067126e-07
27200.000000000095 6.604701250169035e-08
27250.000000000095 7.461345093981273e-08
27300.000000000095 1.4850862656664206e-07
27350.000000000095 1.1418542199961825e-07
27400.000000000095 4.355203201563572e-08
27450.000000000095 1.3528939209212675e-07
27500.000000000095 1.433176430380465e-07
27550.000000000095 7.338596758776893e-08
27600.000000000095 1.2022548037883538e-07
27650.000000000095 6.298712407937979e-08
27700.000000000095 5.434971847565242e-08
27750.000000000095 1.2118258798758562e-07
27800.000000000095 6.745418413082716e-08
27850.000000000095 7.283601997605984e-08
27900.000000000095 9.512867685697802e-08
27950.000000000095 1.2670023046886413e-07
28000.000000000095 1.0545898572000531e-07
28050.000000000095 5.2743341289395104e-08
28100.000000000095 1.3927797886620743e-07
28150.000000000095 9.852627331828795e-08
28200.000000000095 5.276507303769906e-08
28250.000000000095 1.3793906305003605e-07
28300.000000000095 1.643265798806206e-07
28350.000000000095 5.7919341605332596e-08
28400.000000000095 1.217992708198395e-07
28450.000000000095 1.4351588627449242e-07
28500.000000000095 1.1499138487109384e-07
28550.000000000095 5.738373674494721e-08
28600.000000000095 1.5671271923576696e-07
28650.000000000095 1.3164731984520627e-07
28700.000000000095 1.1262706052272862e-07
28750.000000000095 1.5258235663585324e-07
28800.000000000095 1.4529997291513303e-07
28850.000000000095 1.6286444281457346e-07
28900.000000000095 8.872009593643505e-08
28950.000000000095 1.8898036306375178e-07
29000.000000000095 1.422306358493864e-07
29050.000000000095 1.625463341049126e-07
29100.000000000095 1.1150838084876359e-07
29150.000000000095 2.1780220558437127e-07
29200.000000000095 1.398265323033635e-07
29250.000000000095 1.8384891030586551e-07
29300.000000000095 1.2090146795362162e-07
29350.000000000095 3.088200574459839e-07
29400.000000000095 1.783522801129025e-07
29450.000000000095 1.8055016965396427e-07
29500.000000000095 2.0193376059091672e-07
29550.000000000095 1.8330850299042137e-07
29600.000000000095 2.3244917955017e-07
29650.000000000095 1.929923270048962e-07
29700.000000000095 1.8378563154795336e-07
29750.000000000095 2.3011419353958392e-07
29800.000000000095 2.4025521166066177e-07
29850.000000000095 2.451274570271455e-07
29900.000000000095 2.520711822203869e-07
29950.000000000095 2.4672384141599084e-07
30000.000000000095 2.1291513464409458e-07
30050.000000000095 1.8098156203529994e-07
30100.000000000095 2.1301878896070782e-07
30150.000000000095 2.9033256282871905e-07
30200.000000000095 2.1974446501295942e-07
30250.000000000095 2.951466976569389e-07
30300.000000000095 2.571930415129961e-07
30350.000000000095 2.521221102603218e-07
30400.000000000095 2.7533222294046304e-07
30450.000000000095 2.1547691658522007e-07
30500.000000000095 2.1848247898064837e-07
30550.000000000095 2.2572728675115297e-07
30600.000000000095 2.554232990524987e-07
30650.000000000095 2.2663351364345747e-07
30700.000000000095 2.0369484356209205e-07
30750.000000000095 1.926031487850214e-07
30800.000000000095 1.906486550592365e-07
30850.000000000095 1.742154741686275e-07
30900.000000000095 1.79994650056581e-07
30950.000000000095 1.2802659660538446e-07
31000.000000000095 1.468738977715023e-07
31050.000000000095 1.676589625617185e-07
31100.000000000095 1.2053865927929238e-07
31150.000000000095 1.3424504936945527e-07
31200.000000000095 1.495678173993351e-07
31250.000000000095 1.1914396674464396e-07
31300.000000000095 1.1653660123656034e-07
31350.000000000095 1.1364013940891184e-07
31400.000000000095 8.796324457798497e-08
31450.000000000095 1.1055875542376894e-07
31500.000000000095 8.86936361098425e-08
31550.000000000095 9.956766084929608e-08
31600.000000000095 7.974635460139063e-08
31650.000000000095 7.71176950605416e-08
31700.000000000095 8.968415925099318e-08
31750.000000000095 6.671051820154178e-08
31800.000000000095 8.132498390572598e-08
31850.000000000095 6.830579549397086e-08
31900.000000000095 7.507373453413282e-08
31950.000000000095 6.917621901802364e-08
32000.000000000095 7.209305154231232e-08
32050.000000000095 6.383310521307541e-08
32100.000000000095 5.928741608421808e-08
32150.000000000095 7.663972144458477e-08
32200.000000000095 5.683605443541521e-08
32250.000000000095 8.124792640260042e-08
32300.000000000095 5.3652379463427926e-08
32350.000000000095 9.641566769411547e-08
32400.000000000095 6.671377002804421e-08
32450.000000000095 9.312981753578832e-08
32500.000000000095 7.397765543178381e-08
32550.000000000095 8.6578092019862e-08
32600.000000000095 9.767453699435625e-08
32650.000000000095 1.0971898388389113e-07
32700.000000000095 1.0117935761836157e-07
32750.000000000095 1.2511588888815694e-07
32800.000000000095 1.1399236616208796e-07
32850.000000000095 1.3661570547145274e-07
32900.000000000095 1.461909284609682e-07
32950.000000000095 1.5136809368822526e-07
33000.000000000095 1.3415965550432971e-07
33050.000000000095 1.293448468430039e-07
33100.000000000095 8.248761422953001e-08
33150.000000000095 2.3070631195291503e-08
33200.000000000095 2.5751152148976508e-08
33250.000000000095 1.846355892931616e-08
33300.000000000095 2.032697425790979e-08
33350.000000000095 3.2875138359721584e-08
33400.000000000095 4.4597583556547825e-08
33450.000000000095 5.4385428218947824e-08
33500.000000000095 7.458868596446374e-08
33550.000000000095 7.110465444448983e-08
33600.000000000095 1.0122083013305265e-07
33650.000000000095 1.0862074325256042e-07
33700.000000000095 9.346703862858167e-08
33750.000000000095 1.287212785702259e-07
33800.000000000095 8.49753418888223e-08
33850.000000000095 1.1583929165144978e-07
33900.000000000095 1.0233519490793522e-07
33950.000000000095 1.1460701488632429e-07
34000.000000000095 1.2092016224136448e-07
34050.000000000095 6.533877563520523e-08
34100.000000000095 1.1603771686272068e-07
34150.000000000095 8.166215534858615e-08
34200.000000000095 1.0210002045824003e-07
34250.000000000095 9.663811110541944e-08
34300.000000000095 7.665322246919949e-08
34350.000000000095 1.0827705533664944e-07
34400.000000000095 8.200342544095626e-08
34450.000000000095 1.1316185554635598e-07
34500.000000000095 1.0297353566164927e-07
34550.000000000095 7.507896142368179e-08
34600.000000000095 1.2310847251440087e-07
34650.000000000095 7.821910918340008e-08
34700.000000000095 9.240890122339764e-08
34750.000000000095 1.004875889459552e-07
34800.000000000095 6.492722578610546e-08
34850.000000000095 1.074959497499746e-07
34900.000000000095 1.0833942336468082e-07
34950.000000000095 9.989006454465012e-08
35000.000000000095 1.33915748560531e-07
35050.000000000095 9.713735626289904e-08
35100.000000000095 1.3151510394995955e-07
35150.000000000095 1.1813644391497364e-07
35200.000000000095 1.393087536736267e-07
35250.000000000095 1.715275137501418e-07
35300.000000000095 1.0281766696541225e-07
35350.000000000095 1.4651212814425392e-07
35400.000000000095 1.4834441852682803e-07
35450.000000000095 1.2703178419214625e-07
35500.000000000095 1.822965629940291e-07
35550.000000000095 1.609317791994259e-07
35600.000000000095 1.7371957371783836e-07
35650.000000000095 1.894214080264678e-07
35700.000000000095 1.3219687580627023e-07
35750.000000000095 1.946454245569088e-07
35800.000000000095 1.9851532529385986e-07
35850.000000000095 1.54800367868518e-07
35900.000000000095 2.1721360668548455e-07
35950.000000000095 2.0611982745733556e-07
36000.000000000095 1.9048223141984092e-07
36050.000000000095 2.2919777096102778e-07
36100.000000000095 2.0220766885137417e-07
36150.000000000095 2.390504234995543e-07
36200.000000000095 2.5161700243920374e-07
36250.000000000095 2.408705163054935e-07
36300.000000000095 2.732332260318834e-07
36350.000000000095 2.692566083008426e-07
36400.000000000095 3.050089745797216e-07
36450.000000000095 2.9860609351764144e-07
36500.000000000095 2.976402886002775e-07
36550.000000000095 3.3463235076936175e-07
36600.000000000095 3.6557614087892776e-07
36650.000000000095 3.457031861865618e-07
36700.000000000095 3.6463228024417775e-07
36750.000000000095 3.9478543710098467e-07
36800.000000000095 3.921025050999017e-07
36850.000000000095 3.783647915628617e-07
36900.000000000095 3.762741366038535e-07
36950.000000000095 4.3054245067481557e-07
37000.000000000095 4.0689501731386515e-07
37050.000000000095 4.3738371569805514e-07
37100.000000000095 4.264522913789336e-07
37150.000000000095 4.6022034040540436e-07
37200.000000000095 4.8309602308428e-07
37250.000000000095 4.3760594343795014e-07
37300.000000000095 4.3583230451074525e-07
37350.000000000095 4.910604056202266e-07
37400.000000000095 5.443525418065079e-07
37450.000000000095 4.997288617140998e-07
37500.000000000095 4.764084977136043e-07
37550.000000000095 5.755279994353843e-07
37600.000000000095 6.048401764247325e-07
37650.000000000095 5.071854033726173e-07
37700.000000000095 5.817488110956372e-07
37750.000000000095 4.89832740288581e-07
37800.000000000095 5.685506240947126e-07
37850.000000000095 4.7750078208512e-07
37900.000000000095 5.54433994246061e-07
37950.000000000095 5.898246491515153e-07
38000.000000000095 6.364957507401595e-07
38050.000000000095 5.875811506614047e-07
38100.000000000095 6.360531594083803e-07
38150.000000000095 6.348222011688793e-07
38200.000000000095 6.589443609893073e-07
38250.000000000095 6.455675102792016e-07
38300.000000000095 7.24821233773865e-07
38350.000000000095 7.311980914701389e-07
38400.000000000095 6.046481627623989e-07
38450.000000000095 6.801721750365516e-07
38500.000000000095 6.312928610298602e-07
38550.000000000095 6.950442533505203e-07
38600.000000000095 6.98833255531237e-07
38650.000000000095 7.52766530138323e-07
38700.000000000095 7.70530137900269e-07
38750.000000000095 7.537020166439332e-07
38800.000000000095 7.115283688018581e-07
38850.000000000095 7.873930667880023e-07
38900.000000000095 7.970188874078399e-07
38950.000000000095 7.665700742375138e-07
39000.000000000095 8.213368187007089e-07
39050.000000000095 7.909377958988636e-07
39100.000000000095 7.685357732896956e-07
39150.000000000095 8.188206708038114e-07
39200.000000000095 7.8910391436809e-07
39250.000000000095 8.483164645098725e-07
39300.000000000095 8.382892189282363e-07
39350.000000000095 8.926293864623918e-07
39400.000000000095 8.758249879210749e-07
39450.000000000095 8.873268321456529e-07
39500.000000000095 8.565135861338317e-07
39550.000000000095 8.623094934901845e-07
39600.000000000095 8.763416982393707e-07
39650.000000000095 9.388035263606053e-07
39700.000000000095 8.939987631924112e-07
39750.000000000095 8.304840764426259e-07
39800.000000000095 8.781552540135067e-07
39850.000000000095 9.460545579256997e-07
39900.000000000095 9.420219513660845e-07
39950.000000000095 9.292812210383942e-07
40000.000000000095 9.44325484526725e-07
40050.000000000095 9.484664430948516e-07
40100.000000000095 8.868725995791491e-07
40150.000000000095 9.843870485798566e-07
40200.000000000095 9.874848847538365e-07
40250.000000000095 9.314378609325064e-07
40300.000000000095 9.692399201509116e-07
40350.000000000095 9.157468991065713e-07
40400.000000000095 9.82101804650998e-07
40450.000000000095 9.501100119593843e-07
40500.000000000095 9.236260314708663e-07
40550.000000000095 1.0020478412542053e-06
40600.000000000095 9.300140597447805e-07
40650.000000000095 9.874003048871955e-07
40700.000000000095 1.0803959120524926e-06
40750.000000000095 9.471224262732881e-07
40800.000000000095 8.906158556963507e-07
40850.000000000095 9.927643441593984e-07
40900.000000000095 9.968395469116222e-07
40950.000000000095 9.472886655796323e-07
41000.000000000095 9.60554379432113e-07
41050.000000000095 9.889116693027252e-07
41100.000000000095 9.175624783859019e-07
41150.000000000095 9.003333688243833e-07
41200.000000000095 9.981058018459955e-07
41250.000000000095 9.702429782782311e-07
41300.000000000095 8.363400439107071e-07
41350.000000000095 1.0060146442100946e-06
41400.000000000095 9.387647230953393e-07
41450.000000000095 9.81804516000355e-07
41500.000000000095 9.265717850033244e-07
41550.000000000095 8.661228491571925e-07
41600.000000000095 9.228406325971834e-07
41650.000000000095 9.3901194773902e-07
41700.000000000095 8.630972389615235e-07
41750.000000000095 8.605549374661174e-07
41800.000000000095 1.01041183655696e-06
41850.000000000095 7.032767799960462e-07
41900.000000000095 8.388665635998177e-07
41950.000000000095 9.427374896166322e-07
42000.000000000095 9.393268735176198e-07
42050.000000000095 8.109251462582352e-07
42100.000000000095 9.645510372652227e-07
42150.000000000095 7.271771700846651e-07
42200.000000000095 7.775786791203347e-07
42250.000000000095 8.36046222720692e-07
42300.000000000095 8.086064852587113e-07
42350.000000000095 8.609193307363405e-07
42400.000000000095 8.481456645809162e-07
42450.000000000095 7.391786351117265e-07
42500.000000000095 7.440106140776823e-07
42550.000000000095 7.193793289416476e-07
42600.000000000095 8.266703431017479e-07
42650.000000000095 9.433447866112078e-07
42700.000000000095 7.872414071494251e-07
42750.000000000095 6.956986339660364e-07
42800.000000000095 7.297816246054049e-07
42850.000000000095 8.101575938106699e-07
42900.000000000095 8.405977645417478e-07
42950.000000000095 6.600312618867103e-07
43000.000000000095 8.251037504720891e-07
43050.000000000095 5.439637482651192e-07
43100.000000000095 7.325564122569257e-07
43150.000000000095 7.350590724365489e-07
43200.000000000095 7.326060064533642e-07
43250.000000000095 8.542075511025382e-07
43300.000000000095 8.600123823829645e-07
43350.000000000095 6.136419005359615e-07
43400.000000000095 7.513408237668566e-07
43450.000000000095 6.338719440626085e-07
43500.000000000095 6.721503075243966e-07
43550.000000000095 6.360450472188632e-07
43600.000000000095 7.455977901838162e-07
43650.000000000095 5.15469325359215e-07
43700.000000000095 7.450312057114196e-07
43750.000000000095 7.381290960132228e-07
43800.000000000095 6.159786226610261e-07
43850.000000000095 6.085123287809518e-07
43900.000000000095 5.855465066309564e-07
43950.000000000095 5.312171923177679e-07
44000.000000000095 3.9680305406032534e-07
44050.000000000095 5.303260203000489e-07
44100.000000000095 5.76779785263567e-07
44150.000000000095 5.63118387093623e-07
44200.000000000095 5.02659970011667e-07
44250.000000000095 4.46540062756196e-07
44300.000000000095 4.268623350280782e-07
44350.000000000095 3.8824772573787703e-07
44400.000000000095 4.002813958848522e-07
44450.000000000095 4.207331510921655e-07
44500.000000000095 3.599218009873004e-07
44550.000000000095 3.8978366072159534e-07
44600.000000000095 3.3348019159000196e-07
44650.000000000095 3.7999943379559335e-07
44700.000000000095 3.5317843661929494e-07
44750.000000000095 3.7044145851858086e-07
44800.000000000095 3.4456014322742993e-07
44850.000000000095 3.388441666864928e-07
44900.000000000095 2.8992877071800425e-07
44950.000000000095 2.8844364248578677e-07
45000.000000000095 3.026755741769366e-07
45050.000000000095 3.1164791403717884e-07
45100.000000000095 3.020860110907996e-07
45150.000000000095 2.765010635655694e-07
45200.000000000095 2.257626020351942e-07
45250.000000000095 2.468815903997161e-07
45300.000000000095 2.8231777863321853e-07
45350.000000000095 2.7942871683491896e-07
45400.000000000095 2.4217418468506435e-07
45450.000000000095 2.3602851057804683e-07
45500.000000000095 2.521760561275241e-07
45550.000000000095 2.848734534613971e-07
45600.000000000095 2.3811812020675878e-07
45650.000000000095 2.2692189321345302e-07
45700.000000000095 2.7719781641276867e-07
45750.000000000095 2.415501032635581e-07
45800.000000000095 2.2079177322949636e-07
45850.000000000095 3.103693570213261e-07
45900.000000000095 3.024391684915708e-07
45950.000000000095 2.303213524042085e-07
46000.000000000095 2.9833097115231656e-07
46050.000000000095 3.115351522828488e-07
46100.000000000095 2.3206274626393558e-07
46150.000000000095 2.8822914675375784e-07
46200.000000000095 2.837453850840326e-07
46250.000000000095 1.922100792126812e-07
46300.000000000095 3.3301753647702297e-07
46350.000000000095 2.5265377378198193e-07
46400.000000000095 2.905977826697171e-07
46450.000000000095 3.525331395345104e-07
46500.000000000095 2.8217117673515003e-07
46550.000000000095 3.5156940981302075e-07
46600.000000000095 3.3490353406837686e-07
46650.000000000095 5.038347559221317e-07
46700.000000000095 4.1002080015186396e-07
46750.000000000095 3.1064799211944585e-07
46800.000000000095 2.7549767379116824e-07
46850.000000000095 3.724565895762284e-07
46900.000000000095 3.2784489990073233e-07
46950.000000000095 4.306946680583626e-07
47000.000000000095 2.720668780360766e-07
47050.000000000095 4.262383416220368e-07
47100.000000000095 2.408706516863069e-07
47150.000000000095 3.1691927948488045e-07
47200.000000000095 3.5241472940923737e-07
47250.000000000095 2.7065145752106475e-07
47300.000000000095 2.966103638142797e-07
47350.000000000095 2.4520947756900663e-07
47400.000000000095 3.8449068966536194e-07
47450.000000000095 2.51693436977982e-07
47500.000000000095 3.9757376594606706e-07
47550.000000000095 2.5613047767543555e-07
47600.000000000095 3.7191204640641986e-07
47650.000000000095 2.4879134597452623e-07
47700.000000000095 3.531279795208686e-07
47750.000000000095 2.188713871787288e-07
47800.000000000095 3.31175087414137e-07
47850.000000000095 1.9102159470062482e-07
47900.000000000095 3.0490336777683787e-07
47950.000000000095 2.5707925022511044e-07
48000.000000000095 4.0518058930502413e-07
48050.000000000095 2.827290215297197e-07
48100.000000000095 3.4497637689756285e-07
48150.000000000095 2.647010061131895e-07
48200.000000000095 3.657476193810921e-07
48250.000000000095 2.7918570680704546e-07
48300.000000000095 4.4194975580980836e-07
48350.000000000095 2.6528085597391704e-07
48400.000000000095 3.1203054585473553e-07
48450.000000000095 2.459471410924199e-07
48500.000000000095 4.271676375916607e-07
48550.000000000095 2.4752676702964035e-07
48600.000000000095 3.979010717277881e-07
48650.000000000095 2.4825817638955424e-07
48700.000000000095 4.2834247338397026e-07
48750.000000000095 2.580136373357505e-07
48800.000000000095 4.181249825997168e-07
48850.000000000095 2.800007841743666e-07
48900.000000000095 4.171839970998693e-07
48950.000000000095 3.5341888273457595e-07
49000.000000000095 3.1748933138270497e-07
49050.000000000095 3.942758972654521e-07
49100.000000000095 3.0513877877373337e-07
49150.000000000095 4.206121227898066e-07
49200.000000000095 3.1931771893558676e-07
49250.000000000095 4.102827802725753e-07
49300.000000000095 3.306616587615979e-07
49350.000000000095 3.4250863803792584e-07
49400.000000000095 3.919574127082137e-07
49450.000000000095 3.710787995751097e-07
49500.000000000095 3.466194859014033e-07
49550.000000000095 2.2888131459762775e-07
49600.000000000095 3.509825038859531e-07
49650.000000000095 3.41220430465823e-07
49700.000000000095 3.1890626990135524e-07
49750.000000000095 4.659518139977221e-07
49800.000000000095 3.1866870614310627e-07
49850.000000000095 4.861121382001126e-07
49900.000000000095 4.037026342126065e-07
49950.000000000095 3.989979279886129e-07
50000.000000000095 4.520203113467339e-07
50050.000000000095 4.1614867400468074e-07
50100.000000000095 4.944949456131532e-07
50150.000000000095 3.138932016655315e-07
50200.000000000095 2.3728032979799434e-07
50250.000000000095 4.4236405027591905e-07
50300.000000000095 3.389070393113792e-07
50350.000000000095 4.794247528726824e-07
50400.000000000095 3.855779803866605e-07
50450.000000000095 3.751790147562481e-07
50500.000000000095 4.969332199757317e-07
50550.000000000095 4.0913902740057886e-07
50600.000000000095 4.086745917977683e-07
50650.000000000095 4.040252090480363e-07
50700.000000000095 5.71735766226614e-07
50750.000000000095 5.009601663360498e-07
50800.000000000095 3.074687995054653e-07
50850.000000000095 3.2794369316645506e-07
50900.000000000095 5.082806911460505e-07
50950.000000000095 4.973070086096563e-07
51000.000000000095 5.111964560646461e-07
51050.000000000095 4.420557794692977e-07
51100.000000000095 3.1261638341907337e-07
51150.000000000095 3.8249599961516576e-07
51200.000000000095 5.263050096405404e-07
51250.000000000095 4.558158276565909e-07
51300.000000000095 3.433164723356349e-07
51350.000000000095 4.186862413274306e-07
51400.000000000095 3.1971971055211197e-07
51450.000000000095 2.875642021563551e-07
51500.000000000095 2.715233729358075e-07
51550.000000000095 4.5875436229274263e-07
51600.000000000095 3.303382203963214e-07
51650.000000000095 4.018346817032456e-07
51700.000000000095 4.3343854433437357e-07
51750.000000000095 3.1474928101510807e-07
51800.000000000095 5.178219899052322e-07
51850.000000000095 4.3656281530002154e-07
51900.000000000095 5.555169066795192e-07
51950.000000000095 4.557769079068901e-07
52000.000000000095 2.1720134523579022e-07
52050.000000000095 3.467319196361938e-07
52100.000000000095 3.1515900195889e-07
52150.000000000095 2.700710009723479e-07
52200.000000000095 2.836512080911044e-07
52250.000000000095 3.439201986490365e-07
52300.000000000095 5.422470054596899e-07
52350.000000000095 3.789274038354852e-07
52400.000000000095 3.057637648597579e-07
52450.000000000095 4.416682947695378e-07
52500.000000000095 4.1362806158936747e-07
52550.000000000095 4.319170001295844e-07
52600.000000000095 3.7866454914171614e-07
52650.000000000095 3.984809372593677e-07
52700.000000000095 3.2987982107088954e-07
52750.000000000095 2.835759847398827e-07
52800.000000000095 3.03059848279821e-07
52850.000000000095 3.408569304956514e-07
52900.000000000095 2.999640950645687e-07
52950.000000000095 3.116254548567613e-07
53000.000000000095 4.7048932773443995e-07
53050.000000000095 2.4632448945324604e-07
53100.000000000095 4.3260014583843556e-07
53150.000000000095 5.182723379405641e-07
53200.000000000095 2.683953668478067e-07
53250.000000000095 4.5596656435185955e-07
53300.000000000095 4.906647639165213e-07
53350.000000000095 4.692085375143903e-07
53400.000000000095 4.772916773829702e-07
53450.000000000095 2.669576406622008e-07
53500.000000000095 1.8943114585028777e-07
53550.000000000095 2.714056598361169e-07
53600.000000000095 3.6451006276866995e-07
53650.000000000095 2.9536064345175573e-07
53700.000000000095 2.8537437550564146e-07
53750.000000000095 2.857540525072916e-07
53800.000000000095 2.919790022661414e-07
53850.000000000095 3.748626799215204e-07
53900.000000000095 3.501701990503472e-07
53950.000000000095 4.607361535692973e-07
54000.000000000095 3.329482629623281e-07
54050.000000000095 3.270766589712188e-07
54100.000000000095 1.9442255761512414e-07
54150.000000000095 2.679889830524071e-07
54200.000000000095 1.6097673286041205e-07
54250.000000000095 1.90921859621355e-07
54300.000000000095 2.6422560310611186e-07
54350.000000000095 3.4301409872655446e-07
54400.000000000095 3.5036720393809185e-07
54450.000000000095 3.1884431110302015e-07
54500.000000000095 2.768078033464664e-07
54550.000000000095 2.3624236960398946e-07
54600.000000000095 2.9452080135307024e-07
54650.000000000095 1.9950312218285737e-07
54700.000000000095 3.4785530920748863e-07
54750.000000000095 3.2710035914010204e-07
54800.000000000095 2.4678818676959067e-07
54850.000000000095 2.7841473959678516e-07
54900.000000000095 3.637649755344006e-07
54950.000000000095 4.437300117714039e-07
55000.000000000095 2.423615654571316e-07
55050.000000000095 3.120532127674618e-07
55100.000000000095 2.956982687323358e-07
55150.000000000095 2.597664800118687e-07
55200.000000000095 2.5846834289363117e-07
55250.000000000095 2.6982285962354136e-07
55300.000000000095 2.123937790697758e-07
55350.000000000095 3.0836508591310836e-07
55400.000000000095 3.7399588825716095e-07
55450.000000000095 2.8614362583337455e-07
55500.000000000095 1.748249348336618e-07
55550.000000000095 2.3484846576666747e-07
55600.000000000095 2.2913848184218222e-07
55650.000000000095 1.8699248490521487e-07
55700.000000000095 2.3786333607580044e-07
55750.000000000095 2.705248351727359e-07
55800.000000000095 2.1552483219298046e-07
55850.000000000095 1.8703255199424372e-07
55900.000000000095 3.0495343630552315e-07
55950.000000000095 3.868561491569475e-07
56000.000000000095 2.0525485051851064e-07
56050.000000000095 2.732623796757158e-07
56100.000000000095 3.0137537032625e-07
56150.000000000095 2.3135184719329085e-07
56200.000000000095 2.565951902109419e-07
56250.000000000095 2.6886397171594204e-07
56300.000000000095 2.8387847907205906e-07
56350.000000000095 3.019401976719717e-07
56400.000000000095 2.115106328122997e-07
56450.000000000095 1.942270901893878e-07
56500.000000000095 2.4283210181031233e-07
56550.000000000095 1.6670438322135466e-07
56600.000000000095 2.9369299297615013e-07
56650.000000000095 2.6925560987173277e-07
56700.000000000095 3.1802321842555593e-07
56750.000000000095 1.8981083568489513e-07
56800.000000000095 2.971150830789628e-07
56850.000000000095 2.400255561877786e-07
56900.000000000095 2.1280116911475492e-07
56950.000000000095 3.100635539822587e-07
57000.000000000095 3.398456488192152e-07
57050.000000000095 2.3837920072188608e-07
57100.000000000095 1.4203964491267935e-07
57150.000000000095 2.0564039564040973e-07
57200.000000000095 1.6225358687593795e-07
57250.000000000095 2.2386072469585488e-07
57300.000000000095 2.6951684793419406e-07
57350.000000000095 1.7847781344447104e-07
57400.000000000095 2.776595525234353e-07
57450.000000000095 2.5601139186808277e-07
57500.000000000095 2.3869239042415716e-07
57550.000000000095 2.8795285824011973e-07
57600.000000000095 3.0564423472568053e-07
57650.000000000095 1.4830634843246238e-07
57700.000000000095 1.781299043887311e-07
57750.000000000095 2.1703103268281096e-07
57800.000000000095 1.0626681123717837e-07
57850.000000000095 3.3473214164397434e-07
57900.000000000095 3.875735778744816e-07
57950.000000000095 3.4465311788138573e-07
58000.000000000095 2.1938263087052597e-07
58050.000000000095 2.632892904064996e-07
58100.000000000095 3.2280403603269995e-07
58150.000000000095 2.633341277686216e-07
58200.000000000095 1.559595801947109e-07
58250.000000000095 2.0128197742597643e-07
58300.000000000095 1.6391143146394122e-07
58350.000000000095 1.9301395998865126e-07
58400.000000000095 2.436402787044937e-07
58450.000000000095 2.6356419646936053e-07
58500.000000000095 2.410739659875189e-07
58550.000000000095 2.8150161209917294e-07
58600.000000000095 1.8280861035109722e-07
58650.000000000095 2.1936914709472096e-07
58700.000000000095 2.1655411318752752e-07
58750.000000000095 2.498071036236732e-07
58800.000000000095 1.4065304368723863e-07
58850.000000000095 2.1188416160462982e-07
58900.000000000095 2.6015485223523845e-07
58950.000000000095 1.7488483439250747e-07
59000.000000000095 2.573500646154096e-07
59050.000000000095 2.7548552835191817e-07
59100.000000000095 3.2265095435127305e-07
59150.000000000095 2.491907754041031e-07
59200.000000000095 2.504271256122886e-07
59250.000000000095 2.67914855496194e-07
59300.000000000095 2.6276369995352566e-07
59350.000000000095 1.5508212311212036e-07
59400.000000000095 1.2704734608870364e-07
59450.000000000095 2.3172326548012217e-07
59500.000000000095 1.5642148536879318e-07
59550.000000000095 2.81803908876555e-07
59600.000000000095 2.9781050935113575e-07
59650.000000000095 2.5275910027057415e-07
59700.000000000095 1.7787758170870496e-07
59750.000000000095 3.465595625702103e-07
59800.000000000095 2.3296347640480504e-07
59850.000000000095 2.938202309085118e-07
59900.000000000095 1.661309357955195e-07
59950.000000000095 2.5138319729079993e-07
60000.000000000095 3.93178349128136e-07
60050.000000000095 3.296569741421971e-07
60100.000000000095 3.3313120648169424e-07
60150.000000000095 2.4622342972721896e-07
60200.000000000095 2.772485562672501e-07
60250.000000000095 3.215487861773571e-07
60300.000000000095 2.9962603038207463e-07
60350.000000000095 2.25794927321665e-07
60400.000000000095 2.8817026994501257e-07
60450.000000000095 1.6950819762314007e-07
60500.000000000095 1.2023217674622204e-07
60550.000000000095 2.8770534029502894e-07
60600.000000000095 2.7483034329235253e-07
60650.000000000095 2.464227669344055e-07
60700.000000000095 2.2117293080751479e-07
60750.000000000095 1.856632830852125e-07
60800.000000000095 2.8384499545756116e-07
60850.000000000095 3.969445231469558e-07
60900.000000000095 3.478098189193301e-07
60950.000000000095 3.2622004987864833e-07
61000.000000000095 2.7355289019151273e-07
61050.000000000095 2.077679703295131e-07
61100.000000000095 2.7286106058800853e-07
61150.000000000095 1.291663425633803e-07
61200.000000000095 3.413191266672528e-07
61250.000000000095 3.8512720387039377e-07
61300.000000000095 3.3497518115401774e-07
61350.000000000095 4.070056655144052e-07
61400.000000000095 2.940106130820759e-07
61450.000000000095 2.1290808363550238e-07
61500.000000000095 2.2145011960123918e-07
61550.000000000095 2.315231091306445e-07
61600.000000000095 1.7350678633513712e-07
61650.000000000095 2.4750587803228805e-07
61700.000000000095 2.1534689715585298e-07
61750.000000000095 2.5588547287139233e-07
61800.000000000095 2.931869258638622e-07
61850.000000000095 2.0099340458791725e-07
61900.000000000095 3.5644347637487523e-07
61950.000000000095 3.4119066188464064e-07
62000.000000000095 3.2432247293860277e-07
62050.000000000095 3.1318567760714215e-07
62100.000000000095 3.367590083324646e-07
62150.000000000095 3.2332047242390365e-07
62200.000000000095 2.932349289264912e-07
62250.000000000095 3.1163002470074885e-07
62300.000000000095 3.922534753160372e-07
62350.000000000095 3.425821020025192e-07
62400.000000000095 2.2134870235739916e-07
62450.000000000095 2.907726733165619e-07
62500.000000000095 3.737708869847408e-07
62550.000000000095 3.5203919464472935e-07
62600.000000000095 3.8161118938467155e-07
62650.000000000095 3.1691695731726364e-07
62700.000000000095 3.3051188639914307e-07
62750.000000000095 4.023819983152691e-07
62800.000000000095 2.8319585688641685e-07
62850.000000000095 3.613297815471225e-07
62900.000000000095 3.029232607586948e-07
62950.000000000095 3.8427500310014145e-07
63000.000000000095 3.424699379765994e-07
63050.000000000095 4.2681125479890146e-07
63100.000000000095 4.0286008200565233e-07
63150.000000000095 2.9115418276656936e-07
63200.000000000095 3.652402413936023e-07
63250.000000000095 3.5323805921571023e-07
63300.000000000095 3.8860674831841196e-07
63350.000000000095 3.505927816036164e-07
63400.000000000095 2.3768051111449693e-07
63450.000000000095 1.994267850345689e-07
63500.000000000095 3.3439089358497565e-07
63550.000000000095 3.226164563070822e-07
63600.000000000095 3.745529833707539e-07
63650.000000000095 2.916104785550294e-07
63700.000000000095 2.1521953650982866e-07
63750.000000000095 2.7658373755175706e-07
63800.000000000095 3.0033070330750176e-07
63850.000000000095 2.9440276890855853e-07
63900.000000000095 2.284756691926578e-07
63950.000000000095 3.118770032717401e-07
64000.000000000095 3.3956469888208285e-07
64050.000000000095 2.625963984928121e-07
64100.000000000095 1.2045903311532504e-07
64150.000000000095 1.604011204612484e-07
64200.000000000095 1.8142559018821487e-07
64250.000000000095 2.5827073630543295e-07
64300.000000000095 2.13680848363844e-07
64350.000000000095 1.869060551811798e-07
64400.000000000095 2.7443886852669317e-07
64450.000000000095 2.809908209293177e-07
64500.000000000095 1.7878515697658513e-07
64550.000000000095 2.546026383844981e-07
64600.000000000095 1.7952229957917e-07
64650.000000000095 2.582209560626458e-07
64700.000000000095 1.4969765113444893e-07
64750.000000000095 1.7365562804794435e-07
64800.000000000095 1.7359031655339896e-07
64850.000000000095 1.6277030513933537e-07
64900.000000000095 1.8617551579261455e-07
64950.000000000095 1.714482180790866e-07
65000.000000000095 2.0045164061889843e-07
65050.000000000095 1.9921951261524665e-07
65100.000000000095 2.3847838763622463e-07
65150.000000000095 1.885184738026677e-07
65200.000000000095 1.6361453562925035e-07
65250.000000000095 2.27511389955503e-07
65300.000000000095 2.0545507937339854e-07
65350.000000000095 3.243507724867897e-07
65400.000000000095 1.919517868621888e-07
65450.000000000095 1.9616740413772284e-07
65500.000000000095 2.2017049611957082e-07
65550.00000000009 1.6498810597531937e-07
65600.00000000009 1.917661596222187e-07
65650.00000000009 2.0335618153326302e-07
65700.00000000009 1.8413043219605454e-07
65750.00000000009 1.6117934055887113e-07
65800.00000000009 2.1323668388642798e-07
65850.00000000009 2.4341412167109314e-07
65900.00000000009 1.5997652993262413e-07
65950.00000000009 1.2929810512525908e-07
66000.00000000009 1.8261235455573285e-07
66050.00000000009 2.9113980899306867e-07
66100.00000000009 1.9807676036944569e-07
66150.00000000009 1.5524064821406603e-07
66200.00000000009 1.566924272456147e-07
66250.00000000009 1.5096177200334045e-07
66300.00000000009 9.050909538181246e-08
66350.00000000009 1.2531684952337344e-07
66400.00000000009 1.5406931529370172e-07
66450.00000000009 2.2883254177262716e-07
66500.00000000009 2.981842799860432e-07
66550.00000000009 2.710074038697466e-07
66600.00000000009 2.1738512806829806e-07
66650.00000000009 2.1642325024089057e-07
66700.00000000009 1.9437274417877217e-07
66750.00000000009 1.8404364407526312e-07
66800.00000000009 2.2416986699268743e-07
66850.00000000009 1.6603346310019174e-07
66900.00000000009 2.3233792298044946e-07
66950.00000000009 2.9843148725026944e-07
67000.00000000009 3.0002023564939524e-07
67050.00000000009 2.061020878190971e-07
67100.00000000009 1.857036676436828e-07
67150.00000000009 1.8730537086489167e-07
67200.00000000009 2.0513878061598998e-07
67250.00000000009 2.0583045286173411e-07
67300.00000000009 2.234242420670585e-07
67350.00000000009 1.705213888296299e-07
67400.00000000009 2.790376018106616e-07
67450.00000000009 2.2269855620409437e-07
67500.00000000009 2.0500268192046285e-07
67550.00000000009 2.3296322750323005e-07
67600.00000000009 3.5304481776441584e-07
67650.00000000009 2.6699849391495804e-07
67700.00000000009 2.2435452492411e-07
67750.00000000009 2.0432854407736372e-07
67800.00000000009 2.487229875359608e-07
67850.00000000009 1.7476218704125482e-07
67900.00000000009 2.0994951479779435e-07
67950.00000000009 1.5703903448336253e-07
68000.00000000009 2.0345483839452837e-07
68050.00000000009 2.6227264270432905e-07
68100.00000000009 2.6681276020224325e-07
68150.00000000009 2.1803620974272118e-07
68200.00000000009 2.324521750518655e-07
68250.00000000009 1.3497296386867445e-07
68300.00000000009 2.0735873451983856e-07
68350.00000000009 1.4272376650461405e-07
68400.00000000009 2.6378986109934223e-07
68450.00000000009 2.5968912835322516e-07
68500.00000000009 2.288137257821378e-07
68550.00000000009 1.6946927697687414e-07
68600.00000000009 1.8577210213891163e-07
68650.00000000009 1.3603136973873396e-07
68700.00000000009 1.9820988204587038e-07
68750.00000000009 2.2858777403629802e-07
68800.00000000009 2.489285388345007e-07
68850.00000000009 1.5940997932523122e-07
68900.00000000009 2.9732912965823337e-07
68950.00000000009 3.2626991495022086e-07
69000.00000000009 2.989849693794159e-07
69050.00000000009 2.0231445549993148e-07
69100.00000000009 3.106586163597097e-07
69150.00000000009 3.37483168005107e-07
69200.00000000009 2.1824350879612555e-07
69250.00000000009 3.0987223795429365e-07
69300.00000000009 2.6471452541392694e-07
69350.00000000009 2.892168031954764e-07
69400.00000000009 1.793940632940568e-07
69450.00000000009 3.1096352897849316e-07
69500.00000000009 2.226683622105517e-07
69550.00000000009 2.343310873761736e-07
69600.00000000009 1.1155930578913623e-07
69650.00000000009 2.1276376048180456e-07
69700.00000000009 2.8538200431863976e-07
69750.00000000009 2.2568981253337473e-07
69800.00000000009 2.649488344914283e-07
69850.00000000009 2.885384209446714e-07
69900.00000000009 2.29089568173498e-07
69950.00000000009 2.462435499090349e-07
70000.00000000009 2.0300317193748682e-07
70050.00000000009 2.992720520951128e-07
70100.00000000009 2.1866632412243048e-07
70150.00000000009 2.439760564054165e-07
70200.00000000009 1.9236812324092157e-07
70250.00000000009 2.3083614978394628e-07
70300.00000000009 2.800140478115599e-07
70350.00000000009 2.2724521656437306e-07
70400.00000000009 2.0261436234920276e-07
70450.00000000009 1.21031248327607e-07
70500.00000000009 1.703652494229057e-07
70550.00000000009 1.7805825527866128e-07
70600.00000000009 1.950458976613932e-07
70650.00000000009 2.5166900702960764e-07
70700.00000000009 2.2916111673068637e-07
70750.00000000009 2.7714109455935616e-07
70800.00000000009 1.9956861518888029e-07
70850.00000000009 1.862871477169335e-07
70900.00000000009 1.9083919173739068e-07
70950.00000000009 2.611554915473631e-07
71000.00000000009 2.3078268246454508e-07
71050.00000000009 2.3782244314912207e-07
71100.00000000009 2.1724973882705027e-07
71150.00000000009 2.1064262498540865e-07
71200.00000000009 1.8999725587778882e-07
71250.00000000009 2.0919052289103482e-07
71300.00000000009 2.40724454485569e-07
71350.00000000009 2.3343686769886173e-07
71400.00000000009 2.3436742608193102e-07
71450.00000000009 1.579336752130076e-07
71500.00000000009 1.898208329573734e-07
71550.00000000009 1.9069765415168295e-07
71600.00000000009 2.2814852321521048e-07
71650.00000000009 2.0195874069680511e-07
71700.00000000009 1.7012694849731072e-07
71750.00000000009 1.9809793150187548e-07
71800.00000000009 2.345126543540154e-07
71850.00000000009 2.419868129844581e-07
71900.00000000009 1.7564509932160403e-07
71950.00000000009 1.9047973386835073e-07
72000.00000000009 1.8601416327804e-07
72050.00000000009 1.5750423615097596e-07
72100.00000000009 1.8045845436859654e-07
72150.00000000009 1.6322241965867298e-07
72200.00000000009 1.8848168664387316e-07
72250.00000000009 2.1776648978475085e-07
72300.00000000009 1.951599368250226e-07
72350.00000000009 1.9265755379408904e-07
72400.00000000009 1.7255196422347887e-07
72450.00000000009 1.619684533776366e-07
72500.00000000009 1.916366559663601e-07
72550.00000000009 1.2656096173539115e-07
72600.00000000009 1.3692606204927718e-07
72650.00000000009 1.9957655128046677e-07
72700.00000000009 2.0105450432417552e-07
72750.00000000009 1.7997386500675046e-07
72800.00000000009 1.6800510809661877e-07
72850.00000000009 1.6621822692292608e-07
72900.00000000009 2.147095762620629e-07
72950.00000000009 1.859507126915402e-07
73000.00000000009 1.8865432754430937e-07
73050.00000000009 1.625745450219572e-07
73100.00000000009 1.445059985102817e-07
73150.00000000009 2.3309735457280455e-07
73200.00000000009 1.5843941373723722e-07
73250.00000000009 1.821695017542509e-07
73300.00000000009 1.7709268721399346e-07
73350.00000000009 1.5148443594936408e-07
73400.00000000009 1.8277958057890966e-07
73450.00000000009 1.2907480590581353e-07
73500.00000000009 1.3404359167358983e-07
73550.00000000009 1.7403929362218841e-07
73600.00000000009 1.496647252780822e-07
73650.00000000009 1.7377117026309188e-07
73700.00000000009 2.0001739346600183e-07
73750.00000000009 1.3799913705247156e-07
73800.00000000009 1.6599167437786516e-07
73850.00000000009 1.762206930228249e-07
73900.00000000009 1.8739781986995586e-07
73950.00000000009 1.553073873833241e-07
74000.00000000009 1.479486900490033e-07
74050.00000000009 2.3111143513183552e-07
74100.00000000009 1.5848120996837062e-07
74150.00000000009 1.7824095237851165e-07
74200.00000000009 1.606387356108489e-07
74250.00000000009 1.1852294395705774e-07
74300.00000000009 1.656130588802587e-07
74350.00000000009 1.930629462168796e-07
74400.00000000009 1.805452419580015e-07
74450.00000000009 1.215980255308974e-07
74500.00000000009 1.3855871753496681e-07
74550.00000000009 1.6797597509244233e-07
74600.00000000009 1.6166964430172557e-07
74650.00000000009 1.570320206734168e-07
74700.00000000009 1.328886426273384e-07
74750.00000000009 1.453073011644207e-07
74800.00000000009 1.53844338783006e-07
74850.00000000009 1.3256801378923072e-07
74900.00000000009 2.1375451758361078e-07
74950.00000000009 1.9390755667219671e-07
75000.00000000009 1.7311770442265363e-07
75050.00000000009 1.4114356525409963e-07
75100.00000000009 2.1538563677634802e-07
75150.00000000009 1.8287481685156798e-07
75200.00000000009 2.0648640195253877e-07
75250.00000000009 2.0448440295947072e-07
75300.00000000009 2.1009082464043578e-07
75350.00000000009 1.3183515242400414e-07
75400.00000000009 2.0908460334872626e-07
75450.00000000009 1.8150311013682725e-07
75500.00000000009 1.7313489030442014e-07
75550.00000000009 2.1004747572268587e-07
75600.00000000009 2.4828623512643164e-07
75650.00000000009 1.8286827337012796e-07
75700.00000000009 1.876106816564041e-07
75750.00000000009 1.5020051916355972e-07
75800.00000000009 1.9841878495544412e-07
75850.00000000009 2.2004745667264726e-07
75900.00000000009 1.9737632955493e-07
75950.00000000009 1.6442605990040266e-07
76000.00000000009 1.9134879568126616e-07
76050.00000000009 2.0048611342726864e-07
76100.00000000009 1.9088431699641312e-07
76150.00000000009 2.0566677050473587e-07
76200.00000000009 2.0757422667243495e-07
76250.00000000009 2.3091473241165378e-07
76300.00000000009 2.732830712263383e-07
76350.00000000009 2.99180781234413e-07
76400.00000000009 2.4109029609825753e-07
76450.00000000009 2.371343731222525e-07
76500.00000000009 1.977259617695204e-07
76550.00000000009 1.7580622244065488e-07
76600.00000000009 9.638844235829257e-08
76650.00000000009 1.1213671129465646e-07
76700.00000000009 1.2187640780475514e-07
76750.00000000009 1.118604126323971e-07
76800.00000000009 1.6413342672759295e-07
76850.00000000009 8.983424248503086e-08
76900.00000000009 1.0256418562070334e-07
76950.00000000009 1.377180429798781e-07
77000.00000000009 1.4161834149680643e-07
77050.00000000009 1.1482450901580921e-07
77100.00000000009 1.1740298418816362e-07
77150.00000000009 1.4552136213033453e-07
77200.00000000009 1.3672034546805143e-07
77250.00000000009 1.461388575505425e-07
77300.00000000009 1.3887606664167477e-07
77350.00000000009 1.0091810835896862e-07
77400.00000000009 9.860991679751766e-08
77450.00000000009 1.1151666791752418e-07
77500.00000000009 1.258361138985178e-07
77550.00000000009 1.3807647726754725e-07
77600.00000000009 1.4805762561186646e-07
77650.00000000009 1.450400316958683e-07
77700.00000000009 1.256604838482685e-07
77750.00000000009 1.6427067511914385e-07
77800.00000000009 1.5103235056078592e-07
77850.00000000009 1.8708177342699162e-07
77900.00000000009 1.6333648635363852e-07
77950.00000000009 1.206845196960445e-07
78000.00000000009 1.487804597559646e-07
78050.00000000009 1.4934880320846023e-07
78100.00000000009 1.1893234169051436e-07
78150.00000000009 1.7382293676340844e-07
78200.00000000009 1.7606671857648027e-07
78250.00000000009 1.8953416907506812e-07
78300.00000000009 1.844591833882426e-07
78350.00000000009 1.7508248609736098e-07
78400.00000000009 1.5564179843205874e-07
78450.00000000009 2.013003846741724e-07
78500.00000000009 2.019734908065184e-07
78550.00000000009 1.961475203724173e-07
78600.00000000009 1.7862709009638074e-07
78650.00000000009 1.0997063579798341e-07
78700.00000000009 1.5763956113400934e-07
78750.00000000009 1.4958794508153104e-07
78800.00000000009 1.881837722486781e-07
78850.00000000009 1.3093645356433245e-07
78900.00000000009 1.720848115451957e-07
78950.00000000009 1.5984111809613592e-07
79000.00000000009 1.7487894318251143e-07
79050.00000000009 1.574770520118614e-07
79100.00000000009 1.6361989900526162e-07
79150.00000000009 1.8592232938401577e-07
79200.00000000009 1.9460246347298505e-07
79250.00000000009 1.7316389306258502e-07
79300.00000000009 1.3695287790936425e-07
79350.00000000009 1.9511610998215584e-07
79400.00000000009 1.6097161163494028e-07
79450.00000000009 1.8546007703593808e-07
79500.00000000009 2.3601948748771033e-07
79550.00000000009 2.0303094716672796e-07
79600.00000000009 1.4312303891022175e-07
79650.00000000009 1.716990729088092e-07
79700.00000000009 1.9963184393213015e-07
79750.00000000009 2.040915973422438e-07
79800.00000000009 1.6547052488699668e-07
79850.00000000009 1.7059414266181073e-07
79900.00000000009 2.5497741187579406e-07
79950.00000000009 1.9457755266550436e-07
