# %ECSV 1.0
# ---
# datatype:
# - {name: wav, unit: Angstrom, datatype: float64}
# - {name: flux_nu, unit: erg / (cm2 Hz s), datatype: float64}
# schema: astropy-2.0
wav flux_nu
10000.000000000093 nan
10050.000000000093 2.1939956188291537e-07
10100.000000000093 2.5564837694514676e-07
10150.000000000093 2.614350745709057e-07
10200.000000000093 2.8837478182241633e-07
10250.000000000093 3.112169043765561e-07
10300.000000000093 3.274350255109839e-07
10350.000000000093 3.743207094418139e-07
10400.000000000093 4.113214617054533e-07
10450.000000000093 4.361121295395657e-07
10500.000000000093 4.438599396138777e-07
10550.000000000093 4.568011571128051e-07
10600.000000000093 4.815447809962529e-07
10650.000000000093 5.085395716076551e-07
10700.000000000093 5.379388800792435e-07
10750.000000000093 5.635452103676162e-07
10800.000000000093 5.839040200492879e-07
10850.000000000093 6.0789959910674e-07
10900.000000000093 5.462077850100993e-07
10950.000000000093 4.025803824749217e-07
11000.000000000093 3.2037482139503104e-07
11050.000000000093 2.4128358884829544e-07
11100.000000000093 1.8739341785638024e-07
11150.000000000093 1.4706933359332257e-07
11200.000000000093 1.5779728006586772e-07
11250.000000000093 2.030444771448288e-07
11300.000000000093 2.0154789318195356e-07
11350.000000000093 1.1528750758283273e-07
11400.000000000093 2.29886852987298e-07
11450.000000000093 1.7715276899449247e-07
11500.000000000093 2.082023133719268e-07
11550.000000000093 1.5127292021853427e-07
11600.000000000093 1.569299957770015e-07
11650.000000000093 1.9251031532119836e-07
11700.000000000093 1.993306770464674e-07
11750.000000000093 1.6934844793409043e-07
11800.000000000093 2.400538173058801e-07
11850.000000000093 2.9238751501761164e-07
11900.000000000093 3.465226956876508e-07
11950.000000000093 3.804572724832315e-07
12000.000000000093 4.582579223033378e-07
12050.000000000093 5.365350549574907e-07
12100.000000000093 5.893454808663773e-07
12150.000000000093 6.682523067033221e-07
12200.000000000093 7.257569212395e-07
12250.000000000093 7.969663289569555e-07
12300.000000000093 8.637381607795842e-07
12350.000000000093 8.833162055151683e-07
12400.000000000093 9.201402579015735e-07
12450.000000000093 9.951441984667395e-07
12500.000000000093 1.0418505586313709e-06
12550.000000000093 1.0928059852859077e-06
12600.000000000093 1.0952137308120866e-06
12650.000000000093 1.061589945275847e-06
12700.000000000093 1.0741625562646001e-06
12750.000000000093 1.0739578559367377e-06
12800.000000000093 1.0896480645474099e-06
12850.000000000093 9.89998247013167e-07
12900.000000000093 9.27279648588634e-07
12950.000000000093 9.126703335272404e-07
13000.000000000093 9.048888017839474e-07
13050.000000000093 8.611309083132188e-07
13100.000000000093 8.330325788439918e-07
13150.000000000093 7.25969409941757e-07
13200.000000000093 6.6862987371996e-07
13250.000000000093 4.94560476921636e-07
13300.000000000093 2.9256856624649253e-07
13350.000000000093 9.958395436276594e-08
13400.000000000093 4.6980703955514624e-08
13450.000000000093 3.265172168655951e-08
13500.000000000093 2.0401211960840515e-08
13550.000000000093 1.6105824550459735e-08
13600.000000000093 1.2789148342893397e-08
13650.000000000093 2.7994749669858205e-08
13700.000000000093 2.2604813974212436e-08
13750.000000000093 3.019974866457293e-08
13800.000000000093 3.835733121641677e-08
13850.000000000093 2.6842366471312757e-08
13900.000000000093 2.6563482593413848e-08
13950.000000000093 2.5477089740778278e-08
14000.000000000093 2.4943122382232683e-08
14050.000000000093 3.022646008693363e-08
14100.000000000093 2.292996917812418e-08
14150.000000000093 3.181389722774558e-08
14200.000000000093 2.5090272024405162e-08
14250.000000000093 2.6499445177527343e-08
14300.000000000093 4.001525026503633e-08
14350.000000000093 3.9093128369538934e-08
14400.000000000093 4.05172556146386e-08
14450.000000000093 4.754363862534747e-08
14500.000000000093 7.481603044431207e-08
14550.000000000093 7.469241610043707e-08
14600.000000000093 1.0418863445894588e-07
14650.000000000093 1.0298842150568489e-07
14700.000000000093 8.253879169488945e-08
14750.000000000093 1.0422936205842605e-07
14800.000000000093 1.2449106792205233e-07
14850.000000000093 1.3276809567385589e-07
14900.000000000093 1.3567469105717654e-07
14950.000000000093 1.5482911781524927e-07
15000.000000000093 1.741314667269039e-07
15050.000000000093 2.070566936746865e-07
15100.000000000093 2.2370696941504098e-07
15150.000000000093 2.417349565300695e-07
15200.000000000093 2.519786633786505e-07
15250.000000000093 2.991203519052734e-07
15300.000000000093 3.3107357245644154e-07
15350.000000000093 3.793517996412396e-07
15400.000000000093 4.11480995704265e-07
15450.000000000093 4.47828684665372e-07
15500.000000000093 4.684722026339087e-07
15550.000000000093 5.194708675996537e-07
15600.000000000093 5.379929488754674e-07
15650.000000000093 5.514761811790583e-07
15700.000000000093 6.02764235463122e-07
15750.000000000093 6.233641324234578e-07
15800.000000000093 6.204881833804236e-07
15850.000000000093 6.420514672787757e-07
15900.000000000093 6.238896382956156e-07
15950.000000000093 6.096068283249455e-07
16000.000000000093 5.641941215644401e-07
16050.000000000093 4.914048775589138e-07
16100.000000000093 4.3347328631844493e-07
16150.000000000093 3.5683670400490413e-07
16200.000000000093 2.9257627267402437e-07
16250.000000000093 2.868351444998269e-07
16300.000000000093 2.601487029261264e-07
16350.000000000093 2.780447097348754e-07
16400.000000000095 3.0146463340848807e-07
16450.000000000095 3.200724973005286e-07
16500.000000000095 3.4241180876616147e-07
16550.000000000095 3.344373828032097e-07
16600.000000000095 3.363823000681473e-07
16650.000000000095 2.582161785911512e-07
16700.000000000095 1.790022199101467e-07
16750.000000000095 2.2018643310915628e-07
16800.000000000095 2.764502220896378e-07
16850.000000000095 2.722456870384546e-07
16900.000000000095 2.554563586631422e-07
16950.000000000095 2.397838733190107e-07
17000.000000000095 2.1881329331655976e-07
17050.000000000095 2.6054903485464976e-07
17100.000000000095 2.7574374353572307e-07
17150.000000000095 2.4802898480505606e-07
17200.000000000095 2.814109584427063e-07
17250.000000000095 2.495805758406404e-07
17300.000000000095 2.2774885851944997e-07
17350.000000000095 2.1200712129069135e-07
17400.000000000095 2.0335532393785877e-07
17450.000000000095 1.9677364550775368e-07
17500.000000000095 2.0662762804055998e-07
17550.000000000095 1.7986180722290338e-07
17600.000000000095 1.6488829370579483e-07
17650.000000000095 1.597978354396685e-07
17700.000000000095 1.25688430229559e-07
17750.000000000095 1.0978707828030752e-07
17800.000000000095 1.224396384770991e-07
17850.000000000095 8.740363511457179e-08
17900.000000000095 1.0322738595331141e-07
17950.000000000095 7.929402831768594e-08
18000.000000000095 8.409233262553526e-08
18050.000000000095 7.474876007674569e-08
18100.000000000095 7.29332682491995e-08
18150.000000000095 9.159573011093361e-08
18200.000000000095 6.115744367442967e-08
18250.000000000095 1.1350138853194012e-07
18300.000000000095 7.311035165310017e-08
18350.000000000095 6.92859720186849e-08
18400.000000000095 6.189290605593555e-08
18450.000000000095 7.26978618165941e-08
18500.000000000095 7.59590473149116e-08
18550.000000000095 6.019566569434154e-08
18600.000000000095 5.398893144571491e-08
18650.000000000095 4.914704161450517e-08
18700.000000000095 4.7988360036098104e-08
18750.000000000095 6.275543744787114e-08
18800.000000000095 1.0443387732711862e-07
18850.000000000095 1.1544612910144409e-07
18900.000000000095 1.0154471847727551e-07
18950.000000000095 1.55605683150975e-07
19000.000000000095 1.1102614824177937e-07
19050.000000000095 8.692272592211118e-08
19100.000000000095 1.3656714664621508e-07
19150.000000000095 1.0365006102433335e-07
19200.000000000095 1.2401395108992475e-07
19250.000000000095 1.0073088384606213e-07
19300.000000000095 9.438846015879947e-08
19350.000000000095 8.833257160561606e-08
19400.000000000095 5.7647474153036585e-08
19450.000000000095 9.946273654934613e-08
19500.000000000095 9.753113643386692e-08
19550.000000000095 7.802022176393096e-08
19600.000000000095 9.626322700585482e-08
19650.000000000095 1.1519897688466302e-07
19700.000000000095 1.1312653481812287e-07
19750.000000000095 1.1262659448062762e-07
19800.000000000095 1.3036740774293285e-07
19850.000000000095 1.5924833660433485e-07
19900.000000000095 1.2299169356612283e-07
19950.000000000095 1.766866462919969e-07
20000.000000000095 1.6452106050393624e-07
20050.000000000095 1.8686504972723707e-07
20100.000000000095 1.89604272480719e-07
20150.000000000095 1.9958175366242045e-07
20200.000000000095 2.2291576859792925e-07
20250.000000000095 2.443116868027022e-07
20300.000000000095 2.3317149620478746e-07
20350.000000000095 2.658471244910363e-07
20400.000000000095 2.6412111794170877e-07
20450.000000000095 2.922832930549525e-07
20500.000000000095 3.044129050063123e-07
20550.000000000095 2.9968234161411875e-07
20600.000000000095 3.2997087483750804e-07
20650.000000000095 3.212587773604072e-07
20700.000000000095 3.2635098640478734e-07
20750.000000000095 3.3843083235204727e-07
20800.000000000095 3.404283246685994e-07
20850.000000000095 3.4122321362345287e-07
20900.000000000095 3.511476640325187e-07
20950.000000000095 3.4294365658886445e-07
21000.000000000095 3.462093050186391e-07
21050.000000000095 3.378015653818696e-07
21100.000000000095 3.350724115812224e-07
21150.000000000095 3.375774823742079e-07
21200.000000000095 3.272742632780797e-07
21250.000000000095 3.268450919351808e-07
21300.000000000095 3.0953405702338943e-07
21350.000000000095 3.1005559505325944e-07
21400.000000000095 2.9725765554941746e-07
21450.000000000095 2.864335173142857e-07
21500.000000000095 2.843303695617848e-07
21550.000000000095 2.747969700765194e-07
21600.000000000095 2.649408041134096e-07
21650.000000000095 2.5094039873994253e-07
21700.000000000095 2.5211259704516183e-07
21750.000000000095 2.3547620547897732e-07
21800.000000000095 2.185804259318147e-07
21850.000000000095 1.9920883037945783e-07
21900.000000000095 1.8480866456772796e-07
21950.000000000095 1.367187170455579e-07
22000.000000000095 9.127348497122923e-08
22050.000000000095 7.244973674714947e-08
22100.000000000095 1.0272454757943148e-07
22150.000000000095 1.1341938744842923e-07
22200.000000000095 1.1377603579484065e-07
22250.000000000095 1.0698352182526839e-07
22300.000000000095 1.0090752448558824e-07
22350.000000000095 9.461686679538863e-08
22400.000000000095 8.088572053268279e-08
22450.000000000095 7.37465958272554e-08
22500.000000000095 7.701524724588276e-08
22550.000000000095 5.976594966728601e-08
22600.000000000095 6.809821200566318e-08
22650.000000000095 7.066718960377303e-08
22700.000000000095 6.776475328307279e-08
22750.000000000095 6.857390888366796e-08
22800.000000000095 6.516030538334992e-08
22850.000000000095 5.7424360975599804e-08
22900.000000000095 5.503764251246556e-08
22950.000000000095 5.422504250123057e-08
23000.000000000095 4.9581442627411394e-08
23050.000000000095 6.434027734546618e-08
23100.000000000095 8.937750514506763e-08
23150.000000000095 8.706999657613481e-08
23200.000000000095 4.034007945385369e-08
23250.000000000095 4.4655928084518076e-08
23300.000000000095 4.260534212520652e-08
23350.000000000095 3.749670908620954e-08
23400.000000000095 4.51737077975809e-08
23450.000000000095 4.266165387991554e-08
23500.000000000095 4.381717527535456e-08
23550.000000000095 5.817161804334153e-08
23600.000000000095 6.427945956403451e-08
23650.000000000095 6.993784852991172e-08
23700.000000000095 4.2430843731078905e-08
23750.000000000095 4.191995963377129e-08
23800.000000000095 5.088548840179853e-08
23850.000000000095 5.075415847782381e-08
23900.000000000095 7.189314742788672e-08
23950.000000000095 7.034524224653899e-08
24000.000000000095 8.878222347059931e-08
24050.000000000095 9.030946590287267e-08
24100.000000000095 7.631375373476806e-08
24150.000000000095 8.715692059251706e-08
24200.000000000095 9.391813483711295e-08
24250.000000000095 8.407459044403608e-08
24300.000000000095 9.432391113424012e-08
24350.000000000095 8.099000447147645e-08
24400.000000000095 1.1022744319366983e-07
24450.000000000095 9.052508096588984e-08
24500.000000000095 9.976762272131717e-08
24550.000000000095 9.831882546546212e-08
24600.000000000095 1.0702671207938104e-07
24650.000000000095 1.2140240947901978e-07
24700.000000000095 9.043542295861675e-08
24750.000000000095 8.539418528884444e-08
24800.000000000095 9.112958931339678e-08
24850.000000000095 1.2422968420413585e-07
24900.000000000095 6.355557472960015e-08
24950.000000000095 1.0505303982957217e-07
25000.000000000095 9.948753594636551e-08
25050.000000000095 6.817482837239172e-08
25100.000000000095 9.177265193738272e-08
25150.000000000095 5.851858768619224e-08
25200.000000000095 7.907726528048299e-08
25250.000000000095 5.277245159541916e-08
25300.000000000095 7.213308374097567e-08
25350.000000000095 4.333510404677881e-08
25400.000000000095 7.493151325661515e-08
25450.000000000095 4.793132093414459e-08
25500.000000000095 4.704976057897581e-08
25550.000000000095 5.955669622511623e-08
25600.000000000095 5.3684346146143436e-08
25650.000000000095 3.5929567317627716e-08
25700.000000000095 6.789957993371948e-08
25750.000000000095 3.522998428485201e-08
25800.000000000095 6.955116031240609e-08
25850.000000000095 3.602516709315489e-08
25900.000000000095 5.314136814377293e-08
25950.000000000095 3.2813227353015487e-08
26000.000000000095 6.588383561534637e-08
26050.000000000095 4.518862268547557e-08
26100.000000000095 7.676843283294434e-08
26150.000000000095 6.183502735749474e-08
26200.000000000095 6.65087474163752e-08
26250.000000000095 9.544064947182189e-08
26300.000000000095 6.699434699736194e-08
26350.000000000095 1.0446303824717253e-07
26400.000000000095 1.0999269290428065e-07
26450.000000000095 1.069115008298521e-07
26500.000000000095 1.0806590975890766e-07
26550.000000000095 7.467934283049153e-08
26600.000000000095 8.790653482660467e-08
26650.000000000095 4.6325890727223577e-08
26700.000000000095 3.921448052804002e-08
26750.000000000095 3.469611764710692e-08
26800.000000000095 4.800278855710485e-08
26850.000000000095 2.8827145535423473e-08
26900.000000000095 5.835187534039778e-08
26950.000000000095 3.1591560764013436e-08
27000.000000000095 6.95359128611425e-08
27050.000000000095 6.398111624675954e-08
27100.000000000095 4.670902148803306e-08
27150.000000000095 8.092963255168922e-08
27200.000000000095 5.094738922978589e-08
27250.000000000095 5.904113294929691e-08
27300.000000000095 1.2167041640125598e-07
27350.000000000095 9.213037996402864e-08
27400.000000000095 3.265073083662285e-08
27450.000000000095 1.0980927897345947e-07
27500.000000000095 1.1673075540505923e-07
27550.000000000095 5.819593797173583e-08
27600.000000000095 9.709997191657356e-08
27650.000000000095 4.921464422173254e-08
27700.000000000095 4.203320856532406e-08
27750.000000000095 9.78402013302482e-08
27800.000000000095 5.276273585512735e-08
27850.000000000095 5.7950441016910984e-08
27900.000000000095 7.5866240784347e-08
27950.000000000095 1.0079835254500057e-07
28000.000000000095 8.591227238585453e-08
28050.000000000095 4.094439038044597e-08
28100.000000000095 1.1345590558167724e-07
28150.000000000095 7.967608342619032e-08
28200.000000000095 4.070009156595427e-08
28250.000000000095 1.1284635988727937e-07
28300.000000000095 1.3762221216450133e-07
28350.000000000095 4.5863223499473935e-08
28400.000000000095 9.882549963672574e-08
28450.000000000095 1.1723666243588575e-07
28500.000000000095 9.333085866918953e-08
28550.000000000095 4.5143234151630734e-08
28600.000000000095 1.2777598337577522e-07
28650.000000000095 1.0850726668083257e-07
28700.000000000095 9.300248173690555e-08
28750.000000000095 1.2679008201360369e-07
28800.000000000095 1.1906285029350573e-07
28850.000000000095 1.3728091148726647e-07
28900.000000000095 7.240644659554322e-08
28950.000000000095 1.58630359835555e-07
29000.000000000095 1.1551105769751889e-07
29050.000000000095 1.343823301136996e-07
29100.000000000095 9.008976123451693e-08
29150.000000000095 1.7961801815799216e-07
29200.000000000095 1.1569521015177454e-07
29250.000000000095 1.549039851941986e-07
29300.000000000095 9.943512958728919e-08
29350.000000000095 2.645523442041531e-07
29400.000000000095 1.493745048664625e-07
29450.000000000095 1.5215598330080998e-07
29500.000000000095 1.7072384593766667e-07
29550.000000000095 1.517540995059247e-07
29600.000000000095 1.9677168769129394e-07
29650.000000000095 1.638457644958915e-07
29700.000000000095 1.5066067980469192e-07
29750.000000000095 1.9343729860589514e-07
29800.000000000095 2.0494827834051176e-07
29850.000000000095 2.113309861759652e-07
29900.000000000095 2.1456924981045957e-07
29950.000000000095 2.027622958303287e-07
30000.000000000095 1.7765433213249075e-07
30050.000000000095 1.5089651321431785e-07
30100.000000000095 1.8070396990889605e-07
30150.000000000095 2.4516814378638e-07
30200.000000000095 1.833365361384572e-07
30250.000000000095 2.518760165488256e-07
30300.000000000095 2.186166905863539e-07
30350.000000000095 2.0723652108977533e-07
30400.000000000095 2.3384169362721536e-07
30450.000000000095 1.8285503385023065e-07
30500.000000000095 1.8261068373864085e-07
30550.000000000095 1.8890170729357837e-07
30600.000000000095 2.1596297246829192e-07
30650.000000000095 1.9039187420672881e-07
30700.000000000095 1.711742492281501e-07
30750.000000000095 1.6107073164209717e-07
30800.000000000095 1.580054575791209e-07
30850.000000000095 1.462887340042326e-07
30900.000000000095 1.5059710201723967e-07
30950.000000000095 1.0593007805762794e-07
31000.000000000095 1.2290236301266975e-07
31050.000000000095 1.3773309153178634e-07
31100.000000000095 9.741358871678526e-08
31150.000000000095 1.114135633673336e-07
31200.000000000095 1.2282563407952092e-07
31250.000000000095 9.740724208741535e-08
31300.000000000095 9.469658928915211e-08
31350.000000000095 9.233678682799941e-08
31400.000000000095 6.933578682277519e-08
31450.000000000095 9.066525594853955e-08
31500.000000000095 7.065652156100181e-08
31550.000000000095 8.109627098663479e-08
31600.000000000095 6.284138275744253e-08
31650.000000000095 6.160941206653874e-08
31700.000000000095 7.151904956101239e-08
31750.000000000095 5.237184558559618e-08
31800.000000000095 6.472049560869068e-08
31850.000000000095 5.403801159728561e-08
31900.000000000095 5.925255731636411e-08
31950.000000000095 5.465400838962907e-08
32000.000000000095 5.646287004801629e-08
32050.000000000095 4.9188093852923906e-08
32100.000000000095 4.563697926108494e-08
32150.000000000095 5.9198452662349494e-08
32200.000000000095 4.350573126043876e-08
32250.000000000095 6.378870445972237e-08
32300.000000000095 4.074922101112321e-08
32350.000000000095 7.564069286002261e-08
32400.000000000095 5.170764385275888e-08
32450.000000000095 7.263270361560252e-08
32500.000000000095 5.682555599387708e-08
32550.000000000095 6.752186854929078e-08
32600.000000000095 7.559454520294969e-08
32650.000000000095 8.723104895875265e-08
32700.000000000095 7.841918584209625e-08
32750.000000000095 1.0001720417165992e-07
32800.000000000095 8.852576990401992e-08
32850.000000000095 1.0881126858836548e-07
32900.000000000095 1.1626067015061894e-07
32950.000000000095 1.210734781166685e-07
33000.000000000095 1.0600700808834115e-07
33050.000000000095 1.0261356365339343e-07
33100.000000000095 6.20132814409743e-08
33150.000000000095 1.637462959785052e-08
33200.000000000095 1.8618931095205654e-08
33250.000000000095 1.2685381301081752e-08
33300.000000000095 1.4172728884990695e-08
33350.000000000095 2.4481805154903027e-08
33400.000000000095 3.4175935433535414e-08
33450.000000000095 4.2158188132365177e-08
33500.000000000095 5.855490151095415e-08
33550.000000000095 5.499208946477534e-08
33600.000000000095 8.045496486080125e-08
33650.000000000095 8.423126437193726e-08
33700.000000000095 7.297233799314811e-08
33750.000000000095 1.0082434968026197e-07
33800.000000000095 6.581857726119661e-08
33850.000000000095 9.072631193794727e-08
33900.000000000095 8.053340603909583e-08
33950.000000000095 9.01030013808667e-08
34000.000000000095 9.545003503770944e-08
34050.000000000095 4.995420204366513e-08
34100.000000000095 9.130600239933505e-08
34150.000000000095 6.47283264996938e-08
34200.000000000095 8.140462881437716e-08
34250.000000000095 7.489863965141899e-08
34300.000000000095 6.054524845910524e-08
34350.000000000095 8.56219402837825e-08
34400.000000000095 6.480499504970244e-08
34450.000000000095 9.094558337292132e-08
34500.000000000095 8.067621004364862e-08
34550.000000000095 5.8556235025477656e-08
34600.000000000095 9.750411004101949e-08
34650.000000000095 6.09141279613949e-08
34700.000000000095 7.231989902830602e-08
34750.000000000095 7.739397547988255e-08
34800.000000000095 4.983441676795865e-08
34850.000000000095 8.359763118453047e-08
34900.000000000095 8.669187031102416e-08
34950.000000000095 7.890435529892725e-08
35000.000000000095 1.0586228583888151e-07
35050.000000000095 7.752691063737195e-08
35100.000000000095 1.0551689535113697e-07
35150.000000000095 9.502329252580341e-08
35200.000000000095 1.1472496313457047e-07
35250.000000000095 1.3736670865545012e-07
35300.000000000095 8.322851738305607e-08
35350.000000000095 1.187506470384233e-07
35400.000000000095 1.1913418303947794e-07
35450.000000000095 1.0281545674550686e-07
35500.000000000095 1.513885881500017e-07
35550.000000000095 1.3266855501099905e-07
35600.000000000095 1.4217222531631393e-07
35650.000000000095 1.533962854364115e-07
35700.000000000095 1.0633484811234755e-07
35750.000000000095 1.6245309708982026e-07
35800.000000000095 1.6089899892977953e-07
35850.000000000095 1.2383362579998057e-07
35900.000000000095 1.7626121737488269e-07
35950.000000000095 1.6875927079699697e-07
36000.000000000095 1.497326864794911e-07
36050.000000000095 1.8433128298012067e-07
36100.000000000095 1.642435481806836e-07
36150.000000000095 1.9390315602058335e-07
36200.000000000095 2.017640183006051e-07
36250.000000000095 1.9769875693595949e-07
36300.000000000095 2.2175134997942055e-07
36350.000000000095 2.1949929852261906e-07
36400.000000000095 2.5401612923228897e-07
36450.000000000095 2.456748719564672e-07
36500.000000000095 2.455715937928319e-07
36550.000000000095 2.767425195613339e-07
36600.000000000095 3.055704485105579e-07
36650.000000000095 2.9039946012944575e-07
36700.000000000095 3.0588809866188216e-07
36750.000000000095 3.2961143818457216e-07
36800.000000000095 3.269926496275409e-07
36850.000000000095 3.1270219911013527e-07
36900.000000000095 3.1295859010195983e-07
36950.000000000095 3.576033864324879e-07
37000.000000000095 3.3631643323694245e-07
37050.000000000095 3.651362466166893e-07
37100.000000000095 3.6102426331301006e-07
37150.000000000095 3.84765703720677e-07
37200.000000000095 4.0499023042619163e-07
37250.000000000095 3.6163084757785884e-07
37300.000000000095 3.6312193095162394e-07
37350.000000000095 4.115318243608807e-07
37400.000000000095 4.596176260649205e-07
37450.000000000095 4.194170690909042e-07
37500.000000000095 3.9241605298581235e-07
37550.000000000095 4.886376410306112e-07
37600.000000000095 5.171278285548406e-07
37650.000000000095 4.2424784676522415e-07
37700.000000000095 4.907952846887874e-07
37750.000000000095 4.066241093616469e-07
37800.000000000095 4.735571633294632e-07
37850.000000000095 3.920445616547988e-07
37900.000000000095 4.6079430107958295e-07
37950.000000000095 4.977181130778148e-07
38000.000000000095 5.44595745433596e-07
38050.000000000095 4.977606940463169e-07
38100.000000000095 5.407188152525451e-07
38150.000000000095 5.372460920860067e-07
38200.000000000095 5.638462204423755e-07
38250.000000000095 5.495386774623034e-07
38300.000000000095 6.277451795703251e-07
38350.000000000095 6.313424246473439e-07
38400.000000000095 5.073859618188367e-07
38450.000000000095 5.745968911298198e-07
38500.000000000095 5.212136421276126e-07
38550.000000000095 5.843630560116267e-07
38600.000000000095 5.890624868350807e-07
38650.000000000095 6.498195947885331e-07
38700.000000000095 6.622644728105349e-07
38750.000000000095 6.474986992674542e-07
38800.000000000095 6.012892772041146e-07
38850.000000000095 6.814118196733403e-07
38900.000000000095 6.900303708558645e-07
38950.000000000095 6.53500917889949e-07
39000.000000000095 7.162577092521678e-07
39050.000000000095 6.745148924368825e-07
39100.000000000095 6.609936462163616e-07
39150.000000000095 7.009979150419837e-07
39200.000000000095 6.737146860237846e-07
39250.000000000095 7.371467564314928e-07
39300.000000000095 7.248644338869463e-07
39350.000000000095 7.85768918544144e-07
39400.000000000095 7.675544576336132e-07
39450.000000000095 7.76543857080121e-07
39500.000000000095 7.400710838311129e-07
39550.000000000095 7.498338903283259e-07
39600.000000000095 7.609817481293867e-07
39650.000000000095 8.306169409258386e-07
39700.000000000095 7.798121622361843e-07
39750.000000000095 7.089595125597272e-07
39800.000000000095 7.685160425140885e-07
39850.000000000095 8.320681709696459e-07
39900.000000000095 8.292829877400853e-07
39950.000000000095 8.121329201469852e-07
40000.000000000095 8.368726669396111e-07
40050.000000000095 8.38947570471639e-07
40100.000000000095 7.665909053817735e-07
40150.000000000095 8.779218433276537e-07
40200.000000000095 8.751635755204341e-07
40250.000000000095 8.261642186092508e-07
40300.000000000095 8.623812203308213e-07
40350.000000000095 7.98606920364361e-07
40400.000000000095 8.731941094494489e-07
40450.000000000095 8.3827769443927e-07
40500.000000000095 8.196220837210705e-07
40550.000000000095 8.866035645438702e-07
40600.000000000095 8.255157597639005e-07
40650.000000000095 8.780441964168333e-07
40700.000000000095 9.772815662528904e-07
40750.000000000095 8.531506003539894e-07
40800.000000000095 7.831094396291748e-07
40850.000000000095 8.968589922408222e-07
40900.000000000095 8.904691217605166e-07
40950.000000000095 8.431354810643143e-07
41000.000000000095 8.58909531511625e-07
41050.000000000095 8.992306313823617e-07
41100.000000000095 8.085255070731084e-07
41150.000000000095 7.899082742619585e-07
41200.000000000095 9.045652108572364e-07
41250.000000000095 8.754488239358462e-07
41300.000000000095 7.474551585269482e-07
41350.000000000095 9.16019654219729e-07
41400.000000000095 8.498059767823327e-07
41450.000000000095 8.897973913602773e-07
41500.000000000095 8.284946465615889e-07
41550.000000000095 7.768631338408118e-07
41600.000000000095 8.375807948748915e-07
41650.000000000095 8.475079844984235e-07
41700.000000000095 7.78462755731015e-07
41750.000000000095 7.668301803565774e-07
41800.000000000095 9.238347779231847e-07
41850.000000000095 6.233660271377352e-07
41900.000000000095 7.522552319435227e-07
41950.000000000095 8.436036847734566e-07
42000.000000000095 8.488361869704969e-07
42050.000000000095 7.320682254657994e-07
42100.000000000095 8.743343803894263e-07
42150.000000000095 6.551304378659883e-07
42200.000000000095 7.048730211993812e-07
42250.000000000095 7.463117501949338e-07
42300.000000000095 7.286636638394818e-07
42350.000000000095 7.743459856249394e-07
42400.000000000095 7.642965129384287e-07
42450.000000000095 6.728067514843904e-07
42500.000000000095 6.664730834751397e-07
42550.000000000095 6.463699788291796e-07
42600.000000000095 7.432586719197516e-07
42650.000000000095 8.639868402960386e-07
42700.000000000095 6.978239932766736e-07
42750.000000000095 6.298813792657386e-07
42800.000000000095 6.493393200525468e-07
42850.000000000095 7.275496457899155e-07
42900.000000000095 7.642345239881136e-07
42950.000000000095 5.9085453035785e-07
43000.000000000095 7.519294590583386e-07
43050.000000000095 4.822756182703463e-07
43100.000000000095 6.528943832799806e-07
43150.000000000095 6.647413604056596e-07
43200.000000000095 6.64661227764767e-07
43250.000000000095 7.755970110687688e-07
43300.000000000095 7.851626085090581e-07
43350.000000000095 5.522659366392405e-07
43400.000000000095 6.737869764545392e-07
43450.000000000095 5.58971068659306e-07
43500.000000000095 5.920210356264655e-07
43550.000000000095 5.59425879197797e-07
43600.000000000095 6.607881050206881e-07
43650.000000000095 4.538691587161073e-07
43700.000000000095 6.650423332920507e-07
43750.000000000095 6.616212498381159e-07
43800.000000000095 5.419346334860593e-07
43850.000000000095 5.377688982900204e-07
43900.000000000095 5.069773246903271e-07
43950.000000000095 4.605447497170212e-07
44000.000000000095 3.3469675974108553e-07
44050.000000000095 4.574278744697828e-07
44100.000000000095 4.958375512169563e-07
44150.000000000095 4.8238539510783e-07
44200.000000000095 4.283191399997923e-07
44250.000000000095 3.845746187247974e-07
44300.000000000095 3.653175109448315e-07
44350.000000000095 3.233661582403205e-07
44400.000000000095 3.362420634960799e-07
44450.000000000095 3.496923998970135e-07
44500.000000000095 2.930681450110033e-07
44550.000000000095 3.1939110367359743e-07
44600.000000000095 2.719571502465188e-07
44650.000000000095 3.108682829776654e-07
44700.000000000095 2.895180960537979e-07
44750.000000000095 3.025521872969515e-07
44800.000000000095 2.802737573805352e-07
44850.000000000095 2.7176580487653715e-07
44900.000000000095 2.310038146517177e-07
44950.000000000095 2.292440316331905e-07
45000.000000000095 2.387503461589505e-07
45050.000000000095 2.4711245491559566e-07
45100.000000000095 2.3571042813545428e-07
45150.000000000095 2.1693269010683623e-07
45200.000000000095 1.762298103983988e-07
45250.000000000095 1.925304389900987e-07
45300.000000000095 2.2056001010212096e-07
45350.000000000095 2.191074040629706e-07
45400.000000000095 1.846049001198486e-07
45450.000000000095 1.804902759813033e-07
45500.000000000095 1.9144024775114556e-07
45550.000000000095 2.1940495891870202e-07
45600.000000000095 1.8061690558042304e-07
45650.000000000095 1.7359649196687326e-07
45700.000000000095 2.1577213636677892e-07
45750.000000000095 1.868589485459071e-07
45800.000000000095 1.6726345669246142e-07
45850.000000000095 2.391246604559043e-07
45900.000000000095 2.3296634748613525e-07
45950.000000000095 1.7487709513770605e-07
46000.000000000095 2.270906607187901e-07
46050.000000000095 2.408390185194463e-07
46100.000000000095 1.7561910531532563e-07
46150.000000000095 2.2741766166544972e-07
46200.000000000095 2.2171550675465914e-07
46250.000000000095 1.4265758535047763e-07
46300.000000000095 2.604855801542875e-07
46350.000000000095 1.9390374225263033e-07
46400.000000000095 2.2445553064931076e-07
46450.000000000095 2.797479373039197e-07
46500.000000000095 2.1945155700904796e-07
46550.000000000095 2.833862061344789e-07
46600.000000000095 2.7261181048329673e-07
46650.000000000095 4.1332709897697295e-07
46700.000000000095 3.292466748598572e-07
46750.000000000095 2.523440658447443e-07
46800.000000000095 2.1997691727462846e-07
46850.000000000095 2.9371224016028995e-07
46900.000000000095 2.5611128178084354e-07
46950.000000000095 3.4285392028293474e-07
47000.000000000095 2.1054446401383326e-07
47050.000000000095 3.4322366209641963e-07
47100.000000000095 1.8903485055776692e-07
47150.000000000095 2.4458002588216636e-07
47200.000000000095 2.7473795962408767e-07
47250.000000000095 2.0835958288975847e-07
47300.000000000095 2.338745399334717e-07
47350.000000000095 1.8516526036635445e-07
47400.000000000095 3.006578026075572e-07
47450.000000000095 1.904508414654878e-07
47500.000000000095 3.145807969044696e-07
47550.000000000095 1.9544270808740674e-07
47600.000000000095 2.956682440108196e-07
47650.000000000095 1.9287286396123558e-07
47700.000000000095 2.8061982735226844e-07
47750.000000000095 1.6942645904224163e-07
47800.000000000095 2.665911097010173e-07
47850.000000000095 1.4901936146457137e-07
47900.000000000095 2.445073084673977e-07
47950.000000000095 1.9998706205594689e-07
48000.000000000095 3.247065352678713e-07
48050.000000000095 2.2289896443454542e-07
48100.000000000095 2.8260693283448664e-07
48150.000000000095 2.1087854732766982e-07
48200.000000000095 2.973392528326402e-07
48250.000000000095 2.2415488541727354e-07
48300.000000000095 3.585299699415059e-07
48350.000000000095 2.135493564183412e-07
48400.000000000095 2.6209297228392515e-07
48450.000000000095 1.9501970922951913e-07
48500.000000000095 3.487060341930356e-07
48550.000000000095 1.960251021135063e-07
48600.000000000095 3.2334307242549356e-07
48650.000000000095 1.9704572557770102e-07
48700.000000000095 3.520718247409e-07
48750.000000000095 2.0953770989701865e-07
48800.000000000095 3.4219241995182126e-07
48850.000000000095 2.3171529343386757e-07
48900.000000000095 3.4319815401138876e-07
48950.000000000095 2.940630420156822e-07
49000.000000000095 2.6340061955406544e-07
49050.000000000095 3.2576698484466475e-07
49100.000000000095 2.4730467954355314e-07
49150.000000000095 3.5412805332526043e-07
49200.000000000095 2.5832999370304654e-07
49250.000000000095 3.485926050803393e-07
49300.000000000095 2.7344383310817e-07
49350.000000000095 2.9126212268957333e-07
49400.000000000095 3.328253193603213e-07
49450.000000000095 3.1072621635135923e-07
49500.000000000095 2.945485739258837e-07
49550.000000000095 1.9286179418827773e-07
49600.000000000095 3.0141546053497897e-07
49650.000000000095 2.9019399383642324e-07
49700.000000000095 2.6630729520101705e-07
49750.000000000095 4.0293210492062177e-07
49800.000000000095 2.66618250541782e-07
49850.000000000095 4.251654289301055e-07
49900.000000000095 3.410422172666578e-07
49950.000000000095 3.4908842313620375e-07
50000.000000000095 3.9290874760466876e-07
50050.000000000095 3.5713922188636017e-07
50100.000000000095 4.3865119973585885e-07
50150.000000000095 2.678084185140537e-07
50200.000000000095 2.0267989595985578e-07
50250.000000000095 3.8750624678905e-07
50300.000000000095 2.909692483906251e-07
50350.000000000095 4.097564766820056e-07
50400.000000000095 3.3501796351255924e-07
50450.000000000095 3.3210945007063915e-07
50500.000000000095 4.377260230019839e-07
50550.000000000095 3.5397688600770067e-07
50600.000000000095 3.699309973399084e-07
50650.000000000095 3.5329374277416914e-07
50700.000000000095 5.03431852344698e-07
50750.000000000095 4.544952811132877e-07
50800.000000000095 2.6562729052584795e-07
50850.000000000095 2.881134590983775e-07
50900.000000000095 4.5024113931320524e-07
50950.000000000095 4.4472976844717023e-07
51000.000000000095 4.4717284705810196e-07
51050.000000000095 3.884518908991812e-07
51100.000000000095 2.720414806686003e-07
51150.000000000095 3.3778045052200495e-07
51200.000000000095 4.647547383178149e-07
51250.000000000095 4.117845450663887e-07
51300.000000000095 2.9788352771466944e-07
51350.000000000095 3.7019147716212816e-07
51400.000000000095 2.8247080181847593e-07
51450.000000000095 2.5292542228078766e-07
51500.000000000095 2.384858406524059e-07
51550.000000000095 4.1191437155423045e-07
51600.000000000095 2.919232795793049e-07
51650.000000000095 3.6640716326166414e-07
51700.000000000095 3.900697553701674e-07
51750.000000000095 2.7520059645083304e-07
51800.000000000095 4.7357914282314857e-07
51850.000000000095 3.951732771971455e-07
51900.000000000095 5.001662152523843e-07
51950.000000000095 4.142405762519914e-07
52000.000000000095 1.870549493347128e-07
52050.000000000095 3.058196386512887e-07
52100.000000000095 2.792740984157615e-07
52150.000000000095 2.361740873937532e-07
52200.000000000095 2.473859289585597e-07
52250.000000000095 3.0589137318337e-07
52300.000000000095 4.87117249250584e-07
52350.000000000095 3.366387409790141e-07
52400.000000000095 2.719907937452022e-07
52450.000000000095 4.0011583614182793e-07
52500.000000000095 3.724618158514042e-07
52550.000000000095 3.901808601901047e-07
52600.000000000095 3.3377093641921525e-07
52650.000000000095 3.5500420760502674e-07
52700.000000000095 2.9657722867722447e-07
52750.000000000095 2.516718040966319e-07
52800.000000000095 2.6951192485730987e-07
52850.000000000095 3.0470230023631944e-07
52900.000000000095 2.623890280653052e-07
52950.000000000095 2.7234370441201155e-07
53000.000000000095 4.3017494584940314e-07
53050.000000000095 2.154474201169992e-07
53100.000000000095 3.9175567762723504e-07
53150.000000000095 4.7154112168742504e-07
53200.000000000095 2.3936975856495353e-07
53250.000000000095 4.16752415740776e-07
53300.000000000095 4.444503740931147e-07
53350.000000000095 4.251103475714971e-07
53400.000000000095 4.335172672994298e-07
53450.000000000095 2.339005197754109e-07
53500.000000000095 1.6272708692819858e-07
53550.000000000095 2.3737476627389265e-07
53600.000000000095 3.2400270158905693e-07
53650.000000000095 2.658298720546695e-07
53700.000000000095 2.538139278850798e-07
53750.000000000095 2.5501940186107576e-07
53800.000000000095 2.581703899274097e-07
53850.000000000095 3.35488804618839e-07
53900.000000000095 3.1124267311852017e-07
53950.000000000095 4.1255409715030865e-07
54000.000000000095 2.9673538558110027e-07
54050.000000000095 2.9444163099933944e-07
54100.000000000095 1.6901830394441527e-07
54150.000000000095 2.3594467678301777e-07
54200.000000000095 1.3671282875699893e-07
54250.000000000095 1.626096615914201e-07
54300.000000000095 2.336074934813572e-07
54350.000000000095 3.069962484874721e-07
54400.000000000095 3.130770732253343e-07
54450.000000000095 2.7768255932869103e-07
54500.000000000095 2.425141030005633e-07
54550.000000000095 2.0994198695576722e-07
54600.000000000095 2.624606874040898e-07
54650.000000000095 1.695917995443199e-07
54700.000000000095 3.098010871370732e-07
54750.000000000095 2.913109060310627e-07
54800.000000000095 2.1710256769302378e-07
54850.000000000095 2.4770971672220746e-07
54900.000000000095 3.244944623584657e-07
54950.000000000095 4.0270446244303107e-07
55000.000000000095 2.0868206067173834e-07
55050.000000000095 2.7901146049657493e-07
55100.000000000095 2.6109586249196415e-07
55150.000000000095 2.265958598654318e-07
55200.000000000095 2.2549014571854444e-07
55250.000000000095 2.396143769456366e-07
55300.000000000095 1.8530719732747141e-07
55350.000000000095 2.746980540087038e-07
55400.000000000095 3.3638019763546384e-07
55450.000000000095 2.522845405387455e-07
55500.000000000095 1.505889168283242e-07
55550.000000000095 2.0375927892399083e-07
55600.000000000095 1.977185795310347e-07
55650.000000000095 1.6307398209295523e-07
55700.000000000095 2.0882055228467176e-07
55750.000000000095 2.3543519684213788e-07
55800.000000000095 1.8401543734494897e-07
55850.000000000095 1.612356131833766e-07
55900.000000000095 2.696436256234244e-07
55950.000000000095 3.438857442339316e-07
56000.000000000095 1.7905651297331753e-07
56050.000000000095 2.386840113613996e-07
56100.000000000095 2.68090950522805e-07
56150.000000000095 2.0243147044234406e-07
56200.000000000095 2.260029564788251e-07
56250.000000000095 2.378337062851189e-07
56300.000000000095 2.504012361432529e-07
56350.000000000095 2.6138682516896953e-07
56400.000000000095 1.808985162785228e-07
56450.000000000095 1.6381888232605087e-07
56500.000000000095 2.0708883872466112e-07
56550.000000000095 1.4186061354704315e-07
56600.000000000095 2.5949733477955945e-07
56650.000000000095 2.3976964630215933e-07
56700.000000000095 2.7903724596853787e-07
56750.000000000095 1.613601763696535e-07
56800.000000000095 2.6415944846905637e-07
56850.000000000095 2.128468304992958e-07
56900.000000000095 1.8300774572077106e-07
56950.000000000095 2.735275554744875e-07
57000.000000000095 2.9981311859972936e-07
57050.000000000095 2.0628711153650453e-07
57100.000000000095 1.199288655277394e-07
57150.000000000095 1.7327250628246447e-07
57200.000000000095 1.3872513653610942e-07
57250.000000000095 1.9300442788914852e-07
57300.000000000095 2.3745105871423742e-07
57350.000000000095 1.5218498522793038e-07
57400.000000000095 2.4191012907834665e-07
57450.000000000095 2.207551817363609e-07
57500.000000000095 2.0704053952848517e-07
57550.000000000095 2.5411152882946715e-07
57600.000000000095 2.684985736726258e-07
57650.000000000095 1.2479215930942817e-07
57700.000000000095 1.5212391432380248e-07
57750.000000000095 1.869345873616456e-07
57800.000000000095 8.740827992819088e-08
57850.000000000095 3.0056411462681336e-07
57900.000000000095 3.4750951813038364e-07
57950.000000000095 3.101354487892906e-07
58000.000000000095 1.860514503406342e-07
58050.000000000095 2.331645526003367e-07
58100.000000000095 2.8419646191170703e-07
58150.000000000095 2.263850337994075e-07
58200.000000000095 1.3176291678260204e-07
58250.000000000095 1.719848383987588e-07
58300.000000000095 1.3908014661938133e-07
58350.000000000095 1.6676210066809153e-07
58400.000000000095 2.1458785273961647e-07
58450.000000000095 2.3095289656565274e-07
58500.000000000095 2.1106314559273432e-07
58550.000000000095 2.4486999282836934e-07
58600.000000000095 1.5514341309790035e-07
58650.000000000095 1.877927771299195e-07
58700.000000000095 1.8986749179740428e-07
58750.000000000095 2.1712432211954508e-07
58800.000000000095 1.1661527817109198e-07
58850.000000000095 1.8289350334525234e-07
58900.000000000095 2.2845117389018004e-07
58950.000000000095 1.4908936175983192e-07
59000.000000000095 2.2531231088380774e-07
59050.000000000095 2.4272798715004136e-07
59100.000000000095 2.849121283363345e-07
59150.000000000095 2.1571851676451647e-07
59200.000000000095 2.1988021507492517e-07
59250.000000000095 2.3608045444531938e-07
59300.000000000095 2.2956592207432853e-07
59350.000000000095 1.2995334369634732e-07
59400.000000000095 1.0447246969006144e-07
59450.000000000095 2.018873931723803e-07
59500.000000000095 1.33487578518526e-07
59550.000000000095 2.4599604550947434e-07
59600.000000000095 2.5744325147902365e-07
59650.000000000095 2.1884240509068264e-07
59700.000000000095 1.5299644002868036e-07
59750.000000000095 3.0752769309460484e-07
59800.000000000095 1.993523251986063e-07
59850.000000000095 2.5751757988435634e-07
59900.000000000095 1.403466875153286e-07
59950.000000000095 2.186656854524896e-07
60000.000000000095 3.4438730825817374e-07
60050.000000000095 2.913331969362076e-07
60100.000000000095 2.9478819122445135e-07
60150.000000000095 2.1230167649852157e-07
60200.000000000095 2.420006164132478e-07
60250.000000000095 2.862913060590532e-07
60300.000000000095 2.6588905468814864e-07
60350.000000000095 1.9672015331598382e-07
60400.000000000095 2.5161511710621417e-07
60450.000000000095 1.440180044853778e-07
60500.000000000095 1.005430527906833e-07
60550.000000000095 2.531334017483059e-07
60600.000000000095 2.431223135155126e-07
60650.000000000095 2.1330062286055037e-07
60700.000000000095 1.8968330082079673e-07
60750.000000000095 1.548475462169085e-07
60800.000000000095 2.4854399368767477e-07
60850.000000000095 3.549326412358793e-07
60900.000000000095 3.1204362677038595e-07
60950.000000000095 2.8938809319645997e-07
61000.000000000095 2.3830682257522874e-07
61050.000000000095 1.782182212125458e-07
61100.000000000095 2.3705720621963568e-07
61150.000000000095 1.0808249121558826e-07
61200.000000000095 3.0073241702286306e-07
61250.000000000095 3.4047000766065844e-07
61300.000000000095 2.9488338633563003e-07
61350.000000000095 3.629874189652904e-07
61400.000000000095 2.5568262840036137e-07
61450.000000000095 1.769111513941063e-07
61500.000000000095 1.9240515148718495e-07
61550.000000000095 1.9866251797271814e-07
61600.000000000095 1.4873763786234405e-07
61650.000000000095 2.1838454723327338e-07
61700.000000000095 1.8660485205724298e-07
61750.000000000095 2.2354000622836408e-07
61800.000000000095 2.5332172360511144e-07
61850.000000000095 1.721710711794626e-07
61900.000000000095 3.148903629383136e-07
61950.000000000095 3.016441414546532e-07
62000.000000000095 2.905682074721842e-07
62050.000000000095 2.769089473103667e-07
62100.000000000095 2.947611268100367e-07
62150.000000000095 2.8965857106129905e-07
62200.000000000095 2.6033022083890414e-07
62250.000000000095 2.7207988438875227e-07
62300.000000000095 3.527025597383152e-07
62350.000000000095 3.008339089390244e-07
62400.000000000095 1.8990728730102364e-07
62450.000000000095 2.5591777377085636e-07
62500.000000000095 3.3194150590583413e-07
62550.000000000095 3.164496114071989e-07
62600.000000000095 3.4259137062802913e-07
62650.000000000095 2.807004698421789e-07
62700.000000000095 2.954689453945609e-07
62750.000000000095 3.619132940974684e-07
62800.000000000095 2.47319837953026e-07
62850.000000000095 3.209640998394985e-07
62900.000000000095 2.656933289963469e-07
62950.000000000095 3.3894126439693607e-07
63000.000000000095 3.0108709602864846e-07
63050.000000000095 3.835503255335531e-07
63100.000000000095 3.5766966734968205e-07
63150.000000000095 2.591402828939484e-07
63200.000000000095 3.272666847012258e-07
63250.000000000095 3.04233598937888e-07
63300.000000000095 3.4598516048137804e-07
63350.000000000095 3.1175378094895856e-07
63400.000000000095 2.05789807919801e-07
63450.000000000095 1.7073455225607626e-07
63500.000000000095 2.9367538037018446e-07
63550.000000000095 2.837078485338253e-07
63600.000000000095 3.3146037161574515e-07
63650.000000000095 2.4936044672224655e-07
63700.000000000095 1.8442394779202893e-07
63750.000000000095 2.424148551977433e-07
63800.000000000095 2.6887969007422115e-07
63850.000000000095 2.6157070803439897e-07
63900.000000000095 1.9770679511383727e-07
63950.000000000095 2.7342381032957165e-07
64000.000000000095 3.0066067284410316e-07
64050.000000000095 2.2898781622071453e-07
64100.000000000095 1.003701496977955e-07
64150.000000000095 1.3574609584350043e-07
64200.000000000095 1.5360484705061727e-07
64250.000000000095 2.2630188725073022e-07
64300.000000000095 1.845092759574057e-07
64350.000000000095 1.5838806047924614e-07
64400.000000000095 2.415623312933101e-07
64450.000000000095 2.491269026647593e-07
64500.000000000095 1.5390630761520178e-07
64550.000000000095 2.2283426617489481e-07
64600.000000000095 1.4737854821289076e-07
64650.000000000095 2.1988327152560352e-07
64700.000000000095 1.2720425528790465e-07
64750.000000000095 1.508219698244418e-07
64800.000000000095 1.49714517058232e-07
64850.000000000095 1.3826840307664074e-07
64900.000000000095 1.5773738306789958e-07
64950.000000000095 1.4612820771552188e-07
65000.000000000095 1.731099270319653e-07
65050.000000000095 1.7197089628691514e-07
65100.000000000095 2.1091580478801104e-07
65150.000000000095 1.5962023701586965e-07
65200.000000000095 1.3850358283305375e-07
65250.000000000095 2.000755669912801e-07
65300.000000000095 1.7718314069101746e-07
65350.000000000095 2.9043851769134254e-07
65400.000000000095 1.6730618682847325e-07
65450.000000000095 1.7199614727033555e-07
65500.000000000095 1.949135428828348e-07
65550.00000000009 1.4139534216421594e-07
65600.00000000009 1.680622019487101e-07
65650.00000000009 1.7718115950966282e-07
65700.00000000009 1.6082651397209704e-07
65750.00000000009 1.381002171637426e-07
65800.00000000009 1.8697476246355506e-07
65850.00000000009 2.146636067954189e-07
65900.00000000009 1.3668636445449748e-07
65950.00000000009 1.1165436322751402e-07
66000.00000000009 1.5986110187380038e-07
66050.00000000009 2.6105151752158867e-07
66100.00000000009 1.7374955842307e-07
66150.00000000009 1.3478968081090187e-07
66200.00000000009 1.360175113480619e-07
66250.00000000009 1.307178643104603e-07
66300.00000000009 7.50617843109687e-08
66350.00000000009 1.0552423112981615e-07
66400.00000000009 1.3167125467762166e-07
66450.00000000009 2.0206701636946279e-07
66500.00000000009 2.6465181085174396e-07
66550.00000000009 2.433342571299855e-07
66600.00000000009 1.9284514342440334e-07
66650.00000000009 1.8909395276225082e-07
66700.00000000009 1.69722657526384e-07
66750.00000000009 1.592096488694739e-07
66800.00000000009 1.9726885264215022e-07
66850.00000000009 1.4265413781300702e-07
66900.00000000009 2.0815381327994543e-07
66950.00000000009 2.6430785797050396e-07
67000.00000000009 2.6543193911499865e-07
67050.00000000009 1.8133208829705911e-07
67100.00000000009 1.6008491239286862e-07
67150.00000000009 1.621960030522635e-07
67200.00000000009 1.8061667603769323e-07
67250.00000000009 1.8156419229021867e-07
67300.00000000009 1.98798467052926e-07
67350.00000000009 1.452436023466748e-07
67400.00000000009 2.4796781509828354e-07
67450.00000000009 1.9697209365197615e-07
67500.00000000009 1.8091349013262226e-07
67550.00000000009 2.0869476601688386e-07
67600.00000000009 3.1991774584403873e-07
67650.00000000009 2.4123080582512265e-07
67700.00000000009 1.9918257827730664e-07
67750.00000000009 1.7896824599761884e-07
67800.00000000009 2.2164071703860117e-07
67850.00000000009 1.514586827257288e-07
67900.00000000009 1.8367991912395765e-07
67950.00000000009 1.3743992855628068e-07
68000.00000000009 1.785534482103356e-07
68050.00000000009 2.3332455992694428e-07
68100.00000000009 2.4179431003984354e-07
68150.00000000009 1.9626063355587557e-07
68200.00000000009 2.0779688905713244e-07
68250.00000000009 1.1399097464627734e-07
68300.00000000009 1.8494385891129668e-07
68350.00000000009 1.2226195378384283e-07
68400.00000000009 2.4019836929726516e-07
68450.00000000009 2.3460598148648616e-07
68500.00000000009 2.0434444128460795e-07
68550.00000000009 1.491372650652758e-07
68600.00000000009 1.6163721440955326e-07
68650.00000000009 1.1563360816320916e-07
68700.00000000009 1.7366225687396252e-07
68750.00000000009 2.0338065262009648e-07
68800.00000000009 2.225190817294636e-07
68850.00000000009 1.368973809578635e-07
68900.00000000009 2.674080078312092e-07
68950.00000000009 2.898454190957779e-07
69000.00000000009 2.664661984318731e-07
69050.00000000009 1.7701408982524666e-07
69100.00000000009 2.7879772916553777e-07
69150.00000000009 3.0712132128334564e-07
69200.00000000009 1.964426162136134e-07
69250.00000000009 2.8293894165501364e-07
69300.00000000009 2.292617212800255e-07
69350.00000000009 2.6379200610129e-07
69400.00000000009 1.5379096692789906e-07
69450.00000000009 2.805823774074263e-07
69500.00000000009 1.9441001524303141e-07
69550.00000000009 2.0635823216070936e-07
69600.00000000009 9.477875063998036e-08
69650.00000000009 1.8774979376714277e-07
69700.00000000009 2.5786987379478465e-07
69750.00000000009 1.9747551936214498e-07
69800.00000000009 2.3794065243811065e-07
69850.00000000009 2.5655446806577196e-07
69900.00000000009 2.012652549376569e-07
69950.00000000009 2.164778360177409e-07
70000.00000000009 1.8162444053809295e-07
70050.00000000009 2.7007749902258505e-07
70100.00000000009 1.9669973930198462e-07
70150.00000000009 2.165991536942125e-07
70200.00000000009 1.683905854690125e-07
70250.00000000009 2.065365974985254e-07
70300.00000000009 2.53173073215654e-07
70350.00000000009 2.0334948863771983e-07
70400.00000000009 1.7938696859569588e-07
70450.00000000009 1.0223406014032023e-07
70500.00000000009 1.4928566311031384e-07
70550.00000000009 1.5639725482236765e-07
70600.00000000009 1.6833679121912154e-07
70650.00000000009 2.2552686350598774e-07
70700.00000000009 2.057318116844435e-07
70750.00000000009 2.4973496410732787e-07
70800.00000000009 1.7594045650983028e-07
70850.00000000009 1.648756292106578e-07
70900.00000000009 1.6840930014359928e-07
70950.00000000009 2.3625366009368203e-07
71000.00000000009 2.0602880609091814e-07
71050.00000000009 2.1281870204683994e-07
71100.00000000009 1.9328601148353264e-07
71150.00000000009 1.8757942261757298e-07
71200.00000000009 1.6825435969364047e-07
71250.00000000009 1.8582677781230425e-07
71300.00000000009 2.1848489557721593e-07
71350.00000000009 2.1191624203827078e-07
71400.00000000009 2.1149391104955423e-07
71450.00000000009 1.3761417313672093e-07
71500.00000000009 1.6475698785373041e-07
71550.00000000009 1.6950087640391036e-07
71600.00000000009 2.0102355721306663e-07
71650.00000000009 1.7844598418679028e-07
71700.00000000009 1.4887578028544548e-07
71750.00000000009 1.7565114585164238e-07
71800.00000000009 2.1172622702144907e-07
71850.00000000009 2.1634164248500865e-07
71900.00000000009 1.556713388389319e-07
71950.00000000009 1.681915793634025e-07
72000.00000000009 1.6521672934555504e-07
72050.00000000009 1.3755984858710355e-07
72100.00000000009 1.5895950943159024e-07
72150.00000000009 1.4199669377809807e-07
72200.00000000009 1.674157139602821e-07
72250.00000000009 1.9465839580548609e-07
72300.00000000009 1.733718110641885e-07
72350.00000000009 1.7223024432206465e-07
72400.00000000009 1.5140232339250475e-07
72450.00000000009 1.4124863483052702e-07
72500.00000000009 1.6899638432128024e-07
72550.00000000009 1.0815493651990498e-07
72600.00000000009 1.1756682782245022e-07
72650.00000000009 1.7794337043651193e-07
72700.00000000009 1.7953269320311635e-07
72750.00000000009 1.593446253019201e-07
72800.00000000009 1.4727888612540997e-07
72850.00000000009 1.452218283626003e-07
72900.00000000009 1.888620330292567e-07
72950.00000000009 1.6686725792277756e-07
73000.00000000009 1.6801350209020152e-07
73050.00000000009 1.4270465218972968e-07
73100.00000000009 1.2576076790327664e-07
73150.00000000009 2.095531178632783e-07
73200.00000000009 1.3751947812380526e-07
73250.00000000009 1.6008350003270059e-07
73300.00000000009 1.5629736037158988e-07
73350.00000000009 1.32019431154948e-07
73400.00000000009 1.6116366447625595e-07
73450.00000000009 1.1218659118101176e-07
73500.00000000009 1.1613140550854246e-07
73550.00000000009 1.522376854291337e-07
73600.00000000009 1.2759964587612404e-07
73650.00000000009 1.529932962516683e-07
73700.00000000009 1.7760954557623422e-07
73750.00000000009 1.1809390785138632e-07
73800.00000000009 1.4607666184818055e-07
73850.00000000009 1.5555985184236962e-07
73900.00000000009 1.657951699921044e-07
73950.00000000009 1.378410719862768e-07
74000.00000000009 1.2842728451122863e-07
74050.00000000009 2.078555570547295e-07
74100.00000000009 1.396481779164151e-07
74150.00000000009 1.566330332987572e-07
74200.00000000009 1.393991504502437e-07
74250.00000000009 9.908661653628311e-08
74300.00000000009 1.4507785291655489e-07
74350.00000000009 1.7166967879331555e-07
74400.00000000009 1.605139705283203e-07
74450.00000000009 1.0378473458924701e-07
74500.00000000009 1.1797090985882349e-07
74550.00000000009 1.4650548106438665e-07
74600.00000000009 1.414067613018387e-07
74650.00000000009 1.3796309939022714e-07
74700.00000000009 1.1347040715771191e-07
74750.00000000009 1.259441021094527e-07
74800.00000000009 1.3469175143297857e-07
74850.00000000009 1.1133363259901422e-07
74900.00000000009 1.882960302096244e-07
74950.00000000009 1.740902311212954e-07
75000.00000000009 1.5179309168589626e-07
75050.00000000009 1.1992954952060577e-07
75100.00000000009 1.912965297744165e-07
75150.00000000009 1.598628371858127e-07
75200.00000000009 1.8431500894556167e-07
75250.00000000009 1.8037665082013057e-07
75300.00000000009 1.8685236552280098e-07
75350.00000000009 1.1368843248082777e-07
75400.00000000009 1.8747312107850888e-07
75450.00000000009 1.592210184131194e-07
75500.00000000009 1.5365149882282677e-07
75550.00000000009 1.8756474965254536e-07
75600.00000000009 2.234651751724173e-07
75650.00000000009 1.591793411598997e-07
75700.00000000009 1.6578560244498692e-07
75750.00000000009 1.265998521212608e-07
75800.00000000009 1.7568001688845161e-07
75850.00000000009 1.983633261482968e-07
75900.00000000009 1.774121995839042e-07
75950.00000000009 1.4461399882143232e-07
76000.00000000009 1.6995417285916431e-07
76050.00000000009 1.8061850583635008e-07
76100.00000000009 1.6873863648452e-07
76150.00000000009 1.8475951700382186e-07
76200.00000000009 1.8643894240764754e-07
76250.00000000009 2.0452755946856267e-07
76300.00000000009 2.4790873470307585e-07
76350.00000000009 2.714742417070717e-07
76400.00000000009 2.182186160553551e-07
76450.00000000009 2.135128646428867e-07
76500.00000000009 1.7488196577519695e-07
76550.00000000009 1.5606505380105025e-07
76600.00000000009 8.141165132330874e-08
76650.00000000009 9.54180739182466e-08
76700.00000000009 1.0321718663269267e-07
76750.00000000009 9.503295392220045e-08
76800.00000000009 1.4177609242708119e-07
76850.00000000009 7.577967323491028e-08
76900.00000000009 8.280945951445239e-08
76950.00000000009 1.185308706097717e-07
77000.00000000009 1.2254370191277987e-07
77050.00000000009 9.643806123935664e-08
77100.00000000009 1.0017830259262313e-07
77150.00000000009 1.300434816073021e-07
77200.00000000009 1.1819320694350492e-07
77250.00000000009 1.2723912365866242e-07
77300.00000000009 1.2068604434045542e-07
77350.00000000009 8.495954274589665e-08
77400.00000000009 8.366327899920009e-08
77450.00000000009 9.450907232322021e-08
77500.00000000009 1.0627678436491567e-07
77550.00000000009 1.1956960206588205e-07
77600.00000000009 1.2789490718850353e-07
77650.00000000009 1.2525845340626553e-07
77700.00000000009 1.0624328811498982e-07
77750.00000000009 1.4438515515182892e-07
77800.00000000009 1.2665118625091877e-07
77850.00000000009 1.6714902919653455e-07
77900.00000000009 1.4352610067233524e-07
77950.00000000009 1.0245809654946652e-07
78000.00000000009 1.2519818668307198e-07
78050.00000000009 1.3205320843864942e-07
78100.00000000009 1.0508065989793697e-07
78150.00000000009 1.5436454963248755e-07
78200.00000000009 1.5532853307392644e-07
78250.00000000009 1.673823679204938e-07
78300.00000000009 1.6390194819685073e-07
78350.00000000009 1.5364088494421901e-07
78400.00000000009 1.3612171069361465e-07
78450.00000000009 1.8011043584298946e-07
78500.00000000009 1.7864825379363296e-07
78550.00000000009 1.7710546389335843e-07
78600.00000000009 1.5937895602035445e-07
78650.00000000009 9.213096341388939e-08
78700.00000000009 1.354571645091298e-07
78750.00000000009 1.2724840801230072e-07
78800.00000000009 1.6593861010112025e-07
78850.00000000009 1.125927344029349e-07
78900.00000000009 1.5285034948475613e-07
78950.00000000009 1.423134552111949e-07
79000.00000000009 1.534277642042734e-07
79050.00000000009 1.3722213011022186e-07
79100.00000000009 1.440493896622746e-07
79150.00000000009 1.6385431238816206e-07
79200.00000000009 1.7301470835513163e-07
79250.00000000009 1.5299781003800073e-07
79300.00000000009 1.1898719852340041e-07
79350.00000000009 1.7293865294443103e-07
79400.00000000009 1.429977564044291e-07
79450.00000000009 1.627945619158249e-07
79500.00000000009 2.131609626179707e-07
79550.00000000009 1.806305346368926e-07
79600.00000000009 1.2521350482289648e-07
79650.00000000009 1.5180607313870043e-07
79700.00000000009 1.7892685362418776e-07
79750.00000000009 1.8213743084508947e-07
79800.00000000009 1.4557523003297551e-07
79850.00000000009 1.4934801760807447e-07
79900.00000000009 2.2827999661204458e-07
79950.00000000009 1.7065821191498181e-07
