# %ECSV 1.0
# ---
# datatype:
# - {name: wav, unit: Angstrom, datatype: float64}
# - {name: flux_nu, unit: erg / (cm2 Hz s), datatype: float64}
# schema: astropy-2.0
wav flux_nu
3000.0480007680403 nan
3050.0480007680403 0.0
3100.0480007680403 0.0
3150.0480007680403 0.0
3200.0480007680403 0.0
3250.0480007680403 0.0
3300.0480007680403 0.0
3350.0480007680403 0.0
3400.0480007680403 0.0
3450.0480007680403 0.0
3500.0480007680403 0.0
3550.0480007680403 0.0
3600.0480007680403 0.0
3650.0480007680403 0.0
3700.0480007680403 0.0
3750.0480007680403 0.0
3800.0480007680403 0.0
3850.0480007680403 0.0
3900.0480007680403 0.0
3950.0480007680403 0.0
4000.0480007680403 0.0
4050.0480007680403 0.0
4100.04800076804 0.0
4150.04800076804 0.0
4200.04800076804 0.0
4250.04800076804 0.0
4300.04800076804 0.0
4350.04800076804 0.0
4400.04800076804 0.0
4450.04800076804 0.0
4500.04800076804 0.0
4550.04800076804 0.0
4600.04800076804 0.0
4650.04800076804 0.0
4700.04800076804 0.0
4750.04800076804 0.0
4800.04800076804 0.0
4850.04800076804 0.0
4900.04800076804 0.0
4950.04800076804 0.0
5000.04800076804 4.72274835972239e-12
5050.04800076804 9.246996423570667e-12
5100.04800076804 8.502891955768462e-12
5150.04800076804 8.529570425705088e-12
5200.04800076804 8.519997506495005e-12
5250.04800076804 8.329063543979144e-12
5300.04800076804 7.921791236023073e-12
5350.04800076804 7.372304532084409e-12
5400.04800076804 6.695440233411087e-12
5450.04800076804 5.883755822412032e-12
5500.04800076804 4.936612007304016e-12
5550.04800076804 3.89705420549937e-12
5600.04800076804 2.8430335461262004e-12
5650.04800076804 1.8531819975546787e-12
5700.04800076804 1.0290949627875235e-12
5750.04800076804 4.852966361626324e-13
5800.04800076804 2.1695701181131144e-13
5850.04800076804 1.10996891586496e-13
5900.04800076804 2.872830974654333e-14
5950.04800076804 5.417143576007675e-14
6000.04800076804 2.862303612736768e-13
6050.04800076804 1.20348999384502e-12
6100.04800076804 4.914449373340683e-12
6150.04800076804 1.4096943479711833e-11
6200.04800076804 3.068408676638183e-11
6250.04800076804 5.506293827676943e-11
6300.04800076804 8.720981121713992e-11
6350.04800076804 1.267642932976071e-10
6400.04800076804 1.7312223275761176e-10
6450.04800076804 2.2255514527938272e-10
6500.04800076804 2.8109390771114524e-10
6550.04800076804 3.473098871347346e-10
6600.04800076804 4.19869807887458e-10
6650.04800076804 5.025806918247199e-10
6700.04800076804 5.956471732891605e-10
6750.04800076804 6.962533970976479e-10
6800.04800076804 8.052266890039836e-10
6850.04800076804 9.23643828836446e-10
6900.04800076804 1.0169440664589028e-09
6950.04800076804 1.1203115692728402e-09
7000.04800076804 1.2950008307883645e-09
7050.04800076804 1.4280730058527906e-09
7100.04800076804 1.5948701212728316e-09
7150.04800076804 1.4952606912312625e-09
7200.04800076804 1.555540503113103e-09
7250.04800076804 1.826748147528883e-09
7300.04800076804 1.973000614620829e-09
7350.04800076804 2.2693253962770104e-09
7400.04800076804 2.6293518910597013e-09
7450.04800076804 3.0564412329650477e-09
7500.04800076804 3.4339200147885998e-09
7550.04800076804 3.819535849711058e-09
7600.04800076804 4.172920026585299e-09
7650.04800076804 4.3850866010836285e-09
7700.04800076804 2.8936051687420916e-09
7750.04800076804 1.5323110491108968e-09
7800.04800076804 4.404719183594415e-09
7850.04800076804 5.618613592205327e-09
7900.04800076804 6.508395607496094e-09
7950.04800076804 7.3506175913976406e-09
8000.04800076804 8.099473307753423e-09
8050.04800076804 8.785871645063829e-09
8100.04800076804 7.48515263805941e-09
8150.04800076804 6.960947944146387e-09
8200.04800076804 9.70176162441255e-09
8250.04800076804 8.025870743461636e-09
8300.04800076804 1.0733127251520726e-08
8350.04800076804 1.1190449534909823e-08
8400.04800076804 1.2088599609836994e-08
8450.04800076804 1.4024242871264328e-08
8500.04800076804 1.6028723632458933e-08
8550.04800076804 1.8639964578705008e-08
8600.04800076804 2.1942611272117393e-08
8650.04800076804 2.4735685358289636e-08
8700.04800076804 2.6386481098307114e-08
8750.04800076804 2.8899294014103334e-08
8800.04800076804 2.954079576089897e-08
8850.04800076804 2.5413224486343785e-08
8900.04800076804 1.2833041188031477e-08
8950.04800076804 1.0399251179861835e-08
9000.04800076804 1.0782347841404906e-08
9050.04800076804 2.2246832057996617e-08
9100.04800076804 2.3097438578604705e-08
9150.04800076804 1.9666558030887766e-08
9200.04800076804 2.2186081260560828e-08
9250.04800076804 1.4758111056459806e-08
9300.04800076804 9.929265216585104e-10
9350.04800076804 1.7276842948436449e-09
9400.04800076804 5.239047806624174e-09
9450.04800076804 3.883821720300583e-09
9500.04800076804 3.1957427273387527e-09
9550.04800076804 3.396822153370792e-09
9600.04800076804 3.446876472708802e-09
9650.04800076804 4.646111347555389e-09
9700.04800076804 7.679772777672544e-09
9750.04800076804 8.238051640926654e-09
9800.04800076804 9.883406063711938e-09
9850.04800076804 1.228966655370901e-08
9900.04800076804 1.604829348517726e-08
9950.04800076804 1.745512087338261e-08
10000.04800076804 2.041579764306946e-08
10050.04800076804 2.1154168254547674e-08
10100.04800076804 2.3346127451978005e-08
10150.04800076804 2.362952623553131e-08
10200.04800076804 2.4409940991603567e-08
10250.04800076804 2.80853204427839e-08
10300.04800076804 3.1361071949590345e-08
10350.04800076804 3.000421969058665e-08
10400.04800076804 3.262948318395922e-08
10450.04800076804 3.432865571303399e-08
10500.04800076804 3.502562747786114e-08
10550.04800076804 3.5912436434552913e-08
10600.04800076804 3.5253994544926726e-08
10650.04800076804 3.4428835447509596e-08
10700.04800076804 3.267379760528664e-08
10750.04800076804 3.175977454312755e-08
10800.04800076804 3.0050721754089904e-08
10850.04800076804 2.7684043636155246e-08
10900.04800076804 2.2207142912888052e-08
10950.04800076804 1.3926670253568275e-08
11000.04800076804 9.360715098286395e-09
11050.04800076804 5.595745205253974e-09
11100.04800076804 3.5687699171264134e-09
11150.04800076804 2.3605369514316876e-09
11200.04800076804 2.4668198397963854e-09
11250.04800076804 3.376739881543338e-09
11300.04800076804 3.6344186514823597e-09
11350.04800076804 2.095537431490188e-09
11400.04800076804 4.538039071046897e-09
11450.04800076804 3.279883513472836e-09
11500.04800076804 3.381455505222839e-09
11550.04800076804 2.270664254692937e-09
11600.04800076804 2.272617132125768e-09
11650.04800076804 3.2063499842415523e-09
11700.04800076804 3.5974231498844366e-09
11750.04800076804 2.5625077119220985e-09
11800.04800076804 4.79234184153761e-09
11850.04800076804 6.745124657349818e-09
11900.04800076804 8.057543400326516e-09
11950.04800076804 1.0105838379449117e-08
12000.04800076804 1.2475074459995143e-08
12050.04800076804 1.5345411351141828e-08
12100.04800076804 1.8162491928563672e-08
12150.04800076804 2.15993912790546e-08
12200.04800076804 2.4125630391869716e-08
12250.04800076804 2.7620623766143596e-08
12300.04800076804 3.196706867879449e-08
12350.04800076804 3.387112965245181e-08
12400.04800076804 3.928826715068537e-08
12450.04800076804 4.4356188744163e-08
12500.04800076804 4.8183624406691497e-08
12550.04800076804 5.2690383245741924e-08
12600.04800076804 5.645509866552968e-08
12650.04800076804 5.826918215878988e-08
12700.04800076804 5.8517536738058174e-08
12750.04800076804 5.253507588445256e-08
12800.04800076804 4.7675109580433437e-08
12850.04800076804 3.924808399292254e-08
12900.04800076804 3.5133712828299705e-08
12950.04800076804 3.221533378411623e-08
13000.04800076804 3.320482499291047e-08
13050.04800076804 2.833867751402444e-08
13100.04800076804 2.851168877476517e-08
13150.04800076804 2.32498393415819e-08
13200.04800076804 2.3067365796778805e-08
13250.04800076804 1.7479318466443676e-08
13300.04800076804 1.0803958153219231e-08
13350.04800076804 5.966981842985509e-09
13400.04800076804 4.2127665182271236e-09
13450.04800076804 3.5799361477070698e-09
13500.04800076804 2.861779891142087e-09
13550.04800076804 2.588147793153904e-09
13600.04800076804 2.3272370025885e-09
13650.04800076804 3.390030466931268e-09
13700.04800076804 3.2869476309212556e-09
13750.04800076804 3.6405856916698553e-09
13800.04800076804 3.95442901027589e-09
13850.04800076804 3.4168604625135166e-09
13900.04800076804 3.6362586507124056e-09
13950.04800076804 3.6273875643406585e-09
14000.04800076804 3.73182555213227e-09
14050.04800076804 4.085924073403513e-09
14100.04800076804 3.839990271878123e-09
14150.04800076804 4.570132582275293e-09
14200.04800076804 4.157020106666806e-09
14250.04800076804 4.634888404737637e-09
14300.04800076804 5.359246027009345e-09
14350.04800076804 5.633190947561533e-09
14400.04800076804 5.834334325088273e-09
14450.04800076804 6.231581820807809e-09
14500.04800076804 8.079518161072897e-09
14550.04800076804 8.1864045264406e-09
14600.04800076804 9.727141847523146e-09
14650.04800076804 9.533576399266018e-09
14700.04800076804 8.517982608956025e-09
14750.04800076804 8.991516474752616e-09
14800.04800076804 9.874142371953586e-09
14850.04800076804 1.0487821341284335e-08
14900.04800076804 1.0877581830084348e-08
14950.04800076804 1.1711552139690275e-08
15000.04800076804 1.3674174358006902e-08
15050.04800076804 1.4282660681321417e-08
15100.04800076804 1.4412262246302172e-08
15150.04800076804 1.4086433719676136e-08
15200.04800076804 1.577550218257942e-08
15250.04800076804 1.788284471820177e-08
15300.04800076804 1.9501633791629538e-08
15350.04800076804 2.1786840767149247e-08
15400.04800076804 2.3932165851813213e-08
15450.04800076804 2.5771289209444327e-08
15500.04800076804 2.761039526841348e-08
15550.04800076804 3.099900151496279e-08
15600.04800076804 3.362678891678736e-08
15650.04800076804 3.7124757271919e-08
15700.04800076804 4.155248598687805e-08
15750.04800076804 4.40715709531992e-08
15800.04800076804 4.597635961531032e-08
15850.04800076804 4.8107857542083736e-08
15900.04800076804 4.776295445605637e-08
15950.04800076804 4.648180701165855e-08
16000.04800076804 4.2199251391002323e-08
16050.04800076804 3.589881692679094e-08
16100.04800076804 3.1469481855689485e-08
16150.04800076804 2.6242213363695e-08
16200.04800076804 2.2247629923037087e-08
16250.04800076804 2.1893741822147554e-08
16300.04800076804 2.0326121730298713e-08
16350.04800076804 2.145563739375207e-08
16400.04800076804 2.3099091184397756e-08
16450.04800076804 2.4451996796399222e-08
16500.04800076804 2.5942739956810176e-08
16550.04800076804 2.5714489528024227e-08
16600.04800076804 2.692028299263269e-08
16650.04800076804 2.2728814677195987e-08
16700.04800076804 1.7626726426920734e-08
16750.04800076804 2.1485900208395082e-08
16800.04800076804 2.5429168527228997e-08
16850.04800076804 2.5364419238200696e-08
16900.04800076804 2.431578461636878e-08
16950.04800076804 2.3611068007282373e-08
17000.04800076804 2.2428756660348193e-08
17050.04800076804 2.543639372244618e-08
17100.04800076804 2.727507638097275e-08
17150.04800076804 2.5973395862862068e-08
17200.04800076804 3.0310978005359236e-08
17250.04800076804 2.8411633405137277e-08
17300.04800076804 2.7604696344877935e-08
17350.04800076804 2.7622401346792867e-08
17400.04800076804 2.7827420571215197e-08
17450.04800076804 2.9117838872445892e-08
17500.04800076804 3.1215283574704866e-08
17550.04800076804 2.9663089611821004e-08
17600.04800076804 2.8125472959062604e-08
17650.04800076804 2.771413322260009e-08
17700.04800076804 2.606997743202146e-08
17750.04800076804 2.5315255621433723e-08
17800.04800076804 2.627441547520042e-08
17850.04800076804 2.3533029107217168e-08
17900.04800076804 2.566538748677602e-08
17950.04800076804 2.3151658004031766e-08
18000.04800076804 2.3589159669672147e-08
18050.04800076804 2.3458891466361154e-08
18100.04800076804 2.3636688282353958e-08
18150.04800076804 2.5660449683102525e-08
18200.04800076804 2.2858858121764567e-08
18250.04800076804 2.8817865565564796e-08
18300.04800076804 2.4822721451769327e-08
18350.04800076804 2.4674076658856717e-08
18400.04800076804 2.3236567143313305e-08
18450.04800076804 2.5813818636306265e-08
18500.04800076804 2.6741483941976876e-08
18550.04800076804 2.5156998438260658e-08
18600.04800076804 2.4548973292460745e-08
18650.04800076804 2.262510143194782e-08
18700.04800076804 2.266161718236964e-08
18750.04800076804 2.5906262423248485e-08
18800.04800076804 3.3441881267123865e-08
18850.04800076804 3.3109453845138324e-08
18900.04800076804 3.250212449421647e-08
18950.04800076804 3.891616930551142e-08
19000.04800076804 3.3608081914896474e-08
19050.04800076804 3.007230949016983e-08
19100.04800076804 3.5171472433200895e-08
19150.04800076804 3.12449148613133e-08
19200.04800076804 3.2870707418558035e-08
19250.04800076804 3.131733135464336e-08
19300.04800076804 3.0980040130995653e-08
19350.04800076804 3.115408085833587e-08
19400.04800076804 2.646510096588815e-08
19450.04800076804 3.223182251082771e-08
19500.04800076804 3.0891327281750194e-08
19550.04800076804 3.1215853923989466e-08
19600.04800076804 3.392329234103777e-08
19650.04800076804 3.542859168133023e-08
19700.04800076804 3.59050658697781e-08
19750.04800076804 3.6204634102982816e-08
19800.04800076804 3.8900417287329e-08
19850.04800076804 4.379674196613817e-08
19900.04800076804 4.1161978005157135e-08
19950.04800076804 4.649027928959774e-08
20000.04800076804 4.698187785260304e-08
20050.04800076804 4.786275935931471e-08
20100.04800076804 5.073070121241247e-08
20150.04800076804 4.807676941255232e-08
20200.04800076804 5.126578236245228e-08
20250.04800076804 5.556890742066398e-08
20300.04800076804 5.4616232758981965e-08
20350.04800076804 5.824637580396121e-08
20400.04800076804 5.796177394250888e-08
20450.04800076804 6.45222557503884e-08
20500.04800076804 6.65037124185235e-08
20550.04800076804 6.770463365733645e-08
20600.04800076804 7.070660659861062e-08
20650.04800076804 7.287927379209261e-08
20700.04800076804 7.514842673490887e-08
20750.04800076804 7.816120969836041e-08
20800.04800076804 7.747481844035157e-08
20850.04800076804 8.092889094279896e-08
20900.04800076804 8.308792458940713e-08
20950.04800076804 8.27605552645147e-08
21000.04800076804 8.404638785197321e-08
21050.04800076804 8.412989819425015e-08
21100.04800076804 8.374876932078907e-08
21150.04800076804 8.501226061891947e-08
21200.04800076804 8.42355665835405e-08
21250.04800076804 8.451650955037314e-08
21300.04800076804 8.199535906199267e-08
21350.04800076804 8.219421343698849e-08
21400.04800076804 8.05580512614667e-08
21450.04800076804 7.80088317165704e-08
21500.04800076804 7.837630455733176e-08
21550.04800076804 7.65802248749743e-08
21600.04800076804 7.485174263442964e-08
21650.04800076804 7.10815466758183e-08
21700.04800076804 7.202373479041716e-08
21750.04800076804 6.756163971810363e-08
21800.04800076804 6.53388599693513e-08
21850.04800076804 6.15366119016173e-08
21900.04800076804 6.159513066361715e-08
21950.04800076804 5.04308730606503e-08
22000.04800076804 4.508744453222898e-08
22050.04800076804 4.208415049300817e-08
22100.04800076804 4.80082311993774e-08
22150.04800076804 5.1019580993289426e-08
22200.04800076804 5.208875174815314e-08
22250.04800076804 5.00413001662161e-08
22300.04800076804 5.050148006767483e-08
22350.04800076804 4.975504913555737e-08
22400.04800076804 4.7410147635086526e-08
22450.04800076804 4.6478335713507407e-08
22500.04800076804 4.624064759105094e-08
22550.04800076804 4.1498141610503954e-08
22600.04800076804 4.45363874573523e-08
22650.04800076804 4.5635867871204316e-08
22700.04800076804 4.5400601836083735e-08
22750.04800076804 4.5327244407420926e-08
22800.04800076804 4.436700705212542e-08
22850.04800076804 4.334697841512838e-08
22900.04800076804 4.297680794423797e-08
22950.04800076804 4.480739127210854e-08
23000.04800076804 4.19250696487306e-08
23050.04800076804 4.8335824933117105e-08
23100.04800076804 5.659182308717977e-08
23150.04800076804 5.4774705035132995e-08
23200.04800076804 4.192021676815634e-08
23250.04800076804 4.264413327728568e-08
23300.04800076804 4.175022945235183e-08
23350.04800076804 4.031443383631757e-08
23400.04800076804 4.6124766996227494e-08
23450.04800076804 4.356785713254488e-08
23500.04800076804 4.401499418259963e-08
23550.04800076804 5.069501538807824e-08
23600.04800076804 5.0024915596809206e-08
23650.04800076804 5.610715664200187e-08
23700.04800076804 4.504160331785996e-08
23750.04800076804 4.647692044274101e-08
23800.04800076804 4.861592749940134e-08
23850.04800076804 5.1106460752461615e-08
23900.04800076804 5.8727980183185296e-08
23950.04800076804 5.695901966828248e-08
24000.04800076804 6.356786506373141e-08
24050.04800076804 6.5834013465382e-08
24100.04800076804 6.038709349238241e-08
24150.04800076804 6.494588246629642e-08
24200.04800076804 6.589516540410888e-08
24250.04800076804 6.413084440484125e-08
24300.04800076804 6.806259593115837e-08
24350.04800076804 6.41774327028548e-08
24400.04800076804 7.36438653654006e-08
24450.04800076804 6.994109317462026e-08
24500.04800076804 7.088422231614067e-08
24550.04800076804 7.114183416189802e-08
24600.04800076804 7.437372182680607e-08
24650.04800076804 8.051067288262188e-08
24700.04800076804 7.354228045766966e-08
24750.04800076804 7.077804740680652e-08
24800.04800076804 7.539266328934057e-08
24850.04800076804 8.52885499161466e-08
24900.04800076804 6.51828112449873e-08
24950.04800076804 8.127840536959696e-08
25000.04800076804 8.207043260688862e-08
25050.04800076804 7.186069537675524e-08
25100.04800076804 8.160916548398538e-08
25150.04800076804 6.280942232018388e-08
25200.04800076804 7.863157185164004e-08
25250.04800076804 7.016253137611153e-08
25300.04800076804 7.766319510878074e-08
25350.04800076804 6.479008883401569e-08
25400.04800076804 7.920566915343863e-08
25450.04800076804 6.923232955861604e-08
25500.04800076804 6.739129088766664e-08
25550.04800076804 7.571385186336182e-08
25600.04800076804 7.177346962549868e-08
25650.04800076804 6.226763050176155e-08
25700.04800076804 8.153739457475545e-08
25750.04800076804 6.501601122309542e-08
25800.04800076804 7.903726774399027e-08
25850.04800076804 6.451714835010077e-08
25900.04800076804 7.546944748649374e-08
25950.04800076804 6.806207882451943e-08
26000.04800076804 7.561693487031397e-08
26050.04800076804 7.45542535868601e-08
26100.04800076804 8.572281057413041e-08
26150.04800076804 8.228668190277858e-08
26200.04800076804 8.424014673591934e-08
26250.04800076804 9.30887875589869e-08
26300.04800076804 8.400558055198517e-08
26350.04800076804 9.342861539546674e-08
26400.04800076804 9.795267246328953e-08
26450.04800076804 9.772712672955728e-08
26500.04800076804 9.838754767424752e-08
26550.04800076804 8.962103622409628e-08
26600.04800076804 9.288183457955588e-08
26650.04800076804 7.44334518892769e-08
26700.04800076804 7.436979724614647e-08
26750.04800076804 7.432202733338347e-08
26800.04800076804 8.023595479432928e-08
26850.04800076804 6.536667311222648e-08
26900.04800076804 8.48929692278692e-08
26950.04800076804 6.537270133306693e-08
27000.04800076804 8.630688439969105e-08
27050.04800076804 8.761332731330675e-08
27100.04800076804 7.788051994816463e-08
27150.04800076804 9.835247507931371e-08
27200.04800076804 8.45045850116301e-08
27250.04800076804 8.765497998450294e-08
27300.04800076804 1.0894152635634009e-07
27350.04800076804 1.0125295117474612e-07
27400.04800076804 7.207330042604402e-08
27450.04800076804 1.0840561756466378e-07
27500.04800076804 1.0802554107064127e-07
27550.04800076804 8.820746306392924e-08
27600.04800076804 1.077739665073919e-07
27650.04800076804 8.196989153617908e-08
27700.04800076804 8.030640217174455e-08
27750.04800076804 1.0463719465222876e-07
27800.04800076804 8.30961164214067e-08
27850.04800076804 8.456995156343544e-08
27900.04800076804 9.803455966464998e-08
27950.04800076804 1.0423803828294984e-07
28000.04800076804 1.0092935223948525e-07
28050.04800076804 8.030237444248867e-08
28100.04800076804 1.0754504077219182e-07
28150.04800076804 1.029995923384252e-07
28200.04800076804 7.851911029890797e-08
28250.04800076804 1.0921054812441081e-07
28300.04800076804 1.1390710380989314e-07
28350.04800076804 8.166305876503326e-08
28400.04800076804 1.0907377714759877e-07
28450.04800076804 1.0981074123671296e-07
28500.04800076804 1.100219356600464e-07
28550.04800076804 8.612683362560254e-08
28600.04800076804 1.2204245149695142e-07
28650.04800076804 1.067207594812234e-07
28700.04800076804 1.1290826251024492e-07
28750.04800076804 1.1729041789016457e-07
28800.04800076804 1.135911392646444e-07
28850.04800076804 1.2801309485821565e-07
28900.04800076804 9.959044865787206e-08
28950.04800076804 1.2768399630104052e-07
29000.04800076804 1.1513318729376566e-07
29050.04800076804 1.2345623650107888e-07
29100.04800076804 9.910541544359157e-08
29150.04800076804 1.2869712993683906e-07
29200.04800076804 1.1896771644127496e-07
29250.04800076804 1.328764665711492e-07
29300.04800076804 1.1018280211021219e-07
29350.04800076804 1.551098818558023e-07
29400.04800076804 1.2739711633399955e-07
29450.04800076804 1.2176845327717886e-07
29500.04800076804 1.3304697890120477e-07
29550.04800076804 1.2154942554613818e-07
29600.04800076804 1.480078268676591e-07
29650.04800076804 1.3690280015053825e-07
29700.04800076804 1.341295541075928e-07
29750.04800076804 1.509693568573953e-07
29800.04800076804 1.4627317314352904e-07
29850.04800076804 1.5309707569520165e-07
29900.04800076804 1.5288444286534463e-07
29950.04800076804 1.4121803969575222e-07
30000.04800076804 1.2340529745275452e-07
30050.04800076804 1.115831431148394e-07
30100.04800076804 1.2200267021204168e-07
30150.04800076804 1.4453614143230494e-07
30200.04800076804 1.3634060933575851e-07
30250.04800076804 1.562792671607862e-07
30300.04800076804 1.5860229109936904e-07
30350.04800076804 1.5148223190568116e-07
30400.04800076804 1.513970399356516e-07
30450.04800076804 1.4722196744921096e-07
30500.04800076804 1.4338320127641382e-07
30550.04800076804 1.4127394224798708e-07
30600.04800076804 1.5366951872623916e-07
30650.04800076804 1.4650274272655383e-07
30700.04800076804 1.3874375149390048e-07
30750.04800076804 1.3714880062391515e-07
30800.04800076804 1.3890779865192515e-07
30850.04800076804 1.3612959689030548e-07
30900.04800076804 1.3524728457825964e-07
30950.04800076804 1.1847143875636799e-07
31000.04800076804 1.266775928951492e-07
31050.04800076804 1.3543746287035537e-07
31100.04800076804 1.0962757005026011e-07
31150.04800076804 1.1653115693158147e-07
31200.04800076804 1.2268809498094032e-07
31250.04800076804 1.1546392628402145e-07
31300.04800076804 1.1260782346960305e-07
31350.04800076804 1.1202671734374222e-07
31400.04800076804 9.949069947616732e-08
31450.04800076804 1.1351049689469336e-07
31500.04800076804 1.0221853195115236e-07
31550.04800076804 1.1175096713388963e-07
31600.04800076804 9.854056336247463e-08
31650.04800076804 1.0325356720193615e-07
31700.04800076804 1.0397846765504728e-07
31750.04800076804 9.455921314565e-08
31800.04800076804 9.714698703012868e-08
31850.04800076804 9.623968118414514e-08
31900.04800076804 9.51487966710705e-08
31950.04800076804 1.0069686534600418e-07
32000.04800076804 9.865445976436188e-08
32050.04800076804 8.88192684675792e-08
32100.04800076804 8.855271708170614e-08
32150.04800076804 1.0110639319779898e-07
32200.04800076804 9.160617192388752e-08
32250.04800076804 1.0102973429308033e-07
32300.04800076804 9.002949274844557e-08
32350.04800076804 1.1126068006530947e-07
32400.04800076804 9.87938638283728e-08
32450.04800076804 1.146302525932919e-07
32500.04800076804 1.0237763330046208e-07
32550.04800076804 1.0814201676365102e-07
32600.04800076804 1.1854278950468114e-07
32650.04800076804 1.2549390863457266e-07
32700.04800076804 1.1360705070075245e-07
32750.04800076804 1.3113700746587743e-07
32800.04800076804 1.2083282236006256e-07
32850.04800076804 1.3313522222820856e-07
32900.04800076804 1.383517885875576e-07
32950.04800076804 1.4385584111986566e-07
33000.04800076804 1.3721314754705615e-07
33050.04800076804 1.3381334324165398e-07
33100.04800076804 1.0144125075429445e-07
33150.04800076804 7.450178056033044e-08
33200.04800076804 7.53122765144229e-08
33250.04800076804 5.931886704981834e-08
33300.04800076804 6.273567682876596e-08
33350.04800076804 7.082114694404068e-08
33400.04800076804 8.016471578130483e-08
33450.04800076804 8.765506013469161e-08
33500.04800076804 9.645947077583275e-08
33550.04800076804 1.0020201099796208e-07
33600.04800076804 1.1853064822269508e-07
33650.04800076804 1.237348318903047e-07
33700.04800076804 1.1494075158356306e-07
33750.04800076804 1.3407847451379734e-07
33800.04800076804 1.2165905900661678e-07
33850.04800076804 1.3592844636549477e-07
33900.04800076804 1.2120132633075858e-07
33950.04800076804 1.3245412878368731e-07
34000.04800076804 1.3507712478832487e-07
34050.04800076804 9.84441107101158e-08
34100.04800076804 1.3583418549089493e-07
34150.04800076804 1.161688698187775e-07
34200.04800076804 1.305960153479832e-07
34250.04800076804 1.223161023297561e-07
34300.04800076804 1.1112487488488876e-07
34350.04800076804 1.2850366213101545e-07
34400.04800076804 1.2011914890779234e-07
34450.04800076804 1.348951926513064e-07
34500.04800076804 1.3093132183009993e-07
34550.04800076804 1.1054953055172436e-07
34600.04800076804 1.3895136805066098e-07
34650.04800076804 1.1659932188724043e-07
34700.04800076804 1.2203547041081437e-07
34750.04800076804 1.2618679512777888e-07
34800.04800076804 1.0468334978858495e-07
34850.04800076804 1.258939675708836e-07
34900.04800076804 1.3616162262726488e-07
34950.04800076804 1.2403882722944918e-07
35000.04800076804 1.46242262431395e-07
35050.04800076804 1.2770118360594145e-07
35100.04800076804 1.4229100306958045e-07
35150.04800076804 1.3374008875778903e-07
35200.04800076804 1.5720553447105044e-07
35250.04800076804 1.61647973857862e-07
35300.04800076804 1.293928441236954e-07
35350.04800076804 1.540877080513318e-07
35400.04800076804 1.5014804548486398e-07
35450.04800076804 1.468877628755917e-07
35500.04800076804 1.6854986994764321e-07
35550.04800076804 1.6280486611654803e-07
35600.04800076804 1.670202083408373e-07
35650.04800076804 1.6967392108327805e-07
35700.04800076804 1.430824742099773e-07
35750.04800076804 1.7316132607236937e-07
35800.04800076804 1.754421121954327e-07
35850.04800076804 1.5976676650547226e-07
35900.04800076804 1.8579224956523719e-07
35950.04800076804 1.739089469369802e-07
36000.04800076804 1.665724753570247e-07
36050.04800076804 1.8756582133354658e-07
36100.04800076804 1.7764130552931252e-07
36150.04800076804 1.8694705358116526e-07
36200.04800076804 1.9144045603180504e-07
36250.04800076804 1.9411492800670397e-07
36300.04800076804 2.0204118810370793e-07
36350.04800076804 2.041260652885687e-07
36400.04800076804 2.1407667489224338e-07
36450.04800076804 2.1123379276623292e-07
36500.04800076804 2.1620374648102183e-07
36550.04800076804 2.1585706339843253e-07
36600.04800076804 2.3199410823761233e-07
36650.04800076804 2.272805631137249e-07
36700.04800076804 2.3260548590699753e-07
36750.04800076804 2.424229733601191e-07
36800.04800076804 2.4001947519413974e-07
36850.04800076804 2.341814141265251e-07
36900.04800076804 2.3501304883646171e-07
36950.04800076804 2.474399360247828e-07
37000.04800076804 2.402621535533273e-07
37050.04800076804 2.495456583915245e-07
37100.04800076804 2.473428906749975e-07
37150.04800076804 2.5510418671688405e-07
37200.04800076804 2.621399188319931e-07
37250.04800076804 2.4715711549966655e-07
37300.04800076804 2.487601121587143e-07
37350.04800076804 2.640276894898021e-07
37400.04800076804 2.7664642168102774e-07
37450.04800076804 2.672502000101633e-07
37500.04800076804 2.579303022810059e-07
37550.04800076804 2.8573456530221044e-07
37600.04800076804 2.915774542731343e-07
37650.04800076804 2.679313203512056e-07
37700.04800076804 2.8191280194093985e-07
37750.04800076804 2.5856029015159984e-07
37800.04800076804 2.7448628096581717e-07
37850.04800076804 2.5645422906999985e-07
37900.04800076804 2.7536748686020404e-07
37950.04800076804 2.891558827409809e-07
38000.04800076804 2.989914960914944e-07
38050.04800076804 2.8418699989804844e-07
38100.04800076804 2.9922493357758976e-07
38150.04800076804 2.9659830852630387e-07
38200.04800076804 3.055494384026022e-07
38250.04800076804 2.9958807473813474e-07
38300.04800076804 3.2256396143910095e-07
38350.04800076804 3.244355434467322e-07
38400.04800076804 2.8830179404443435e-07
38450.04800076804 3.0560181637495545e-07
38500.04800076804 2.9261087802462323e-07
38550.04800076804 3.079806209529973e-07
38600.04800076804 3.0761577448571407e-07
38650.04800076804 3.237843066379473e-07
38700.04800076804 3.2863271501089025e-07
38750.04800076804 3.2204201594630854e-07
38800.04800076804 3.1324660491285486e-07
38850.04800076804 3.3344391684637397e-07
38900.04800076804 3.386136970937574e-07
38950.04800076804 3.2795468750493755e-07
39000.04800076804 3.3624669364637236e-07
39050.04800076804 3.228834432691693e-07
39100.04800076804 3.3428584784028864e-07
39150.04800076804 3.3708203672516923e-07
39200.04800076804 3.2904098734526685e-07
39250.04800076804 3.44459018181723e-07
39300.04800076804 3.435151357540235e-07
39350.04800076804 3.6250361462602316e-07
39400.04800076804 3.559989160354939e-07
39450.04800076804 3.5925897743153486e-07
39500.04800076804 3.472776343150331e-07
39550.04800076804 3.496089195749992e-07
39600.04800076804 3.543280212738512e-07
39650.04800076804 3.792080101404119e-07
39700.04800076804 3.5784574519011434e-07
39750.04800076804 3.4180696236246854e-07
39800.04800076804 3.62973740515135e-07
39850.04800076804 3.755648673538949e-07
39900.04800076804 3.7894948744356715e-07
39950.04800076804 3.619014167316451e-07
40000.04800076804 3.8076274362217913e-07
40050.04800076804 3.8047461357161285e-07
40100.04800076804 3.579046028375451e-07
40150.04800076804 3.908652510797258e-07
40200.04800076804 3.9003978763648384e-07
40250.04800076804 3.827765382914188e-07
40300.04800076804 3.915881919058274e-07
40350.04800076804 3.685804448543369e-07
40400.04800076804 3.9103675216024795e-07
40450.04800076804 3.7286352986822196e-07
40500.04800076804 3.874236620463898e-07
40550.04800076804 3.922276979990454e-07
40600.04800076804 3.9037490634390615e-07
40650.04800076804 3.959258933568534e-07
40700.04800076804 4.2581992076815693e-07
40750.04800076804 4.0307773960593766e-07
40800.04800076804 3.7733173218274046e-07
40850.04800076804 4.190695731232403e-07
40900.04800076804 4.0336038554843943e-07
40950.04800076804 3.9209638434465584e-07
41000.04800076804 4.02987775689674e-07
41050.04800076804 4.2017249811292346e-07
41100.04800076804 3.9920085693206077e-07
41150.04800076804 3.8546764194469404e-07
41200.04800076804 4.285073070302215e-07
41250.04800076804 4.188509779510043e-07
41300.04800076804 3.946691363545366e-07
41350.04800076804 4.3664470454369413e-07
41400.04800076804 4.145155582146e-07
41450.04800076804 4.318360367009439e-07
41500.04800076804 4.062385433173836e-07
41550.04800076804 4.000547569546371e-07
41600.04800076804 4.1385073418523433e-07
41650.04800076804 4.143690377906964e-07
41700.04800076804 4.0873917707320516e-07
41750.04800076804 3.970028722715107e-07
41800.04800076804 4.32960698902345e-07
41850.04800076804 3.699696791132119e-07
41900.04800076804 3.978726879173707e-07
41950.04800076804 4.1382586687073333e-07
42000.04800076804 4.2246790372278276e-07
42050.04800076804 3.9913301319496165e-07
42100.04800076804 4.1881549879154765e-07
42150.04800076804 3.780872712898542e-07
42200.04800076804 3.969642301408832e-07
42250.04800076804 3.9551610682403663e-07
42300.04800076804 4.0580198603836313e-07
42350.04800076804 4.06110570374436e-07
42400.04800076804 4.152808897016116e-07
42450.04800076804 4.0081358749130255e-07
42500.04800076804 3.866786632750464e-07
42550.04800076804 3.890703452479972e-07
42600.04800076804 4.06254310636543e-07
42650.04800076804 4.4475160898796845e-07
42700.04800076804 3.913948335064053e-07
42750.04800076804 3.830283886886221e-07
42800.04800076804 3.894999211947458e-07
42850.04800076804 4.0818190784974777e-07
42900.04800076804 4.2261648575832384e-07
42950.04800076804 3.773692672708333e-07
43000.04800076804 4.277385879727222e-07
43050.04800076804 3.4780267426867185e-07
43100.04800076804 3.9832802827748094e-07
43150.04800076804 4.050557710662043e-07
43200.04800076804 4.094464896976855e-07
43250.04800076804 4.360897394334441e-07
43300.04800076804 4.436273444732905e-07
43350.04800076804 3.786038076368761e-07
43400.04800076804 4.1663571304436734e-07
43450.04800076804 3.720593021591113e-07
43500.04800076804 3.8572000965181125e-07
43550.04800076804 3.794920485640759e-07
43600.04800076804 4.1657101334068353e-07
43650.04800076804 3.441102147776653e-07
43700.04800076804 4.425332729656542e-07
43750.04800076804 4.3391323398251155e-07
43800.04800076804 3.884260517722282e-07
43850.04800076804 4.07136695238527e-07
43900.04800076804 3.776298906070089e-07
43950.04800076804 3.810242918901649e-07
44000.04800076804 3.3115940886419397e-07
44050.04800076804 4.068897447314193e-07
44100.04800076804 4.2743384078110717e-07
44150.04800076804 4.202199610305782e-07
44200.04800076804 3.816556180338587e-07
44250.04800076804 3.5643966687897624e-07
44300.04800076804 3.5532437495682284e-07
44350.04800076804 3.425268859675402e-07
44400.04800076804 3.547030013099999e-07
44450.04800076804 3.8036945107142815e-07
44500.04800076804 3.5561045967274196e-07
44550.04800076804 3.869897683523124e-07
44600.04800076804 3.4682154679080407e-07
44650.04800076804 3.7559322369827573e-07
44700.04800076804 3.600487012807607e-07
44750.04800076804 3.782639008669803e-07
44800.04800076804 3.6280734296069407e-07
44850.04800076804 3.757374552637832e-07
44900.04800076804 3.3614545292471044e-07
44950.04800076804 3.501019806587885e-07
45000.04800076804 3.6323358468666884e-07
45050.04800076804 3.647006074780235e-07
45100.04800076804 3.501118959817598e-07
45150.04800076804 3.550926965785093e-07
45200.04800076804 3.171509804749594e-07
45250.04800076804 3.3625136192783346e-07
45300.04800076804 3.410258803614369e-07
45350.04800076804 3.4156253641870113e-07
45400.04800076804 3.3510180214522925e-07
45450.04800076804 3.3660301158301807e-07
45500.04800076804 3.335041524504265e-07
45550.04800076804 3.5420559162543085e-07
45600.04800076804 3.4428125266998167e-07
45650.04800076804 3.4007498362684093e-07
45700.04800076804 3.393835862843107e-07
45750.04800076804 3.3909261379733493e-07
45800.04800076804 3.3544821422647224e-07
45850.04800076804 3.7933507031637746e-07
45900.04800076804 3.749659747066014e-07
45950.04800076804 3.3406909493824407e-07
46000.04800076804 3.685478491317392e-07
46050.04800076804 3.602518405307731e-07
46100.04800076804 3.467147226926188e-07
46150.04800076804 3.443577192736659e-07
46200.04800076804 3.391220340918691e-07
46250.04800076804 3.0783103152688605e-07
46300.04800076804 3.7777470844704144e-07
46350.04800076804 3.0450629485301853e-07
46400.04800076804 3.6392294927399927e-07
46450.04800076804 3.751907078276468e-07
46500.04800076804 3.486877831728766e-07
46550.04800076804 3.4017685282189913e-07
46600.04800076804 3.452673467593164e-07
46650.04800076804 4.2121550609186365e-07
46700.04800076804 3.596172621493372e-07
46750.04800076804 3.3848046234471777e-07
46800.04800076804 3.230078582024461e-07
46850.04800076804 3.8225840059149883e-07
46900.04800076804 3.6774867589380807e-07
46950.04800076804 3.888860369672029e-07
47000.04800076804 3.3997260887448023e-07
47050.04800076804 3.9042340802523486e-07
47100.04800076804 3.233278605202739e-07
47150.04800076804 3.6299308124092354e-07
47200.04800076804 3.823268472768885e-07
47250.04800076804 3.3775938257597733e-07
47300.04800076804 3.3204373882895897e-07
47350.04800076804 3.526781739320367e-07
47400.04800076804 4.0235042996995476e-07
47450.04800076804 3.572147885248665e-07
47500.04800076804 4.0780004501863074e-07
47550.04800076804 3.5842724433296714e-07
47600.04800076804 3.895465121899723e-07
47650.04800076804 3.4873333796926436e-07
47700.04800076804 3.7393050600503095e-07
47750.04800076804 3.1700952111033537e-07
47800.04800076804 3.450526958043649e-07
47850.04800076804 2.7919297924740933e-07
47900.04800076804 3.4926204215790435e-07
47950.04800076804 3.4151623947597007e-07
48000.04800076804 4.0863030932840535e-07
48050.04800076804 3.6111144762865265e-07
48100.04800076804 3.5296625707648463e-07
48150.04800076804 3.285146250803273e-07
48200.04800076804 3.6287095774628356e-07
48250.04800076804 3.4765932962091457e-07
48300.04800076804 4.162332762901699e-07
48350.04800076804 3.274286458342934e-07
48400.04800076804 3.3264169968064144e-07
48450.04800076804 3.217877868834153e-07
48500.04800076804 3.986476093296626e-07
48550.04800076804 3.20247215181117e-07
48600.04800076804 3.768646832802503e-07
48650.04800076804 3.2588982463011227e-07
48700.04800076804 3.936424516155169e-07
48750.04800076804 3.348990161029435e-07
48800.04800076804 3.784677130087079e-07
48850.04800076804 3.3999937117109877e-07
48900.04800076804 3.98129745575709e-07
48950.04800076804 3.6180811483189866e-07
49000.04800076804 3.301692008906014e-07
49050.04800076804 3.799522446154075e-07
49100.04800076804 3.4594495864278675e-07
49150.04800076804 3.864806131829307e-07
49200.04800076804 3.713420380087445e-07
49250.04800076804 3.810466004400566e-07
49300.04800076804 3.6688627013875066e-07
49350.04800076804 3.381253905833449e-07
49400.04800076804 3.4964733553821276e-07
49450.04800076804 3.7477867162405906e-07
49500.04800076804 3.4246317189046173e-07
49550.04800076804 2.8837199119306015e-07
49600.04800076804 3.39182638330948e-07
49650.04800076804 3.4336982518293845e-07
49700.04800076804 3.415651945250204e-07
49750.04800076804 3.5533528365173457e-07
49800.04800076804 3.4428663827296103e-07
49850.04800076804 3.90720739360686e-07
49900.04800076804 3.731000545096648e-07
49950.04800076804 3.6213047133329845e-07
50000.04800076804 3.783971973596759e-07
50050.04800076804 3.8489490970426144e-07
50100.04800076804 3.723765468183119e-07
50150.04800076804 3.337973395654128e-07
50200.04800076804 2.861931630312735e-07
50250.04800076804 3.760398410314081e-07
50300.04800076804 3.3962051584628865e-07
50350.04800076804 3.705433467555269e-07
50400.04800076804 3.7154551147569723e-07
50450.04800076804 3.461754083189421e-07
50500.04800076804 3.699279160546912e-07
50550.04800076804 3.6101097876392475e-07
50600.04800076804 3.413635388023978e-07
50650.04800076804 3.707226390614224e-07
50700.04800076804 4.062153732483974e-07
50750.04800076804 3.7949856631188443e-07
50800.04800076804 3.2604226678313965e-07
50850.04800076804 3.266473441464745e-07
50900.04800076804 3.781355998578544e-07
50950.04800076804 3.77167183047855e-07
51000.04800076804 3.6401231291925517e-07
51050.04800076804 3.6484028064369585e-07
51100.04800076804 3.1436223317321767e-07
51150.04800076804 3.3956289490417217e-07
51200.04800076804 3.986721981633844e-07
51250.04800076804 3.4994117485626015e-07
51300.04800076804 3.394499257050143e-07
51350.04800076804 3.519917510918575e-07
51400.04800076804 3.223373043221786e-07
51450.04800076804 3.086649201836132e-07
51500.04800076804 2.9904268986853114e-07
51550.04800076804 3.610712701675044e-07
51600.04800076804 3.221597861497877e-07
51650.04800076804 3.521219010339415e-07
51700.04800076804 3.490008633965656e-07
51750.04800076804 2.96952408554376e-07
51800.04800076804 3.757060919894065e-07
51850.04800076804 3.486937580197914e-07
51900.04800076804 3.9093802402675265e-07
51950.04800076804 3.4715698663390174e-07
52000.04800076804 2.7651914592685766e-07
52050.04800076804 3.3390634347861096e-07
52100.04800076804 3.277548100718729e-07
52150.04800076804 3.040017237810067e-07
52200.04800076804 2.9414072413312927e-07
52250.04800076804 3.0864608573948146e-07
52300.04800076804 3.8044989987470085e-07
52350.04800076804 3.4730344451918386e-07
52400.04800076804 2.938576477575637e-07
52450.04800076804 3.6405901033541176e-07
52500.04800076804 3.201425974379538e-07
52550.04800076804 3.5087392521402735e-07
52600.04800076804 3.2897894386973084e-07
52650.04800076804 3.3047070057272717e-07
52700.04800076804 3.146329987280793e-07
52750.04800076804 3.073820747207445e-07
52800.04800076804 3.110308952811331e-07
52850.04800076804 3.264582790522303e-07
52900.04800076804 3.062709327449662e-07
52950.04800076804 2.972421724977078e-07
53000.04800076804 3.523555540978075e-07
53050.04800076804 2.7321109547820865e-07
53100.04800076804 3.4097066132786886e-07
53150.04800076804 3.71904962527963e-07
53200.04800076804 3.0350229103128705e-07
53250.04800076804 3.64315842867361e-07
53300.04800076804 3.674053153334869e-07
53350.04800076804 3.574014084037274e-07
53400.04800076804 3.5714977195394027e-07
53450.04800076804 3.012460848614328e-07
53500.04800076804 2.679068673089648e-07
53550.04800076804 2.914033453572686e-07
53600.04800076804 3.2802134808506325e-07
53650.04800076804 3.1970642589381844e-07
53700.04800076804 3.056531035831068e-07
53750.04800076804 3.071491994651025e-07
53800.04800076804 3.0744239069710387e-07
53850.04800076804 3.036932174831934e-07
53900.04800076804 3.2060233859240813e-07
53950.04800076804 3.591667133340893e-07
54000.04800076804 3.181079724047897e-07
54050.04800076804 3.1354944888131947e-07
54100.04800076804 2.713287039037632e-07
54150.04800076804 3.0421835307871627e-07
54200.04800076804 2.4910464871944125e-07
54250.04800076804 2.4817791936576827e-07
54300.04800076804 3.005673959230306e-07
54350.04800076804 3.243198306083114e-07
54400.04800076804 3.256910498148011e-07
54450.04800076804 3.1060599070583913e-07
54500.04800076804 2.862533125437031e-07
54550.04800076804 2.7859082004539326e-07
54600.04800076804 3.1800881167692343e-07
54650.04800076804 2.6590766367219886e-07
54700.04800076804 3.194735553921212e-07
54750.04800076804 3.261015592465248e-07
54800.04800076804 2.9628109591825254e-07
54850.04800076804 2.8751947462114474e-07
54900.04800076804 3.299146186562173e-07
54950.04800076804 3.562149934810492e-07
55000.04800076804 2.7621047093616053e-07
55050.04800076804 3.11812524333441e-07
55100.04800076804 2.9934794062504725e-07
55150.04800076804 2.745994782547992e-07
55200.04800076804 2.8712777319298425e-07
55250.04800076804 3.0858382104382677e-07
55300.04800076804 2.6980731258815077e-07
55350.04800076804 2.9769033022743035e-07
55400.04800076804 3.409383590507592e-07
55450.04800076804 3.018854824649408e-07
55500.04800076804 2.6788229771163813e-07
55550.04800076804 2.862260871912621e-07
55600.04800076804 2.5074651235216405e-07
55650.04800076804 2.460481305105444e-07
55700.04800076804 2.9541538208223214e-07
55750.04800076804 2.965910935232895e-07
55800.04800076804 2.7811572760849366e-07
55850.04800076804 2.650573112647393e-07
55900.04800076804 3.159927324235338e-07
55950.04800076804 3.3526985365636007e-07
56000.04800076804 2.4505911521530616e-07
56050.04800076804 3.1336850800797497e-07
56100.04800076804 2.983146233831363e-07
56150.04800076804 2.860987880591732e-07
56200.04800076804 2.9937194811291684e-07
56250.04800076804 2.8562110389366255e-07
56300.04800076804 3.064192392048522e-07
56350.04800076804 2.90446932468101e-07
56400.04800076804 2.8664621102456153e-07
56450.04800076804 2.752308149482252e-07
56500.04800076804 2.740678004129368e-07
56550.04800076804 2.6044945097253273e-07
56600.04800076804 3.1134164001850084e-07
56650.04800076804 3.00906672522742e-07
56700.04800076804 3.093772887564479e-07
56750.04800076804 2.589509666564702e-07
56800.04800076804 2.937183836320494e-07
56850.04800076804 2.9628646391297435e-07
56900.04800076804 2.81606477728181e-07
56950.04800076804 3.140092721060141e-07
57000.04800076804 3.1651901733388595e-07
57050.04800076804 2.806141095325116e-07
57100.04800076804 2.4488928745537383e-07
57150.04800076804 2.8147531964351006e-07
57200.04800076804 2.417867512299529e-07
57250.04800076804 2.9163133519484394e-07
57300.04800076804 3.070155833396174e-07
57350.04800076804 2.637139395080494e-07
57400.04800076804 2.949482777919767e-07
57450.04800076804 3.025420879975342e-07
57500.04800076804 2.803211723188856e-07
57550.04800076804 2.8833737128087675e-07
57600.04800076804 3.1199600629636365e-07
57650.04800076804 2.447044223699197e-07
57700.04800076804 2.63223730691729e-07
57750.04800076804 2.781710569790657e-07
57800.04800076804 1.978824528203071e-07
57850.04800076804 3.275674137104959e-07
57900.04800076804 3.437594151103838e-07
57950.04800076804 3.256179288542606e-07
58000.04800076804 2.629521089348962e-07
58050.04800076804 2.98977556052598e-07
58100.04800076804 3.0993832288022164e-07
58150.04800076804 2.8378590997275573e-07
58200.04800076804 2.5671134752782905e-07
58250.04800076804 2.6860889411448003e-07
58300.04800076804 2.498851692347017e-07
58350.04800076804 2.6486905101875544e-07
58400.04800076804 2.8872541417782144e-07
58450.04800076804 2.995851276511849e-07
58500.04800076804 2.8805012386200225e-07
58550.04800076804 2.8898146335298647e-07
58600.04800076804 2.450416127565249e-07
58650.04800076804 2.818870661833058e-07
58700.04800076804 2.8307308199678547e-07
58750.04800076804 2.970825050570702e-07
58800.04800076804 2.487324566005231e-07
58850.04800076804 2.9280166714663425e-07
58900.04800076804 3.141287032270848e-07
58950.04800076804 2.66562155634506e-07
59000.04800076804 3.0281936130512617e-07
59050.04800076804 2.835099189744953e-07
59100.04800076804 3.096715897883003e-07
59150.04800076804 2.9038584150991055e-07
59200.04800076804 2.9632161549384295e-07
59250.04800076804 3.062986299297508e-07
59300.04800076804 2.9860536078745927e-07
59350.04800076804 2.595755795898563e-07
59400.04800076804 2.3183008354091293e-07
59450.04800076804 2.8087747015512243e-07
59500.04800076804 2.501641956281596e-07
59550.04800076804 3.064421026352464e-07
59600.04800076804 2.945292604711131e-07
59650.04800076804 2.9107984803907454e-07
59700.04800076804 2.1967688329999656e-07
59750.04800076804 3.2593365880052776e-07
59800.04800076804 2.7900095989396104e-07
59850.04800076804 3.112466167750562e-07
59900.04800076804 2.2025330483637854e-07
59950.04800076804 2.7357641725413383e-07
60000.04800076804 3.3198168612845007e-07
60050.04800076804 3.1523796817575044e-07
60100.04800076804 3.172845082374177e-07
60150.04800076804 2.878531287890346e-07
60200.04800076804 2.9084818122460604e-07
60250.04800076804 3.086122063874135e-07
60300.04800076804 3.090168693843969e-07
60350.04800076804 2.832451148700745e-07
60400.04800076804 3.1593344930889636e-07
60450.04800076804 2.6424716818092343e-07
60500.04800076804 1.8663064754515503e-07
60550.04800076804 3.1738489277893474e-07
60600.04800076804 3.1008134365948983e-07
60650.04800076804 2.9217261078866475e-07
60700.04800076804 2.9256237183991707e-07
60750.04800076804 2.5192543931885113e-07
60800.04800076804 3.0945054975758276e-07
60850.04800076804 3.2888876087334886e-07
60900.04800076804 3.226152250562517e-07
60950.04800076804 3.027853790927515e-07
61000.04800076804 2.870504010515533e-07
61050.04800076804 2.642840583931428e-07
61100.04800076804 2.87555338371998e-07
61150.04800076804 1.8192947519907775e-07
61200.04800076804 3.153864522335942e-07
61250.04800076804 2.797960835013512e-07
61300.04800076804 2.6890412100502703e-07
61350.04800076804 3.057966953124616e-07
61400.04800076804 2.6741950799863803e-07
61450.04800076804 2.390573069752094e-07
61500.04800076804 2.53593196671735e-07
61550.04800076804 2.3538697556997522e-07
61600.04800076804 2.1783712144762497e-07
61650.04800076804 2.7235342537938633e-07
61700.04800076804 2.5390501027945844e-07
61750.04800076804 2.6807888118455447e-07
61800.04800076804 2.7074261601183905e-07
61850.04800076804 2.641882000311654e-07
61900.04800076804 3.081456179936329e-07
61950.04800076804 3.0671668004252784e-07
62000.04800076804 2.8803791828104764e-07
62050.04800076804 2.9590809907485346e-07
62100.04800076804 2.7632450795295835e-07
62150.04800076804 3.036322766625854e-07
62200.04800076804 2.975617955958673e-07
62250.04800076804 2.8275926476163514e-07
62300.04800076804 3.240095456074638e-07
62350.04800076804 2.9628048648938903e-07
62400.04800076804 2.686468102423881e-07
62450.04800076804 2.729772053460361e-07
62500.04800076804 2.9090811458748775e-07
62550.04800076804 2.855461364135909e-07
62600.04800076804 3.0759320364672113e-07
62650.04800076804 2.8332454236043527e-07
62700.04800076804 3.058325238070865e-07
62750.04800076804 3.0498994426636173e-07
62800.04800076804 2.6728771510394744e-07
62850.04800076804 2.946223835914759e-07
62900.04800076804 3.032231827616583e-07
62950.04800076804 3.050507135209485e-07
63000.04800076804 2.875895628360471e-07
63050.04800076804 3.3149453339973247e-07
63100.04800076804 3.119469360967408e-07
63150.04800076804 2.9646225564419325e-07
63200.04800076804 3.072571205400061e-07
63250.04800076804 2.8849549412719844e-07
63300.04800076804 3.2162868588516626e-07
63350.04800076804 3.159987355205336e-07
63400.04800076804 2.7527583912820284e-07
63450.04800076804 2.3808994395949212e-07
63500.04800076804 3.105291604339187e-07
63550.04800076804 2.92684537473306e-07
63600.04800076804 3.039857000735257e-07
63650.04800076804 2.8007430443210553e-07
63700.04800076804 2.7717697876363524e-07
63750.04800076804 2.9111268344213406e-07
63800.04800076804 3.108465181701162e-07
63850.04800076804 3.0140293346698e-07
63900.04800076804 2.855687138017224e-07
63950.04800076804 3.0212535611210207e-07
64000.04800076804 3.1590219335436135e-07
64050.04800076804 2.958775506858052e-07
64100.04800076804 2.208247863386985e-07
64150.04800076804 2.55570205109449e-07
64200.04800076804 2.5831723502557624e-07
64250.04800076804 2.9518074827660077e-07
64300.04800076804 2.837563910128537e-07
64350.04800076804 2.6395319568533036e-07
64400.04800076804 3.0070463316597855e-07
64450.04800076804 3.002565604957237e-07
64500.04800076804 2.700869446888035e-07
64550.04800076804 2.8883981753976614e-07
64600.04800076804 2.4114219080027334e-07
64650.04800076804 2.8173969690658057e-07
64700.04800076804 2.431496849675029e-07
64750.04800076804 2.5618834178004623e-07
64800.04800076804 2.540316356140919e-07
64850.04800076804 2.526135394314485e-07
64900.04800076804 2.7312222639745785e-07
64950.04800076804 2.6496427460967966e-07
65000.04800076804 2.8335507529202704e-07
65050.04800076804 2.6193263699193275e-07
65100.04800076804 2.90767204119019e-07
65150.04800076804 2.3822938244880765e-07
65200.04800076804 2.5744880203089104e-07
65250.04800076804 2.802834982328689e-07
65300.04800076804 2.7555817687816566e-07
65350.04800076804 3.154236304922066e-07
65400.04800076804 2.7132171669880854e-07
65450.04800076804 2.799294595795625e-07
65500.04800076804 2.865805016236237e-07
65550.04800076805 2.553534681307566e-07
65600.04800076805 2.524159807938948e-07
65650.04800076805 2.83893195645709e-07
65700.04800076805 2.646782914596107e-07
65750.04800076805 2.5841965302260055e-07
65800.04800076805 2.757280968741129e-07
65850.04800076805 2.938727676303048e-07
65900.04800076805 2.570772986491945e-07
65950.04800076805 2.272292955741963e-07
66000.04800076805 2.69130789749424e-07
66050.04800076805 3.163299404201162e-07
66100.04800076805 2.736787874068655e-07
66150.04800076805 2.483986298865509e-07
66200.04800076805 2.5045590742321494e-07
66250.04800076805 2.3957215478071387e-07
66300.04800076805 1.9229424122963629e-07
66350.04800076805 2.337151522074928e-07
66400.04800076805 2.445566084476636e-07
66450.04800076805 2.8015356691773224e-07
66500.04800076805 2.9771099060112565e-07
66550.04800076805 2.978346792381636e-07
66600.04800076805 2.789487955118462e-07
66650.04800076805 2.706544660362476e-07
66700.04800076805 2.7076915309138965e-07
66750.04800076805 2.359126171364034e-07
66800.04800076805 2.898985328883674e-07
66850.04800076805 2.4395383652746007e-07
66900.04800076805 2.792491979211239e-07
66950.04800076805 2.96712201656926e-07
67000.04800076805 3.163273313464542e-07
67050.04800076805 2.858527173024668e-07
67100.04800076805 2.700406897408802e-07
67150.04800076805 2.695965023375731e-07
67200.04800076805 2.703300628694232e-07
67250.04800076805 2.7075982220980944e-07
67300.04800076805 2.7398201451986665e-07
67350.04800076805 2.2312768260397226e-07
67400.04800076805 2.943750182094804e-07
67450.04800076805 2.60261623928658e-07
67500.04800076805 2.7577873052390406e-07
67550.04800076805 2.8141735873454336e-07
67600.04800076805 3.288253729016043e-07
67650.04800076805 3.011145064175052e-07
67700.04800076805 2.892659524420089e-07
67750.04800076805 2.786132260155071e-07
67800.04800076805 2.9345898495369695e-07
67850.04800076805 2.625710331815648e-07
67900.04800076805 2.8367748611982594e-07
67950.04800076805 2.3346848171001788e-07
68000.04800076805 2.4438951678800123e-07
68050.04800076805 2.7535220022867346e-07
68100.04800076805 3.0357714195331475e-07
68150.04800076805 2.788351658466092e-07
68200.04800076805 2.814789290834246e-07
68250.04800076805 2.0619787380695076e-07
68300.04800076805 2.7307778048874325e-07
68350.04800076805 2.100519123037064e-07
68400.04800076805 3.014564061559037e-07
68450.04800076805 3.0058495653264723e-07
68500.04800076805 2.8796830904660403e-07
68550.04800076805 2.4706957778815977e-07
68600.04800076805 2.691039301762437e-07
68650.04800076805 2.3686761074427524e-07
68700.04800076805 2.755492064762349e-07
68750.04800076805 2.9236637030985474e-07
68800.04800076805 2.807441376228201e-07
68850.04800076805 2.1704770136223997e-07
68900.04800076805 3.0787454132870106e-07
68950.04800076805 3.1187654723754645e-07
69000.04800076805 2.871624475921023e-07
69050.04800076805 2.733303527634399e-07
69100.04800076805 3.105485001581075e-07
69150.04800076805 3.2349600697585583e-07
69200.04800076805 2.76842817720973e-07
69250.04800076805 3.1273860749401646e-07
69300.04800076805 2.9348983619719155e-07
69350.04800076805 3.0055566632375874e-07
69400.04800076805 2.418146739488992e-07
69450.04800076805 2.9625959580816816e-07
69500.04800076805 2.378423160709448e-07
69550.04800076805 2.6856137107263325e-07
69600.04800076805 1.936282302096225e-07
69650.04800076805 2.7481914694733546e-07
69700.04800076805 2.9770002312209657e-07
69750.04800076805 2.7777628618990533e-07
69800.04800076805 3.03753717344425e-07
69850.04800076805 2.999669814482625e-07
69900.04800076805 2.724543280332643e-07
69950.04800076805 2.797947182560879e-07
70000.04800076805 2.6435547261112385e-07
70050.04800076805 2.9312840771287386e-07
70100.04800076805 2.74830275051032e-07
70150.04800076805 2.7844159250297155e-07
70200.04800076805 2.588642484450808e-07
70250.04800076805 2.7627518764811705e-07
70300.04800076805 2.9611319713009407e-07
70350.04800076805 2.6477043937044384e-07
70400.04800076805 2.5966433492876727e-07
70450.04800076805 2.2607577408939887e-07
70500.04800076805 2.4608659031863486e-07
70550.04800076805 2.606434412415041e-07
70600.04800076805 2.6692126842235265e-07
70650.04800076805 2.7628012898917627e-07
70700.04800076805 2.674930032595187e-07
70750.04800076805 2.869758828893711e-07
70800.04800076805 2.3434336562362475e-07
70850.04800076805 2.5072129923190683e-07
70900.04800076805 2.523375607705418e-07
70950.04800076805 2.857297674241312e-07
71000.04800076805 2.750295097260441e-07
71050.04800076805 2.804950962104118e-07
71100.04800076805 2.6666412088269367e-07
71150.04800076805 2.7993044506867676e-07
71200.04800076805 2.6152878088917613e-07
71250.04800076805 2.6501864384621215e-07
71300.04800076805 2.704862607456196e-07
71350.04800076805 2.7105590291251723e-07
71400.04800076805 2.784971605783293e-07
71450.04800076805 2.3353719962448988e-07
71500.04800076805 2.57162326414501e-07
71550.04800076805 2.5518553188321463e-07
71600.04800076805 2.601435405124835e-07
71650.04800076805 2.7126079766111233e-07
71700.04800076805 2.5146937855875453e-07
71750.04800076805 2.499407296701098e-07
71800.04800076805 2.7207039533065665e-07
71850.04800076805 2.7587983778735264e-07
71900.04800076805 2.449952666923694e-07
71950.04800076805 2.4581028453929357e-07
72000.04800076805 2.5143995976577654e-07
72050.04800076805 2.3933285025837435e-07
72100.04800076805 2.513088270147673e-07
72150.04800076805 2.3116633127769944e-07
72200.04800076805 2.4805434390074837e-07
72250.04800076805 2.575395038751295e-07
72300.04800076805 2.5709570344065647e-07
72350.04800076805 2.555488634313167e-07
72400.04800076805 2.3087551991317567e-07
72450.04800076805 2.2631375346590277e-07
72500.04800076805 2.5032691285602284e-07
72550.04800076805 2.1324759640004217e-07
72600.04800076805 2.0576370591715198e-07
72650.04800076805 2.578938633713734e-07
72700.04800076805 2.6151779053105176e-07
72750.04800076805 2.3980612017439274e-07
72800.04800076805 2.4410521156166254e-07
72850.04800076805 2.3234407740007835e-07
72900.04800076805 2.525664278866664e-07
72950.04800076805 2.500045082262705e-07
73000.04800076805 2.59526360829547e-07
73050.04800076805 2.413620325090144e-07
73100.04800076805 2.0866589634027242e-07
73150.04800076805 2.674754830114339e-07
73200.04800076805 2.3089631766385349e-07
73250.04800076805 2.400658405734649e-07
73300.04800076805 2.474955092388864e-07
73350.04800076805 2.347533880609662e-07
73400.04800076805 2.499379245843799e-07
73450.04800076805 2.0605072423063217e-07
73500.04800076805 2.148098395828928e-07
73550.04800076805 2.2780137770755032e-07
73600.04800076805 2.2025535140316996e-07
73650.04800076805 2.3600282324186387e-07
73700.04800076805 2.549095234354882e-07
73750.04800076805 2.268729586487665e-07
73800.04800076805 2.3705882928805748e-07
73850.04800076805 2.3604110157065622e-07
73900.04800076805 2.4841651365095636e-07
73950.04800076805 2.2690168344828368e-07
74000.04800076805 2.3133586566553077e-07
74050.04800076805 2.7195504932257005e-07
74100.04800076805 2.1145068823617802e-07
74150.04800076805 2.4605562466343287e-07
74200.04800076805 2.2905441712570206e-07
74250.04800076805 2.0668048512844512e-07
74300.04800076805 2.2811143206707037e-07
74350.04800076805 2.5615171780794233e-07
74400.04800076805 2.4699472639255055e-07
74450.04800076805 1.654838909429389e-07
74500.04800076805 2.135062450275212e-07
74550.04800076805 2.4575918441503297e-07
74600.04800076805 2.411406119205183e-07
74650.04800076805 2.339865893515253e-07
74700.04800076805 2.1950692640208165e-07
74750.04800076805 2.3199856425718423e-07
74800.04800076805 2.337950482298148e-07
74850.04800076805 2.0645456914017554e-07
74900.04800076805 2.651855683578318e-07
74950.04800076805 2.543890177502562e-07
75000.04800076805 2.3809010412464404e-07
75050.04800076805 2.2900388814452655e-07
75100.04800076805 2.6324988148320733e-07
75150.04800076805 2.545753210057663e-07
75200.04800076805 2.554182078425605e-07
75250.04800076805 2.4247137944473804e-07
75300.04800076805 2.622083345758358e-07
75350.04800076805 1.759500646717654e-07
75400.04800076805 2.589076917096609e-07
75450.04800076805 2.3632640565815713e-07
75500.04800076805 2.2915082442021708e-07
75550.04800076805 2.6895993169249333e-07
75600.04800076805 2.767560958261393e-07
75650.04800076805 2.1884275411752485e-07
75700.04800076805 2.53540317614626e-07
75750.04800076805 2.233088563333321e-07
75800.04800076805 2.58180566648333e-07
75850.04800076805 2.754832760118933e-07
75900.04800076805 2.6505506881008317e-07
75950.04800076805 2.4267072324419776e-07
76000.04800076805 2.4665110743456945e-07
76050.04800076805 2.6277572152765803e-07
76100.04800076805 2.5088295284807416e-07
76150.04800076805 2.679702574226555e-07
76200.04800076805 2.670599142864854e-07
76250.04800076805 2.7531524816340465e-07
76300.04800076805 2.8811163477226763e-07
76350.04800076805 2.963613550383303e-07
76400.04800076805 2.771656860718625e-07
76450.04800076805 2.599321527614219e-07
76500.04800076805 2.5637553732316137e-07
76550.04800076805 2.3803353586766236e-07
76600.04800076805 1.402944754948953e-07
76650.04800076805 2.051321973041284e-07
76700.04800076805 2.1249249313948124e-07
76750.04800076805 1.9764902470885684e-07
76800.04800076805 2.392728042489867e-07
76850.04800076805 1.7108845750741595e-07
76900.04800076805 2.0319022709906448e-07
76950.04800076805 2.0906710023091407e-07
77000.04800076805 2.1753707363660037e-07
77050.04800076805 1.8583519710374126e-07
77100.04800076805 2.0083598968814518e-07
77150.04800076805 2.1291650001761547e-07
77200.04800076805 2.1631761001037253e-07
77250.04800076805 2.1802252871711588e-07
77300.04800076805 2.056622535307219e-07
77350.04800076805 1.8781516706540697e-07
77400.04800076805 1.7943043602385555e-07
77450.04800076805 1.9101587076086976e-07
77500.04800076805 2.122025661480453e-07
77550.04800076805 2.106796186042551e-07
77600.04800076805 2.1149691045496437e-07
77650.04800076805 2.116582550838783e-07
77700.04800076805 1.9575921550734363e-07
77750.04800076805 2.2015915149763985e-07
77800.04800076805 2.1533490102475115e-07
77850.04800076805 2.2792083111505194e-07
77900.04800076805 2.1931215480574298e-07
77950.04800076805 2.0648776781049593e-07
78000.04800076805 2.1651512222255774e-07
78050.04800076805 2.2266411735778215e-07
78100.04800076805 2.0149890968177627e-07
78150.04800076805 2.2834453944570653e-07
78200.04800076805 2.2984520393288267e-07
78250.04800076805 2.372426205111273e-07
78300.04800076805 2.39097248720069e-07
78350.04800076805 2.3076918009128052e-07
78400.04800076805 2.2704190033590617e-07
78450.04800076805 2.498353954916644e-07
78500.04800076805 2.32569485989588e-07
78550.04800076805 2.4395120630144044e-07
78600.04800076805 2.287508191103481e-07
78650.04800076805 1.9528803323332516e-07
78700.04800076805 2.1635612576405399e-07
78750.04800076805 2.1521154337173416e-07
78800.04800076805 2.428539911242835e-07
78850.04800076805 2.1171708242697787e-07
78900.04800076805 2.3108474356909912e-07
78950.04800076805 2.2321292770256648e-07
79000.04800076805 2.2995469626593865e-07
79050.04800076805 2.193023630475181e-07
79100.04800076805 2.1658068469847228e-07
79150.04800076805 2.403756124238914e-07
79200.04800076805 2.524523741978429e-07
79250.04800076805 2.4389697863572084e-07
79300.04800076805 2.056051851829844e-07
79350.04800076805 2.467743149953272e-07
79400.04800076805 2.2533211793287388e-07
79450.04800076805 2.3624869468909178e-07
79500.04800076805 2.6909766708717446e-07
79550.04800076805 2.522529490127379e-07
79600.04800076805 2.2093748565264175e-07
79650.04800076805 2.3380023470063555e-07
79700.04800076805 2.5445703458670516e-07
79750.04800076805 2.491776501860317e-07
79800.04800076805 2.354497509857561e-07
79850.04800076805 2.3546078528937505e-07
79900.04800076805 2.76646080419097e-07
79950.04800076805 2.3248846836537503e-07
