# %ECSV 1.0
# ---
# datatype:
# - {name: wav, unit: Angstrom, datatype: float64}
# - {name: flux_nu, unit: erg / (cm2 Hz s), datatype: float64}
# schema: astropy-2.0
wav flux_nu
3000.0480007680403 nan
3050.0480007680403 0.0
3100.0480007680403 0.0
3150.0480007680403 0.0
3200.0480007680403 0.0
3250.0480007680403 0.0
3300.0480007680403 0.0
3350.0480007680403 0.0
3400.0480007680403 0.0
3450.0480007680403 0.0
3500.0480007680403 0.0
3550.0480007680403 0.0
3600.0480007680403 0.0
3650.0480007680403 0.0
3700.0480007680403 0.0
3750.0480007680403 0.0
3800.0480007680403 0.0
3850.0480007680403 0.0
3900.0480007680403 0.0
3950.0480007680403 0.0
4000.0480007680403 0.0
4050.0480007680403 0.0
4100.04800076804 0.0
4150.04800076804 0.0
4200.04800076804 0.0
4250.04800076804 0.0
4300.04800076804 0.0
4350.04800076804 0.0
4400.04800076804 0.0
4450.04800076804 0.0
4500.04800076804 0.0
4550.04800076804 0.0
4600.04800076804 0.0
4650.04800076804 0.0
4700.04800076804 0.0
4750.04800076804 0.0
4800.04800076804 0.0
4850.04800076804 0.0
4900.04800076804 0.0
4950.04800076804 0.0
5000.04800076804 1.3796582852869286e-11
5050.04800076804 3.5124639595941736e-11
5100.04800076804 3.996641588279534e-11
5150.04800076804 4.615817222032048e-11
5200.04800076804 5.3404005881533135e-11
5250.04800076804 6.094297732486724e-11
5300.04800076804 6.90988432490918e-11
5350.04800076804 7.798664558446828e-11
5400.04800076804 8.693829144350608e-11
5450.04800076804 9.697410387144324e-11
5500.04800076804 1.0785083117294289e-10
5550.04800076804 1.1948495517702033e-10
5600.04800076804 1.308515677757374e-10
5650.04800076804 1.409762046591899e-10
5700.04800076804 1.468561379783326e-10
5750.04800076804 1.5206481681269883e-10
5800.04800076804 1.4952145887345386e-10
5850.04800076804 1.3578452425219524e-10
5900.04800076804 5.4921238228008394e-11
5950.04800076804 8.855785713609579e-11
6000.04800076804 2.1070050857659554e-10
6050.04800076804 2.974627694575107e-10
6100.04800076804 3.8860129646366023e-10
6150.04800076804 4.799304731573072e-10
6200.04800076804 5.721538582288773e-10
6250.04800076804 6.602277708648251e-10
6300.04800076804 7.614093145331881e-10
6350.04800076804 8.695835045001435e-10
6400.04800076804 9.739453264513412e-10
6450.04800076804 1.0208372486317015e-09
6500.04800076804 1.1301818949874076e-09
6550.04800076804 1.28092352072385e-09
6600.04800076804 1.4295474519271142e-09
6650.04800076804 1.6193801249254188e-09
6700.04800076804 1.8529411993195593e-09
6750.04800076804 2.0827604510469796e-09
6800.04800076804 2.3135899671745617e-09
6850.04800076804 2.5639944231342264e-09
6900.04800076804 2.5014028983528946e-09
6950.04800076804 2.4338356985202366e-09
7000.04800076804 2.7674442075306947e-09
7050.04800076804 2.805739405585785e-09
7100.04800076804 2.9577186106881198e-09
7150.04800076804 2.3926721708495378e-09
7200.04800076804 2.166831968799603e-09
7250.04800076804 2.5213600617433377e-09
7300.04800076804 2.5933605079007114e-09
7350.04800076804 2.942543992220251e-09
7400.04800076804 3.381152982113346e-09
7450.04800076804 3.923259440783008e-09
7500.04800076804 4.3126393497069046e-09
7550.04800076804 4.727494645969965e-09
7600.04800076804 5.1300321757917965e-09
7650.04800076804 5.3745009593292026e-09
7700.04800076804 3.7826898933484135e-09
7750.04800076804 2.0997889408396827e-09
7800.04800076804 5.52477136381572e-09
7850.04800076804 6.234874506499619e-09
7900.04800076804 6.855270598663578e-09
7950.04800076804 7.487379848439735e-09
8000.04800076804 7.820604406272649e-09
8050.04800076804 8.030164151883338e-09
8100.04800076804 6.167093096079737e-09
8150.04800076804 5.244070674969667e-09
8200.04800076804 7.565273962639253e-09
8250.04800076804 7.28970059860486e-09
8300.04800076804 7.964655602190636e-09
8350.04800076804 8.073996189943084e-09
8400.04800076804 8.575136253313047e-09
8450.04800076804 9.755870348605814e-09
8500.04800076804 1.0841120147785464e-08
8550.04800076804 1.2185033033297026e-08
8600.04800076804 1.3840754961050567e-08
8650.04800076804 1.5048475866284748e-08
8700.04800076804 1.5563488857072354e-08
8750.04800076804 1.6593356515420597e-08
8800.04800076804 1.6562482478639334e-08
8850.04800076804 1.4060612217709531e-08
8900.04800076804 6.711811658647988e-09
8950.04800076804 5.2304692690469265e-09
9000.04800076804 5.121950455822579e-09
9050.04800076804 1.126131494951602e-08
9100.04800076804 1.1591174827763353e-08
9150.04800076804 1.0544304747908929e-08
9200.04800076804 1.2328726309909959e-08
9250.04800076804 8.742352876007469e-09
9300.04800076804 3.79211261272483e-10
9350.04800076804 7.713210675482636e-10
9400.04800076804 3.2050806113797483e-09
9450.04800076804 2.112817798841354e-09
9500.04800076804 1.7051522944111118e-09
9550.04800076804 1.7705972414622355e-09
9600.04800076804 1.9110667733994675e-09
9650.04800076804 2.8226903437068293e-09
9700.04800076804 5.373474194291938e-09
9750.04800076804 5.683853980194848e-09
9800.04800076804 7.0205796282723315e-09
9850.04800076804 8.796762671426409e-09
9900.04800076804 1.1607099495648571e-08
9950.04800076804 1.2425979613483095e-08
10000.04800076804 1.457263569377958e-08
10050.04800076804 1.4819049669537222e-08
10100.04800076804 1.6341097081479198e-08
10150.04800076804 1.6522944272614855e-08
10200.04800076804 1.665267316444766e-08
10250.04800076804 1.8401877584329542e-08
10300.04800076804 2.02853137853574e-08
10350.04800076804 1.937119625558751e-08
10400.04800076804 2.142994505531784e-08
10450.04800076804 2.248659057935683e-08
10500.04800076804 2.30087742818048e-08
10550.04800076804 2.3575318090091764e-08
10600.04800076804 2.3185914218795127e-08
10650.04800076804 2.259023342190443e-08
10700.04800076804 2.135094274294511e-08
10750.04800076804 2.066886911215254e-08
10800.04800076804 1.954905855746624e-08
10850.04800076804 1.802009577587331e-08
10900.04800076804 1.4816143130448809e-08
10950.04800076804 9.001266406660145e-09
11000.04800076804 5.452562390233905e-09
11050.04800076804 2.7034123953199806e-09
11100.04800076804 1.2705446680983731e-09
11150.04800076804 5.668090348188782e-10
11200.04800076804 5.359196421685467e-10
11250.04800076804 8.563104482323892e-10
11300.04800076804 1.085418451858761e-09
11350.04800076804 4.006393992872793e-10
11400.04800076804 1.6728048695474024e-09
11450.04800076804 9.12935266107362e-10
11500.04800076804 9.649300176138875e-10
11550.04800076804 3.757835194182455e-10
11600.04800076804 2.774807391724164e-10
11650.04800076804 7.237933745160464e-10
11700.04800076804 9.2756260136083e-10
11750.04800076804 4.5429290043141086e-10
11800.04800076804 1.6919531240098287e-09
11850.04800076804 2.6056782492747664e-09
11900.04800076804 3.3994629440717035e-09
11950.04800076804 4.867459170994292e-09
12000.04800076804 6.572732635946718e-09
12050.04800076804 8.642478417064002e-09
12100.04800076804 1.0546596453547393e-08
12150.04800076804 1.3001600661989773e-08
12200.04800076804 1.4817421955044234e-08
12250.04800076804 1.7470845564592403e-08
12300.04800076804 2.0954355712444445e-08
12350.04800076804 2.25407816367662e-08
12400.04800076804 2.672876575836828e-08
12450.04800076804 3.065378700348655e-08
12500.04800076804 3.3509859729456904e-08
12550.04800076804 3.649796411179003e-08
12600.04800076804 3.9673593451095e-08
12650.04800076804 4.1642013675088274e-08
12700.04800076804 4.2475370620883906e-08
12750.04800076804 3.857497656957561e-08
12800.04800076804 3.49652607548142e-08
12850.04800076804 2.8385632351729828e-08
12900.04800076804 2.4449704298218313e-08
12950.04800076804 2.1123641462941922e-08
13000.04800076804 2.1897208859623388e-08
13050.04800076804 1.7322025345679886e-08
13100.04800076804 1.748977140270458e-08
13150.04800076804 1.2775903991184537e-08
13200.04800076804 1.2609451270577553e-08
13250.04800076804 8.837622090862402e-09
13300.04800076804 3.707069604218046e-09
13350.04800076804 1.2153250456713343e-09
13400.04800076804 2.218203929982902e-10
13450.04800076804 6.496488460587103e-11
13500.04800076804 2.285006528396991e-11
13550.04800076804 6.84920536069184e-12
13600.04800076804 2.3271156655251693e-12
13650.04800076804 1.5797032816894223e-11
13700.04800076804 8.627126087164744e-12
13750.04800076804 3.519407795939178e-11
13800.04800076804 3.922037657884959e-11
13850.04800076804 1.1880930805159225e-11
13900.04800076804 1.826684697479795e-11
13950.04800076804 1.8165580136405623e-11
14000.04800076804 2.5381551474795646e-11
14050.04800076804 3.707491893324432e-11
14100.04800076804 2.8369256141360868e-11
14150.04800076804 6.084544698967557e-11
14200.04800076804 4.0637718527384524e-11
14250.04800076804 5.619741153798101e-11
14300.04800076804 2.020021839904088e-10
14350.04800076804 1.5998759535902184e-10
14400.04800076804 1.5921195623846402e-10
14450.04800076804 3.154226002617321e-10
14500.04800076804 6.857327299043825e-10
14550.04800076804 7.354039434076687e-10
14600.04800076804 1.5680755777901576e-09
14650.04800076804 1.10989692231173e-09
14700.04800076804 5.797906928816041e-10
14750.04800076804 7.636088276804089e-10
14800.04800076804 8.627117228530039e-10
14850.04800076804 9.784656794860053e-10
14900.04800076804 1.0946133605859238e-09
14950.04800076804 1.4189855484106296e-09
15000.04800076804 2.3188353877048064e-09
15050.04800076804 2.6717152949192165e-09
15100.04800076804 2.4259926500889002e-09
15150.04800076804 2.081720302699055e-09
15200.04800076804 3.260463714736311e-09
15250.04800076804 5.101861374718774e-09
15300.04800076804 6.087795462359777e-09
15350.04800076804 7.659132339207641e-09
15400.04800076804 9.290389022771087e-09
15450.04800076804 1.0682611692924685e-08
15500.04800076804 1.2534214219335814e-08
15550.04800076804 1.530482283414793e-08
15600.04800076804 1.8369789127478403e-08
15650.04800076804 2.1642371247780545e-08
15700.04800076804 2.567035763810885e-08
15750.04800076804 2.7783810042431078e-08
15800.04800076804 2.9514725992325685e-08
15850.04800076804 3.141650736691274e-08
15900.04800076804 3.0289584535718225e-08
15950.04800076804 2.9241284392964294e-08
16000.04800076804 2.51150717228866e-08
16050.04800076804 1.853066284914343e-08
16100.04800076804 1.286175967797314e-08
16150.04800076804 7.805991472157138e-09
16200.04800076804 4.246676370566992e-09
16250.04800076804 3.087338356511147e-09
16300.04800076804 2.2675917281936163e-09
16350.04800076804 2.5552806933914424e-09
16400.04800076804 3.0145755725861476e-09
16450.04800076804 3.1501754216861322e-09
16500.04800076804 3.294543359557845e-09
16550.04800076804 3.296327239823466e-09
16600.04800076804 4.830982495848254e-09
16650.04800076804 3.026716637359468e-09
16700.04800076804 6.54055052151579e-10
16750.04800076804 2.1276707678830482e-09
16800.04800076804 3.0823301871598095e-09
16850.04800076804 2.9444813342610055e-09
16900.04800076804 1.8911791424309705e-09
16950.04800076804 1.4542094968479215e-09
17000.04800076804 9.383795928747397e-10
17050.04800076804 1.5351078137545425e-09
17100.04800076804 2.1560912826418636e-09
17150.04800076804 1.549727947342857e-09
17200.04800076804 3.326494298290986e-09
17250.04800076804 1.938102382138583e-09
17300.04800076804 1.4966956650802262e-09
17350.04800076804 1.6106036205755663e-09
17400.04800076804 2.0638645768189534e-09
17450.04800076804 2.3934143897423893e-09
17500.04800076804 2.8906044725608835e-09
17550.04800076804 2.1932616364773283e-09
17600.04800076804 1.8800306462860603e-09
17650.04800076804 1.4547254260566074e-09
17700.04800076804 1.2076287735734074e-09
17750.04800076804 8.571220667859992e-10
17800.04800076804 1.2766084549891518e-09
17850.04800076804 7.045765136845645e-10
17900.04800076804 6.076847129701459e-10
17950.04800076804 3.347326838756785e-10
18000.04800076804 5.819325978370372e-10
18050.04800076804 2.6443393057162814e-10
18100.04800076804 3.0099920575593474e-10
18150.04800076804 2.840184678319884e-10
18200.04800076804 1.6194043209865512e-10
18250.04800076804 6.029561338541136e-10
18300.04800076804 1.2198022749034244e-10
18350.04800076804 1.0933204833412971e-10
18400.04800076804 7.265066105797095e-11
18450.04800076804 3.5781503074745157e-10
18500.04800076804 3.3674852524161247e-10
18550.04800076804 1.6460287073445392e-10
18600.04800076804 2.0972203994750848e-10
18650.04800076804 1.270332608479079e-10
18700.04800076804 3.785172247812675e-11
18750.04800076804 9.462890387901942e-11
18800.04800076804 6.54874129288198e-10
18850.04800076804 5.926078096332009e-10
18900.04800076804 5.041516401189713e-10
18950.04800076804 1.0135335939133005e-09
19000.04800076804 2.6252106167418637e-10
19050.04800076804 1.3650904058515164e-10
19100.04800076804 4.032043378528168e-10
19150.04800076804 1.7361170679001394e-10
19200.04800076804 3.710313481988465e-10
19250.04800076804 2.4620730599491196e-10
19300.04800076804 1.6031410349466146e-10
19350.04800076804 1.9343518420497532e-10
19400.04800076804 1.3264968743649228e-10
19450.04800076804 2.692939821247244e-10
19500.04800076804 2.8116611705575603e-10
19550.04800076804 2.5078770403934706e-10
19600.04800076804 4.3131539649331456e-10
19650.04800076804 5.081838990249188e-10
19700.04800076804 5.792349056941798e-10
19750.04800076804 8.542009120324064e-10
19800.04800076804 7.171960127310706e-10
19850.04800076804 1.0424731160915514e-09
19900.04800076804 1.0719103316176736e-09
19950.04800076804 1.4322980040780628e-09
20000.04800076804 1.4442116843818935e-09
20050.04800076804 1.4416693304866611e-09
20100.04800076804 2.0040923091992594e-09
20150.04800076804 1.5006708257406102e-09
20200.04800076804 1.402655087200778e-09
20250.04800076804 1.9872154694281295e-09
20300.04800076804 1.9785532020693608e-09
20350.04800076804 2.187813007736173e-09
20400.04800076804 2.056782062935225e-09
20450.04800076804 2.6959835140151733e-09
20500.04800076804 2.800480972187806e-09
20550.04800076804 2.8679312881682944e-09
20600.04800076804 2.9881282964325652e-09
20650.04800076804 3.080699090521893e-09
20700.04800076804 3.0691260966276456e-09
20750.04800076804 3.144454095077895e-09
20800.04800076804 3.0489120308539586e-09
20850.04800076804 3.125082727669733e-09
20900.04800076804 3.1077350653567122e-09
20950.04800076804 3.0212468446495984e-09
21000.04800076804 2.950204485661507e-09
21050.04800076804 2.9294187876363167e-09
21100.04800076804 2.857716591729267e-09
21150.04800076804 2.828208191614983e-09
21200.04800076804 2.7349498722260638e-09
21250.04800076804 2.63980512588301e-09
21300.04800076804 2.480982944538811e-09
21350.04800076804 2.397120765217846e-09
21400.04800076804 2.4053435538268475e-09
21450.04800076804 2.0971936802019625e-09
21500.04800076804 2.0463459583525923e-09
21550.04800076804 1.9754969621532146e-09
21600.04800076804 1.8433926016597945e-09
21650.04800076804 1.666974354025531e-09
21700.04800076804 1.7252091706060452e-09
21750.04800076804 1.6560827376886284e-09
21800.04800076804 1.4052374643696408e-09
21850.04800076804 1.2608171581447825e-09
21900.04800076804 1.0721628164827444e-09
21950.04800076804 5.621406001655913e-10
22000.04800076804 1.120498540745072e-10
22050.04800076804 1.626764733657344e-10
22100.04800076804 5.049844326819196e-10
22150.04800076804 4.216215539693887e-10
22200.04800076804 3.6734974812605164e-10
22250.04800076804 3.402133205023254e-10
22300.04800076804 1.9810049139259788e-10
22350.04800076804 2.284063265282681e-10
22400.04800076804 1.1627378273706531e-10
22450.04800076804 1.240773202621868e-10
22500.04800076804 1.2895389022619775e-10
22550.04800076804 7.242855210666349e-11
22600.04800076804 8.426836667753688e-11
22650.04800076804 1.3299928386446755e-10
22700.04800076804 9.813676267780967e-11
22750.04800076804 1.0410258863338652e-10
22800.04800076804 1.331031470867532e-10
22850.04800076804 1.0283017676483339e-10
22900.04800076804 7.512025864224782e-11
22950.04800076804 5.380383174896101e-11
23000.04800076804 7.69587482432024e-11
23050.04800076804 9.21212861334682e-11
23100.04800076804 4.1170215473895066e-10
23150.04800076804 3.730529765097051e-10
23200.04800076804 2.4355254802165053e-11
23250.04800076804 8.343784880068472e-11
23300.04800076804 9.108163119677642e-11
23350.04800076804 7.502768793676527e-11
23400.04800076804 7.664881682578457e-11
23450.04800076804 4.6667931043303345e-11
23500.04800076804 5.143429898372823e-11
23550.04800076804 9.850906849336678e-11
23600.04800076804 1.8125025163678844e-10
23650.04800076804 2.015937187460273e-10
23700.04800076804 4.235322762336814e-11
23750.04800076804 5.5836110294533e-11
23800.04800076804 2.0197151417693001e-10
23850.04800076804 1.316731982974321e-10
23900.04800076804 2.7545972499207004e-10
23950.04800076804 1.59359979944818e-10
24000.04800076804 3.2843909754338967e-10
24050.04800076804 3.2964610100350883e-10
24100.04800076804 3.4439576743645266e-10
24150.04800076804 4.850877407830765e-10
24200.04800076804 4.3014157009509257e-10
24250.04800076804 3.0974909107041464e-10
24300.04800076804 6.240340705391751e-10
24350.04800076804 3.9966232965833654e-10
24400.04800076804 8.637219378547017e-10
24450.04800076804 7.90182363811752e-10
24500.04800076804 7.061967131900627e-10
24550.04800076804 1.1409000536410022e-09
24600.04800076804 1.258869828254944e-09
24650.04800076804 1.4973993828049446e-09
24700.04800076804 1.0521820080407289e-09
24750.04800076804 1.2498378597977687e-09
24800.04800076804 1.073736422649507e-09
24850.04800076804 1.6557961808504949e-09
24900.04800076804 6.004196839510775e-10
24950.04800076804 1.2507290858566936e-09
25000.04800076804 1.2033070148404146e-09
25050.04800076804 6.001353819268866e-10
25100.04800076804 1.0492337579150606e-09
25150.04800076804 4.699491197247927e-10
25200.04800076804 6.879884851920356e-10
25250.04800076804 2.550807929661273e-10
25300.04800076804 3.7325732026457704e-10
25350.04800076804 1.5512579050643763e-10
25400.04800076804 4.3250517353229405e-10
25450.04800076804 1.5116980855449685e-10
25500.04800076804 1.2690505455519203e-10
25550.04800076804 2.915267150205094e-10
25600.04800076804 1.635680348099e-10
25650.04800076804 6.998397625536557e-11
25700.04800076804 9.757765109413496e-11
25750.04800076804 3.394915088327319e-11
25800.04800076804 1.602562190244011e-10
25850.04800076804 3.1976156026233135e-11
25900.04800076804 5.4247505880274565e-11
25950.04800076804 1.555390688289893e-11
26000.04800076804 1.4184602572304587e-10
26050.04800076804 2.256475032973204e-11
26100.04800076804 1.1418445015686747e-10
26150.04800076804 4.944749467438905e-11
26200.04800076804 6.321564408342655e-11
26250.04800076804 3.499887820012643e-10
26300.04800076804 7.935914996056428e-11
26350.04800076804 5.783194835358276e-10
26400.04800076804 7.843446453327316e-10
26450.04800076804 4.385498663351796e-10
26500.04800076804 9.544320049664333e-10
26550.04800076804 1.4055153388036636e-10
26600.04800076804 1.3881760809753859e-10
26650.04800076804 2.9337070524272036e-11
26700.04800076804 1.8259606683473044e-11
26750.04800076804 2.5706466875647196e-11
26800.04800076804 6.202492639355148e-11
26850.04800076804 3.886601391503929e-11
26900.04800076804 1.6146968605445046e-10
26950.04800076804 5.8044787547177886e-11
27000.04800076804 2.732980586633254e-10
27050.04800076804 3.378061914919622e-10
27100.04800076804 5.547752921361051e-11
27150.04800076804 4.4639618666979615e-10
27200.04800076804 5.1999544217635526e-11
27250.04800076804 1.4486872452600022e-10
27300.04800076804 1.008646477834918e-09
27350.04800076804 3.333701707818653e-10
27400.04800076804 2.547962084166841e-11
27450.04800076804 4.263021375541032e-10
27500.04800076804 6.128002506371553e-10
27550.04800076804 9.115139998266367e-11
27600.04800076804 2.5400702736556576e-10
27650.04800076804 7.527573088966007e-11
27700.04800076804 6.992358941721341e-11
27750.04800076804 3.616757885785869e-10
27800.04800076804 1.3564139345806303e-10
27850.04800076804 1.8608429526181173e-10
27900.04800076804 2.715794703169472e-10
27950.04800076804 6.029158059441902e-10
28000.04800076804 4.4337170733239997e-10
28050.04800076804 8.296382320125587e-11
28100.04800076804 7.093394539182631e-10
28150.04800076804 4.4035320395507184e-10
28200.04800076804 1.35633256308536e-10
28250.04800076804 9.35150877426102e-10
28300.04800076804 1.151946120567841e-09
28350.04800076804 1.6328510589053282e-10
28400.04800076804 6.57166717958688e-10
28450.04800076804 1.3781616887062782e-09
28500.04800076804 6.170289171036746e-10
28550.04800076804 1.7795620830082502e-10
28600.04800076804 1.1497939285456435e-09
28650.04800076804 9.144598667371657e-10
28700.04800076804 8.761885120942698e-10
28750.04800076804 2.1383281317516233e-09
28800.04800076804 1.374786767275537e-09
28850.04800076804 1.7690803439806401e-09
28900.04800076804 8.565110172428381e-10
28950.04800076804 2.118110823112602e-09
29000.04800076804 1.5453406050824143e-09
29050.04800076804 1.8141615925210187e-09
29100.04800076804 1.2450217293890925e-09
29150.04800076804 2.704566948427529e-09
29200.04800076804 2.1421109577295454e-09
29250.04800076804 2.926468553911102e-09
29300.04800076804 1.6568452210228578e-09
29350.04800076804 7.2287791089082054e-09
29400.04800076804 1.7359174710720594e-09
29450.04800076804 1.8186513676580511e-09
29500.04800076804 4.961907343882806e-09
29550.04800076804 2.3997818512556105e-09
29600.04800076804 3.6729428022316605e-09
29650.04800076804 5.991572077257945e-09
29700.04800076804 1.7027162383437138e-09
29750.04800076804 3.891624932015926e-09
29800.04800076804 3.518130239242134e-09
29850.04800076804 7.19712008595968e-09
29900.04800076804 5.912891655787685e-09
29950.04800076804 3.921978323450789e-09
30000.04800076804 4.171824851595448e-10
30050.04800076804 1.2589603608792757e-09
30100.04800076804 3.2463001852524375e-09
30150.04800076804 6.34874401964996e-09
30200.04800076804 3.6377546700333653e-09
30250.04800076804 1.0212760320372232e-08
30300.04800076804 8.99733401865809e-09
30350.04800076804 3.8734649772672135e-09
30400.04800076804 9.914922577307236e-09
30450.04800076804 6.248362494368647e-09
30500.04800076804 5.514636675077503e-09
30550.04800076804 4.124666275119371e-09
30600.04800076804 1.492873959326681e-08
30650.04800076804 8.448431771223186e-09
30700.04800076804 5.526586260855836e-09
30750.04800076804 8.544653692216346e-09
30800.04800076804 6.145018745097592e-09
30850.04800076804 7.312031462447103e-09
30900.04800076804 5.619849383535405e-09
30950.04800076804 3.0667000119928473e-09
31000.04800076804 4.751775255697216e-09
31050.04800076804 4.6199242986368e-09
31100.04800076804 2.618014624731946e-09
31150.04800076804 3.96357442890957e-09
31200.04800076804 7.709448009487004e-09
31250.04800076804 3.0145251251744772e-09
31300.04800076804 2.762173116776156e-09
31350.04800076804 4.14055029789193e-09
31400.04800076804 2.420378765296133e-09
31450.04800076804 3.1781394321343093e-09
31500.04800076804 1.3827851806665247e-09
31550.04800076804 1.9353333638069936e-09
31600.04800076804 1.4536721711123747e-09
31650.04800076804 1.0975726292092105e-09
31700.04800076804 1.3876908908838663e-09
31750.04800076804 5.239023927108062e-10
31800.04800076804 1.243118085567501e-09
31850.04800076804 3.4041864364391975e-10
31900.04800076804 7.889325024926604e-10
31950.04800076804 4.233355422383498e-10
32000.04800076804 4.294541044831979e-10
32050.04800076804 4.260463191452366e-10
32100.04800076804 3.192925433948148e-10
32150.04800076804 4.4992589008459096e-10
32200.04800076804 2.4210862098196447e-10
32250.04800076804 5.475144597710233e-10
32300.04800076804 1.8683787573591242e-10
32350.04800076804 6.188651052677157e-10
32400.04800076804 1.7104338781509394e-10
32450.04800076804 4.725582557393583e-10
32500.04800076804 2.086144802165643e-10
32550.04800076804 4.663319895286335e-10
32600.04800076804 2.449428638575454e-10
32650.04800076804 7.541696723023145e-10
32700.04800076804 3.3997864456385383e-10
32750.04800076804 1.332316544641923e-09
32800.04800076804 9.552690675196836e-10
32850.04800076804 2.1457363365034123e-09
32900.04800076804 1.9346011388716835e-09
32950.04800076804 2.1513922459202628e-09
33000.04800076804 9.420623141837496e-10
33050.04800076804 1.0933839026102898e-09
33100.04800076804 3.3325844968532976e-10
33150.04800076804 1.2040820462433714e-12
33200.04800076804 1.7357122640565136e-11
33250.04800076804 2.5818922197203256e-11
33300.04800076804 1.2886601011697469e-10
33350.04800076804 3.599767819674633e-10
33400.04800076804 8.797176325731985e-10
33450.04800076804 5.647006653033749e-10
33500.04800076804 1.7804493297640013e-09
33550.04800076804 6.18102089710008e-10
33600.04800076804 1.0263855106362225e-09
33650.04800076804 1.1037123323865029e-09
33700.04800076804 5.011286216130632e-10
33750.04800076804 1.4102285762701337e-09
33800.04800076804 2.4533318754634895e-10
33850.04800076804 7.357455509820838e-10
33900.04800076804 7.82713556947974e-10
33950.04800076804 6.979440398177248e-10
34000.04800076804 1.3781443534369666e-09
34050.04800076804 2.627229242525582e-10
34100.04800076804 1.0863116778301638e-09
34150.04800076804 4.5255813592478824e-10
34200.04800076804 1.0796363466755296e-09
34250.04800076804 8.043490285872624e-10
34300.04800076804 6.474034636037343e-10
34350.04800076804 1.6890539904954804e-09
34400.04800076804 5.033585769379922e-10
34450.04800076804 1.6275911580818858e-09
34500.04800076804 8.860088385867762e-10
34550.04800076804 7.185738514301992e-10
34600.04800076804 2.6447433633359303e-09
34650.04800076804 4.818804388643724e-10
34700.04800076804 1.6979184771540482e-09
34750.04800076804 1.2031768135524364e-09
34800.04800076804 8.257976877132774e-10
34850.04800076804 2.8440162741104706e-09
34900.04800076804 9.120760744842374e-10
34950.04800076804 2.3361353215649066e-09
35000.04800076804 3.5754561988670194e-09
35050.04800076804 1.850673562222669e-09
35100.04800076804 4.812960849827355e-09
35150.04800076804 3.925722677720864e-09
35200.04800076804 3.3470336324622024e-09
35250.04800076804 5.207060423675252e-09
35300.04800076804 1.9058124314841803e-09
35350.04800076804 3.4027684610963907e-09
35400.04800076804 2.6000435043832623e-09
35450.04800076804 2.101189525281709e-09
35500.04800076804 7.075008328356074e-09
35550.04800076804 3.87982072780207e-09
35600.04800076804 5.1783474798669765e-09
35650.04800076804 5.619259490961402e-09
35700.04800076804 4.6083767690540284e-09
35750.04800076804 9.5053146928312e-09
35800.04800076804 5.654273890261864e-09
35850.04800076804 3.103072579251445e-09
35900.04800076804 5.5391991896533724e-09
35950.04800076804 7.045403666906865e-09
36000.04800076804 5.296869413595296e-09
36050.04800076804 5.6945769946611065e-09
36100.04800076804 4.953567329057704e-09
36150.04800076804 1.0911574798151776e-08
36200.04800076804 1.0869634580046951e-08
36250.04800076804 8.14951586133324e-09
36300.04800076804 1.4960782512010374e-08
36350.04800076804 1.0581814076188788e-08
36400.04800076804 1.6525162171921043e-08
36450.04800076804 1.1731936670586243e-08
36500.04800076804 1.2629509876299412e-08
36550.04800076804 2.2890127025155247e-08
36600.04800076804 2.5897327557552895e-08
36650.04800076804 1.754496330613482e-08
36700.04800076804 1.743220634766248e-08
36750.04800076804 2.496257570285591e-08
36800.04800076804 2.5949200762370506e-08
36850.04800076804 1.540213100851798e-08
36900.04800076804 2.017128163747133e-08
36950.04800076804 2.7010775035831278e-08
37000.04800076804 2.0071988124666636e-08
37050.04800076804 2.8288306264661433e-08
37100.04800076804 1.718237367298248e-08
37150.04800076804 2.3962963437473187e-08
37200.04800076804 3.503273218429401e-08
37250.04800076804 2.0075421585046912e-08
37300.04800076804 1.6975167159790736e-08
37350.04800076804 2.828938985185569e-08
37400.04800076804 4.275491710268117e-08
37450.04800076804 1.90026852233703e-08
37500.04800076804 2.292682087010341e-08
37550.04800076804 4.783246707770833e-08
37600.04800076804 6.19284683582074e-08
37650.04800076804 2.4164939977851196e-08
37700.04800076804 3.994175091144035e-08
37750.04800076804 2.788780761891188e-08
37800.04800076804 3.291285588474497e-08
37850.04800076804 1.9117234578725795e-08
37900.04800076804 2.4623979768915594e-08
37950.04800076804 3.598428251968959e-08
38000.04800076804 3.839888653138285e-08
38050.04800076804 4.2669886914684166e-08
38100.04800076804 5.794561784424428e-08
38150.04800076804 5.882962936215349e-08
38200.04800076804 4.8376845911878214e-08
38250.04800076804 5.546031293508921e-08
38300.04800076804 8.801766953388331e-08
38350.04800076804 7.474095082207332e-08
38400.04800076804 3.929202338506193e-08
38450.04800076804 2.6790137833453458e-08
38500.04800076804 2.028772219823942e-08
38550.04800076804 4.5297334395325456e-08
38600.04800076804 5.0046900185238455e-08
38650.04800076804 5.828361221676246e-08
38700.04800076804 6.035937039483294e-08
38750.04800076804 6.022051689136384e-08
38800.04800076804 4.9811633389767414e-08
38850.04800076804 6.546460322727171e-08
38900.04800076804 7.028424129700478e-08
38950.04800076804 4.837845890256991e-08
39000.04800076804 7.383696849385129e-08
39050.04800076804 5.026637579799457e-08
39100.04800076804 6.253343676849466e-08
39150.04800076804 7.562655359285046e-08
39200.04800076804 6.409005725733457e-08
39250.04800076804 7.90897251762486e-08
39300.04800076804 6.756865211005824e-08
39350.04800076804 1.0369827227886675e-07
39400.04800076804 7.492378953597065e-08
39450.04800076804 8.835152949801846e-08
39500.04800076804 1.0039338747959166e-07
39550.04800076804 6.82524666640267e-08
39600.04800076804 8.50587463073905e-08
39650.04800076804 1.2275952022111914e-07
39700.04800076804 1.0203630041900452e-07
39750.04800076804 5.5292187134042805e-08
39800.04800076804 6.488310066480935e-08
39850.04800076804 1.2395869339239924e-07
39900.04800076804 1.2885857850546705e-07
39950.04800076804 8.627827911222638e-08
40000.04800076804 1.2663534930265257e-07
40050.04800076804 1.1753983424878587e-07
40100.04800076804 5.2438223876051883e-08
40150.04800076804 1.1550909877440178e-07
40200.04800076804 1.2893456177341782e-07
40250.04800076804 1.3711880862731278e-07
40300.04800076804 1.3130376438210415e-07
40350.04800076804 7.736778594607337e-08
40400.04800076804 1.2243782999161167e-07
40450.04800076804 8.303077107113802e-08
40500.04800076804 1.380795166597709e-07
40550.04800076804 1.2930938416965818e-07
40600.04800076804 1.3204217575039568e-07
40650.04800076804 1.0631539158151234e-07
40700.04800076804 1.797468078685945e-07
40750.04800076804 1.322230775636738e-07
40800.04800076804 8.693853061362242e-08
40850.04800076804 1.7669935023107198e-07
40900.04800076804 1.7083778324401255e-07
40950.04800076804 1.1450763725517437e-07
41000.04800076804 1.3933265987920638e-07
41050.04800076804 1.832024631642579e-07
41100.04800076804 1.4713966941411268e-07
41150.04800076804 7.600275653009028e-08
41200.04800076804 1.73107161003078e-07
41250.04800076804 1.524311825168284e-07
41300.04800076804 1.541921901002441e-07
41350.04800076804 1.939927932040694e-07
41400.04800076804 1.6230437727792833e-07
41450.04800076804 1.8012809143799899e-07
41500.04800076804 1.261538081417254e-07
41550.04800076804 1.1362267374475376e-07
41600.04800076804 1.3819486757197125e-07
41650.04800076804 1.779152428894842e-07
41700.04800076804 1.7619124256155015e-07
41750.04800076804 1.591426668219023e-07
41800.04800076804 1.951803095751137e-07
41850.04800076804 1.276019456855094e-07
41900.04800076804 1.2118966057323934e-07
41950.04800076804 1.5487711317076126e-07
42000.04800076804 1.6325517395936895e-07
42050.04800076804 1.39979302728189e-07
42100.04800076804 1.8132468098095274e-07
42150.04800076804 1.3890230461185896e-07
42200.04800076804 1.440957743629305e-07
42250.04800076804 1.2347447754440848e-07
42300.04800076804 1.1599339609172585e-07
42350.04800076804 1.5743478212027996e-07
42400.04800076804 1.729020208097525e-07
42450.04800076804 1.5088189810157226e-07
42500.04800076804 1.5308649118767167e-07
42550.04800076804 1.4067232867852154e-07
42600.04800076804 1.41961206941951e-07
42650.04800076804 1.975989769420623e-07
42700.04800076804 1.1435576746124284e-07
42750.04800076804 1.1960659206678383e-07
42800.04800076804 1.5546541250367055e-07
42850.04800076804 1.724673103518583e-07
42900.04800076804 1.769432081703347e-07
42950.04800076804 1.3543187733371565e-07
43000.04800076804 1.645014834504599e-07
43050.04800076804 8.283230937861399e-08
43100.04800076804 1.4362097800421773e-07
43150.04800076804 1.3159721898340338e-07
43200.04800076804 1.4948197731106063e-07
43250.04800076804 2.199249098622998e-07
43300.04800076804 1.9284123568523997e-07
43350.04800076804 1.0418958314915e-07
43400.04800076804 1.4942043545001395e-07
43450.04800076804 1.1761103377813352e-07
43500.04800076804 1.2779860414563203e-07
43550.04800076804 1.1704400369368892e-07
43600.04800076804 1.761828566591982e-07
43650.04800076804 9.389538355869368e-08
43700.04800076804 1.8331742633022708e-07
43750.04800076804 1.8385790564857898e-07
43800.04800076804 1.504157362607993e-07
43850.04800076804 1.4639270167048993e-07
43900.04800076804 1.2820343039948877e-07
43950.04800076804 9.402338882028707e-08
44000.04800076804 7.818640647880847e-08
44050.04800076804 1.632289807253803e-07
44100.04800076804 2.1945022851145284e-07
44150.04800076804 2.0895150567107375e-07
44200.04800076804 1.8628852609162978e-07
44250.04800076804 1.1246105653738992e-07
44300.04800076804 7.79695291871161e-08
44350.04800076804 9.072193309972715e-08
44400.04800076804 9.62944700313259e-08
44450.04800076804 1.3733061013158936e-07
44500.04800076804 1.1502308178132532e-07
44550.04800076804 1.5602047559124212e-07
44600.04800076804 1.1418842103000561e-07
44650.04800076804 1.316526773579302e-07
44700.04800076804 9.318433548645374e-08
44750.04800076804 1.1297700336783028e-07
44800.04800076804 8.609503434530192e-08
44850.04800076804 1.1522453162884191e-07
44900.04800076804 9.117565674064621e-08
44950.04800076804 8.815548442591057e-08
45000.04800076804 1.0527576110573536e-07
45050.04800076804 1.0606410400795336e-07
45100.04800076804 1.0559644085743087e-07
45150.04800076804 8.079832337587503e-08
45200.04800076804 5.010979764045274e-08
45250.04800076804 5.646247425920649e-08
45300.04800076804 7.48752100204598e-08
45350.04800076804 5.98133979698631e-08
45400.04800076804 7.88699302085715e-08
45450.04800076804 6.979677308688541e-08
45500.04800076804 8.043554711830343e-08
45550.04800076804 9.504623717319407e-08
45600.04800076804 7.061197137415676e-08
45650.04800076804 6.742337190102876e-08
45700.04800076804 6.783827013506436e-08
45750.04800076804 4.6792515958736544e-08
45800.04800076804 6.201340699890985e-08
45850.04800076804 8.090612880159777e-08
45900.04800076804 9.292307583255796e-08
45950.04800076804 5.7543355058110787e-08
46000.04800076804 9.1088167447048e-08
46050.04800076804 8.950622945169974e-08
46100.04800076804 6.73541562323632e-08
46150.04800076804 7.324575401519084e-08
46200.04800076804 5.506023553455084e-08
46250.04800076804 2.999267250388144e-08
46300.04800076804 9.13205874414018e-08
46350.04800076804 7.379895394730296e-08
46400.04800076804 8.672480771178438e-08
46450.04800076804 9.801952212828907e-08
46500.04800076804 8.108085286998761e-08
46550.04800076804 6.849873292215486e-08
46600.04800076804 7.41632251623887e-08
46650.04800076804 1.3950589658635564e-07
46700.04800076804 9.678924051277367e-08
46750.04800076804 4.557458678000877e-08
46800.04800076804 3.090159774631606e-08
46850.04800076804 1.0372836814187431e-07
46900.04800076804 9.521632992027145e-08
46950.04800076804 1.225962288259074e-07
47000.04800076804 7.095802088616251e-08
47050.04800076804 9.300724963808781e-08
47100.04800076804 4.040200517740213e-08
47150.04800076804 7.36963592830113e-08
47200.04800076804 8.782977328676927e-08
47250.04800076804 4.887811124419031e-08
47300.04800076804 4.243850548793296e-08
47350.04800076804 6.504250679561397e-08
47400.04800076804 1.1643563167146211e-07
47450.04800076804 5.6503641022263734e-08
47500.04800076804 1.3209342273237914e-07
47550.04800076804 6.794634547126552e-08
47600.04800076804 1.0406357681701575e-07
47650.04800076804 5.6979050251798655e-08
47700.04800076804 9.325243923000467e-08
47750.04800076804 4.580925764054651e-08
47800.04800076804 5.5952691438424064e-08
47850.04800076804 2.4133244109790803e-08
47900.04800076804 3.988525766311083e-08
47950.04800076804 7.369371419802563e-08
48000.04800076804 1.1953439042389671e-07
48050.04800076804 8.021149581663097e-08
48100.04800076804 5.23843823439732e-08
48150.04800076804 6.350461226769205e-08
48200.04800076804 7.056373786488703e-08
48250.04800076804 6.782510500570936e-08
48300.04800076804 1.2540216687098963e-07
48350.04800076804 5.542456113997192e-08
48400.04800076804 2.2541032505265e-08
48450.04800076804 3.8345654639141714e-08
48500.04800076804 7.736978969750525e-08
48550.04800076804 6.037903871465258e-08
48600.04800076804 1.1616315704366373e-07
48650.04800076804 9.34751616421212e-08
48700.04800076804 1.0705159157831202e-07
48750.04800076804 6.141025226194611e-08
48800.04800076804 1.1290300189645932e-07
48850.04800076804 6.071532636496769e-08
48900.04800076804 7.678502448147423e-08
48950.04800076804 4.8541960006147665e-08
49000.04800076804 3.0374637166044185e-08
49050.04800076804 8.120715956556672e-08
49100.04800076804 8.672976545675944e-08
49150.04800076804 8.407854354169781e-08
49200.04800076804 1.0345510570031664e-07
49250.04800076804 1.2773672845848831e-07
49300.04800076804 9.711529989544405e-08
49350.04800076804 4.655617563784815e-08
49400.04800076804 6.376816934367046e-08
49450.04800076804 5.839170942221091e-08
49500.04800076804 5.089843381186637e-08
49550.04800076804 1.1657720665647478e-08
49600.04800076804 3.019676823617805e-08
49650.04800076804 6.54691223691904e-08
49700.04800076804 8.286231661913578e-08
49750.04800076804 8.212594911190187e-08
49800.04800076804 4.8339332447055195e-08
49850.04800076804 1.0410278295782818e-07
49900.04800076804 1.0374628125917565e-07
49950.04800076804 8.884147770500321e-08
50000.04800076804 7.233178035779049e-08
50050.04800076804 8.297521789522344e-08
50100.04800076804 7.044352281737581e-08
50150.04800076804 3.21027036662604e-08
50200.04800076804 7.478998752854867e-09
50250.04800076804 3.433352661196642e-08
50300.04800076804 2.4438046303921448e-08
50350.04800076804 7.936154506432431e-08
50400.04800076804 8.830613586903358e-08
50450.04800076804 6.194116223029386e-08
50500.04800076804 1.0034214642430363e-07
50550.04800076804 1.0805477645174422e-07
50600.04800076804 6.96690583012443e-08
50650.04800076804 9.877725955908157e-08
50700.04800076804 1.0929136530064144e-07
50750.04800076804 6.45988136793611e-08
50800.04800076804 2.379853227597938e-08
50850.04800076804 1.3328831642506218e-08
50900.04800076804 7.083814260323901e-08
50950.04800076804 7.497268428470052e-08
51000.04800076804 5.518410592981998e-08
51050.04800076804 7.582806450187966e-08
51100.04800076804 2.7744814375924215e-08
51150.04800076804 3.179469064389145e-08
51200.04800076804 9.91403099985432e-08
51250.04800076804 6.7780446579619e-08
51300.04800076804 4.7296435540592896e-08
51350.04800076804 4.8662733609660085e-08
51400.04800076804 1.7767582893900362e-08
51450.04800076804 1.4396903959102355e-08
51500.04800076804 1.2173194984749235e-08
51550.04800076804 4.064741345299819e-08
51600.04800076804 4.025571891060354e-08
51650.04800076804 5.560374394295169e-08
51700.04800076804 5.240330476552788e-08
51750.04800076804 3.4429759045586265e-08
51800.04800076804 7.550121821549534e-08
51850.04800076804 5.869267128997422e-08
51900.04800076804 6.766018810579206e-08
51950.04800076804 3.858327760626946e-08
52000.04800076804 5.451567082486066e-09
52050.04800076804 2.0988201846094127e-08
52100.04800076804 1.3890663483042419e-08
52150.04800076804 8.467803503360258e-09
52200.04800076804 2.1525765194197396e-08
52250.04800076804 3.909058327551694e-08
52300.04800076804 5.2613337853039815e-08
52350.04800076804 1.5467715319465956e-08
52400.04800076804 1.698341941513287e-08
52450.04800076804 5.550616178258322e-08
52500.04800076804 4.719133691681074e-08
52550.04800076804 4.9560923307704036e-08
52600.04800076804 4.1455544132451036e-08
52650.04800076804 4.628495472901012e-08
52700.04800076804 2.9637433660763168e-08
52750.04800076804 1.4244013270931715e-08
52800.04800076804 2.2420476628583744e-08
52850.04800076804 2.7810148033567297e-08
52900.04800076804 1.2428235482672817e-08
52950.04800076804 2.0813150773345787e-08
53000.04800076804 4.3263220909450175e-08
53050.04800076804 1.4690382843993074e-08
53100.04800076804 5.506919194441971e-08
53150.04800076804 6.092174855823483e-08
53200.04800076804 2.2850887801118515e-08
53250.04800076804 5.1771049471091045e-08
53300.04800076804 5.635410022380607e-08
53350.04800076804 5.464272200655487e-08
53400.04800076804 3.4961284940807226e-08
53450.04800076804 1.0263635825795705e-08
53500.04800076804 3.170961983712672e-09
53550.04800076804 6.3950338555990974e-09
53600.04800076804 2.2141535625574457e-08
53650.04800076804 2.4254920659586957e-08
53700.04800076804 2.0532440024402228e-08
53750.04800076804 1.7786337342759657e-08
53800.04800076804 1.8345681942147857e-08
53850.04800076804 3.2997777641576993e-08
53900.04800076804 4.747334645137045e-08
53950.04800076804 4.6311643930996657e-08
54000.04800076804 2.9949305241379595e-08
54050.04800076804 3.103437988391298e-08
54100.04800076804 7.2658575284387495e-09
54150.04800076804 1.089474444989697e-08
54200.04800076804 2.438542637364465e-09
54250.04800076804 5.7673375936594395e-09
54300.04800076804 1.477252617964519e-08
54350.04800076804 2.2814715157863844e-08
54400.04800076804 1.8372111281663568e-08
54450.04800076804 1.6541281773762955e-08
54500.04800076804 1.7127161036218375e-08
54550.04800076804 1.4381168321890818e-08
54600.04800076804 1.3764410012708864e-08
54650.04800076804 2.4180795730029385e-09
54700.04800076804 1.4921809953627962e-08
54750.04800076804 1.401698965108688e-08
54800.04800076804 7.766290159713242e-09
54850.04800076804 1.2073472272854376e-08
54900.04800076804 2.1667772718698495e-08
54950.04800076804 3.4156115058041145e-08
55000.04800076804 1.2294359806997418e-08
55050.04800076804 1.670527553978267e-08
55100.04800076804 2.3488301029020727e-08
55150.04800076804 1.232081355222994e-08
55200.04800076804 8.58659482957792e-09
55250.04800076804 1.3325530059848635e-08
55300.04800076804 8.815958246458041e-09
55350.04800076804 1.696244083053503e-08
55400.04800076804 1.8546475156589335e-08
55450.04800076804 1.2226467940464718e-08
55500.04800076804 5.0426159582245775e-09
55550.04800076804 4.86251495491588e-09
55600.04800076804 8.975714201887277e-09
55650.04800076804 7.836658177940623e-09
55700.04800076804 8.49837202941353e-09
55750.04800076804 6.937602197194511e-09
55800.04800076804 3.1358887881375816e-09
55850.04800076804 5.0226353752601364e-09
55900.04800076804 1.2749841473011291e-08
55950.04800076804 1.993014580213571e-08
56000.04800076804 7.506574708049232e-09
56050.04800076804 8.73605226042411e-09
56100.04800076804 1.2888677069802314e-08
56150.04800076804 6.112723671136329e-09
56200.04800076804 8.362710813347822e-09
56250.04800076804 1.726736836730069e-08
56300.04800076804 1.0167367634098635e-08
56350.04800076804 6.216650672018995e-09
56400.04800076804 2.354439253739031e-09
56450.04800076804 2.2760195448596706e-09
56500.04800076804 8.898184732161757e-09
56550.04800076804 3.5890497376696864e-09
56600.04800076804 1.233813186896513e-08
56650.04800076804 1.3909182328166407e-08
56700.04800076804 1.0386126567881492e-08
56750.04800076804 3.790947732232372e-09
56800.04800076804 6.611755790816896e-09
56850.04800076804 9.061382465793167e-09
56900.04800076804 5.302235097390261e-09
56950.04800076804 1.1512238077089938e-08
57000.04800076804 1.492149981053745e-08
57050.04800076804 7.483186045853976e-09
57100.04800076804 2.1768407309258685e-09
57150.04800076804 4.400403278050286e-09
57200.04800076804 3.1687637667534383e-09
57250.04800076804 5.041152655557149e-09
57300.04800076804 7.337857882214083e-09
57350.04800076804 3.85049594107931e-09
57400.04800076804 1.1318494344921805e-08
57450.04800076804 5.319493666961079e-09
57500.04800076804 4.5024250999588025e-09
57550.04800076804 6.618359215477472e-09
57600.04800076804 5.5290493802747635e-09
57650.04800076804 1.4426429598372614e-09
57700.04800076804 2.969701157090157e-09
57750.04800076804 6.262486521819737e-09
57800.04800076804 2.2427739990942684e-09
57850.04800076804 1.502465268661495e-08
57900.04800076804 1.982284977648209e-08
57950.04800076804 2.1606389187074297e-08
58000.04800076804 6.0997846930973706e-09
58050.04800076804 1.1561899909854258e-08
58100.04800076804 9.420168768225376e-09
58150.04800076804 6.241897042827119e-09
58200.04800076804 1.4564087249936497e-09
58250.04800076804 2.7088134289875405e-09
58300.04800076804 3.0491513742736907e-09
58350.04800076804 3.7356966672102375e-09
58400.04800076804 9.402758847487953e-09
58450.04800076804 1.1767536651219921e-08
58500.04800076804 1.2542928996305162e-08
58550.04800076804 8.425783713391746e-09
58600.04800076804 3.3451590360740258e-09
58650.04800076804 4.813682410843244e-09
58700.04800076804 6.694472428348036e-09
58750.04800076804 5.957062360691685e-09
58800.04800076804 7.563483637028091e-10
58850.04800076804 3.6033529000789875e-09
58900.04800076804 4.5391642905030885e-09
58950.04800076804 2.049610319105537e-09
59000.04800076804 5.333872170163583e-09
59050.04800076804 8.583288972377267e-09
59100.04800076804 7.53548560100138e-09
59150.04800076804 6.174979970538529e-09
59200.04800076804 8.454782432393932e-09
59250.04800076804 8.720446932449915e-09
59300.04800076804 7.046482509508518e-09
59350.04800076804 1.1247296103297845e-09
59400.04800076804 1.5014382182053916e-09
59450.04800076804 7.321288253744055e-09
59500.04800076804 4.358003130053588e-09
59550.04800076804 8.926648189905734e-09
59600.04800076804 1.1154593700241265e-08
59650.04800076804 4.979118763393442e-09
59700.04800076804 3.3941517482625796e-09
59750.04800076804 1.3283539259354135e-08
59800.04800076804 5.502099581318193e-09
59850.04800076804 6.99916269373997e-09
59900.04800076804 2.249648289606041e-09
59950.04800076804 6.376928877360914e-09
60000.04800076804 1.515855192270801e-08
60050.04800076804 1.7431457094022086e-08
60100.04800076804 1.0878065287530242e-08
60150.04800076804 4.040318040756616e-09
60200.04800076804 8.37573902025905e-09
60250.04800076804 1.7360941458360603e-08
60300.04800076804 1.5969406344998908e-08
60350.04800076804 8.732623572827628e-09
60400.04800076804 7.564436856713975e-09
60450.04800076804 1.7828790088205654e-09
60500.04800076804 5.811611539813729e-10
60550.04800076804 5.998092625571422e-09
60600.04800076804 9.338405069714295e-09
60650.04800076804 5.341610227801202e-09
60700.04800076804 3.6852402434006617e-09
60750.04800076804 1.5298862955439131e-09
60800.04800076804 8.473058184147356e-09
60850.04800076804 1.6156253300878888e-08
60900.04800076804 1.3972529690659794e-08
60950.04800076804 9.294266205193592e-09
61000.04800076804 1.2307758422454464e-08
61050.04800076804 3.9276104974059976e-09
61100.04800076804 4.235549963462132e-09
61150.04800076804 1.3878326799746857e-09
61200.04800076804 9.087722037491087e-09
61250.04800076804 1.0313016780491216e-08
61300.04800076804 7.415748925463274e-09
61350.04800076804 1.4952521504848694e-08
61400.04800076804 4.787205364986191e-09
61450.04800076804 2.0500707191623854e-09
61500.04800076804 1.8647792505783924e-09
61550.04800076804 5.841964043359504e-09
61600.04800076804 2.358063374101313e-09
61650.04800076804 4.798712198488305e-09
61700.04800076804 6.868260754127083e-09
61750.04800076804 7.452340162654574e-09
61800.04800076804 5.456589579995894e-09
61850.04800076804 1.8554072304117343e-09
61900.04800076804 1.0902403455241805e-08
61950.04800076804 1.3503533363078947e-08
62000.04800076804 1.1164324119292374e-08
62050.04800076804 1.958860727753482e-08
62100.04800076804 8.350086372220085e-09
62150.04800076804 1.4879139578805105e-08
62200.04800076804 1.320747381125349e-08
62250.04800076804 8.597352598992505e-09
62300.04800076804 2.2753269841475202e-08
62350.04800076804 2.0631279366685368e-08
62400.04800076804 1.2074597301663083e-08
62450.04800076804 1.2735023675944382e-08
62500.04800076804 2.417543101122822e-08
62550.04800076804 3.514762727612684e-08
62600.04800076804 1.9836322034831374e-08
62650.04800076804 1.4819502272620173e-08
62700.04800076804 1.0232275665451581e-08
62750.04800076804 2.040922886137416e-08
62800.04800076804 1.2056018644865176e-08
62850.04800076804 1.6086428942867056e-08
62900.04800076804 1.8245772017843844e-08
62950.04800076804 3.509424771043662e-08
63000.04800076804 1.6106729894661682e-08
63050.04800076804 4.625996136949884e-08
63100.04800076804 4.149266678424201e-08
63150.04800076804 2.812642305601462e-08
63200.04800076804 2.226708820317444e-08
63250.04800076804 2.8140409450572864e-08
63300.04800076804 1.2532533214741499e-08
63350.04800076804 1.3455871220054989e-08
63400.04800076804 5.321224164931743e-09
63450.04800076804 2.4878841339458073e-09
63500.04800076804 1.3509303179249342e-08
63550.04800076804 1.9806048812578447e-08
63600.04800076804 1.5124861520863353e-08
63650.04800076804 1.1806116230401213e-08
63700.04800076804 3.057232854003218e-09
63750.04800076804 7.988744645760393e-09
63800.04800076804 1.941698585169712e-08
63850.04800076804 1.506452886810696e-08
63900.04800076804 4.592997607324674e-09
63950.04800076804 1.0428390274102803e-08
64000.04800076804 1.4697668426513015e-08
64050.04800076804 5.443657308417758e-09
64100.04800076804 1.207867530365438e-09
64150.04800076804 1.888447421944817e-09
64200.04800076804 2.398846281968509e-09
64250.04800076804 7.917309517218539e-09
64300.04800076804 6.659424760065672e-09
64350.04800076804 4.351727970701354e-09
64400.04800076804 1.2083038947837655e-08
64450.04800076804 1.3303831565353777e-08
64500.04800076804 5.443081271222425e-09
64550.04800076804 1.1523621766707975e-08
64600.04800076804 8.183329233548373e-09
64650.04800076804 1.1757370242062668e-08
64700.04800076804 3.505284946636798e-09
64750.04800076804 5.5256873503108914e-09
64800.04800076804 2.889961984888063e-09
64850.04800076804 2.2155632704043057e-09
64900.04800076804 2.2580554576651094e-09
64950.04800076804 1.760194729865201e-09
65000.04800076804 3.3735038423316093e-09
65050.04800076804 7.3261021245209065e-09
65100.04800076804 9.658501418669075e-09
65150.04800076804 5.067063484361473e-09
65200.04800076804 1.9126193397380976e-09
65250.04800076804 5.261903075799612e-09
65300.04800076804 7.797537317687727e-09
65350.04800076804 1.706415639512443e-08
65400.04800076804 6.799287300662934e-09
65450.04800076804 6.636440388258686e-09
65500.04800076804 7.961032148366706e-09
65550.04800076805 3.2442493850372516e-09
65600.04800076805 7.676748219573526e-09
65650.04800076805 4.719461462627819e-09
65700.04800076805 4.356732925213731e-09
65750.04800076805 2.945225091265174e-09
65800.04800076805 6.97871386574773e-09
65850.04800076805 1.06673513962253e-08
65900.04800076805 2.494798098141633e-09
65950.04800076805 4.776334939470482e-09
66000.04800076805 5.8400223150719655e-09
66050.04800076805 1.2790875879721735e-08
66100.04800076805 7.121775305107734e-09
66150.04800076805 7.321006761590361e-09
66200.04800076805 6.608803745617424e-09
66250.04800076805 3.527363292046578e-09
66300.04800076805 1.4808397002757387e-09
66350.04800076805 1.1923625695723731e-09
66400.04800076805 2.4591782881318194e-09
66450.04800076805 8.226857302451455e-09
66500.04800076805 1.273483397048588e-08
66550.04800076805 1.2164572654734474e-08
66600.04800076805 9.7243606803643e-09
66650.04800076805 6.9209262370829395e-09
66700.04800076805 4.481650570832937e-09
66750.04800076805 5.456250010770761e-09
66800.04800076805 5.9932808555048684e-09
66850.04800076805 3.916372980833434e-09
66900.04800076805 1.4152800700278805e-08
66950.04800076805 1.2662391589032279e-08
67000.04800076805 1.7733630211399184e-08
67050.04800076805 8.720676000157509e-09
67100.04800076805 4.720002668604442e-09
67150.04800076805 6.867329788544267e-09
67200.04800076805 1.032554584762953e-08
67250.04800076805 8.781342767020092e-09
67300.04800076805 1.4944309408894244e-08
67350.04800076805 6.033969970189101e-09
67400.04800076805 1.5563823538850832e-08
67450.04800076805 9.709028053095885e-09
67500.04800076805 9.373386922306662e-09
67550.04800076805 2.05514443232384e-08
67600.04800076805 3.151192405079306e-08
67650.04800076805 2.2079736300542796e-08
67700.04800076805 1.256032755866619e-08
67750.04800076805 7.26382989273887e-09
67800.04800076805 1.1149478080896907e-08
67850.04800076805 4.668933524987559e-09
67900.04800076805 5.874719671729311e-09
67950.04800076805 4.590603003062514e-09
68000.04800076805 1.2276507367862344e-08
68050.04800076805 1.1926551995007645e-08
68100.04800076805 2.0065466286424047e-08
68150.04800076805 1.8177124495412975e-08
68200.04800076805 1.3593242505137426e-08
68250.04800076805 2.873240904627109e-09
68300.04800076805 1.4572146207360298e-08
68350.04800076805 1.9343408597354876e-08
68400.04800076805 2.5074645090816537e-08
68450.04800076805 2.074372590906836e-08
68500.04800076805 1.1958330505535583e-08
68550.04800076805 4.594296371707709e-09
68600.04800076805 4.806130707265164e-09
68650.04800076805 2.2683375787600236e-09
68700.04800076805 6.5970355858203285e-09
68750.04800076805 1.2020793778736215e-08
68800.04800076805 1.337097414222962e-08
68850.04800076805 6.332550580762359e-09
68900.04800076805 2.2557245164783798e-08
68950.04800076805 2.3965483380838052e-08
69000.04800076805 1.5404589109792513e-08
69050.04800076805 7.091768093116722e-09
69100.04800076805 1.9158100578547174e-08
69150.04800076805 2.881474733035513e-08
69200.04800076805 2.185927919521192e-08
69250.04800076805 3.071000925151751e-08
69300.04800076805 2.085341702045927e-08
69350.04800076805 3.2229213269170284e-08
69400.04800076805 1.2619386318448786e-08
69450.04800076805 2.7439059029117575e-08
69500.04800076805 1.4353297630081725e-08
69550.04800076805 1.0195506990724161e-08
69600.04800076805 2.5535078695880637e-09
69650.04800076805 1.0615619415529522e-08
69700.04800076805 2.095068827002341e-08
69750.04800076805 1.2543399594529238e-08
69800.04800076805 2.0973689186000315e-08
69850.04800076805 2.2204805158942308e-08
69900.04800076805 1.448997319465123e-08
69950.04800076805 1.358607273457052e-08
70000.04800076805 1.4881858977800565e-08
70050.04800076805 2.896216440381424e-08
70100.04800076805 2.1072528370506797e-08
70150.04800076805 1.8350323314356055e-08
70200.04800076805 1.0933826195129322e-08
70250.04800076805 1.4152115419661961e-08
70300.04800076805 2.65057574776318e-08
70350.04800076805 2.1244922781198073e-08
70400.04800076805 1.0449102062165593e-08
70450.04800076805 1.5828400099915875e-09
70500.04800076805 8.949568815245856e-09
70550.04800076805 8.201407897693985e-09
70600.04800076805 1.0183728729869962e-08
70650.04800076805 2.184204153815028e-08
70700.04800076805 2.5357141292533e-08
70750.04800076805 3.688488648797553e-08
70800.04800076805 1.6370373489575948e-08
70850.04800076805 1.68395693562041e-08
70900.04800076805 2.0877926172001835e-08
70950.04800076805 2.8371018338666575e-08
71000.04800076805 2.7440130690795286e-08
71050.04800076805 2.754503240002943e-08
71100.04800076805 2.1827760337510232e-08
71150.04800076805 1.2449394117534701e-08
71200.04800076805 1.2379553148847592e-08
71250.04800076805 2.1861674564401802e-08
71300.04800076805 2.9339350336409565e-08
71350.04800076805 2.901329578461403e-08
71400.04800076805 2.1723346842858262e-08
71450.04800076805 8.103361866392652e-09
71500.04800076805 1.113157410473739e-08
71550.04800076805 1.2573440383555907e-08
71600.04800076805 1.6180418712970926e-08
71650.04800076805 9.138004971513311e-09
71700.04800076805 6.52173561290612e-09
71750.04800076805 1.578057394000444e-08
71800.04800076805 2.3270737024529514e-08
71850.04800076805 2.2946655859893415e-08
71900.04800076805 1.2060026150634945e-08
71950.04800076805 1.8491794645434555e-08
72000.04800076805 1.6518814958198862e-08
72050.04800076805 7.250354815855346e-09
72100.04800076805 9.644357633537631e-09
72150.04800076805 1.2324350943116453e-08
72200.04800076805 1.742483320305581e-08
72250.04800076805 2.789183002035938e-08
72300.04800076805 1.5662554203301062e-08
72350.04800076805 1.8026882230178853e-08
72400.04800076805 1.6995466621171252e-08
72450.04800076805 1.349757045537058e-08
72500.04800076805 1.844957377757322e-08
72550.04800076805 6.215871357202337e-09
72600.04800076805 1.1956726994265021e-08
72650.04800076805 2.253106844611626e-08
72700.04800076805 1.1734614032574488e-08
72750.04800076805 1.2703833400619038e-08
72800.04800076805 7.295083411462855e-09
72850.04800076805 1.0883851877697192e-08
72900.04800076805 2.3809674250431814e-08
72950.04800076805 1.284814299971853e-08
73000.04800076805 1.3686988467544306e-08
73050.04800076805 6.664770766777194e-09
73100.04800076805 9.405220494532842e-09
73150.04800076805 2.272336083105933e-08
73200.04800076805 9.027721692267916e-09
73250.04800076805 1.1456946110341307e-08
73300.04800076805 8.093496144260268e-09
73350.04800076805 5.550121427501043e-09
73400.04800076805 1.110990827259409e-08
73450.04800076805 6.492932046099256e-09
73500.04800076805 5.641175911290785e-09
73550.04800076805 1.0364639752116511e-08
73600.04800076805 1.1461946685949462e-08
73650.04800076805 1.0727673003441854e-08
73700.04800076805 9.969297457988888e-09
73750.04800076805 3.1316301534431086e-09
73800.04800076805 8.924414010892054e-09
73850.04800076805 1.3948708969104152e-08
73900.04800076805 6.4630720537794746e-09
73950.04800076805 7.567674446217511e-09
74000.04800076805 3.558087725940672e-09
74050.04800076805 1.4980804577328747e-08
74100.04800076805 1.0682554572345791e-08
74150.04800076805 1.1294805345093657e-08
74200.04800076805 5.504756815361624e-09
74250.04800076805 1.088507958775856e-09
74300.04800076805 1.1174928078051864e-08
74350.04800076805 1.55766253340475e-08
74400.04800076805 1.4256300015792367e-08
74450.04800076805 5.291358303405461e-09
74500.04800076805 2.720087728312604e-09
74550.04800076805 6.593453662526057e-09
74600.04800076805 8.789102894265137e-09
74650.04800076805 8.995075627544858e-09
74700.04800076805 6.1597387764857836e-09
74750.04800076805 3.5887293630117364e-09
74800.04800076805 5.112714811195475e-09
74850.04800076805 1.2232152922923199e-08
74900.04800076805 1.5060893110066837e-08
74950.04800076805 1.3296961803924659e-08
75000.04800076805 6.062247948297804e-09
75050.04800076805 1.284325263391033e-09
75100.04800076805 1.2597632052822718e-08
75150.04800076805 1.7194676040497187e-08
75200.04800076805 1.6360297824224148e-08
75250.04800076805 1.6217771236375185e-08
75300.04800076805 1.1340600606932672e-08
75350.04800076805 3.137317600972433e-09
75400.04800076805 1.7280591816957656e-08
75450.04800076805 1.8468736601409615e-08
75500.04800076805 1.6548018351263077e-08
75550.04800076805 1.3907720172116646e-08
75600.04800076805 1.642902167925034e-08
75650.04800076805 8.978680942163096e-09
75700.04800076805 1.912940028840799e-08
75750.04800076805 1.211297641730939e-08
75800.04800076805 1.5278369310663218e-08
75850.04800076805 1.7680815450397625e-08
75900.04800076805 1.7651311790783316e-08
75950.04800076805 8.773700223155116e-09
76000.04800076805 2.2490425837651592e-08
76050.04800076805 1.9071814751267082e-08
76100.04800076805 1.7103762249741453e-08
76150.04800076805 1.9195551324256277e-08
76200.04800076805 1.6262433302692133e-08
76250.04800076805 9.627738929725001e-09
76300.04800076805 2.7113869334388952e-08
76350.04800076805 3.0507380260857466e-08
76400.04800076805 2.345676080678957e-08
76450.04800076805 1.7770719713408944e-08
76500.04800076805 1.3272405562924114e-08
76550.04800076805 4.478114731905125e-09
76600.04800076805 9.624628517797338e-10
76650.04800076805 1.1005911617768981e-09
76700.04800076805 1.845973860753225e-09
76750.04800076805 1.993835656519672e-09
76800.04800076805 4.449656477582147e-09
76850.04800076805 2.5378098166943062e-09
76900.04800076805 2.00645090440681e-09
76950.04800076805 5.0800201130738746e-09
77000.04800076805 8.902038511581462e-09
77050.04800076805 1.8571160827777842e-09
77100.04800076805 2.687344272734039e-09
77150.04800076805 1.0281068674346368e-08
77200.04800076805 5.5221732924097415e-09
77250.04800076805 4.3950674329881694e-09
77300.04800076805 8.888273106693558e-09
77350.04800076805 4.377685932301825e-09
77400.04800076805 5.860960156572248e-09
77450.04800076805 1.3695235581051575e-08
77500.04800076805 9.440049895069838e-09
77550.04800076805 6.90709027254679e-09
77600.04800076805 3.847967751905546e-09
77650.04800076805 5.358191717361303e-09
77700.04800076805 5.6046511960295885e-09
77750.04800076805 1.2370594745149831e-08
77800.04800076805 1.3949387580742222e-08
77850.04800076805 2.2040137978637318e-08
77900.04800076805 9.55325429697582e-09
77950.04800076805 2.2453564874527416e-09
78000.04800076805 8.427506250670544e-09
78050.04800076805 9.15086095358813e-09
78100.04800076805 1.1145624552188882e-08
78150.04800076805 1.758749088202259e-08
78200.04800076805 2.22571049825178e-08
78250.04800076805 1.7292900738467734e-08
78300.04800076805 6.65395720787397e-09
78350.04800076805 1.3705350316791638e-08
78400.04800076805 5.233271748535457e-09
78450.04800076805 1.2705236665562641e-08
78500.04800076805 2.2104868551117232e-08
78550.04800076805 2.6010831610749003e-08
78600.04800076805 1.8631449678318345e-08
78650.04800076805 2.503579061761116e-09
78700.04800076805 5.756552338198327e-09
78750.04800076805 1.1226535620447542e-08
78800.04800076805 9.094153711475721e-09
78850.04800076805 3.5234210841914438e-09
78900.04800076805 1.0279734099989751e-08
78950.04800076805 1.6251620054942584e-08
79000.04800076805 1.1975283162922293e-08
79050.04800076805 9.41226940314035e-09
79100.04800076805 1.4046373259619941e-08
79150.04800076805 9.741758637995145e-09
79200.04800076805 1.2296542581510881e-08
79250.04800076805 6.151099040912248e-09
79300.04800076805 7.862535382398323e-09
79350.04800076805 1.0174663729648319e-08
79400.04800076805 5.304629253865818e-09
79450.04800076805 1.932314379347816e-08
79500.04800076805 2.5820755631886368e-08
79550.04800076805 2.1580406577632318e-08
79600.04800076805 1.0306092743901563e-08
79650.04800076805 1.7819735545009994e-08
79700.04800076805 1.251517217142819e-08
79750.04800076805 1.1785525715496638e-08
79800.04800076805 7.820903913203204e-09
79850.04800076805 1.6320160013797562e-08
79900.04800076805 2.9543229443460558e-08
79950.04800076805 2.9959152334321554e-08
