# %ECSV 1.0
# ---
# datatype:
# - {name: wav, unit: Angstrom, datatype: float64}
# - {name: flux_nu, unit: erg / (cm2 Hz s), datatype: float64}
# schema: astropy-2.0
wav flux_nu
10000.000000000093 nan
10050.000000000093 1.735998615704011e-07
10100.000000000093 2.0181038208520684e-07
10150.000000000093 2.106531777478673e-07
10200.000000000093 2.306699148755086e-07
10250.000000000093 2.4743991612493843e-07
10300.000000000093 2.6491086142740235e-07
10350.000000000093 2.923937621325706e-07
10400.000000000093 3.1292934389266175e-07
10450.000000000093 3.268930821291654e-07
10500.000000000093 3.315410028707163e-07
10550.000000000093 3.3744385380365484e-07
10600.000000000093 3.429957091132023e-07
10650.000000000093 3.5045005240429655e-07
10700.000000000093 3.5312701981347824e-07
10750.000000000093 3.558462016651335e-07
10800.000000000093 3.516535379839578e-07
10850.000000000093 3.3850458882918394e-07
10900.000000000093 2.6850324052362894e-07
10950.000000000093 1.5972501150622333e-07
11000.000000000093 1.1062152889205839e-07
11050.000000000093 7.02917076165569e-08
11100.000000000093 4.67680347829841e-08
11150.000000000093 3.1284328445118775e-08
11200.000000000093 3.3330533197857807e-08
11250.000000000093 4.4967566952382654e-08
11300.000000000093 4.6625447387812866e-08
11350.000000000093 2.255211714466217e-08
11400.000000000093 5.373446444802882e-08
11450.000000000093 3.8413601766154904e-08
11500.000000000093 4.225344948753163e-08
11550.000000000093 2.621012895562991e-08
11600.000000000093 2.5730110778221428e-08
11650.000000000093 3.7188987831799724e-08
11700.000000000093 4.0771753868372176e-08
11750.000000000093 2.844835253770411e-08
11800.000000000093 5.4407321534523e-08
11850.000000000093 7.689011246784224e-08
11900.000000000093 9.319435285767336e-08
11950.000000000093 1.2204615564192901e-07
12000.000000000093 1.477150687186346e-07
12050.000000000093 1.7810949181180543e-07
12100.000000000093 2.0671191922865014e-07
12150.000000000093 2.401479490304363e-07
12200.000000000093 2.708617753642844e-07
12250.000000000093 3.0481125511719414e-07
12300.000000000093 3.413265267323329e-07
12350.000000000093 3.5676377197500464e-07
12400.000000000093 3.9897980028261154e-07
12450.000000000093 4.3772467887105984e-07
12500.000000000093 4.6406895955759076e-07
12550.000000000093 4.867873842257447e-07
12600.000000000093 4.885808356430654e-07
12650.000000000093 4.817137694172717e-07
12700.000000000093 4.796589893729323e-07
12750.000000000093 4.5196128316951975e-07
12800.000000000093 4.402192891794395e-07
12850.000000000093 3.809987254783923e-07
12900.000000000093 3.4603141168942163e-07
12950.000000000093 3.2495360518582474e-07
13000.000000000093 3.207384781959052e-07
13050.000000000093 2.8687274289823563e-07
13100.000000000093 2.769002889969418e-07
13150.000000000093 2.2600405645506915e-07
13200.000000000093 2.091481666865601e-07
13250.000000000093 1.4838550733245723e-07
13300.000000000093 8.097997053945493e-08
13350.000000000093 2.7396488505051623e-08
13400.000000000093 1.0057942041878066e-08
13450.000000000093 5.81254314606165e-09
13500.000000000093 3.1039057120561464e-09
13550.000000000093 2.0624283259947986e-09
13600.000000000093 1.3052769945605001e-09
13650.000000000093 3.886066625791787e-09
13700.000000000093 2.8553139633136926e-09
13750.000000000093 4.8651528947551e-09
13800.000000000093 6.116613658934915e-09
13850.000000000093 3.5371094992038894e-09
13900.000000000093 3.631444958505101e-09
13950.000000000093 3.570805597463019e-09
14000.000000000093 3.7075215924270152e-09
14050.000000000093 4.894013890912986e-09
14100.000000000093 3.6919564008177584e-09
14150.000000000093 5.593658954068209e-09
14200.000000000093 4.145897077131135e-09
14250.000000000093 4.671831124088149e-09
14300.000000000093 9.005878858054926e-09
14350.000000000093 8.310033393158122e-09
14400.000000000093 8.593054772730018e-09
14450.000000000093 1.13927078237753e-08
14500.000000000093 2.015327407566094e-08
14550.000000000093 2.019322189972514e-08
14600.000000000093 3.151944040002205e-08
14650.000000000093 3.025865516604486e-08
14700.000000000093 2.181199049677361e-08
14750.000000000093 2.993924034355709e-08
14800.000000000093 3.6624452745695913e-08
14850.000000000093 3.9227909119788603e-08
14900.000000000093 4.1342413207944004e-08
14950.000000000093 5.0930129568251354e-08
15000.000000000093 6.005667455687943e-08
15050.000000000093 7.065811833027443e-08
15100.000000000093 7.856602858560578e-08
15150.000000000093 8.472565684814678e-08
15200.000000000093 9.208358437415239e-08
15250.000000000093 1.1659452167309002e-07
15300.000000000093 1.305034096107026e-07
15350.000000000093 1.5524582551571065e-07
15400.000000000093 1.7288561645226037e-07
15450.000000000093 1.8997366909594074e-07
15500.000000000093 2.0132116424547588e-07
15550.000000000093 2.2819195520710996e-07
15600.000000000093 2.450532474494634e-07
15650.000000000093 2.5383814659629717e-07
15700.000000000093 2.7683516143923455e-07
15750.000000000093 2.8557922388619327e-07
15800.000000000093 2.852808399689769e-07
15850.000000000093 2.9095837844604225e-07
15900.000000000093 2.80559081052864e-07
15950.000000000093 2.620940854552873e-07
16000.000000000093 2.3225675653028056e-07
16050.000000000093 1.8653712352816548e-07
16100.000000000093 1.5028673239483235e-07
16150.000000000093 1.1152233870666591e-07
16200.000000000093 7.96744829184274e-08
16250.000000000093 7.416024768647492e-08
16300.000000000093 6.345941168325624e-08
16350.000000000093 6.955398059120708e-08
16400.000000000095 7.840564890523441e-08
16450.000000000095 8.36481242108587e-08
16500.000000000095 9.115454203217292e-08
16550.000000000095 8.773131311044819e-08
16600.000000000095 9.45303186486201e-08
16650.000000000095 6.39725730464063e-08
16700.000000000095 3.164267874648301e-08
16750.000000000095 5.107724629095353e-08
16800.000000000095 7.12647771124389e-08
16850.000000000095 7.033007801616204e-08
16900.000000000095 6.070568110218178e-08
16950.000000000095 5.415346165983448e-08
17000.000000000095 4.540784198627667e-08
17050.000000000095 5.9524293053778137e-08
17100.000000000095 6.822973839908892e-08
17150.000000000095 5.813837753089399e-08
17200.000000000095 7.876324439425221e-08
17250.000000000095 6.490245520885097e-08
17300.000000000095 5.640896057579573e-08
17350.000000000095 5.295187301006979e-08
17400.000000000095 5.359004943807015e-08
17450.000000000095 5.54731710590651e-08
17500.000000000095 6.084221598368325e-08
17550.000000000095 5.085600313872503e-08
17600.000000000095 4.452215912820938e-08
17650.000000000095 4.153150044351653e-08
17700.000000000095 3.28008918248437e-08
17750.000000000095 2.7103316382705234e-08
17800.000000000095 3.285405906637972e-08
17850.000000000095 2.1774449592170743e-08
17900.000000000095 2.4327203303657525e-08
17950.000000000095 1.682539680851143e-08
18000.000000000095 2.0472071985305655e-08
18050.000000000095 1.5734964618043192e-08
18100.000000000095 1.6223278020372292e-08
18150.000000000095 2.031878135884422e-08
18200.000000000095 1.229797364430799e-08
18250.000000000095 2.8475198911777187e-08
18300.000000000095 1.3994507534357417e-08
18350.000000000095 1.2896287570590797e-08
18400.000000000095 1.079494195097744e-08
18450.000000000095 1.765662100269349e-08
18500.000000000095 1.7582821898537055e-08
18550.000000000095 1.2714851787331617e-08
18600.000000000095 1.1940109327726407e-08
18650.000000000095 9.601248052624689e-09
18700.000000000095 7.743732545439424e-09
18750.000000000095 1.252219997209975e-08
18800.000000000095 2.808348596198905e-08
18850.000000000095 2.976446854344832e-08
18900.000000000095 2.546141983446945e-08
18950.000000000095 4.545635255863777e-08
19000.000000000095 2.5158199816731406e-08
19050.000000000095 1.763765012852348e-08
19100.000000000095 3.3860472769976896e-08
19150.000000000095 2.142575407555417e-08
19200.000000000095 2.9947040718390165e-08
19250.000000000095 2.197028729966246e-08
19300.000000000095 1.878331561838543e-08
19350.000000000095 1.855468040619457e-08
19400.000000000095 1.2063322684490227e-08
19450.000000000095 2.3195681307682768e-08
19500.000000000095 2.2665902228155436e-08
19550.000000000095 1.803490167277904e-08
19600.000000000095 2.3741868747802418e-08
19650.000000000095 2.9753415821334793e-08
19700.000000000095 3.026421140695488e-08
19750.000000000095 3.339095738499657e-08
19800.000000000095 3.724144075378219e-08
19850.000000000095 4.8977497007628013e-08
19900.000000000095 3.766551594041801e-08
19950.000000000095 5.767711705525989e-08
20000.000000000095 5.300995492644024e-08
20050.000000000095 5.981245317480518e-08
20100.000000000095 6.547736041125758e-08
20150.000000000095 6.3856358901649e-08
20200.000000000095 7.173725173328014e-08
20250.000000000095 8.289508833100027e-08
20300.000000000095 7.856199442597518e-08
20350.000000000095 9.066342518802475e-08
20400.000000000095 8.723574225428492e-08
20450.000000000095 1.006566928479528e-07
20500.000000000095 1.0375835229211886e-07
20550.000000000095 1.029907587088253e-07
20600.000000000095 1.115930706779354e-07
20650.000000000095 1.1039698905999827e-07
20700.000000000095 1.1009442211062674e-07
20750.000000000095 1.1430527344846026e-07
20800.000000000095 1.132973630537397e-07
20850.000000000095 1.1463666694004913e-07
20900.000000000095 1.1631899675745051e-07
20950.000000000095 1.1302173539255175e-07
21000.000000000095 1.1260241704014971e-07
21050.000000000095 1.0960922835365145e-07
21100.000000000095 1.0760128562659698e-07
21150.000000000095 1.0753977223647888e-07
21200.000000000095 1.0343465887584736e-07
21250.000000000095 1.013904636794416e-07
21300.000000000095 9.494010919065972e-08
21350.000000000095 9.354455563866662e-08
21400.000000000095 9.041255482288342e-08
21450.000000000095 8.33534935641221e-08
21500.000000000095 8.296894228623084e-08
21550.000000000095 7.953270308409936e-08
21600.000000000095 7.516295105936435e-08
21650.000000000095 7.00998380308727e-08
21700.000000000095 7.160233960973835e-08
21750.000000000095 6.653113244660076e-08
21800.000000000095 6.011545949027559e-08
21850.000000000095 5.355185726153929e-08
21900.000000000095 4.747046294968405e-08
21950.000000000095 3.0622188385578445e-08
22000.000000000095 1.4376817795287268e-08
22050.000000000095 1.2559079014656994e-08
22100.000000000095 2.3023691700186547e-08
22150.000000000095 2.5371588022758007e-08
22200.000000000095 2.4239808664428296e-08
22250.000000000095 2.302878136924813e-08
22300.000000000095 1.905694066835571e-08
22350.000000000095 1.8398947489869112e-08
22400.000000000095 1.3718930496603234e-08
22450.000000000095 1.2517524486558906e-08
22500.000000000095 1.3642063473899443e-08
22550.000000000095 9.085868179561646e-09
22600.000000000095 1.111091577684557e-08
22650.000000000095 1.292928449960723e-08
22700.000000000095 1.1190331925000708e-08
22750.000000000095 1.1666497500515914e-08
22800.000000000095 1.1529438805713352e-08
22850.000000000095 9.756602874484638e-09
22900.000000000095 8.586267855146332e-09
22950.000000000095 8.098706510940925e-09
23000.000000000095 8.893012122597785e-09
23050.000000000095 1.1518493257339743e-08
23100.000000000095 2.1667800911211537e-08
23150.000000000095 2.0558192071593246e-08
23200.000000000095 5.218205497691197e-09
23250.000000000095 7.398767030115175e-09
23300.000000000095 7.444006253040273e-09
23350.000000000095 6.301883444741196e-09
23400.000000000095 7.92782105040428e-09
23450.000000000095 6.717966329480733e-09
23500.000000000095 6.842394651456721e-09
23550.000000000095 9.936664102367077e-09
23600.000000000095 1.2248166424547486e-08
23650.000000000095 1.381296671706533e-08
23700.000000000095 6.31383322593642e-09
23750.000000000095 6.023447974825482e-09
23800.000000000095 1.0254446507520654e-08
23850.000000000095 9.432443091905381e-09
23900.000000000095 1.535540823212144e-08
23950.000000000095 1.3592513832180813e-08
24000.000000000095 1.928147827434521e-08
24050.000000000095 2.0076348853661307e-08
24100.000000000095 1.6839964706802046e-08
24150.000000000095 2.0507612811599385e-08
24200.000000000095 2.13031491399003e-08
24250.000000000095 1.7507477604312803e-08
24300.000000000095 2.3355708243657577e-08
24350.000000000095 1.796110932178046e-08
24400.000000000095 2.847122906956341e-08
24450.000000000095 2.3490444875680892e-08
24500.000000000095 2.5462488780390235e-08
24550.000000000095 2.819621696221971e-08
24600.000000000095 3.114677500269766e-08
24650.000000000095 3.5771746580941e-08
24700.000000000095 2.5371428765946295e-08
24750.000000000095 2.5865830500310658e-08
24800.000000000095 2.574847952769336e-08
24850.000000000095 3.8537573093272016e-08
24900.000000000095 1.698938656651425e-08
24950.000000000095 3.185549095064945e-08
25000.000000000095 2.8792199552233792e-08
25050.000000000095 1.8068808060622363e-08
25100.000000000095 2.6482192934784346e-08
25150.000000000095 1.5334412027272233e-08
25200.000000000095 2.154800158974199e-08
25250.000000000095 1.1968708827308358e-08
25300.000000000095 1.7253295848376964e-08
25350.000000000095 9.222173560855453e-09
25400.000000000095 1.940400932146358e-08
25450.000000000095 1.0388673287538216e-08
25500.000000000095 9.9555921797638e-09
25550.000000000095 1.4146657971523921e-08
25600.000000000095 1.1210923974656434e-08
25650.000000000095 6.645029605657187e-09
25700.000000000095 1.313657493945389e-08
25750.000000000095 5.81556356795477e-09
25800.000000000095 1.5491945973072598e-08
25850.000000000095 5.866498639618656e-09
25900.000000000095 9.377015904408423e-09
25950.000000000095 4.589685021989788e-09
26000.000000000095 1.4818463882610886e-08
26050.000000000095 6.817539089653602e-09
26100.000000000095 1.5781772796566253e-08
26150.000000000095 1.1075591040950787e-08
26200.000000000095 1.2404153984965676e-08
26250.000000000095 2.5061750906755102e-08
26300.000000000095 1.357878973739521e-08
26350.000000000095 3.0182855257648354e-08
26400.000000000095 3.181860142971224e-08
26450.000000000095 2.7449454903037934e-08
26500.000000000095 3.183692922659662e-08
26550.000000000095 1.547389126550759e-08
26600.000000000095 1.8257755006346614e-08
26650.000000000095 7.374178545407026e-09
26700.000000000095 5.782393089247651e-09
26750.000000000095 5.230432745259541e-09
26800.000000000095 8.215784693239565e-09
26850.000000000095 4.8100020266265605e-09
26900.000000000095 1.2653989178784879e-08
26950.000000000095 6.041121850167286e-09
27000.000000000095 1.8332274504971218e-08
27050.000000000095 1.6764123373275273e-08
27100.000000000095 8.899734266102666e-09
27150.000000000095 2.279535539677164e-08
27200.000000000095 9.289478949631561e-09
27250.000000000095 1.3293320657662492e-08
27300.000000000095 3.7716459776655656e-08
27350.000000000095 2.4025408186337275e-08
27400.000000000095 5.043777273382176e-09
27450.000000000095 2.7820660824012278e-08
27500.000000000095 3.4403976773568854e-08
27550.000000000095 1.1126536452757707e-08
27600.000000000095 2.128636194204368e-08
27650.000000000095 9.56933819326652e-09
27700.000000000095 7.675632453051865e-09
27750.000000000095 2.3450442311557244e-08
27800.000000000095 1.0900996026532594e-08
27850.000000000095 1.2480865962475714e-08
27900.000000000095 1.6924495256070513e-08
27950.000000000095 2.7482561821884365e-08
28000.000000000095 2.115960154916638e-08
28050.000000000095 7.767015895273605e-09
28100.000000000095 2.988933329356185e-08
28150.000000000095 1.92686504642109e-08
28200.000000000095 8.438244645688604e-09
28250.000000000095 3.212299947441841e-08
28300.000000000095 3.967552016652358e-08
28350.000000000095 1.0249577118328317e-08
28400.000000000095 2.550366420258725e-08
28450.000000000095 3.6424870205750796e-08
28500.000000000095 2.421250131469406e-08
28550.000000000095 9.631960784354602e-09
28600.000000000095 3.719470429551848e-08
28650.000000000095 3.166813043990498e-08
28700.000000000095 2.656899907699185e-08
28750.000000000095 4.1788836657853226e-08
28800.000000000095 3.7761450944634503e-08
28850.000000000095 4.243327041070916e-08
28900.000000000095 2.0879453457149356e-08
28950.000000000095 5.3824912176206304e-08
29000.000000000095 3.80190452696332e-08
29050.000000000095 4.381609621171966e-08
29100.000000000095 2.968888563432118e-08
29150.000000000095 6.612999111410863e-08
29200.000000000095 3.8443665499637266e-08
29250.000000000095 5.4940990737453796e-08
29300.000000000095 3.3462676932008546e-08
29350.000000000095 1.1325798137640416e-07
29400.000000000095 4.759601832599063e-08
29450.000000000095 5.361750982076998e-08
29500.000000000095 6.659276170074681e-08
29550.000000000095 5.305463868135402e-08
29600.000000000095 7.061249675993394e-08
29650.000000000095 6.543910110595848e-08
29700.000000000095 4.9026693151397753e-08
29750.000000000095 7.148283474092582e-08
29800.000000000095 7.395857648940321e-08
29850.000000000095 8.69665474560795e-08
29900.000000000095 9.170921081347006e-08
29950.000000000095 7.567563298946916e-08
30000.000000000095 4.7003216589307037e-08
30050.000000000095 4.8633672459284166e-08
30100.000000000095 6.855215845238512e-08
30150.000000000095 9.678018890919797e-08
30200.000000000095 6.729064935717102e-08
30250.000000000095 1.1259882646010646e-07
30300.000000000095 9.586966426510267e-08
30350.000000000095 8.28991038620376e-08
30400.000000000095 1.0533389428507965e-07
30450.000000000095 7.334777616736125e-08
30500.000000000095 7.45542187600222e-08
30550.000000000095 7.243670778480437e-08
30600.000000000095 9.894818541254024e-08
30650.000000000095 8.028706481450115e-08
30700.000000000095 6.876937548377288e-08
30750.000000000095 6.858969318044726e-08
30800.000000000095 6.116822549006427e-08
30850.000000000095 6.045428868651293e-08
30900.000000000095 6.066763148356616e-08
30950.000000000095 3.882341661255411e-08
31000.000000000095 4.7538618378181236e-08
31050.000000000095 5.308264130770822e-08
31100.000000000095 3.6850949625032524e-08
31150.000000000095 4.285129612206581e-08
31200.000000000095 5.2548378888313346e-08
31250.000000000095 3.51469374150296e-08
31300.000000000095 3.460912223802227e-08
31350.000000000095 3.42879184678632e-08
31400.000000000095 2.3838169744537102e-08
31450.000000000095 3.279370841897788e-08
31500.000000000095 2.1475522314792952e-08
31550.000000000095 2.6045195444879497e-08
31600.000000000095 1.9019338137265665e-08
31650.000000000095 1.7475485902079843e-08
31700.000000000095 2.2471607633102413e-08
31750.000000000095 1.2983125071412749e-08
31800.000000000095 2.0454964071603105e-08
31850.000000000095 1.2966681367902125e-08
31900.000000000095 1.7529262524513623e-08
31950.000000000095 1.3453492636609187e-08
32000.000000000095 1.4815111885036008e-08
32050.000000000095 1.2884706351714457e-08
32100.000000000095 1.1011772826936386e-08
32150.000000000095 1.524954413138054e-08
32200.000000000095 9.905651397380717e-09
32250.000000000095 1.8331324306174486e-08
32300.000000000095 8.735324660745005e-09
32350.000000000095 2.0995722079123335e-08
32400.000000000095 1.1266217850368609e-08
32450.000000000095 1.853931615489431e-08
32500.000000000095 1.3647626863496547e-08
32550.000000000095 1.7632765041666455e-08
32600.000000000095 1.8193068796920167e-08
32650.000000000095 2.3801892708061432e-08
32700.000000000095 2.0584443382813986e-08
32750.000000000095 2.9953262425026635e-08
32800.000000000095 2.709482733784502e-08
32850.000000000095 3.586727949307013e-08
32900.000000000095 3.726589939971687e-08
32950.000000000095 3.966303380545616e-08
33000.000000000095 3.0919262938160965e-08
33050.000000000095 3.177262275153895e-08
33100.000000000095 1.5774683935565435e-08
33150.000000000095 1.4623571864804571e-09
33200.000000000095 2.3794201238627107e-09
33250.000000000095 1.732633364577302e-09
33300.000000000095 2.7338003568750636e-09
33350.000000000095 6.142617618190625e-09
33400.000000000095 1.0371232189479295e-08
33450.000000000095 1.2538103497331225e-08
33500.000000000095 2.1515565091584868e-08
33550.000000000095 1.6479569578989385e-08
33600.000000000095 2.590446546537441e-08
33650.000000000095 2.5439978041268717e-08
33700.000000000095 1.935648465375248e-08
33750.000000000095 3.184992785938123e-08
33800.000000000095 1.4651072018627009e-08
33850.000000000095 2.367669219694015e-08
33900.000000000095 2.2101962198789407e-08
33950.000000000095 2.3884913569242405e-08
34000.000000000095 2.9147144904147677e-08
34050.000000000095 1.1586622329579375e-08
34100.000000000095 2.6268886306788645e-08
34150.000000000095 1.5808012101405665e-08
34200.000000000095 2.3464534186240935e-08
34250.000000000095 2.0896400905598945e-08
34300.000000000095 1.64226505045363e-08
34350.000000000095 2.7148665833220427e-08
34400.000000000095 1.657375321685632e-08
34450.000000000095 2.881829907697199e-08
34500.000000000095 2.1508315563458927e-08
34550.000000000095 1.496099964579513e-08
34600.000000000095 3.1235589384579184e-08
34650.000000000095 1.484741146411454e-08
34700.000000000095 2.206145851976659e-08
34750.000000000095 2.244736851735691e-08
34800.000000000095 1.326327530087541e-08
34850.000000000095 2.8104418434135354e-08
34900.000000000095 2.4764463820419494e-08
34950.000000000095 2.56110916332807e-08
35000.000000000095 3.5986154951380205e-08
35050.000000000095 2.339316162947426e-08
35100.000000000095 3.877788904097694e-08
35150.000000000095 3.400189850533033e-08
35200.000000000095 3.8592154462021687e-08
35250.000000000095 4.83298041460776e-08
35300.000000000095 2.715812672215183e-08
35350.000000000095 4.176694509826177e-08
35400.000000000095 4.088076338532897e-08
35450.000000000095 3.3985334519463175e-08
35500.000000000095 6.160958085433324e-08
35550.000000000095 4.66935382154547e-08
35600.000000000095 5.254049736556444e-08
35650.000000000095 5.704514110790606e-08
35700.000000000095 3.875143854841648e-08
35750.000000000095 6.95273857584584e-08
35800.000000000095 5.983673221337687e-08
35850.000000000095 4.285482030894172e-08
35900.000000000095 6.571694248911522e-08
35950.000000000095 6.781498735547672e-08
36000.000000000095 5.355187054297259e-08
36050.000000000095 6.718863557161942e-08
36100.000000000095 5.909941243246521e-08
36150.000000000095 7.884051268556216e-08
36200.000000000095 7.937172143232534e-08
36250.000000000095 7.825451542881253e-08
36300.000000000095 9.321018656784693e-08
36350.000000000095 8.925364865236848e-08
36400.000000000095 1.1033124683925686e-07
36450.000000000095 1.0330410550417022e-07
36500.000000000095 9.984034802412538e-08
36550.000000000095 1.298235076496646e-07
36600.000000000095 1.4506435102862297e-07
36650.000000000095 1.3554268524037748e-07
36700.000000000095 1.3375316902727732e-07
36750.000000000095 1.5636817078383221e-07
36800.000000000095 1.4807203693379461e-07
36850.000000000095 1.2925807963011993e-07
36900.000000000095 1.4105990890907118e-07
36950.000000000095 1.6160298924484928e-07
37000.000000000095 1.435914788609944e-07
37050.000000000095 1.6717624720179608e-07
37100.000000000095 1.5713214428488092e-07
37150.000000000095 1.699547675414941e-07
37200.000000000095 1.8848569115686675e-07
37250.000000000095 1.529335672706227e-07
37300.000000000095 1.515219448176016e-07
37350.000000000095 1.8837678657286533e-07
37400.000000000095 2.2750659397201227e-07
37450.000000000095 1.7487186850885658e-07
37500.000000000095 1.6816589521611584e-07
37550.000000000095 2.4514813228605144e-07
37600.000000000095 2.655790783820789e-07
37650.000000000095 1.8290692222213576e-07
37700.000000000095 2.3477095865928877e-07
37750.000000000095 1.7880971914201146e-07
37800.000000000095 2.150770190203847e-07
37850.000000000095 1.6111326950803042e-07
37900.000000000095 1.960776528107046e-07
37950.000000000095 2.2979521123509788e-07
38000.000000000095 2.605035035959888e-07
38050.000000000095 2.3399778656841225e-07
38100.000000000095 2.709222898162396e-07
38150.000000000095 2.667925350065601e-07
38200.000000000095 2.685431739234057e-07
38250.000000000095 2.673205182271016e-07
38300.000000000095 3.3563242028820633e-07
38350.000000000095 3.30334788696699e-07
38400.000000000095 2.3614115188519736e-07
38450.000000000095 2.4976171326711835e-07
38500.000000000095 2.079420302228926e-07
38550.000000000095 2.6931977202843887e-07
38600.000000000095 2.759795711994226e-07
38650.000000000095 3.181977050553411e-07
38700.000000000095 3.2797991368589203e-07
38750.000000000095 3.2461635806009993e-07
38800.000000000095 2.793886772435938e-07
38850.000000000095 3.4143483334562514e-07
38900.000000000095 3.5397663828735723e-07
38950.000000000095 3.0185993895421805e-07
39000.000000000095 3.658189340605019e-07
39050.000000000095 3.2263216009602693e-07
39100.000000000095 3.295356781915971e-07
39150.000000000095 3.4944955327974593e-07
39200.000000000095 3.305852229040482e-07
39250.000000000095 3.8495857473153613e-07
39300.000000000095 3.6322102920327644e-07
39350.000000000095 4.233580814197213e-07
39400.000000000095 3.90507124684937e-07
39450.000000000095 4.021441111685003e-07
39500.000000000095 4.051575119216923e-07
39550.000000000095 3.8373399445969007e-07
39600.000000000095 3.947080644815291e-07
39650.000000000095 4.7274572872515053e-07
39700.000000000095 4.1882889753729457e-07
39750.000000000095 3.377420174623607e-07
39800.000000000095 3.972929660309743e-07
39850.000000000095 4.7548213966172463e-07
39900.000000000095 4.738170396663252e-07
39950.000000000095 4.3285903622331396e-07
40000.000000000095 4.953712463107971e-07
40050.000000000095 4.801276015562891e-07
40100.000000000095 3.694872477544395e-07
40150.000000000095 5.030362972741122e-07
40200.000000000095 5.142082272232113e-07
40250.000000000095 4.948202254007047e-07
40300.000000000095 5.12041720750389e-07
40350.000000000095 4.1754139148320904e-07
40400.000000000095 5.176798230405745e-07
40450.000000000095 4.574687970274967e-07
40500.000000000095 5.097351884273511e-07
40550.000000000095 5.255410059487126e-07
40600.000000000095 5.050823934250691e-07
40650.000000000095 5.015594278691542e-07
40700.000000000095 6.296689230968668e-07
40750.000000000095 5.158608042670827e-07
40800.000000000095 4.452000254772372e-07
40850.000000000095 5.966141054358839e-07
40900.000000000095 5.840238377508499e-07
40950.000000000095 4.874832384142873e-07
41000.000000000095 5.3808545121037e-07
41050.000000000095 5.894906350341899e-07
41100.000000000095 5.123056696336193e-07
41150.000000000095 4.336794393789589e-07
41200.000000000095 5.934452410688611e-07
41250.000000000095 5.569773751087151e-07
41300.000000000095 4.775621531551986e-07
41350.000000000095 6.112431304081544e-07
41400.000000000095 5.480519523329698e-07
41450.000000000095 5.784599109893884e-07
41500.000000000095 4.997414792248169e-07
41550.000000000095 4.5874869137749153e-07
41600.000000000095 5.287057773670611e-07
41650.000000000095 5.528566596763903e-07
41700.000000000095 5.007806392817368e-07
41750.000000000095 4.900069795808077e-07
41800.000000000095 6.137844056750575e-07
41850.000000000095 3.9202001369354495e-07
41900.000000000095 4.4962036206559684e-07
41950.000000000095 5.364610599138579e-07
42000.000000000095 5.597391433908096e-07
42050.000000000095 4.6854762466219157e-07
42100.000000000095 5.91320280342172e-07
42150.000000000095 4.234108961290379e-07
42200.000000000095 4.4305787317016575e-07
42250.000000000095 4.511552560239112e-07
42300.000000000095 4.470245495277607e-07
42350.000000000095 4.967270477910269e-07
42400.000000000095 5.029137935741961e-07
42450.000000000095 4.268473752534819e-07
42500.000000000095 4.2672955583177914e-07
42550.000000000095 4.0743706703039356e-07
42600.000000000095 4.643103342334742e-07
42650.000000000095 5.770295533552174e-07
42700.000000000095 4.074926963391114e-07
42750.000000000095 3.817725445463799e-07
42800.000000000095 4.207073907595497e-07
42850.000000000095 4.770577023420288e-07
42900.000000000095 5.112677742198429e-07
42950.000000000095 3.8504455189560124e-07
43000.000000000095 4.946088803461225e-07
43050.000000000095 2.766391299925803e-07
43100.000000000095 4.2165535333694077e-07
43150.000000000095 4.141227766557566e-07
43200.000000000095 4.347794514871778e-07
43250.000000000095 5.757690628351741e-07
43300.000000000095 5.563819147101923e-07
43350.000000000095 3.297222655072333e-07
43400.000000000095 4.4301596164827944e-07
43450.000000000095 3.461372512885656e-07
43500.000000000095 3.878332294260921e-07
43550.000000000095 3.745663831162593e-07
43600.000000000095 4.7155170771181346e-07
43650.000000000095 2.9403892419547246e-07
43700.000000000095 5.01949786794137e-07
43750.000000000095 4.7538295725819305e-07
43800.000000000095 3.93288888681007e-07
43850.000000000095 3.8385920212840285e-07
43900.000000000095 3.6505791022947303e-07
43950.000000000095 3.0080490995837343e-07
44000.000000000095 2.19874691035121e-07
44050.000000000095 3.552804894618966e-07
44100.000000000095 4.0435331506022685e-07
44150.000000000095 3.9356893080972213e-07
44200.000000000095 3.437969316133772e-07
44250.000000000095 2.7029807463837737e-07
44300.000000000095 2.4234427637555687e-07
44350.000000000095 2.3515740956850175e-07
44400.000000000095 2.3811869467794348e-07
44450.000000000095 2.6433791349331866e-07
44500.000000000095 2.2108820909379806e-07
44550.000000000095 2.617462858040721e-07
44600.000000000095 2.0516931159959328e-07
44650.000000000095 2.403857714693902e-07
44700.000000000095 2.068907516101228e-07
44750.000000000095 2.2293962386718616e-07
44800.000000000095 1.986673726711666e-07
44850.000000000095 2.062844969586723e-07
44900.000000000095 1.6616390173692506e-07
44950.000000000095 1.585565698953848e-07
45000.000000000095 1.7407019939311607e-07
45050.000000000095 1.8031318832868783e-07
45100.000000000095 1.795795539322065e-07
45150.000000000095 1.5450157565908995e-07
45200.000000000095 1.1237540940119976e-07
45250.000000000095 1.2638960479050586e-07
45300.000000000095 1.5187391183065358e-07
45350.000000000095 1.4470044086023988e-07
45400.000000000095 1.2679023071335958e-07
45450.000000000095 1.21919994945551e-07
45500.000000000095 1.3400275596625865e-07
45550.000000000095 1.540871412311683e-07
45600.000000000095 1.2113658445622445e-07
45650.000000000095 1.1524367087740018e-07
45700.000000000095 1.4323954917081408e-07
45750.000000000095 1.1865265690925275e-07
45800.000000000095 1.0739661154837633e-07
45850.000000000095 1.6216983401287375e-07
45900.000000000095 1.623224494978085e-07
45950.000000000095 1.0958818909307858e-07
46000.000000000095 1.5663454908864433e-07
46050.000000000095 1.640401947984894e-07
46100.000000000095 1.1391772012426718e-07
46150.000000000095 1.5015343059867403e-07
46200.000000000095 1.4381145618667953e-07
46250.000000000095 8.720107239292753e-08
46300.000000000095 1.805451599396278e-07
46350.000000000095 1.3298845087326197e-07
46400.000000000095 1.5867750067330117e-07
46450.000000000095 2.0172972881392858e-07
46500.000000000095 1.4832585544187536e-07
46550.000000000095 1.8500150356542951e-07
46600.000000000095 1.7745600391529365e-07
46650.000000000095 3.1899502392864593e-07
46700.000000000095 2.296623538441147e-07
46750.000000000095 1.6032978109980788e-07
46800.000000000095 1.2195830819527955e-07
46850.000000000095 2.153528054886632e-07
46900.000000000095 1.837827832033934e-07
46950.000000000095 2.497641462067676e-07
47000.000000000095 1.3857748377266916e-07
47050.000000000095 2.396194805878942e-07
47100.000000000095 1.0906687828811069e-07
47150.000000000095 1.609129099949618e-07
47200.000000000095 1.9075612698862006e-07
47250.000000000095 1.3071759187188973e-07
47300.000000000095 1.410631090255907e-07
47350.000000000095 1.251539232892473e-07
47400.000000000095 2.211113144991597e-07
47450.000000000095 1.2148171747220354e-07
47500.000000000095 2.3454456307524119e-07
47550.000000000095 1.2709476493485563e-07
47600.000000000095 2.1270964735809093e-07
47650.000000000095 1.2235465708649423e-07
47700.000000000095 2.0070673657918521e-07
47750.000000000095 1.0434162311666887e-07
47800.000000000095 1.698546392252764e-07
47850.000000000095 9.138214939275213e-08
47900.000000000095 1.4773661234073022e-07
47950.000000000095 1.386550878916414e-07
48000.000000000095 2.375602573018163e-07
48050.000000000095 1.5506594906474185e-07
48100.000000000095 1.7633418257930208e-07
48150.000000000095 1.426690852018659e-07
48200.000000000095 2.0130929554752065e-07
48250.000000000095 1.4637268453175035e-07
48300.000000000095 2.677605102223644e-07
48350.000000000095 1.387753486115611e-07
48400.000000000095 1.3709406664820078e-07
48450.000000000095 1.3343791713763645e-07
48500.000000000095 2.423428529559804e-07
48550.000000000095 1.3177865388276873e-07
48600.000000000095 2.3163443309748132e-07
48650.000000000095 1.4535244453202448e-07
48700.000000000095 2.5047745060357685e-07
48750.000000000095 1.42775219220551e-07
48800.000000000095 2.5220977372465096e-07
48850.000000000095 1.5922983737176363e-07
48900.000000000095 2.376475708364691e-07
48950.000000000095 1.9971676294360984e-07
49000.000000000095 1.5599230781204613e-07
49050.000000000095 2.380597520630512e-07
49100.000000000095 1.790008821866992e-07
49150.000000000095 2.5684548179353296e-07
49200.000000000095 1.918737104864828e-07
49250.000000000095 2.6672386667291044e-07
49300.000000000095 1.94327033739599e-07
49350.000000000095 1.7651831603518691e-07
49400.000000000095 2.1367722740180288e-07
49450.000000000095 2.1573525560083413e-07
49500.000000000095 1.8916366211841045e-07
49550.000000000095 9.389835325749395e-08
49600.000000000095 1.7990256176791233e-07
49650.000000000095 1.869396480985153e-07
49700.000000000095 1.9578727458800042e-07
49750.000000000095 2.7591996347883855e-07
49800.000000000095 1.734832911198067e-07
49850.000000000095 3.0807262808709477e-07
49900.000000000095 2.4788145840039355e-07
49950.000000000095 2.431323540875264e-07
50000.000000000095 2.6241725314454726e-07
50050.000000000095 2.6115414926940687e-07
50100.000000000095 2.727098684540632e-07
50150.000000000095 1.5420375632498966e-07
50200.000000000095 8.520795489912355e-08
50250.000000000095 2.2273889372401118e-07
50300.000000000095 1.6674592919278966e-07
50350.000000000095 2.776531974307181e-07
50400.000000000095 2.3353406449806763e-07
50450.000000000095 2.0815520578514144e-07
50500.000000000095 2.9837297059297914e-07
50550.000000000095 2.6488556891901767e-07
50600.000000000095 2.26077126432058e-07
50650.000000000095 2.5118040123322843e-07
50700.000000000095 3.506971725891616e-07
50750.000000000095 2.660900545300485e-07
50800.000000000095 1.4536229875083102e-07
50850.000000000095 1.271282208392672e-07
50900.000000000095 2.929015263237262e-07
50950.000000000095 2.782344038185443e-07
51000.000000000095 2.535164793113798e-07
51050.000000000095 2.565650878596743e-07
51100.000000000095 1.375580925128413e-07
51150.000000000095 1.8177154901161025e-07
51200.000000000095 3.3405181701871686e-07
51250.000000000095 2.4277413153871555e-07
51300.000000000095 1.8651183074316253e-07
51350.000000000095 2.2177544188864084e-07
51400.000000000095 1.3490772597637645e-07
51450.000000000095 1.1845977887318971e-07
51500.000000000095 1.0508829707765626e-07
51550.000000000095 2.1927505629220977e-07
51600.000000000095 1.6990739893353463e-07
51650.000000000095 2.0683446370346798e-07
51700.000000000095 2.2296966345346744e-07
51750.000000000095 1.47532933947731e-07
51800.000000000095 2.769653797095313e-07
51850.000000000095 2.305650621152515e-07
51900.000000000095 3.0961979622731986e-07
51950.000000000095 2.266045926716233e-07
52000.000000000095 7.198800998520855e-08
52050.000000000095 1.529200576033041e-07
52100.000000000095 1.2753245475086195e-07
52150.000000000095 9.864580625846724e-08
52200.000000000095 1.2209805658533701e-07
52250.000000000095 1.7318237471272894e-07
52300.000000000095 2.8728368530014236e-07
52350.000000000095 1.5240125265680055e-07
52400.000000000095 1.3406644965446855e-07
52450.000000000095 2.3924207943874357e-07
52500.000000000095 2.2147818068804194e-07
52550.000000000095 2.1749020791697487e-07
52600.000000000095 1.840305380941365e-07
52650.000000000095 1.8972990659722212e-07
52700.000000000095 1.535914211920473e-07
52750.000000000095 1.1424160696344023e-07
52800.000000000095 1.3341560824471173e-07
52850.000000000095 1.5582398286591913e-07
52900.000000000095 1.1890875915801821e-07
52950.000000000095 1.401928573150278e-07
53000.000000000095 2.323732995373003e-07
53050.000000000095 9.768016481211628e-08
53100.000000000095 2.2739066688082962e-07
53150.000000000095 2.697850066942246e-07
53200.000000000095 1.2055415116514683e-07
53250.000000000095 2.3511437903708397e-07
53300.000000000095 2.576069894537656e-07
53350.000000000095 2.5038145258278505e-07
53400.000000000095 2.2930453322083716e-07
53450.000000000095 9.975912152812682e-08
53500.000000000095 5.724002999752497e-08
53550.000000000095 9.236857742660446e-08
53600.000000000095 1.632611641182398e-07
53650.000000000095 1.3315195902382784e-07
53700.000000000095 1.227731541733766e-07
53750.000000000095 1.186886383167097e-07
53800.000000000095 1.2327199339858805e-07
53850.000000000095 1.7084599051952023e-07
53900.000000000095 1.8204938366341074e-07
53950.000000000095 2.2967377973732525e-07
54000.000000000095 1.5359937417036956e-07
54050.000000000095 1.5725210319139298e-07
54100.000000000095 6.864265946929291e-08
54150.000000000095 1.0303379521093179e-07
54200.000000000095 4.685569560244438e-08
54250.000000000095 6.675483284971977e-08
54300.000000000095 1.119941515366601e-07
54350.000000000095 1.5268686690013835e-07
54400.000000000095 1.4841685215388685e-07
54450.000000000095 1.3246913466406036e-07
54500.000000000095 1.1640659693342817e-07
54550.000000000095 9.931896881144768e-08
54600.000000000095 1.2070963621408327e-07
54650.000000000095 5.669917093777241e-08
54700.000000000095 1.4613634452885165e-07
54750.000000000095 1.3235919748091405e-07
54800.000000000095 8.905035394017707e-08
54850.000000000095 1.1090044090998941e-07
54900.000000000095 1.583328076097227e-07
54950.000000000095 2.0993817807447566e-07
55000.000000000095 8.980646823236784e-08
55050.000000000095 1.3198012312480932e-07
55100.000000000095 1.3444813075248502e-07
55150.000000000095 1.0193179157606292e-07
55200.000000000095 9.626254245523922e-08
55250.000000000095 1.1220406385454495e-07
55300.000000000095 7.85563656287457e-08
55350.000000000095 1.3710993738184944e-07
55400.000000000095 1.6406918319436747e-07
55450.000000000095 1.1034658999695289e-07
55500.000000000095 5.7463594180187017e-08
55550.000000000095 7.783981318391023e-08
55600.000000000095 8.444070427965349e-08
55650.000000000095 7.287341177032894e-08
55700.000000000095 8.881383788832872e-08
55750.000000000095 9.68938738465273e-08
55800.000000000095 6.44772613004145e-08
55850.000000000095 6.314587731603897e-08
55900.000000000095 1.2266185813079581e-07
55950.000000000095 1.6406591311771525e-07
56000.000000000095 7.549918168797891e-08
56050.000000000095 9.806264126364444e-08
56100.000000000095 1.211929181312059e-07
56150.000000000095 8.239243519882397e-08
56200.000000000095 9.627288814525966e-08
56250.000000000095 1.2178247534673725e-07
56300.000000000095 1.0992956141541589e-07
56350.000000000095 1.030079824876123e-07
56400.000000000095 6.081392956040393e-08
56450.000000000095 5.5153889865455854e-08
56500.000000000095 9.243189460142807e-08
56550.000000000095 5.1490769369681895e-08
56600.000000000095 1.202957356520385e-07
56650.000000000095 1.1855526509773825e-07
56700.000000000095 1.2478558178877741e-07
56750.000000000095 5.913176779419502e-08
56800.000000000095 1.0851680447156531e-07
56850.000000000095 9.613511357212738e-08
56900.000000000095 7.179495463273617e-08
56950.000000000095 1.1954743525778015e-07
57000.000000000095 1.3913828678853295e-07
57050.000000000095 8.298616194663599e-08
57100.000000000095 4.005804923051201e-08
57150.000000000095 6.58278484508343e-08
57200.000000000095 5.203820573416127e-08
57250.000000000095 7.284058751981191e-08
57300.000000000095 9.774397862817716e-08
57350.000000000095 5.796742666740748e-08
57400.000000000095 1.123602460995876e-07
57450.000000000095 8.635832424644685e-08
57500.000000000095 7.839812022652952e-08
57550.000000000095 1.0489655187027608e-07
57600.000000000095 1.0517315547689565e-07
57650.000000000095 3.9305087024762285e-08
57700.000000000095 5.459617428185695e-08
57750.000000000095 7.115241516281924e-08
57800.000000000095 3.154521498538202e-08
57850.000000000095 1.4722064615958093e-07
57900.000000000095 1.7096781586189993e-07
57950.000000000095 1.6171901491943356e-07
58000.000000000095 7.688699709776634e-08
58050.000000000095 1.0534976278337305e-07
58100.000000000095 1.2331569707191644e-07
58150.000000000095 9.005599728296311e-08
58200.000000000095 4.2199514409798144e-08
58250.000000000095 5.690186692781214e-08
58300.000000000095 5.157023724165722e-08
58350.000000000095 6.18954909446404e-08
58400.000000000095 9.555252546226765e-08
58450.000000000095 1.0736078119626261e-07
58500.000000000095 1.0027067661381366e-07
58550.000000000095 1.0924779948850104e-07
58600.000000000095 5.898857454651683e-08
58650.000000000095 7.246084951292249e-08
58700.000000000095 8.14085701817566e-08
58750.000000000095 8.944585784912928e-08
58800.000000000095 3.351629482818954e-08
58850.000000000095 6.820056874096766e-08
58900.000000000095 9.008573681804453e-08
58950.000000000095 5.059781213242165e-08
59000.000000000095 9.198764215942635e-08
59050.000000000095 1.0920860419932104e-07
59100.000000000095 1.2508235873474688e-07
59150.000000000095 9.15688300028667e-08
59200.000000000095 9.403873968490895e-08
59250.000000000095 1.0018891477506542e-07
59300.000000000095 9.37135028965613e-08
59350.000000000095 3.979375068243309e-08
59400.000000000095 3.442346248082958e-08
59450.000000000095 8.877938953079645e-08
59500.000000000095 5.0784131454128203e-08
59550.000000000095 1.048486514832197e-07
59600.000000000095 1.2074671188922323e-07
59650.000000000095 8.234281463553853e-08
59700.000000000095 5.7946240888057134e-08
59750.000000000095 1.4302687715693578e-07
59800.000000000095 7.735821755230805e-08
59850.000000000095 1.0770789314052098e-07
59900.000000000095 4.898487416162661e-08
59950.000000000095 9.020168589396883e-08
60000.000000000095 1.6300354113230506e-07
60050.000000000095 1.4062868199224395e-07
60100.000000000095 1.3179134895106568e-07
60150.000000000095 8.129216249166447e-08
60200.000000000095 1.0758418414717713e-07
60250.000000000095 1.461937494899082e-07
60300.000000000095 1.3240631772304065e-07
60350.000000000095 8.566308788031794e-08
60400.000000000095 1.0711295548861058e-07
60450.000000000095 4.795981122747683e-08
60500.000000000095 2.818214081396138e-08
60550.000000000095 1.0429600338842125e-07
60600.000000000095 1.0829562413147081e-07
60650.000000000095 8.381021116230807e-08
60700.000000000095 6.9856491973368e-08
60750.000000000095 4.847116362751138e-08
60800.000000000095 1.095388373347054e-07
60850.000000000095 1.7476341302782654e-07
60900.000000000095 1.541703442478739e-07
60950.000000000095 1.3054245214680524e-07
61000.000000000095 1.1147262535848316e-07
61050.000000000095 6.765036383932959e-08
61100.000000000095 8.956144694604586e-08
61150.000000000095 3.9167883176502346e-08
61200.000000000095 1.2757106362437664e-07
61250.000000000095 1.4353581056031795e-07
61300.000000000095 1.2376835690248263e-07
61350.000000000095 1.738712774917911e-07
61400.000000000095 9.6350610886476e-08
61450.000000000095 5.619023012384384e-08
61500.000000000095 6.6541259762348e-08
61550.000000000095 8.460634791083462e-08
61600.000000000095 5.5608188664505795e-08
61650.000000000095 8.67846152407232e-08
61700.000000000095 8.062204219035522e-08
61750.000000000095 9.521503536219471e-08
61800.000000000095 1.0306271292435688e-07
61850.000000000095 5.746185423791602e-08
61900.000000000095 1.4436299560128218e-07
61950.000000000095 1.5022519693809688e-07
62000.000000000095 1.4233780275390793e-07
62050.000000000095 1.3949851768764564e-07
62100.000000000095 1.2761184586424197e-07
62150.000000000095 1.4168752079824207e-07
62200.000000000095 1.2568536136042352e-07
62250.000000000095 1.1436231035980149e-07
62300.000000000095 1.8423692809926926e-07
62350.000000000095 1.549796244743605e-07
62400.000000000095 8.679381726453707e-08
62450.000000000095 1.158604604438276e-07
62500.000000000095 1.6967224748219514e-07
62550.000000000095 1.7738862274751765e-07
62600.000000000095 1.767664891809543e-07
62650.000000000095 1.3788826233649469e-07
62700.000000000095 1.3613794946700325e-07
62750.000000000095 1.7827778248694157e-07
62800.000000000095 1.1016557823155738e-07
62850.000000000095 1.5383489407117818e-07
62900.000000000095 1.2546714023684958e-07
62950.000000000095 1.898084784154964e-07
63000.000000000095 1.4811281161590704e-07
63050.000000000095 2.1572992009103967e-07
63100.000000000095 2.0228357573670577e-07
63150.000000000095 1.396963734500822e-07
63200.000000000095 1.6487340637865138e-07
63250.000000000095 1.6310030313976815e-07
63300.000000000095 1.6008016747562468e-07
63350.000000000095 1.5337884890830405e-07
63400.000000000095 8.327903358226022e-08
63450.000000000095 6.039870526391609e-08
63500.000000000095 1.3824081029290293e-07
63550.000000000095 1.48871969014398e-07
63600.000000000095 1.578204482734078e-07
63650.000000000095 1.1596353917776581e-07
63700.000000000095 6.63857020643562e-08
63750.000000000095 1.0315438951033061e-07
63800.000000000095 1.4704640325020057e-07
63850.000000000095 1.2839531947243239e-07
63900.000000000095 7.626906019006599e-08
63950.000000000095 1.2243918789290353e-07
64000.000000000095 1.4351586504601082e-07
64050.000000000095 9.259629999219513e-08
64100.000000000095 3.192032503706945e-08
64150.000000000095 4.692880096816477e-08
64200.000000000095 5.3826042449726884e-08
64250.000000000095 9.51107859469699e-08
64300.000000000095 7.453147669227582e-08
64350.000000000095 6.221327670847277e-08
64400.000000000095 1.1488253461721154e-07
64450.000000000095 1.1979243717350227e-07
64500.000000000095 6.073963874778043e-08
64550.000000000095 1.0055970614955205e-07
64600.000000000095 6.222176237696951e-08
64650.000000000095 1.0120554799426907e-07
64700.000000000095 4.8094637129573087e-08
64750.000000000095 6.237918907316369e-08
64800.000000000095 5.600980366909164e-08
64850.000000000095 4.783240138396882e-08
64900.000000000095 5.382954150831891e-08
64950.000000000095 4.955388793930288e-08
65000.000000000095 6.432050183946088e-08
65050.000000000095 7.568463106583984e-08
65100.000000000095 9.579554218229304e-08
65150.000000000095 6.222366514600239e-08
65200.000000000095 4.629288994210041e-08
65250.000000000095 8.27849186930411e-08
65300.000000000095 7.654125557525625e-08
65350.000000000095 1.451822920976189e-07
65400.000000000095 7.030106193136591e-08
65450.000000000095 7.2006794688482e-08
65500.000000000095 8.56004886575884e-08
65550.00000000009 5.228868183839592e-08
65600.00000000009 7.746310070551683e-08
65650.00000000009 7.081628338044646e-08
65700.00000000009 6.669719226905631e-08
65750.00000000009 4.987291218934068e-08
65800.00000000009 7.805268562281995e-08
65850.00000000009 1.003909109750247e-07
65900.00000000009 4.849739792376378e-08
65950.00000000009 4.948593374931645e-08
66000.00000000009 6.641632477119718e-08
66050.00000000009 1.2320570734710708e-07
66100.00000000009 7.420480175437436e-08
66150.00000000009 6.080504887763493e-08
66200.00000000009 5.77170349431215e-08
66250.00000000009 5.1015209039582625e-08
66300.00000000009 2.6292658271532795e-08
66350.00000000009 3.3868624604251966e-08
66400.00000000009 5.084329776642732e-08
66450.00000000009 9.107617627210076e-08
66500.00000000009 1.243206909995572e-07
66550.00000000009 1.1183079380087895e-07
66600.00000000009 8.818190189007763e-08
66650.00000000009 7.923671872462043e-08
66700.00000000009 6.902998003973736e-08
66750.00000000009 6.36294110409189e-08
66800.00000000009 8.217803489802583e-08
66850.00000000009 5.58094305044847e-08
66900.00000000009 1.06983660016575e-07
66950.00000000009 1.255153030437571e-07
67000.00000000009 1.284140470386412e-07
67050.00000000009 8.002204446813763e-08
67100.00000000009 6.272393789708805e-08
67150.00000000009 6.703237909527796e-08
67200.00000000009 8.566897400582855e-08
67250.00000000009 8.068803888079811e-08
67300.00000000009 9.826703280843037e-08
67350.00000000009 6.232383978619143e-08
67400.00000000009 1.222129390922086e-07
67450.00000000009 8.790497115797828e-08
67500.00000000009 8.184242616154416e-08
67550.00000000009 1.0771732545474177e-07
67600.00000000009 1.7491337450720495e-07
67650.00000000009 1.2858851924138606e-07
67700.00000000009 9.45009858561928e-08
67750.00000000009 7.689126692037161e-08
67800.00000000009 1.0352420425885898e-07
67850.00000000009 5.968769518442735e-08
67900.00000000009 7.470259718233733e-08
67950.00000000009 5.4359961686812386e-08
68000.00000000009 8.62829485560193e-08
68050.00000000009 1.1063887227052478e-07
68100.00000000009 1.2890805054870493e-07
68150.00000000009 1.0523921299448309e-07
68200.00000000009 1.0525575585967839e-07
68250.00000000009 4.2887700991465e-08
68300.00000000009 9.554898935179097e-08
68350.00000000009 6.597990339476621e-08
68400.00000000009 1.3351579538419788e-07
68450.00000000009 1.2216246375246258e-07
68500.00000000009 9.831408453520211e-08
68550.00000000009 6.075004226608085e-08
68600.00000000009 6.47869804435332e-08
68650.00000000009 4.032108823097603e-08
68700.00000000009 7.238802643232812e-08
68750.00000000009 9.531360000650625e-08
68800.00000000009 1.072752734635417e-07
68850.00000000009 5.4160913596007646e-08
68900.00000000009 1.412279970340596e-07
68950.00000000009 1.5015931201250086e-07
69000.00000000009 1.2522285193644e-07
69050.00000000009 7.463571333453442e-08
69100.00000000009 1.4046656755418743e-07
69150.00000000009 1.6565517838769364e-07
69200.00000000009 1.0302960802190399e-07
69250.00000000009 1.596100696900942e-07
69300.00000000009 1.0906635506646895e-07
69350.00000000009 1.497477922803194e-07
69400.00000000009 7.208387091877951e-08
69450.00000000009 1.533256542607363e-07
69500.00000000009 8.918934857527174e-08
69550.00000000009 9.332887072717602e-08
69600.00000000009 3.4577607596798355e-08
69650.00000000009 8.388152058751322e-08
69700.00000000009 1.3497381027707962e-07
69750.00000000009 9.554446000859103e-08
69800.00000000009 1.231572683207538e-07
69850.00000000009 1.3545423111404474e-07
69900.00000000009 1.0335749228818741e-07
69950.00000000009 1.0230784966530018e-07
70000.00000000009 9.04073071167281e-08
70050.00000000009 1.4994055602229654e-07
70100.00000000009 1.0392596014864561e-07
70150.00000000009 1.0836769955952428e-07
70200.00000000009 7.895841009897653e-08
70250.00000000009 1.0415812492169072e-07
70300.00000000009 1.4571761534656836e-07
70350.00000000009 1.105611166994011e-07
70400.00000000009 8.074208296189566e-08
70450.00000000009 3.4855252726661655e-08
70500.00000000009 6.661477722933045e-08
70550.00000000009 6.792754916766742e-08
70600.00000000009 7.151055735573988e-08
70650.00000000009 1.2455743575566637e-07
70700.00000000009 1.1323934142658991e-07
70750.00000000009 1.4823936440652275e-07
70800.00000000009 8.977477991358434e-08
70850.00000000009 8.422106588129585e-08
70900.00000000009 9.217773548435579e-08
70950.00000000009 1.2907268134659957e-07
71000.00000000009 1.1479412409406179e-07
71050.00000000009 1.1471436506482162e-07
71100.00000000009 1.0068537783490397e-07
71150.00000000009 8.843755879805423e-08
71200.00000000009 7.869384396948068e-08
71250.00000000009 9.574089572094481e-08
71300.00000000009 1.2077421739774744e-07
71350.00000000009 1.2115608230792243e-07
71400.00000000009 1.1280306769286645e-07
71450.00000000009 6.250853146536557e-08
71500.00000000009 7.43846222492891e-08
71550.00000000009 8.016677471660415e-08
71600.00000000009 9.905226365817953e-08
71650.00000000009 7.939778604095503e-08
71700.00000000009 6.283123640056875e-08
71750.00000000009 8.919655513514227e-08
71800.00000000009 1.1336059430597383e-07
71850.00000000009 1.131472289925365e-07
71900.00000000009 7.239382802787917e-08
71950.00000000009 8.730151379031015e-08
72000.00000000009 8.34588173696815e-08
72050.00000000009 6.029874748528561e-08
72100.00000000009 7.161434384681155e-08
72150.00000000009 6.456750188342523e-08
72200.00000000009 8.742599611855639e-08
72250.00000000009 1.0657780472488067e-07
72300.00000000009 8.43757742463467e-08
72350.00000000009 8.810193217840189e-08
72400.00000000009 7.967566189321985e-08
72450.00000000009 6.765408502127409e-08
72500.00000000009 8.691162038705383e-08
72550.00000000009 4.731765523377183e-08
72600.00000000009 6.260112462365008e-08
72650.00000000009 9.520432837292425e-08
72700.00000000009 8.386389932216978e-08
72750.00000000009 7.879703675155518e-08
72800.00000000009 6.31305000542318e-08
72850.00000000009 6.86398244721553e-08
72900.00000000009 1.0376028299415808e-07
72950.00000000009 8.031329692358652e-08
73000.00000000009 8.1739267240266e-08
73050.00000000009 5.933558961423578e-08
73100.00000000009 5.800799425395403e-08
73150.00000000009 1.1356214056013606e-07
73200.00000000009 6.124525424521721e-08
73250.00000000009 7.64681326756835e-08
73300.00000000009 7.083656632981048e-08
73350.00000000009 5.442838872945909e-08
73400.00000000009 7.650968655588986e-08
73450.00000000009 5.246841663455377e-08
73500.00000000009 4.8870260471392156e-08
73550.00000000009 7.459400064263175e-08
73600.00000000009 6.222233536582973e-08
73650.00000000009 7.414167730945795e-08
73700.00000000009 8.097925449515109e-08
73750.00000000009 4.5710957310380554e-08
73800.00000000009 6.854770898470682e-08
73850.00000000009 7.91643887192909e-08
73900.00000000009 7.147462259196486e-08
73950.00000000009 6.404110933223247e-08
74000.00000000009 4.919911489692494e-08
74050.00000000009 1.041182394700843e-07
74100.00000000009 6.84537406557441e-08
74150.00000000009 7.328503486445995e-08
74200.00000000009 6.289121452247082e-08
74250.00000000009 3.1457158930136884e-08
74300.00000000009 6.64512873240644e-08
74350.00000000009 8.914291104315354e-08
74400.00000000009 8.278397269531626e-08
74450.00000000009 4.564776079673499e-08
74500.00000000009 4.4401908835894973e-08
74550.00000000009 6.563761235561863e-08
74600.00000000009 6.463484681156463e-08
74650.00000000009 6.360857924774964e-08
74700.00000000009 4.856016054950757e-08
74750.00000000009 4.9902740442567386e-08
74800.00000000009 5.841213432926592e-08
74850.00000000009 5.6868471503604985e-08
74900.00000000009 8.931694704710944e-08
74950.00000000009 8.80079566492219e-08
75000.00000000009 6.152285584819228e-08
75050.00000000009 3.919291587779241e-08
75100.00000000009 9.445735346607651e-08
75150.00000000009 8.11029188979727e-08
75200.00000000009 9.24177405537536e-08
75250.00000000009 9.9635042592789e-08
75300.00000000009 9.365680246730253e-08
75350.00000000009 4.8298928291455194e-08
75400.00000000009 1.033821880678207e-07
75450.00000000009 8.326384297805548e-08
75500.00000000009 7.930131482908183e-08
75550.00000000009 8.957958239525459e-08
75600.00000000009 1.1549556192825686e-07
75650.00000000009 7.569379202989385e-08
75700.00000000009 8.852043308598273e-08
75750.00000000009 6.089003874998673e-08
75800.00000000009 8.931076016407359e-08
75850.00000000009 1.0345758519050602e-07
75900.00000000009 9.146393311692873e-08
75950.00000000009 6.093091446023806e-08
76000.00000000009 9.333817613965265e-08
76050.00000000009 9.274434505987989e-08
76100.00000000009 8.892714852924595e-08
76150.00000000009 9.732139223638125e-08
76200.00000000009 9.490888238564178e-08
76250.00000000009 1.0151478360838664e-07
76300.00000000009 1.4181256248559202e-07
76350.00000000009 1.6159219288948668e-07
76400.00000000009 1.206541991898359e-07
76450.00000000009 1.1426398183880807e-07
76500.00000000009 9.350069794343706e-08
76550.00000000009 6.201358224048733e-08
76600.00000000009 2.589880945895293e-08
76650.00000000009 3.282805697160378e-08
76700.00000000009 3.44688990717831e-08
76750.00000000009 3.418623303616905e-08
76800.00000000009 5.7159135955273755e-08
76850.00000000009 2.3616205688356816e-08
76900.00000000009 3.079054947481667e-08
76950.00000000009 4.95266186391985e-08
77000.00000000009 5.5380381301993116e-08
77050.00000000009 3.480858025153065e-08
77100.00000000009 4.0596041256715164e-08
77150.00000000009 5.9526061810389544e-08
77200.00000000009 5.0297833377423675e-08
77250.00000000009 5.524035611976992e-08
77300.00000000009 5.5797155920396165e-08
77350.00000000009 3.4913338522268655e-08
77400.00000000009 3.706565981450161e-08
77450.00000000009 4.8749280511984405e-08
77500.00000000009 4.1233642687796056e-08
77550.00000000009 4.976881616799461e-08
77600.00000000009 5.2292921142674e-08
77650.00000000009 5.206321116474542e-08
77700.00000000009 4.300868059279363e-08
77750.00000000009 7.137200894653789e-08
77800.00000000009 6.006308650354646e-08
77850.00000000009 9.424250724731326e-08
77900.00000000009 7.213491246677638e-08
77950.00000000009 4.187044725621959e-08
78000.00000000009 6.21506871261017e-08
78050.00000000009 6.098030726369165e-08
78100.00000000009 5.1404573428883713e-08
78150.00000000009 8.251882927798114e-08
78200.00000000009 8.298128622910304e-08
78250.00000000009 9.461690075373507e-08
78300.00000000009 7.752617141188402e-08
78350.00000000009 8.104439535949662e-08
78400.00000000009 5.879173810748451e-08
78450.00000000009 9.192237002641264e-08
78500.00000000009 9.755954709586615e-08
78550.00000000009 1.0211505287492004e-07
78600.00000000009 8.848604603901864e-08
78650.00000000009 3.715172333133639e-08
78700.00000000009 5.683847647556871e-08
78750.00000000009 6.070430749137714e-08
78800.00000000009 8.313884230166742e-08
78850.00000000009 4.406357467550189e-08
78900.00000000009 7.557948552984319e-08
78950.00000000009 7.673425223843012e-08
79000.00000000009 7.397885948701916e-08
79050.00000000009 6.604840461726073e-08
79100.00000000009 7.172636763047948e-08
79150.00000000009 7.836296849435081e-08
79200.00000000009 8.433913306462739e-08
79250.00000000009 6.608997322125701e-08
79300.00000000009 5.3580403350254384e-08
79350.00000000009 8.280794672032272e-08
79400.00000000009 6.093806902903316e-08
79450.00000000009 9.517454363534401e-08
79500.00000000009 1.2240265052880965e-07
79550.00000000009 1.0310093615204572e-07
79600.00000000009 5.7042688877149094e-08
79650.00000000009 8.081545722313138e-08
79700.00000000009 8.578693097487159e-08
79750.00000000009 9.024033633387289e-08
79800.00000000009 6.70896471737409e-08
79850.00000000009 7.84050166236991e-08
79900.00000000009 1.3023184278317477e-07
79950.00000000009 9.978525173202352e-08
