# %ECSV 1.0
# ---
# datatype:
# - {name: wav, unit: Angstrom, datatype: float64}
# - {name: flux_nu, unit: erg / (cm2 Hz s), datatype: float64}
# schema: astropy-2.0
wav flux_nu
10000.000000000093 nan
10050.000000000093 2.086772746901641e-07
10100.000000000093 2.4177957200764253e-07
10150.000000000093 2.4843698684649714e-07
10200.000000000093 2.7269986088315427e-07
10250.000000000093 2.9359665269081234e-07
10300.000000000093 3.1059554435656934e-07
10350.000000000093 3.511384558931844e-07
10400.000000000093 3.8306315080127933e-07
10450.000000000093 4.052561904619108e-07
10500.000000000093 4.1343755492018186e-07
10550.000000000093 4.2529872309330656e-07
10600.000000000093 4.454537010380085e-07
10650.000000000093 4.6776968826565483e-07
10700.000000000093 4.903594108365253e-07
10750.000000000093 5.106831364595333e-07
10800.000000000093 5.256482999730448e-07
10850.000000000093 5.394928653077188e-07
10900.000000000093 4.7497618814085583e-07
10950.000000000093 3.402469280498623e-07
11000.000000000093 2.6706578221432805e-07
11050.000000000093 1.9797185268571908e-07
11100.000000000093 1.5075075540092204e-07
11150.000000000093 1.1795162829834561e-07
11200.000000000093 1.2849290632469837e-07
11250.000000000093 1.6676874346155164e-07
11300.000000000093 1.6622290542414838e-07
11350.000000000093 9.470793766312554e-08
11400.000000000093 1.9438918150595345e-07
11450.000000000093 1.4953075928585987e-07
11500.000000000093 1.7982284931323389e-07
11550.000000000093 1.344669303990391e-07
11600.000000000093 1.3784289102478265e-07
11650.000000000093 1.6568961155061103e-07
11700.000000000093 1.716798911286438e-07
11750.000000000093 1.5695674221735422e-07
11800.000000000093 2.11444474198167e-07
11850.000000000093 2.5550126881928174e-07
11900.000000000093 2.9928930932434724e-07
11950.000000000093 3.344290870973161e-07
12000.000000000093 3.994481651910593e-07
12050.000000000093 4.6066434548754913e-07
12100.000000000093 5.036294145249864e-07
12150.000000000093 5.640389267762381e-07
12200.000000000093 6.129675302156383e-07
12250.000000000093 6.675301475910455e-07
12300.000000000093 7.226429195205857e-07
12350.000000000093 7.451295414876219e-07
12400.000000000093 7.848226293879469e-07
12450.000000000093 8.467191522539736e-07
12500.000000000093 8.870228505895079e-07
12550.000000000093 9.284749458400949e-07
12600.000000000093 9.284849312927807e-07
12650.000000000093 9.023499176069885e-07
12700.000000000093 9.076908267547526e-07
12750.000000000093 9.080339590059291e-07
12800.000000000093 9.17348816674364e-07
12850.000000000093 8.324720287477369e-07
12900.000000000093 7.843268265430148e-07
12950.000000000093 7.702843925997641e-07
13000.000000000093 7.643142513024583e-07
13050.000000000093 7.266253701544853e-07
13100.000000000093 7.098091422955431e-07
13150.000000000093 6.180683995397605e-07
13200.000000000093 5.755295851198943e-07
13250.000000000093 4.260739810249229e-07
13300.000000000093 2.570815096593816e-07
13350.000000000093 8.992629038697714e-08
13400.000000000093 4.002350410708909e-08
13450.000000000093 2.7542712821784286e-08
13500.000000000093 1.6972521982723098e-08
13550.000000000093 1.3188688557273499e-08
13600.000000000093 1.0639692852288124e-08
13650.000000000093 2.393915266587668e-08
13700.000000000093 1.9066885715937328e-08
13750.000000000093 2.6990119282714233e-08
13800.000000000093 3.474729441971453e-08
13850.000000000093 2.3448825891666496e-08
13900.000000000093 2.3117790477356414e-08
13950.000000000093 2.239190212655209e-08
14000.000000000093 2.226867125419406e-08
14050.000000000093 2.6915421869651935e-08
14100.000000000093 2.0027007331149986e-08
14150.000000000093 2.7778471693919447e-08
14200.000000000093 2.166762106038972e-08
14250.000000000093 2.291561378674785e-08
14300.000000000093 3.562566937549295e-08
14350.000000000093 3.431061450460202e-08
14400.000000000093 3.531876427747848e-08
14450.000000000093 4.2190719584688576e-08
14500.000000000093 6.639970437711443e-08
14550.000000000093 6.579809508815938e-08
14600.000000000093 9.3206704082753e-08
14650.000000000093 9.083156751319343e-08
14700.000000000093 7.190460853859326e-08
14750.000000000093 9.099603209389895e-08
14800.000000000093 1.0790861411645781e-07
14850.000000000093 1.1548584024617441e-07
14900.000000000093 1.1758076349914763e-07
14950.000000000093 1.3526043574672312e-07
15000.000000000093 1.5321677088449364e-07
15050.000000000093 1.7998908389438793e-07
15100.000000000093 1.9339302295139597e-07
15150.000000000093 2.0741238993425276e-07
15200.000000000093 2.1904687368826224e-07
15250.000000000093 2.5972596212074674e-07
15300.000000000093 2.8601063483444993e-07
15350.000000000093 3.276497328894456e-07
15400.000000000093 3.553522609451431e-07
15450.000000000093 3.8476412727659464e-07
15500.000000000093 4.0217657704218615e-07
15550.000000000093 4.446225692010207e-07
15600.000000000093 4.511759011833456e-07
15650.000000000093 4.6760153332348133e-07
15700.000000000093 5.138276164087956e-07
15750.000000000093 5.336561675929573e-07
15800.000000000093 5.303009816380211e-07
15850.000000000093 5.518924496562102e-07
15900.000000000093 5.421790327498195e-07
15950.000000000093 5.40608523240855e-07
16000.000000000093 5.135170608643372e-07
16050.000000000093 4.6616502414503713e-07
16100.000000000093 4.2660654338410587e-07
16150.000000000093 3.690044539356036e-07
16200.000000000093 3.1692103303253204e-07
16250.000000000093 3.109920142982686e-07
16300.000000000093 2.8704530809009846e-07
16350.000000000093 3.014924958434636e-07
16400.000000000095 3.1928148464166205e-07
16450.000000000095 3.337351144287073e-07
16500.000000000095 3.524770342921927e-07
16550.000000000095 3.459035923124376e-07
16600.000000000095 3.4669566709587016e-07
16650.000000000095 2.7559114604385484e-07
16700.000000000095 2.128381921991824e-07
16750.000000000095 2.523177318355874e-07
16800.000000000095 2.9934495947808993e-07
16850.000000000095 2.914807336759783e-07
16900.000000000095 2.768305010522217e-07
16950.000000000095 2.6248190406315227e-07
17000.000000000095 2.4396890729620423e-07
17050.000000000095 2.7873062219089533e-07
17100.000000000095 2.859581914183562e-07
17150.000000000095 2.6060187609202814e-07
17200.000000000095 2.8261565703943075e-07
17250.000000000095 2.5123992610805283e-07
17300.000000000095 2.3302450362107588e-07
17350.000000000095 2.168831638567025e-07
17400.000000000095 2.061097638659345e-07
17450.000000000095 1.9424358489008912e-07
17500.000000000095 1.9800082551959706e-07
17550.000000000095 1.7163276031070838e-07
17600.000000000095 1.588642738712362e-07
17650.000000000095 1.5183867249113e-07
17700.000000000095 1.1915846330562475e-07
17750.000000000095 1.0219682252810924e-07
17800.000000000095 1.1184272209759514e-07
17850.000000000095 7.887178038227731e-08
17900.000000000095 9.488566410543189e-08
17950.000000000095 7.204796029915144e-08
18000.000000000095 7.597144788852329e-08
18050.000000000095 6.433510384772004e-08
18100.000000000095 6.364260644591836e-08
18150.000000000095 7.873806661780811e-08
18200.000000000095 5.23378737403726e-08
18250.000000000095 9.805627541144822e-08
18300.000000000095 6.139237779378882e-08
18350.000000000095 5.85284310683431e-08
18400.000000000095 5.1730001332883476e-08
18450.000000000095 6.281377294983869e-08
18500.000000000095 6.448928103071596e-08
18550.000000000095 5.055172959325167e-08
18600.000000000095 4.561029646239497e-08
18650.000000000095 4.0836389117778155e-08
18700.000000000095 3.892791375299695e-08
18750.000000000095 5.206191975269179e-08
18800.000000000095 8.882917194499675e-08
18850.000000000095 9.659497188729999e-08
18900.000000000095 8.490452504740633e-08
18950.000000000095 1.2995771727021617e-07
19000.000000000095 9.046712270630133e-08
19050.000000000095 7.004480881559604e-08
19100.000000000095 1.1025776160939517e-07
19150.000000000095 8.210697180581453e-08
19200.000000000095 9.885514797204609e-08
19250.000000000095 7.992245553586064e-08
19300.000000000095 7.467528045399311e-08
19350.000000000095 7.056580772373298e-08
19400.000000000095 4.644544616279237e-08
19450.000000000095 7.979294358706256e-08
19500.000000000095 7.777804881575394e-08
19550.000000000095 6.325813319360376e-08
19600.000000000095 7.769844543473811e-08
19650.000000000095 9.315583609754352e-08
19700.000000000095 9.173777947502324e-08
19750.000000000095 9.229564529971095e-08
19800.000000000095 1.0597627005361431e-07
19850.000000000095 1.302782349448225e-07
19900.000000000095 1.0221116401378497e-07
19950.000000000095 1.4511655031669556e-07
20000.000000000095 1.3496762882582101e-07
20050.000000000095 1.521597038988113e-07
20100.000000000095 1.556528584112943e-07
20150.000000000095 1.614058534220398e-07
20200.000000000095 1.7868605514214934e-07
20250.000000000095 1.9718058431936e-07
20300.000000000095 1.887261822307937e-07
20350.000000000095 2.1350568195746157e-07
20400.000000000095 2.1110395195111817e-07
20450.000000000095 2.337654754978644e-07
20500.000000000095 2.4221416337742264e-07
20550.000000000095 2.396592462851337e-07
20600.000000000095 2.6053646740175485e-07
20650.000000000095 2.5594864886045215e-07
20700.000000000095 2.590512994318687e-07
20750.000000000095 2.6807018238474435e-07
20800.000000000095 2.690257413729152e-07
20850.000000000095 2.7141880922476564e-07
20900.000000000095 2.780515490121353e-07
20950.000000000095 2.7308126988566623e-07
21000.000000000095 2.7565159125528695e-07
21050.000000000095 2.707986184049135e-07
21100.000000000095 2.703448540079715e-07
21150.000000000095 2.7198671882969577e-07
21200.000000000095 2.6544830783626725e-07
21250.000000000095 2.6665447196937874e-07
21300.000000000095 2.561329000455386e-07
21350.000000000095 2.5669218897947015e-07
21400.000000000095 2.4861484302419364e-07
21450.000000000095 2.431377623897111e-07
21500.000000000095 2.411820390141605e-07
21550.000000000095 2.3542540410921737e-07
21600.000000000095 2.2938674216090826e-07
21650.000000000095 2.1903219416486754e-07
21700.000000000095 2.207760779098966e-07
21750.000000000095 2.0818951464014231e-07
21800.000000000095 1.9723608198211354e-07
21850.000000000095 1.8332975052398489e-07
21900.000000000095 1.7528071907559005e-07
21950.000000000095 1.390335806982978e-07
22000.000000000095 1.0069435960692749e-07
22050.000000000095 8.55531060487478e-08
22100.000000000095 1.1301489956815111e-07
22150.000000000095 1.212751253349491e-07
22200.000000000095 1.204407765997147e-07
22250.000000000095 1.1503849690305483e-07
22300.000000000095 1.0926712437639863e-07
22350.000000000095 1.0493587719510612e-07
22400.000000000095 9.172411967058517e-08
22450.000000000095 8.426152997218919e-08
22500.000000000095 8.647438589014508e-08
22550.000000000095 7.197840119069227e-08
22600.000000000095 7.877819676454748e-08
22650.000000000095 8.036645614593256e-08
22700.000000000095 7.768750182454428e-08
22750.000000000095 7.961653509316575e-08
22800.000000000095 7.656599634037312e-08
22850.000000000095 6.80937517709543e-08
22900.000000000095 6.676807437498739e-08
22950.000000000095 6.367661765453665e-08
23000.000000000095 5.5526484965396715e-08
23050.000000000095 6.889496559559225e-08
23100.000000000095 8.860098977544835e-08
23150.000000000095 8.347548502272731e-08
23200.000000000095 4.552316253807996e-08
23250.000000000095 5.136030493682794e-08
23300.000000000095 4.969240881479869e-08
23350.000000000095 4.429537875969741e-08
23400.000000000095 5.1611578435528424e-08
23450.000000000095 5.0374275439619804e-08
23500.000000000095 5.117155262193612e-08
23550.000000000095 6.566512988067337e-08
23600.000000000095 7.048396601317988e-08
23650.000000000095 7.543195843686353e-08
23700.000000000095 4.789530390366848e-08
23750.000000000095 4.9760229530449454e-08
23800.000000000095 5.956371094739544e-08
23850.000000000095 5.779046440357671e-08
23900.000000000095 7.697839070062543e-08
23950.000000000095 7.741246799220233e-08
24000.000000000095 9.451355694721701e-08
24050.000000000095 9.363481097140224e-08
24100.000000000095 8.149000013084009e-08
24150.000000000095 9.080674343499924e-08
24200.000000000095 9.625987717908227e-08
24250.000000000095 9.292255045237105e-08
24300.000000000095 9.835675386838412e-08
24350.000000000095 8.539956924498483e-08
24400.000000000095 1.1427760684035205e-07
24450.000000000095 9.345022940630008e-08
24500.000000000095 1.0023884975530067e-07
24550.000000000095 9.812274065999219e-08
24600.000000000095 1.059010156900952e-07
24650.000000000095 1.1905038433752566e-07
24700.000000000095 8.749835004949557e-08
24750.000000000095 8.181624450727443e-08
24800.000000000095 8.684690417996045e-08
24850.000000000095 1.1752128739924889e-07
24900.000000000095 5.8983489705936475e-08
24950.000000000095 9.743499020291582e-08
25000.000000000095 9.124235292077747e-08
25050.000000000095 6.062976107935493e-08
25100.000000000095 8.288455526339218e-08
25150.000000000095 5.321058533751208e-08
25200.000000000095 7.028234797218949e-08
25250.000000000095 4.618257474009843e-08
25300.000000000095 6.291344970876894e-08
25350.000000000095 3.7874275841235494e-08
25400.000000000095 6.553580173871554e-08
25450.000000000095 4.1185797206217146e-08
25500.000000000095 4.0516738328045214e-08
25550.000000000095 5.281438205760774e-08
25600.000000000095 4.8500563158736735e-08
25650.000000000095 3.090825908483814e-08
25700.000000000095 5.901269568725429e-08
25750.000000000095 3.015934040301014e-08
25800.000000000095 6.152620650181417e-08
25850.000000000095 3.1244168896646174e-08
25900.000000000095 4.7770910990966486e-08
25950.000000000095 2.807152388324235e-08
26000.000000000095 5.770576217282253e-08
26050.000000000095 3.849901043015393e-08
26100.000000000095 6.744124746135215e-08
26150.000000000095 5.4184811873430684e-08
26200.000000000095 5.7496876731136614e-08
26250.000000000095 8.502437721293969e-08
26300.000000000095 5.96313500681352e-08
26350.000000000095 9.368693601390335e-08
26400.000000000095 9.689388815191292e-08
26450.000000000095 9.450914583163184e-08
26500.000000000095 9.724517033897879e-08
26550.000000000095 6.402211754419767e-08
26600.000000000095 7.488800714050733e-08
26650.000000000095 3.911399378199493e-08
26700.000000000095 3.304346271410841e-08
26750.000000000095 2.9344667839505348e-08
26800.000000000095 4.055465536566502e-08
26850.000000000095 2.450631211828491e-08
26900.000000000095 4.997608140562801e-08
26950.000000000095 2.7211844269363114e-08
27000.000000000095 6.011188535046409e-08
27050.000000000095 5.5618250047912785e-08
27100.000000000095 3.984792218999271e-08
27150.000000000095 7.064656001829696e-08
27200.000000000095 4.3419692695147594e-08
27250.000000000095 5.107087165844495e-08
27300.000000000095 1.0707075540379919e-07
27350.000000000095 8.014561235965485e-08
27400.000000000095 2.7765290605646223e-08
27450.000000000095 9.452853614792211e-08
27500.000000000095 1.0243161528098716e-07
27550.000000000095 4.935362702170323e-08
27600.000000000095 8.258510025026511e-08
27650.000000000095 4.207189710145452e-08
27700.000000000095 3.5913299227187986e-08
27750.000000000095 8.39919320627632e-08
27800.000000000095 4.516839485214992e-08
27850.000000000095 4.951361523640084e-08
27900.000000000095 6.499144176300721e-08
27950.000000000095 8.825810167316373e-08
28000.000000000095 7.379957783719594e-08
28050.000000000095 3.493587385324687e-08
28100.000000000095 9.713287219788785e-08
28150.000000000095 6.865498623704609e-08
28200.000000000095 3.5229849171076905e-08
28250.000000000095 9.820446879090872e-08
28300.000000000095 1.1804086999922118e-07
28350.000000000095 3.970132990632963e-08
28400.000000000095 8.555026551868011e-08
28450.000000000095 1.0301499148447801e-07
28500.000000000095 8.081807172686315e-08
28550.000000000095 3.9030596577535887e-08
28600.000000000095 1.1195878759371959e-07
28650.000000000095 9.374765619059459e-08
28700.000000000095 8.13257147431384e-08
28750.000000000095 1.118358975486903e-07
28800.000000000095 1.046051400484415e-07
28850.000000000095 1.19884709400878e-07
28900.000000000095 6.373882736841548e-08
28950.000000000095 1.3968468089530718e-07
29000.000000000095 1.0303927738621e-07
29050.000000000095 1.1915648997619726e-07
29100.000000000095 8.019535931042703e-08
29150.000000000095 1.6073146349145153e-07
29200.000000000095 1.0273451822639667e-07
29250.000000000095 1.3802326528796394e-07
29300.000000000095 8.811006874354546e-08
29350.000000000095 2.388984625652082e-07
29400.000000000095 1.3098026744612756e-07
29450.000000000095 1.355024702608435e-07
29500.000000000095 1.5302965337536768e-07
29550.000000000095 1.3406677700015235e-07
29600.000000000095 1.7274659587416473e-07
29650.000000000095 1.4737343706710873e-07
29700.000000000095 1.3268877403866576e-07
29750.000000000095 1.7299257151546256e-07
29800.000000000095 1.8032262367628786e-07
29850.000000000095 1.9012837708999146e-07
29900.000000000095 1.9513930252727843e-07
29950.000000000095 1.8310934722751984e-07
30000.000000000095 1.458341008536648e-07
30050.000000000095 1.28862494464483e-07
30100.000000000095 1.5787519845110741e-07
30150.000000000095 2.205829442171028e-07
30200.000000000095 1.6610131710486755e-07
30250.000000000095 2.3806170448345553e-07
30300.000000000095 2.0657070317300318e-07
30350.000000000095 1.9551420749592328e-07
30400.000000000095 2.3032035693912802e-07
30450.000000000095 1.7475904577498476e-07
30500.000000000095 1.7708754743551803e-07
30550.000000000095 1.8546398883495456e-07
30600.000000000095 2.2320399078024613e-07
30650.000000000095 1.9543611574338338e-07
30700.000000000095 1.7529914545633917e-07
30750.000000000095 1.7177714217539376e-07
30800.000000000095 1.624597244663217e-07
30850.000000000095 1.567019662415405e-07
30900.000000000095 1.5960280703503865e-07
30950.000000000095 1.0803575847049666e-07
31000.000000000095 1.344077053496582e-07
31050.000000000095 1.4987096365784256e-07
31100.000000000095 1.0729480341425999e-07
31150.000000000095 1.2210940566194003e-07
31200.000000000095 1.402127087269234e-07
31250.000000000095 1.0979470516889718e-07
31300.000000000095 1.0739414504549904e-07
31350.000000000095 1.0463366724654921e-07
31400.000000000095 8.014973172712247e-08
31450.000000000095 1.0199346988610333e-07
31500.000000000095 8.088096353812863e-08
31550.000000000095 9.112945048535166e-08
31600.000000000095 7.200737662416138e-08
31650.000000000095 6.965939828607489e-08
31700.000000000095 8.14813990492808e-08
31750.000000000095 5.953543595441559e-08
31800.000000000095 7.524239472589998e-08
31850.000000000095 6.077307402039726e-08
31900.000000000095 6.783364824028704e-08
31950.000000000095 6.112091394278435e-08
32000.000000000095 6.248155309515285e-08
32050.000000000095 5.719440547853225e-08
32100.000000000095 5.2107837287572004e-08
32150.000000000095 6.892844333265283e-08
32200.000000000095 5.002057496492944e-08
32250.000000000095 7.265514231960943e-08
32300.000000000095 4.5908638228972886e-08
32350.000000000095 8.875894388288686e-08
32400.000000000095 5.8974408150922657e-08
32450.000000000095 8.318160195021235e-08
32500.000000000095 6.642176483594358e-08
32550.000000000095 7.941125172642073e-08
32600.000000000095 8.88964389713061e-08
32650.000000000095 1.0046464670565018e-07
32700.000000000095 9.116896650467242e-08
32750.000000000095 1.1628413510667504e-07
32800.000000000095 1.0303987342296063e-07
32850.000000000095 1.2785737235061323e-07
32900.000000000095 1.3802646427248085e-07
32950.000000000095 1.3895415763470326e-07
33000.000000000095 1.214752062431902e-07
33050.000000000095 1.205974427505636e-07
33100.000000000095 7.468072341616053e-08
33150.000000000095 1.6923113131625494e-08
33200.000000000095 1.9644297478765653e-08
33250.000000000095 1.4148025053188231e-08
33300.000000000095 1.6197903164457375e-08
33350.000000000095 2.8202448717317935e-08
33400.000000000095 3.9576465522987526e-08
33450.000000000095 4.882229524490818e-08
33500.000000000095 7.004255985862048e-08
33550.000000000095 6.455901970886761e-08
33600.000000000095 9.332218958677644e-08
33650.000000000095 1.0121232447433267e-07
33700.000000000095 8.479671235854607e-08
33750.000000000095 1.199499502831316e-07
33800.000000000095 7.482035025533913e-08
33850.000000000095 1.0553621956576248e-07
33900.000000000095 9.330257801129056e-08
33950.000000000095 1.0544220367010819e-07
34000.000000000095 1.1142312844589563e-07
34050.000000000095 5.796783057615215e-08
34100.000000000095 1.0412412128693948e-07
34150.000000000095 7.25627827747477e-08
34200.000000000095 9.37683274554704e-08
34250.000000000095 8.885869478816559e-08
34300.000000000095 6.816467989411055e-08
34350.000000000095 9.86149590361231e-08
34400.000000000095 7.357773522715881e-08
34450.000000000095 1.049928575913017e-07
34500.000000000095 9.444520645211411e-08
34550.000000000095 6.68121162369511e-08
34600.000000000095 1.1466966066056279e-07
34650.000000000095 6.971521991991524e-08
34700.000000000095 8.52134133436654e-08
34750.000000000095 9.22975826259715e-08
34800.000000000095 5.80607369119709e-08
34850.000000000095 1.0130823529326535e-07
34900.000000000095 9.904950067252558e-08
34950.000000000095 9.29768835855064e-08
35000.000000000095 1.2576407787644024e-07
35050.000000000095 8.932644769814698e-08
35100.000000000095 1.2487477732252092e-07
35150.000000000095 1.1164148597702275e-07
35200.000000000095 1.306608249509171e-07
35250.000000000095 1.645452061904845e-07
35300.000000000095 9.558112770634247e-08
35350.000000000095 1.3916235128083712e-07
35400.000000000095 1.404053074729291e-07
35450.000000000095 1.1790066648281031e-07
35500.000000000095 1.7614525003265301e-07
35550.000000000095 1.5267378152590606e-07
35600.000000000095 1.66345039758185e-07
35650.000000000095 1.8315092847383608e-07
35700.000000000095 1.2534245391150493e-07
35750.000000000095 1.8905006037187824e-07
35800.000000000095 1.9163593717155805e-07
35850.000000000095 1.46765977161664e-07
35900.000000000095 2.1044494963020038e-07
35950.000000000095 2.0027981981092038e-07
36000.000000000095 1.8394525610863325e-07
36050.000000000095 2.2264029161463086e-07
36100.000000000095 1.9484322400886037e-07
36150.000000000095 2.33961158837168e-07
36200.000000000095 2.477443587712986e-07
36250.000000000095 2.343061937163811e-07
36300.000000000095 2.6846431140796805e-07
36350.000000000095 2.6184833586845597e-07
36400.000000000095 3.0000829634820647e-07
36450.000000000095 2.915436418374953e-07
36500.000000000095 2.904361966307833e-07
36550.000000000095 3.297944574911581e-07
36600.000000000095 3.5899657397392386e-07
36650.000000000095 3.3608431098664335e-07
36700.000000000095 3.587180492924729e-07
36750.000000000095 3.848808492341585e-07
36800.000000000095 3.86698569565416e-07
36850.000000000095 3.7110867157040246e-07
36900.000000000095 3.7060996453920067e-07
36950.000000000095 4.2254864730819717e-07
37000.000000000095 4.0122563375112477e-07
37050.000000000095 4.305478824742214e-07
37100.000000000095 4.169090662113212e-07
37150.000000000095 4.554884196393138e-07
37200.000000000095 4.792293117147384e-07
37250.000000000095 4.3081042522305393e-07
37300.000000000095 4.261025760172541e-07
37350.000000000095 4.837161170351777e-07
37400.000000000095 5.356568815229587e-07
37450.000000000095 4.892121192981589e-07
37500.000000000095 4.676797318094851e-07
37550.000000000095 5.629904640622525e-07
37600.000000000095 5.94610521458302e-07
37650.000000000095 4.947153230085627e-07
37700.000000000095 5.741205230744526e-07
37750.000000000095 4.810501406729347e-07
37800.000000000095 5.592634623763348e-07
37850.000000000095 4.6452277325529545e-07
37900.000000000095 5.424405336867831e-07
37950.000000000095 5.79423393460674e-07
38000.000000000095 6.247437801511816e-07
38050.000000000095 5.771813902698557e-07
38100.000000000095 6.220431667866327e-07
38150.000000000095 6.229277307890612e-07
38200.000000000095 6.430528342015106e-07
38250.000000000095 6.294145993778395e-07
38300.000000000095 7.05799383082774e-07
38350.000000000095 7.109195764838945e-07
38400.000000000095 5.910937933766349e-07
38450.000000000095 6.630915057072549e-07
38500.000000000095 6.115478073272877e-07
38550.000000000095 6.744652176207869e-07
38600.000000000095 6.799822577526793e-07
38650.000000000095 7.28502590747169e-07
38700.000000000095 7.483068313084772e-07
38750.000000000095 7.271167944566404e-07
38800.000000000095 6.928623563003919e-07
38850.000000000095 7.555121251869091e-07
38900.000000000095 7.651632964660362e-07
38950.000000000095 7.431084187479216e-07
39000.000000000095 7.864031353924459e-07
39050.000000000095 7.625473440005457e-07
39100.000000000095 7.400255446555392e-07
39150.000000000095 7.895060397328296e-07
39200.000000000095 7.563682702286775e-07
39250.000000000095 8.134464692430497e-07
39300.000000000095 8.020402892534366e-07
39350.000000000095 8.534961024253502e-07
39400.000000000095 8.323027242562158e-07
39450.000000000095 8.499144640530843e-07
39500.000000000095 8.164505937070383e-07
39550.000000000095 8.187389884943878e-07
39600.000000000095 8.347687619125783e-07
39650.000000000095 8.900893781350742e-07
39700.000000000095 8.475972092280649e-07
39750.000000000095 7.843049877000293e-07
39800.000000000095 8.221621191214125e-07
39850.000000000095 8.834530241365695e-07
39900.000000000095 8.869794378674645e-07
39950.000000000095 8.69472641595296e-07
40000.000000000095 8.724214091296755e-07
40050.000000000095 8.827964348669766e-07
40100.000000000095 8.299521639726617e-07
40150.000000000095 9.125318501432207e-07
40200.000000000095 9.126204869296542e-07
40250.000000000095 8.577874102481046e-07
40300.000000000095 8.891742082823291e-07
40350.000000000095 8.461127723702107e-07
40400.000000000095 9.011921193391331e-07
40450.000000000095 8.69486211814668e-07
40500.000000000095 8.273914891139752e-07
40550.000000000095 9.155235444374334e-07
40600.000000000095 8.389639214305052e-07
40650.000000000095 9.036468659664074e-07
40700.000000000095 9.785944060526199e-07
40750.000000000095 8.589340030616078e-07
40800.000000000095 8.035725482968788e-07
40850.000000000095 8.888325796070901e-07
40900.000000000095 8.966043577885371e-07
40950.000000000095 8.586328507810388e-07
41000.000000000095 8.586190304622504e-07
41050.000000000095 8.820071231184909e-07
41100.000000000095 8.220327614189221e-07
41150.000000000095 8.070205727412512e-07
41200.000000000095 8.937738448206648e-07
41250.000000000095 8.658348448330723e-07
41300.000000000095 7.399223451444978e-07
41350.000000000095 8.980945720909252e-07
41400.000000000095 8.352483083427684e-07
41450.000000000095 8.777869570205801e-07
41500.000000000095 8.344375429970121e-07
41550.000000000095 7.693957757365771e-07
41600.000000000095 8.179478813137842e-07
41650.000000000095 8.367068917824182e-07
41700.000000000095 7.652646889438038e-07
41750.000000000095 7.548710506006728e-07
41800.000000000095 8.821731472930217e-07
41850.000000000095 6.022322329281663e-07
41900.000000000095 7.366551338928823e-07
41950.000000000095 8.065545481873007e-07
42000.000000000095 7.972428987626533e-07
42050.000000000095 6.714763001804529e-07
42100.000000000095 7.904335609673398e-07
42150.000000000095 5.89587937161891e-07
42200.000000000095 6.419429553506964e-07
42250.000000000095 6.850018812918788e-07
42300.000000000095 6.346200190054615e-07
42350.000000000095 6.851622793762621e-07
42400.000000000095 6.371719297079228e-07
42450.000000000095 5.62048218603138e-07
42500.000000000095 6.028790488625089e-07
42550.000000000095 5.725184436985706e-07
42600.000000000095 6.790709975791303e-07
42650.000000000095 7.59779554650241e-07
42700.000000000095 6.466973911123861e-07
42750.000000000095 5.729505883752715e-07
42800.000000000095 5.627207376186673e-07
42850.000000000095 6.602037769789924e-07
42900.000000000095 6.718125460160063e-07
42950.000000000095 5.091064087705659e-07
43000.000000000095 6.65570298108912e-07
43050.000000000095 4.3707914227942204e-07
43100.000000000095 5.973471278834372e-07
43150.000000000095 6.021758634316143e-07
43200.000000000095 5.931029638865138e-07
43250.000000000095 6.585985544880793e-07
43300.000000000095 6.978086964568281e-07
43350.000000000095 5.013914266706317e-07
43400.000000000095 6.1057776855538e-07
43450.000000000095 5.006448547491709e-07
43500.000000000095 5.349192507588241e-07
43550.000000000095 4.931350455114135e-07
43600.000000000095 5.83170845826183e-07
43650.000000000095 3.95794409985065e-07
43700.000000000095 5.64564167758343e-07
43750.000000000095 5.647117943459003e-07
43800.000000000095 4.592522673524094e-07
43850.000000000095 4.608033795724325e-07
43900.000000000095 4.2834827533861236e-07
43950.000000000095 3.9246155936893266e-07
44000.000000000095 2.91103646855462e-07
44050.000000000095 3.7336102513656714e-07
44100.000000000095 3.961552502332622e-07
44150.000000000095 3.818993060781686e-07
44200.000000000095 3.44204858565337e-07
44250.000000000095 3.1326006673757783e-07
44300.000000000095 2.9693234757395767e-07
44350.000000000095 2.621332781021585e-07
44400.000000000095 2.6677256340751574e-07
44450.000000000095 2.722838131230922e-07
44500.000000000095 2.300028102697538e-07
44550.000000000095 2.4171766189263096e-07
44600.000000000095 2.079274693199324e-07
44650.000000000095 2.3351022646894092e-07
44700.000000000095 2.2156799357829903e-07
44750.000000000095 2.2816999550038757e-07
44800.000000000095 2.1308753442778114e-07
44850.000000000095 2.0085255981287184e-07
44900.000000000095 1.7440283698954965e-07
44950.000000000095 1.7074430417838413e-07
45000.000000000095 1.741468733098262e-07
45050.000000000095 1.813844448193845e-07
45100.000000000095 1.7387521331405532e-07
45150.000000000095 1.5915942524899953e-07
45200.000000000095 1.323665095743906e-07
45250.000000000095 1.4186743482538019e-07
45300.000000000095 1.6234929215910314e-07
45350.000000000095 1.60481509637701e-07
45400.000000000095 1.3499822173996365e-07
45450.000000000095 1.3011688944758501e-07
45500.000000000095 1.4055707549748647e-07
45550.000000000095 1.6024579898914038e-07
45600.000000000095 1.2945186360363498e-07
45650.000000000095 1.2617196017213296e-07
45700.000000000095 1.5922652526424415e-07
45750.000000000095 1.3618573337674703e-07
45800.000000000095 1.1986936936509337e-07
45850.000000000095 1.6970507316651974e-07
45900.000000000095 1.6477254193268758e-07
45950.000000000095 1.247454269073451e-07
46000.000000000095 1.6043179756047288e-07
46050.000000000095 1.729625421721001e-07
46100.000000000095 1.25580160531905e-07
46150.000000000095 1.676137990426636e-07
46200.000000000095 1.6444365901005242e-07
46250.000000000095 1.0371907859357489e-07
46300.000000000095 1.8902128197548663e-07
46350.000000000095 1.404760063531924e-07
46400.000000000095 1.6244067773223485e-07
46450.000000000095 2.0603120612810755e-07
46500.000000000095 1.6081821968230548e-07
46550.000000000095 2.211733872227548e-07
46600.000000000095 2.1038402303198554e-07
46650.000000000095 3.1228401926325155e-07
46700.000000000095 2.5805191142463774e-07
46750.000000000095 1.9299788863694205e-07
46800.000000000095 1.7269549303561812e-07
46850.000000000095 2.0931047257781616e-07
46900.000000000095 1.8413804887337199e-07
46950.000000000095 2.5252533120146637e-07
47000.000000000095 1.513970090106578e-07
47050.000000000095 2.5199850069173337e-07
47100.000000000095 1.434809961022254e-07
47150.000000000095 1.8037585950940542e-07
47200.000000000095 1.950115440532397e-07
47250.000000000095 1.5157111221208282e-07
47300.000000000095 1.7682632234970714e-07
47350.000000000095 1.3259053007148245e-07
47400.000000000095 2.160650375184792e-07
47450.000000000095 1.357184900655073e-07
47500.000000000095 2.27290780803456e-07
47550.000000000095 1.401005660608153e-07
47600.000000000095 2.1672647196304024e-07
47650.000000000095 1.4167536044488538e-07
47700.000000000095 2.0478138448174517e-07
47750.000000000095 1.291812287728588e-07
47800.000000000095 2.0492595756630552e-07
47850.000000000095 1.142576966741283e-07
47900.000000000095 1.8773045265950125e-07
47950.000000000095 1.474945066796171e-07
48000.000000000095 2.363668154815325e-07
48050.000000000095 1.6432334879883913e-07
48100.000000000095 2.1919681417533877e-07
48150.000000000095 1.6008183723593566e-07
48200.000000000095 2.2811732963191517e-07
48250.000000000095 1.719103125378468e-07
48300.000000000095 2.650817232338437e-07
48350.000000000095 1.66111046174292e-07
48400.000000000095 2.1347610547452219e-07
48450.000000000095 1.4708430651543143e-07
48500.000000000095 2.6323873146107134e-07
48550.000000000095 1.5099941279073707e-07
48600.000000000095 2.522519426971593e-07
48650.000000000095 1.4864320458090993e-07
48700.000000000095 2.7277333140043307e-07
48750.000000000095 1.619744096386734e-07
48800.000000000095 2.6380661467690255e-07
48850.000000000095 1.837053305890941e-07
48900.000000000095 2.65229768052941e-07
48950.000000000095 2.3408968327065012e-07
49000.000000000095 2.1456094518543383e-07
49050.000000000095 2.5508847401496317e-07
49100.000000000095 1.9675182370737935e-07
49150.000000000095 2.8206982159026944e-07
49200.000000000095 1.9701547787496873e-07
49250.000000000095 2.8075893389625777e-07
49300.000000000095 2.1697766312924266e-07
49350.000000000095 2.4669817988692186e-07
49400.000000000095 2.7712806347744485e-07
49450.000000000095 2.472538896380108e-07
49500.000000000095 2.4645602965786655e-07
49550.000000000095 1.636999989217044e-07
49600.000000000095 2.521981049865954e-07
49650.000000000095 2.447704945091271e-07
49700.000000000095 2.2433377415070847e-07
49750.000000000095 3.4141002062010806e-07
49800.000000000095 2.2198200677338405e-07
49850.000000000095 3.5763883072308017e-07
49900.000000000095 2.7593543301163826e-07
49950.000000000095 3.049841798691449e-07
50000.000000000095 3.353333218578747e-07
50050.000000000095 2.9224817578973856e-07
50100.000000000095 3.8757706719987424e-07
50150.000000000095 2.28843775045319e-07
50200.000000000095 1.8094137454232276e-07
50250.000000000095 3.3241548216266297e-07
50300.000000000095 2.488336093970794e-07
50350.000000000095 3.5460257687611936e-07
50400.000000000095 2.8644830597475654e-07
50450.000000000095 2.9683762743670665e-07
50500.000000000095 3.9402339224312244e-07
50550.000000000095 3.0828124098575297e-07
50600.000000000095 3.375726475583866e-07
50650.000000000095 3.0725683580141103e-07
50700.000000000095 4.412991006062517e-07
50750.000000000095 4.148963233041008e-07
50800.000000000095 2.3501107197071125e-07
50850.000000000095 2.6401314432232305e-07
50900.000000000095 4.025266341953813e-07
50950.000000000095 4.0635161377774487e-07
51000.000000000095 4.166457326726532e-07
51050.000000000095 3.5076062243658786e-07
51100.000000000095 2.5601769123568176e-07
51150.000000000095 3.080663800478475e-07
51200.000000000095 4.070790295958727e-07
51250.000000000095 3.883574377519233e-07
51300.000000000095 2.675838432692465e-07
51350.000000000095 3.3992687579295423e-07
51400.000000000095 2.6601713015309047e-07
51450.000000000095 2.3368945831328929e-07
51500.000000000095 2.1978032399594558e-07
51550.000000000095 3.8177389929928296e-07
51600.000000000095 2.666885285379588e-07
51650.000000000095 3.4326108592887087e-07
51700.000000000095 3.664726037383663e-07
51750.000000000095 2.5832981677898193e-07
51800.000000000095 4.4964608889758774e-07
51850.000000000095 3.738023997905122e-07
51900.000000000095 4.579801854522657e-07
51950.000000000095 3.8784926109922323e-07
52000.000000000095 1.7231167792057288e-07
52050.000000000095 2.813217978338408e-07
52100.000000000095 2.5766447785865644e-07
52150.000000000095 2.1761255442158392e-07
52200.000000000095 2.4165217617254527e-07
52250.000000000095 2.908457535180944e-07
52300.000000000095 4.5882809412916697e-07
52350.000000000095 3.091475039396631e-07
52400.000000000095 2.554427825882914e-07
52450.000000000095 3.75674333916801e-07
52500.000000000095 3.5317342339612423e-07
52550.000000000095 3.666896087628225e-07
52600.000000000095 3.165752596732615e-07
52650.000000000095 3.467591438451169e-07
52700.000000000095 2.7980399615321163e-07
52750.000000000095 2.3310094505855674e-07
52800.000000000095 2.5187711993372294e-07
52850.000000000095 2.854205101670815e-07
52900.000000000095 2.46598800689715e-07
52950.000000000095 2.598594002106858e-07
53000.000000000095 4.0478708156722113e-07
53050.000000000095 2.0372924440245987e-07
53100.000000000095 3.8029714840308775e-07
53150.000000000095 4.464192518729747e-07
53200.000000000095 2.2440449114054284e-07
53250.000000000095 3.9348539174708853e-07
53300.000000000095 4.259138165177383e-07
53350.000000000095 4.042058093878149e-07
53400.000000000095 4.0829303347246953e-07
53450.000000000095 2.1867293602340426e-07
53500.000000000095 1.4933140002504295e-07
53550.000000000095 2.1769480591116488e-07
53600.000000000095 3.0649253374101684e-07
53650.000000000095 2.4784448667046204e-07
53700.000000000095 2.374360954336999e-07
53750.000000000095 2.3685731727460485e-07
53800.000000000095 2.4643270497953365e-07
53850.000000000095 3.142069283068638e-07
53900.000000000095 2.990684602420517e-07
53950.000000000095 3.9335522631113534e-07
54000.000000000095 2.842395028494845e-07
54050.000000000095 2.7743364057643063e-07
54100.000000000095 1.568848904858629e-07
54150.000000000095 2.193919825616077e-07
54200.000000000095 1.2651602683745534e-07
54250.000000000095 1.505958545741837e-07
54300.000000000095 2.202114456449389e-07
54350.000000000095 2.8711713342255125e-07
54400.000000000095 2.905939087827368e-07
54450.000000000095 2.6699033000587917e-07
54500.000000000095 2.3591913826056886e-07
54550.000000000095 1.960945415491616e-07
54600.000000000095 2.451942668264488e-07
54650.000000000095 1.5452585761074106e-07
54700.000000000095 2.8702131876454306e-07
54750.000000000095 2.7213690412053066e-07
54800.000000000095 2.0076962643368707e-07
54850.000000000095 2.296841962722022e-07
54900.000000000095 3.0271023811772657e-07
54950.000000000095 3.828823951838195e-07
55000.000000000095 1.9894257366395765e-07
55050.000000000095 2.588811610913915e-07
55100.000000000095 2.473874414437684e-07
55150.000000000095 2.1164643592866154e-07
55200.000000000095 2.0894891617359812e-07
55250.000000000095 2.2383228511711574e-07
55300.000000000095 1.7134323924205769e-07
55350.000000000095 2.5804849868124485e-07
55400.000000000095 3.1445569987996976e-07
55450.000000000095 2.3412394326207048e-07
55500.000000000095 1.394849718246176e-07
55550.000000000095 1.8806724488868351e-07
55600.000000000095 1.835525216109667e-07
55650.000000000095 1.5293637870004807e-07
55700.000000000095 1.9429591479509502e-07
55750.000000000095 2.2183888337597318e-07
55800.000000000095 1.666851504268738e-07
55850.000000000095 1.497803655771166e-07
55900.000000000095 2.547131906719071e-07
55950.000000000095 3.2838673834779476e-07
56000.000000000095 1.6628985545362753e-07
56050.000000000095 2.2309118516572264e-07
56100.000000000095 2.5002341551799205e-07
56150.000000000095 1.8852001912521356e-07
56200.000000000095 2.1060966322515094e-07
56250.000000000095 2.265044525936512e-07
56300.000000000095 2.3506349464943502e-07
56350.000000000095 2.386337881831977e-07
56400.000000000095 1.6628861481333326e-07
56450.000000000095 1.5108542376333657e-07
56500.000000000095 1.9905574111738237e-07
56550.000000000095 1.3183161279347988e-07
56600.000000000095 2.4389010721662594e-07
56650.000000000095 2.2704116873683822e-07
56700.000000000095 2.648118592923553e-07
56750.000000000095 1.5187686804932524e-07
56800.000000000095 2.396465625298777e-07
56850.000000000095 1.9785375302547578e-07
56900.000000000095 1.7332521280317303e-07
56950.000000000095 2.546064866004383e-07
57000.000000000095 2.7918275805069184e-07
57050.000000000095 1.886883378085881e-07
57100.000000000095 1.1083493306589022e-07
57150.000000000095 1.6009710753892095e-07
57200.000000000095 1.2820405616276936e-07
57250.000000000095 1.800368976741639e-07
57300.000000000095 2.193491895506256e-07
57350.000000000095 1.4203081969091357e-07
57400.000000000095 2.2891775595828723e-07
57450.000000000095 2.0746309838882073e-07
57500.000000000095 1.881502519617242e-07
57550.000000000095 2.3389181732274365e-07
57600.000000000095 2.462183968379105e-07
57650.000000000095 1.1524919861902647e-07
57700.000000000095 1.404925084367275e-07
57750.000000000095 1.7008858120320815e-07
57800.000000000095 8.106347811772284e-08
57850.000000000095 2.8212756767978985e-07
57900.000000000095 3.282473159188654e-07
57950.000000000095 2.958822575021047e-07
58000.000000000095 1.7426201883384032e-07
58050.000000000095 2.2011372098286254e-07
58100.000000000095 2.6801795945274747e-07
58150.000000000095 2.124128514708841e-07
58200.000000000095 1.2167743675634942e-07
58250.000000000095 1.576479616469872e-07
58300.000000000095 1.320972926841329e-07
58350.000000000095 1.5459097466084428e-07
58400.000000000095 2.0402603644166694e-07
58450.000000000095 2.2243457644366799e-07
58500.000000000095 2.015760734282072e-07
58550.000000000095 2.3364145609510045e-07
58600.000000000095 1.4711239386051705e-07
58650.000000000095 1.7797863925754947e-07
58700.000000000095 1.7901563507305343e-07
58750.000000000095 2.0331242126743848e-07
58800.000000000095 1.0813183914984723e-07
58850.000000000095 1.6947255875533987e-07
58900.000000000095 2.1100612387132148e-07
58950.000000000095 1.3750154930645675e-07
59000.000000000095 2.0916557940548551e-07
59050.000000000095 2.28507181673017e-07
59100.000000000095 2.6559695656074065e-07
59150.000000000095 2.0521189093793048e-07
59200.000000000095 2.0638410257758542e-07
59250.000000000095 2.202097390707046e-07
59300.000000000095 2.146974972019594e-07
59350.000000000095 1.1954257454338896e-07
59400.000000000095 9.683695586524748e-08
59450.000000000095 1.8907766787932778e-07
59500.000000000095 1.2461190098880581e-07
59550.000000000095 2.3415568949665333e-07
59600.000000000095 2.5201236391209147e-07
59650.000000000095 2.0193856961312765e-07
59700.000000000095 1.443098003125217e-07
59750.000000000095 2.9544531565962025e-07
59800.000000000095 1.896919881732712e-07
59850.000000000095 2.430838709236204e-07
59900.000000000095 1.3173733375743237e-07
59950.000000000095 2.0704103170340683e-07
60000.000000000095 3.3822780906981836e-07
60050.000000000095 2.8277487563114684e-07
60100.000000000095 2.7753684599148544e-07
60150.000000000095 1.9771642989942018e-07
60200.000000000095 2.2815979529418216e-07
60250.000000000095 2.729716500926628e-07
60300.000000000095 2.5230351546115057e-07
60350.000000000095 1.8432938981259652e-07
60400.000000000095 2.373103974325522e-07
60450.000000000095 1.3311186687235267e-07
60500.000000000095 9.255460681204473e-08
60550.000000000095 2.3559157244509304e-07
60600.000000000095 2.2835532675228072e-07
60650.000000000095 1.9831095996471536e-07
60700.000000000095 1.7864143621733405e-07
60750.000000000095 1.3875903356965196e-07
60800.000000000095 2.4093306517248844e-07
60850.000000000095 3.374394518260913e-07
60900.000000000095 2.976861699553519e-07
60950.000000000095 2.7169838113739084e-07
61000.000000000095 2.3084159366711272e-07
61050.000000000095 1.65121505690244e-07
61100.000000000095 2.1827969217781378e-07
61150.000000000095 1.0069578378600213e-07
61200.000000000095 2.8584681827787263e-07
61250.000000000095 3.1271552855136476e-07
61300.000000000095 2.6682157050705884e-07
61350.000000000095 3.361387168310762e-07
61400.000000000095 2.2544131792351497e-07
61450.000000000095 1.562739747965565e-07
61500.000000000095 1.72057414147468e-07
61550.000000000095 1.803052628994347e-07
61600.000000000095 1.3782520080601346e-07
61650.000000000095 1.9981886940980176e-07
61700.000000000095 1.7468755896388132e-07
61750.000000000095 2.034834439395915e-07
61800.000000000095 2.3652718796289475e-07
61850.000000000095 1.5693311773350165e-07
61900.000000000095 2.9706725796546314e-07
61950.000000000095 2.9719000602709404e-07
62000.000000000095 2.6931507511831373e-07
62050.000000000095 2.6780284751979935e-07
62100.000000000095 2.770355431228236e-07
62150.000000000095 2.728011037186378e-07
62200.000000000095 2.46591023582075e-07
62250.000000000095 2.47690527651653e-07
62300.000000000095 3.358155695764611e-07
62350.000000000095 2.9795206250517935e-07
62400.000000000095 1.8904688914533903e-07
62450.000000000095 2.34899128100527e-07
62500.000000000095 3.1402994460785193e-07
62550.000000000095 3.042324872939011e-07
62600.000000000095 3.225521742039846e-07
62650.000000000095 2.6652343841735564e-07
62700.000000000095 2.8028358411550416e-07
62750.000000000095 3.3738033754044855e-07
62800.000000000095 2.2757925338396268e-07
62850.000000000095 3.0032253602782855e-07
62900.000000000095 2.5873736190537934e-07
62950.000000000095 3.4497174594544497e-07
63000.000000000095 2.915792023657854e-07
63050.000000000095 3.813714101301611e-07
63100.000000000095 3.5926393097378456e-07
63150.000000000095 2.4523451188696953e-07
63200.000000000095 3.0820899369270183e-07
63250.000000000095 3.1770515838752315e-07
63300.000000000095 3.297240904454433e-07
63350.000000000095 2.973206966950261e-07
63400.000000000095 1.9229197023084648e-07
63450.000000000095 1.582200390179192e-07
63500.000000000095 2.878023913516641e-07
63550.000000000095 2.766451045630981e-07
63600.000000000095 3.2547573324538656e-07
63650.000000000095 2.513894346465593e-07
63700.000000000095 1.7119519459011058e-07
63750.000000000095 2.3166853285656056e-07
63800.000000000095 2.615258717912924e-07
63850.000000000095 2.4941684741300116e-07
63900.000000000095 1.8437653321664923e-07
63950.000000000095 2.6473049490074765e-07
64000.000000000095 2.914890742943683e-07
64050.000000000095 2.1551526785471185e-07
64100.000000000095 9.327358511106261e-08
64150.000000000095 1.2678586838919293e-07
64200.000000000095 1.463345025868942e-07
64250.000000000095 2.132932348933243e-07
64300.000000000095 1.7530021870674583e-07
64350.000000000095 1.528187115137008e-07
64400.000000000095 2.3326053599754103e-07
64450.000000000095 2.425158819177667e-07
64500.000000000095 1.4479083952600342e-07
64550.000000000095 2.1699119644089866e-07
64600.000000000095 1.4952225854489554e-07
64650.000000000095 2.167415645914105e-07
64700.000000000095 1.2089639150239161e-07
64750.000000000095 1.428567888251698e-07
64800.000000000095 1.407599519020829e-07
64850.000000000095 1.309279476178138e-07
64900.000000000095 1.5047849161963257e-07
64950.000000000095 1.362462960928902e-07
65000.000000000095 1.6239179432328676e-07
65050.000000000095 1.697626678342594e-07
65100.000000000095 2.0119811007830529e-07
65150.000000000095 1.5559211630241231e-07
65200.000000000095 1.2938911621844923e-07
65250.000000000095 1.8457938426660808e-07
65300.000000000095 1.674337305482297e-07
65350.000000000095 2.793252816380381e-07
65400.000000000095 1.5698523596696543e-07
65450.000000000095 1.6075371792115605e-07
65500.000000000095 1.818600913675301e-07
65550.00000000009 1.314509026313707e-07
65600.00000000009 1.5756282816401083e-07
65650.00000000009 1.653131755932583e-07
65700.00000000009 1.5112483998255313e-07
65750.00000000009 1.2823024581786036e-07
65800.00000000009 1.7309874441991196e-07
65850.00000000009 2.057573302313606e-07
65900.00000000009 1.2772045219696947e-07
65950.00000000009 1.060509958663001e-07
66000.00000000009 1.4888749368690573e-07
66050.00000000009 2.429692617246018e-07
66100.00000000009 1.618645314107787e-07
66150.00000000009 1.2746654999539118e-07
66200.00000000009 1.275503717396906e-07
66250.00000000009 1.2172082393538852e-07
66300.00000000009 6.996328752237136e-08
66350.00000000009 9.828709658475567e-08
66400.00000000009 1.2356171364074622e-07
66450.00000000009 1.9087839302787868e-07
66500.00000000009 2.449357486791761e-07
66550.00000000009 2.243552230754194e-07
66600.00000000009 1.7936230170164956e-07
66650.00000000009 1.7740746816506557e-07
66700.00000000009 1.5791555441826677e-07
66750.00000000009 1.453621169772761e-07
66800.00000000009 1.8389730381845317e-07
66850.00000000009 1.3073419523733525e-07
66900.00000000009 1.9456803736339294e-07
66950.00000000009 2.497149170947161e-07
67000.00000000009 2.5475997318641527e-07
67050.00000000009 1.6992393022082617e-07
67100.00000000009 1.491753904868538e-07
67150.00000000009 1.5395024150645204e-07
67200.00000000009 1.7240788340649126e-07
67250.00000000009 1.699693188832572e-07
67300.00000000009 1.8992130711873303e-07
67350.00000000009 1.3306772402915973e-07
67400.00000000009 2.3810442378752015e-07
67450.00000000009 1.8436992725369823e-07
67500.00000000009 1.7099599496007713e-07
67550.00000000009 1.9970147421921056e-07
67600.00000000009 3.077405953321635e-07
67650.00000000009 2.3089078726732272e-07
67700.00000000009 1.8899095834358325e-07
67750.00000000009 1.6787627182389544e-07
67800.00000000009 2.0980332455047589e-07
67850.00000000009 1.4156585300931295e-07
67900.00000000009 1.7240481316389976e-07
67950.00000000009 1.2955226200296098e-07
68000.00000000009 1.671680159486421e-07
68050.00000000009 2.1545960920407693e-07
68100.00000000009 2.2881352108913416e-07
68150.00000000009 1.8669808303149303e-07
68200.00000000009 1.9939334753672238e-07
68250.00000000009 1.0467288730516289e-07
68300.00000000009 1.7783246838282364e-07
68350.00000000009 1.2107930706601894e-07
68400.00000000009 2.2798904312415916e-07
68450.00000000009 2.2129414966590716e-07
68500.00000000009 1.9234060956191088e-07
68550.00000000009 1.398342586592643e-07
68600.00000000009 1.5119601029085715e-07
68650.00000000009 1.0795055939617119e-07
68700.00000000009 1.6316785590664546e-07
68750.00000000009 1.9056222277272383e-07
68800.00000000009 2.0840880246456742e-07
68850.00000000009 1.245628985017085e-07
68900.00000000009 2.551610919094758e-07
68950.00000000009 2.806429541595036e-07
69000.00000000009 2.580807305139033e-07
69050.00000000009 1.6605476892186632e-07
69100.00000000009 2.660451163135841e-07
69150.00000000009 2.9205406875483655e-07
69200.00000000009 1.860952492341948e-07
69250.00000000009 2.728619708437389e-07
69300.00000000009 2.2984395743588065e-07
69350.00000000009 2.5236827522903016e-07
69400.00000000009 1.5242960234654602e-07
69450.00000000009 2.671453192918432e-07
69500.00000000009 1.740727685133947e-07
69550.00000000009 1.9390484083699083e-07
69600.00000000009 8.91228737166529e-08
69650.00000000009 1.7637759000402736e-07
69700.00000000009 2.474654270287623e-07
69750.00000000009 1.9304106387971034e-07
69800.00000000009 2.2809154459775352e-07
69850.00000000009 2.468278932933143e-07
69900.00000000009 1.9422741133845138e-07
69950.00000000009 2.0470376164032264e-07
70000.00000000009 1.7216807017250856e-07
70050.00000000009 2.5772261222159515e-07
70100.00000000009 1.888765228876064e-07
70150.00000000009 2.163693633179538e-07
70200.00000000009 1.6367227259505435e-07
70250.00000000009 1.9815663242821696e-07
70300.00000000009 2.481757553983945e-07
70350.00000000009 1.9813808685842156e-07
70400.00000000009 1.712707978927083e-07
70450.00000000009 9.56729070254851e-08
70500.00000000009 1.4247405113474537e-07
70550.00000000009 1.4724030787298838e-07
70600.00000000009 1.6450981094414338e-07
70650.00000000009 2.1885020779798928e-07
70700.00000000009 2.0453252604995133e-07
70750.00000000009 2.511050622789292e-07
70800.00000000009 1.7539594256372334e-07
70850.00000000009 1.627354623738451e-07
70900.00000000009 1.6691398116774648e-07
70950.00000000009 2.267516485757823e-07
71000.00000000009 2.0316741160143362e-07
71050.00000000009 2.134025085563746e-07
71100.00000000009 1.9469875356630695e-07
71150.00000000009 1.8182688333621525e-07
71200.00000000009 1.613304629506825e-07
71250.00000000009 1.8602215581962455e-07
71300.00000000009 2.1930144927904177e-07
71350.00000000009 2.0843044179289707e-07
71400.00000000009 2.0524953266842267e-07
71450.00000000009 1.3232970275743396e-07
71500.00000000009 1.6416473655921024e-07
71550.00000000009 1.6451158213584265e-07
71600.00000000009 2.0001469990464903e-07
71650.00000000009 1.6969178815367494e-07
71700.00000000009 1.419100774958239e-07
71750.00000000009 1.7786395820215274e-07
71800.00000000009 2.137479069709115e-07
71850.00000000009 2.183501434014772e-07
71900.00000000009 1.51003205236908e-07
71950.00000000009 1.7571341290251145e-07
72000.00000000009 1.6625144310192352e-07
72050.00000000009 1.3204220500435866e-07
72100.00000000009 1.5498294141475535e-07
72150.00000000009 1.4897455653271435e-07
72200.00000000009 1.7431231306426016e-07
72250.00000000009 1.9812151615118442e-07
72300.00000000009 1.7668687968781062e-07
72350.00000000009 1.690856988215949e-07
72400.00000000009 1.585159413159704e-07
72450.00000000009 1.439350679761286e-07
72500.00000000009 1.6953267706148187e-07
72550.00000000009 1.0860246375077916e-07
72600.00000000009 1.209502157814308e-07
72650.00000000009 1.8582110130727783e-07
72700.00000000009 1.8002911468916813e-07
72750.00000000009 1.5877280584478042e-07
72800.00000000009 1.4633787361161762e-07
72850.00000000009 1.4869196113381806e-07
72900.00000000009 1.9709834341821808e-07
72950.00000000009 1.6602060741403514e-07
73000.00000000009 1.6772979082699057e-07
73050.00000000009 1.4293737322920074e-07
73100.00000000009 1.309132248825259e-07
73150.00000000009 2.1934858014521443e-07
73200.00000000009 1.4390414182316755e-07
73250.00000000009 1.6754920809361416e-07
73300.00000000009 1.583865062089569e-07
73350.00000000009 1.2880008111331164e-07
73400.00000000009 1.5987718329982277e-07
73450.00000000009 1.1247767842340007e-07
73500.00000000009 1.2010996276193883e-07
73550.00000000009 1.5882384649908914e-07
73600.00000000009 1.3130098350002884e-07
73650.00000000009 1.5758418503062114e-07
73700.00000000009 1.8277806178150548e-07
73750.00000000009 1.2117019482878654e-07
73800.00000000009 1.4652105155444108e-07
73850.00000000009 1.6320772479121095e-07
73900.00000000009 1.7059708323049854e-07
73950.00000000009 1.4041300184652058e-07
74000.00000000009 1.311521081186956e-07
74050.00000000009 2.1623524807850707e-07
74100.00000000009 1.4531539439803844e-07
74150.00000000009 1.601836518814287e-07
74200.00000000009 1.4020240560556256e-07
74250.00000000009 1.0075222615574673e-07
74300.00000000009 1.4976688813241606e-07
74350.00000000009 1.7619316245792785e-07
74400.00000000009 1.5844692540231718e-07
74450.00000000009 1.1046234122926389e-07
74500.00000000009 1.2015917045807258e-07
74550.00000000009 1.5010108424033013e-07
74600.00000000009 1.3745959402009577e-07
74650.00000000009 1.3342693250108713e-07
74700.00000000009 1.0981780545707095e-07
74750.00000000009 1.277056666375427e-07
74800.00000000009 1.3031110464621114e-07
74850.00000000009 1.1648140882158658e-07
74900.00000000009 1.9523148102580428e-07
74950.00000000009 1.772474274108965e-07
75000.00000000009 1.5536525611071514e-07
75050.00000000009 1.2317004518284806e-07
75100.00000000009 2.0046096934613899e-07
75150.00000000009 1.665709809767139e-07
75200.00000000009 1.8507741181880496e-07
75250.00000000009 1.9145345770552466e-07
75300.00000000009 1.9267494047378877e-07
75350.00000000009 1.1539518333359406e-07
75400.00000000009 1.8951961041344285e-07
75450.00000000009 1.6453587664006281e-07
75500.00000000009 1.5946799979601438e-07
75550.00000000009 1.8719810960464534e-07
75600.00000000009 2.299752044428262e-07
75650.00000000009 1.6592693364660107e-07
75700.00000000009 1.6672616549426418e-07
75750.00000000009 1.316130743984698e-07
75800.00000000009 1.7495252862821527e-07
75850.00000000009 1.9667908621107733e-07
75900.00000000009 1.7087682398592228e-07
75950.00000000009 1.4318284735468368e-07
76000.00000000009 1.698428128477235e-07
76050.00000000009 1.7393914312259565e-07
76100.00000000009 1.6633846339255872e-07
76150.00000000009 1.8048736622291832e-07
76200.00000000009 1.8179899741735663e-07
76250.00000000009 2.0727285795991808e-07
76300.00000000009 2.512230611544945e-07
76350.00000000009 2.765512381370209e-07
76400.00000000009 2.1927768697962808e-07
76450.00000000009 2.1123108716457963e-07
76500.00000000009 1.8184640898487625e-07
76550.00000000009 1.5824787120502505e-07
76600.00000000009 8.183968268269537e-08
76650.00000000009 9.834363594374628e-08
76700.00000000009 1.0425312666211088e-07
76750.00000000009 9.705386953724247e-08
76800.00000000009 1.4665536863081836e-07
76850.00000000009 7.930782391972451e-08
76900.00000000009 8.607541040521424e-08
76950.00000000009 1.2238260549922967e-07
77000.00000000009 1.2663333502332204e-07
77050.00000000009 1.0025223113423101e-07
77100.00000000009 1.0198756432630419e-07
77150.00000000009 1.3190364976457465e-07
77200.00000000009 1.2283571063650604e-07
77250.00000000009 1.3254087585674878e-07
77300.00000000009 1.2576909149538429e-07
77350.00000000009 8.790916919821549e-08
77400.00000000009 8.464677166791192e-08
77450.00000000009 9.917095028925946e-08
77500.00000000009 1.0912353198816143e-07
77550.00000000009 1.2298928251207123e-07
77600.00000000009 1.3154930141766767e-07
77650.00000000009 1.2930245651176787e-07
77700.00000000009 1.1082543636916684e-07
77750.00000000009 1.5180521034497232e-07
77800.00000000009 1.3740969376353078e-07
77850.00000000009 1.7584703973091395e-07
77900.00000000009 1.5196877419394254e-07
77950.00000000009 1.0864405887200406e-07
78000.00000000009 1.3437178094461877e-07
78050.00000000009 1.335936187780649e-07
78100.00000000009 1.0734712961740976e-07
78150.00000000009 1.605993245515446e-07
78200.00000000009 1.6640897484235238e-07
78250.00000000009 1.7499517443277606e-07
78300.00000000009 1.7084337062288808e-07
78350.00000000009 1.6264512210204892e-07
78400.00000000009 1.4011403921917445e-07
78450.00000000009 1.8831637197041497e-07
78500.00000000009 1.8916255404899266e-07
78550.00000000009 1.7937563883173457e-07
78600.00000000009 1.619006908448995e-07
78650.00000000009 9.213713348939493e-08
78700.00000000009 1.4142876154137263e-07
78750.00000000009 1.3533516550734804e-07
78800.00000000009 1.7330733525729412e-07
78850.00000000009 1.1384871229212503e-07
78900.00000000009 1.5668375698695042e-07
78950.00000000009 1.412709878444898e-07
79000.00000000009 1.5778650973409214e-07
79050.00000000009 1.4289791372824858e-07
79100.00000000009 1.491083160929797e-07
79150.00000000009 1.6949726749536293e-07
79200.00000000009 1.7987871373454592e-07
79250.00000000009 1.5490316531439172e-07
79300.00000000009 1.242266690455262e-07
79350.00000000009 1.7653353082199164e-07
79400.00000000009 1.4543181037615976e-07
79450.00000000009 1.7413045775481023e-07
79500.00000000009 2.2288803155845984e-07
79550.00000000009 1.8529508205788107e-07
79600.00000000009 1.2721386283230028e-07
79650.00000000009 1.568660464828694e-07
79700.00000000009 1.8511754042504966e-07
79750.00000000009 1.8925136856304778e-07
79800.00000000009 1.489389163632297e-07
79850.00000000009 1.5763339404891874e-07
79900.00000000009 2.398244033293495e-07
79950.00000000009 1.8472557223912163e-07
