# %ECSV 1.0
# ---
# datatype:
# - {name: wav, unit: Angstrom, datatype: float64}
# - {name: flux_nu, unit: erg / (cm2 Hz s), datatype: float64}
# schema: astropy-2.0
wav flux_nu
10000.000000000093 nan
10050.000000000093 1.6233599776248275e-07
10100.000000000093 1.8632683331672222e-07
10150.000000000093 1.9431367782972205e-07
10200.000000000093 2.103021038560044e-07
10250.000000000093 2.2480777733772431e-07
10300.000000000093 2.40453709419348e-07
10350.000000000093 2.6047587929160554e-07
10400.000000000093 2.7629159583233376e-07
10450.000000000093 2.8676485269309607e-07
10500.000000000093 2.9040993551038303e-07
10550.000000000093 2.948923506312244e-07
10600.000000000093 2.9754667073094497e-07
10650.000000000093 3.01497272853221e-07
10700.000000000093 3.0091960719591367e-07
10750.000000000093 3.012706139024152e-07
10800.000000000093 2.962559142048239e-07
10850.000000000093 2.832437889862216e-07
10900.000000000093 2.2558226531426992e-07
10950.000000000093 1.3684997061999525e-07
11000.000000000093 9.576478533744305e-08
11050.000000000093 6.138910931650598e-08
11100.000000000093 4.088412761506637e-08
11150.000000000093 2.7679341592597454e-08
11200.000000000093 2.993358453723816e-08
11250.000000000093 4.0882711094937134e-08
11300.000000000093 4.233144793330037e-08
11350.000000000093 2.0795131053290086e-08
11400.000000000093 5.048487088717021e-08
11450.000000000093 3.602707544955241e-08
11500.000000000093 4.087874780334921e-08
11550.000000000093 2.631801428829796e-08
11600.000000000093 2.5779706536686973e-08
11650.000000000093 3.618466993548654e-08
11700.000000000093 3.959897980456927e-08
11750.000000000093 3.016020493430464e-08
11800.000000000093 5.379051101038137e-08
11850.000000000093 7.387765230801619e-08
11900.000000000093 8.864178717830672e-08
11950.000000000093 1.1352137918623126e-07
12000.000000000093 1.3504306598119613e-07
12050.000000000093 1.5989983681730607e-07
12100.000000000093 1.8246079594863125e-07
12150.000000000093 2.088648445495096e-07
12200.000000000093 2.3298926267483125e-07
12250.000000000093 2.5912110723883947e-07
12300.000000000093 2.8820514650337625e-07
12350.000000000093 3.017628339825341e-07
12400.000000000093 3.359023605497971e-07
12450.000000000093 3.66402047748295e-07
12500.000000000093 3.8783252831834284e-07
12550.000000000093 4.06971445915626e-07
12600.000000000093 4.1069353624486033e-07
12650.000000000093 4.0741107135332385e-07
12700.000000000093 4.0649402776696433e-07
12750.000000000093 3.842848394629402e-07
12800.000000000093 3.7398486868383267e-07
12850.000000000093 3.2640459491181853e-07
12900.000000000093 2.991898282904898e-07
12950.000000000093 2.822278487835935e-07
13000.000000000093 2.8122272756021543e-07
13050.000000000093 2.5408417867174723e-07
13100.000000000093 2.49491347264567e-07
13150.000000000093 2.0619550738229169e-07
13200.000000000093 1.9410116782380891e-07
13250.000000000093 1.3930082979509956e-07
13300.000000000093 7.76697808924013e-08
13350.000000000093 2.649470261274018e-08
13400.000000000093 9.155399614509563e-09
13450.000000000093 5.252450582313933e-09
13500.000000000093 2.7969493051212833e-09
13550.000000000093 1.8177059070683353e-09
13600.000000000093 1.1814831351839595e-09
13650.000000000093 3.545950483873271e-09
13700.000000000093 2.585404313189709e-09
13750.000000000093 4.648283319451433e-09
13800.000000000093 5.908262295439211e-09
13850.000000000093 3.29955190288248e-09
13900.000000000093 3.3908298368177465e-09
13950.000000000093 3.3651739431013065e-09
14000.000000000093 3.5565201478403725e-09
14050.000000000093 4.6462944158550616e-09
14100.000000000093 3.4453402125218565e-09
14150.000000000093 5.207238945591612e-09
14200.000000000093 3.840881159975021e-09
14250.000000000093 4.330563999363117e-09
14300.000000000093 8.515634463696538e-09
14350.000000000093 7.752944174705912e-09
14400.000000000093 7.959385368954084e-09
14450.000000000093 1.0721358346404022e-08
14500.000000000093 1.884679144693864e-08
14550.000000000093 1.8756275713031055e-08
14600.000000000093 2.9596623154693537e-08
14650.000000000093 2.78719901262576e-08
14700.000000000093 1.984321273990937e-08
14750.000000000093 2.7001160129752933e-08
14800.000000000093 3.270278155240405e-08
14850.000000000093 3.522752675913539e-08
14900.000000000093 3.695714761079171e-08
14950.000000000093 4.556396975720669e-08
15000.000000000093 5.432209300540966e-08
15050.000000000093 6.318023115022938e-08
15100.000000000093 6.923205632155977e-08
15150.000000000093 7.362744634664042e-08
15200.000000000093 8.161376930025126e-08
15250.000000000093 1.0297318819818013e-07
15300.000000000093 1.1487127027143827e-07
15350.000000000093 1.3627821796910304e-07
15400.000000000093 1.5186481068384582e-07
15450.000000000093 1.6612319910933315e-07
15500.000000000093 1.7644063188984847e-07
15550.000000000093 1.9944766156993773e-07
15600.000000000093 2.1093104447984332e-07
15650.000000000093 2.2109133749992317e-07
15700.000000000093 2.4270996137922755e-07
15750.000000000093 2.5163324899218857e-07
15800.000000000093 2.515069426382123e-07
15850.000000000093 2.5775367738608734e-07
15900.000000000093 2.5204792031772996e-07
15950.000000000093 2.4013040409884663e-07
16000.000000000093 2.186428084958886e-07
16050.000000000093 1.828609632989764e-07
16100.000000000093 1.5220600453315856e-07
16150.000000000093 1.1754858847495574e-07
16200.000000000093 8.708195285659282e-08
16250.000000000093 8.126426596923034e-08
16300.000000000093 7.057302671590025e-08
16350.000000000093 7.629009203987138e-08
16400.000000000095 8.436704141553544e-08
16450.000000000095 8.960894769220013e-08
16500.000000000095 9.665679142439821e-08
16550.000000000095 9.356890965886193e-08
16600.000000000095 1.002007392907866e-07
16650.000000000095 6.782311356507162e-08
16700.000000000095 3.789506531725303e-08
16750.000000000095 5.844464434039319e-08
16800.000000000095 7.78712461111581e-08
16850.000000000095 7.597592276469342e-08
16900.000000000095 6.696053096116186e-08
16950.000000000095 6.034475014606923e-08
17000.000000000095 5.178427706214611e-08
17050.000000000095 6.560234115616994e-08
17100.000000000095 7.307694261207639e-08
17150.000000000095 6.357115842924547e-08
17200.000000000095 8.172815661114445e-08
17250.000000000095 6.798274861337931e-08
17300.000000000095 6.042464184121818e-08
17350.000000000095 5.648349167319905e-08
17400.000000000095 5.63682469724757e-08
17450.000000000095 5.676132728435771e-08
17500.000000000095 6.059363056976775e-08
17550.000000000095 5.0510289133214853e-08
17600.000000000095 4.489597567878289e-08
17650.000000000095 4.143018186570797e-08
17700.000000000095 3.2678037639888934e-08
17750.000000000095 2.663681849347619e-08
17800.000000000095 3.141912567729564e-08
17850.000000000095 2.074136680547884e-08
17900.000000000095 2.3667576296935103e-08
17950.000000000095 1.6216511084943126e-08
18000.000000000095 1.950854344986034e-08
18050.000000000095 1.4359686821466953e-08
18100.000000000095 1.497975584075641e-08
18150.000000000095 1.840491795152271e-08
18200.000000000095 1.1202652987640477e-08
18250.000000000095 2.574218552797809e-08
18300.000000000095 1.2479186734016938e-08
18350.000000000095 1.159361090560106e-08
18400.000000000095 9.613178634203396e-09
18450.000000000095 1.6074964541567593e-08
18500.000000000095 1.57643581356276e-08
18550.000000000095 1.1348702927772683e-08
18600.000000000095 1.0708367171379485e-08
18650.000000000095 8.540157371088466e-09
18700.000000000095 6.729648461426319e-09
18750.000000000095 1.0978813851705906e-08
18800.000000000095 2.4936897054734843e-08
18850.000000000095 2.6075717702434474e-08
18900.000000000095 2.2352147514929587e-08
18950.000000000095 3.925324316656985e-08
19000.000000000095 2.154977655145031e-08
19050.000000000095 1.498276115165885e-08
19100.000000000095 2.8427613226406008e-08
19150.000000000095 1.789266763663663e-08
19200.000000000095 2.476340328569739e-08
19250.000000000095 1.828818816279767e-08
19300.000000000095 1.5688537238516266e-08
19350.000000000095 1.5591328028123223e-08
19400.000000000095 1.0269399341899468e-08
19450.000000000095 1.942056488013767e-08
19500.000000000095 1.8872984053007707e-08
19550.000000000095 1.5299437576252992e-08
19600.000000000095 2.0081970288442377e-08
19650.000000000095 2.4950010708002284e-08
19700.000000000095 2.5418009677317723e-08
19750.000000000095 2.834500875129178e-08
19800.000000000095 3.1054227671260446e-08
19850.000000000095 4.102747983288056e-08
19900.000000000095 3.217581130934796e-08
19950.000000000095 4.809213960723766e-08
20000.000000000095 4.439421188608145e-08
20050.000000000095 4.956151297528142e-08
20100.000000000095 5.471275699123923e-08
20150.000000000095 5.2317808838567075e-08
20200.000000000095 5.7806235162935086e-08
20250.000000000095 6.727391766020151e-08
20300.000000000095 6.411609892775296e-08
20350.000000000095 7.30238480655838e-08
20400.000000000095 7.01994985930497e-08
20450.000000000095 8.111313697912118e-08
20500.000000000095 8.336516612542832e-08
20550.000000000095 8.317220462995805e-08
20600.000000000095 8.917178289700961e-08
20650.000000000095 8.88865376654865e-08
20700.000000000095 8.874224133175765e-08
20750.000000000095 9.191145337213712e-08
20800.000000000095 9.102984698997218e-08
20850.000000000095 9.253268480547475e-08
20900.000000000095 9.368755518606135e-08
20950.000000000095 9.154707120647876e-08
21000.000000000095 9.132411089404835e-08
21050.000000000095 8.950271948099578e-08
21100.000000000095 8.839221804742467e-08
21150.000000000095 8.832007427673195e-08
21200.000000000095 8.557098855941668e-08
21250.000000000095 8.447811016461732e-08
21300.000000000095 8.021482174542095e-08
21350.000000000095 7.912970512658356e-08
21400.000000000095 7.708194583777355e-08
21450.000000000095 7.203169874852856e-08
21500.000000000095 7.161070946560972e-08
21550.000000000095 6.92057907607469e-08
21600.000000000095 6.60843023589874e-08
21650.000000000095 6.200470118022421e-08
21700.000000000095 6.332455379437023e-08
21750.000000000095 5.896165065714204e-08
21800.000000000095 5.401626017426823e-08
21850.000000000095 4.883184545750833e-08
21900.000000000095 4.4503097924761666e-08
21950.000000000095 3.041490851552875e-08
22000.000000000095 1.5421375597308186e-08
22050.000000000095 1.3915582099035952e-08
22100.000000000095 2.4027518985204598e-08
22150.000000000095 2.597977740481561e-08
22200.000000000095 2.4770359953417345e-08
22250.000000000095 2.3645395108984068e-08
22300.000000000095 1.9898850707074577e-08
22350.000000000095 1.9586654522510333e-08
22400.000000000095 1.4776257910109355e-08
22450.000000000095 1.3718073631797868e-08
22500.000000000095 1.4642476696923594e-08
22550.000000000095 1.0325866774214785e-08
22600.000000000095 1.2130812679516935e-08
22650.000000000095 1.3776295479527192e-08
22700.000000000095 1.2239143415727682e-08
22750.000000000095 1.282026283375334e-08
22800.000000000095 1.2752318975106095e-08
22850.000000000095 1.0850981686202938e-08
22900.000000000095 9.833561370923397e-09
22950.000000000095 9.210290169108549e-09
23000.000000000095 9.487176498002358e-09
23050.000000000095 1.1890985963816982e-08
23100.000000000095 2.0926374232120785e-08
23150.000000000095 1.8872492172197483e-08
23200.000000000095 5.652056037508489e-09
23250.000000000095 8.04008869866189e-09
23300.000000000095 8.160942261493623e-09
23350.000000000095 6.796110968850076e-09
23400.000000000095 8.469746959976581e-09
23450.000000000095 7.530578686687408e-09
23500.000000000095 7.53073244045104e-09
23550.000000000095 1.0840106371050234e-08
23600.000000000095 1.2980460426547314e-08
23650.000000000095 1.4314399708287693e-08
23700.000000000095 6.656827746879836e-09
23750.000000000095 6.786343010014114e-09
23800.000000000095 1.132262124196253e-08
23850.000000000095 1.0234965024961337e-08
23900.000000000095 1.5776985593914133e-08
23950.000000000095 1.441774803591933e-08
24000.000000000095 2.0030469061954798e-08
24050.000000000095 2.034151902797812e-08
24100.000000000095 1.7484965556411433e-08
24150.000000000095 2.0893755196177343e-08
24200.000000000095 2.1695932647699767e-08
24250.000000000095 1.9048805334040163e-08
24300.000000000095 2.4176108761596283e-08
24350.000000000095 1.884972455689667e-08
24400.000000000095 2.927814808433337e-08
24450.000000000095 2.4192262397657514e-08
24500.000000000095 2.568922727883164e-08
24550.000000000095 2.817281539982191e-08
24600.000000000095 3.0961434563214303e-08
24650.000000000095 3.5282824874050634e-08
24700.000000000095 2.4972860457513173e-08
24750.000000000095 2.518126886840172e-08
24800.000000000095 2.4987307854530584e-08
24850.000000000095 3.702599525848042e-08
24900.000000000095 1.6245036837394694e-08
24950.000000000095 3.022834378897552e-08
25000.000000000095 2.7204949090659483e-08
25050.000000000095 1.677561983691368e-08
25100.000000000095 2.48051677902876e-08
25150.000000000095 1.4504098985971351e-08
25200.000000000095 2.0004439974293638e-08
25250.000000000095 1.1065942480140002e-08
25300.000000000095 1.5856156789752738e-08
25350.000000000095 8.515688531788466e-09
25400.000000000095 1.783070160903212e-08
25450.000000000095 9.481446369895909e-09
25500.000000000095 9.119876685273462e-09
25550.000000000095 1.332394918911333e-08
25600.000000000095 1.0824946522824005e-08
25650.000000000095 6.105609398656774e-09
25700.000000000095 1.2071151640999352e-08
25750.000000000095 5.312048264304821e-09
25800.000000000095 1.4389615620541163e-08
25850.000000000095 5.416716576380003e-09
25900.000000000095 8.910595248699049e-09
25950.000000000095 4.2136512136124905e-09
26000.000000000095 1.3727096808900201e-08
26050.000000000095 6.240037803796248e-09
26100.000000000095 1.4639953995769576e-08
26150.000000000095 1.0217359660462744e-08
26200.000000000095 1.1342365394153516e-08
26250.000000000095 2.337161143529867e-08
26300.000000000095 1.2657951109860199e-08
26350.000000000095 2.8471378197966766e-08
26400.000000000095 2.945044564603696e-08
26450.000000000095 2.534927211976838e-08
26500.000000000095 2.997653578367314e-08
26550.000000000095 1.4104367642528857e-08
26600.000000000095 1.6479736411987377e-08
26650.000000000095 6.649923305175291e-09
26700.000000000095 5.247092171993982e-09
26750.000000000095 4.748867600133516e-09
26800.000000000095 7.4484495096183496e-09
26850.000000000095 4.389209404186492e-09
26900.000000000095 1.1545992097131972e-08
26950.000000000095 5.558961059293119e-09
27000.000000000095 1.6770717746612196e-08
27050.000000000095 1.5472705722297602e-08
27100.000000000095 8.084181616911969e-09
27150.000000000095 2.1044124772926888e-08
27200.000000000095 8.42314600808291e-09
27250.000000000095 1.2173679069457536e-08
27300.000000000095 3.468707079013406e-08
27350.000000000095 2.1914144883745678e-08
27400.000000000095 4.586790351219746e-09
27450.000000000095 2.5176809269220366e-08
27500.000000000095 3.1333886962079653e-08
27550.000000000095 1.0044097711670107e-08
27600.000000000095 1.918285975513672e-08
27650.000000000095 8.67735402070813e-09
27700.000000000095 6.9941894371711645e-09
27750.000000000095 2.1259911494899892e-08
27800.000000000095 9.91333204044935e-09
27850.000000000095 1.1343939695386836e-08
27900.000000000095 1.535913199321082e-08
27950.000000000095 2.5131818927023276e-08
28000.000000000095 1.9192687547445392e-08
28050.000000000095 7.034231778862655e-09
28100.000000000095 2.6717144664495216e-08
28150.000000000095 1.758495030954155e-08
28200.000000000095 7.760885148935448e-09
28250.000000000095 2.9154340832224902e-08
28300.000000000095 3.547592008196462e-08
28350.000000000095 9.319416830600827e-09
28400.000000000095 2.329485764101876e-08
28450.000000000095 3.3258723058452415e-08
28500.000000000095 2.196595934641593e-08
28550.000000000095 8.780168217542463e-09
28600.000000000095 3.4059723040435556e-08
28650.000000000095 2.8425674601291588e-08
28700.000000000095 2.4318863398246897e-08
28750.000000000095 3.84191703224343e-08
28800.000000000095 3.443610768003278e-08
28850.000000000095 3.873449288414828e-08
28900.000000000095 1.924023877545967e-08
28950.000000000095 4.865929264367822e-08
29000.000000000095 3.5115160799603336e-08
29050.000000000095 4.030191537840377e-08
29100.000000000095 2.7402129073938367e-08
29150.000000000095 6.000340341777813e-08
29200.000000000095 3.546989347753348e-08
29250.000000000095 5.063421264322745e-08
29300.000000000095 3.059832921175742e-08
29350.000000000095 1.0400805295198794e-07
29400.000000000095 4.2822326557760134e-08
29450.000000000095 4.863071854219206e-08
29500.000000000095 6.146778684415901e-08
29550.000000000095 4.8264053928132376e-08
29600.000000000095 6.448624879441353e-08
29650.000000000095 6.10955197597222e-08
29700.000000000095 4.4964291833215036e-08
29750.000000000095 6.613965170618313e-08
29800.000000000095 6.758018358465396e-08
29850.000000000095 8.085346098021905e-08
29900.000000000095 8.514835791719601e-08
29950.000000000095 6.991511261864146e-08
30000.000000000095 3.806536233831327e-08
30050.000000000095 4.185002999732496e-08
30100.000000000095 6.0669708395031e-08
30150.000000000095 8.794198979268148e-08
30200.000000000095 6.234674576816568e-08
30250.000000000095 1.0719976691073692e-07
30300.000000000095 9.211396075019023e-08
30350.000000000095 7.826724486105719e-08
30400.000000000095 1.033152261035277e-07
30450.000000000095 7.063399719410578e-08
30500.000000000095 7.230249316354563e-08
30550.000000000095 6.997246904393952e-08
30600.000000000095 1.0065281735287905e-07
30650.000000000095 8.11401259093373e-08
30700.000000000095 6.85096340357608e-08
30750.000000000095 7.095672311283558e-08
30800.000000000095 6.202422592473218e-08
30850.000000000095 6.267392628945544e-08
30900.000000000095 6.198616722671258e-08
30950.000000000095 3.9038888420430766e-08
31000.000000000095 4.9620831555943795e-08
31050.000000000095 5.55940417019026e-08
31100.000000000095 3.841481744088352e-08
31150.000000000095 4.482679197582511e-08
31200.000000000095 5.690647208534919e-08
31250.000000000095 3.7641155555229845e-08
31300.000000000095 3.6903519384170264e-08
31350.000000000095 3.688846427994031e-08
31400.000000000095 2.6175981463863256e-08
31450.000000000095 3.511486277767148e-08
31500.000000000095 2.322572589558913e-08
31550.000000000095 2.793435470868973e-08
31600.000000000095 2.0852637350163177e-08
31650.000000000095 1.8872726925093487e-08
31700.000000000095 2.430478890640386e-08
31750.000000000095 1.423290908851049e-08
31800.000000000095 2.2427166391903678e-08
31850.000000000095 1.390666334335944e-08
31900.000000000095 1.9113672014374036e-08
31950.000000000095 1.4501156451707989e-08
32000.000000000095 1.5766131978670353e-08
32050.000000000095 1.418641529474489e-08
32100.000000000095 1.2021093249186752e-08
32150.000000000095 1.6801736676244532e-08
32200.000000000095 1.0910742042679467e-08
32250.000000000095 1.979017667806106e-08
32300.000000000095 9.546631658034951e-09
32350.000000000095 2.3092437719012725e-08
32400.000000000095 1.2323872601983317e-08
32450.000000000095 2.034661361196308e-08
32500.000000000095 1.5044400886729372e-08
32550.000000000095 1.9545544679427053e-08
32600.000000000095 2.0210425330319397e-08
32650.000000000095 2.5978364028256317e-08
32700.000000000095 2.2573983611900332e-08
32750.000000000095 3.29600863991486e-08
32800.000000000095 3.015701773716594e-08
32850.000000000095 3.976611317578558e-08
32900.000000000095 4.154572663098764e-08
32950.000000000095 4.341447309185743e-08
33000.000000000095 3.3693564914981325e-08
33050.000000000095 3.5280376829879124e-08
33100.000000000095 1.7634332469146196e-08
33150.000000000095 1.5372468637797093e-09
33200.000000000095 2.541135939604157e-09
33250.000000000095 1.9354274003256778e-09
33300.000000000095 3.1014128766681818e-09
33350.000000000095 6.892131063725039e-09
33400.000000000095 1.1598959623114888e-08
33450.000000000095 1.3952230141732635e-08
33500.000000000095 2.4315338422557617e-08
33550.000000000095 1.8307404807640515e-08
33600.000000000095 2.8670307272480755e-08
33650.000000000095 2.8860624793241335e-08
33700.000000000095 2.1337988282151378e-08
33750.000000000095 3.580908150614317e-08
33800.000000000095 1.5941133766358425e-08
33850.000000000095 2.6240509066913696e-08
33900.000000000095 2.4393988661761668e-08
33950.000000000095 2.642609167024177e-08
34000.000000000095 3.229506840098818e-08
34050.000000000095 1.272876569083333e-08
34100.000000000095 2.8609729254752933e-08
34150.000000000095 1.707264529912403e-08
34200.000000000095 2.5764668014691673e-08
34250.000000000095 2.345021796521855e-08
34300.000000000095 1.7807866395126166e-08
34350.000000000095 2.980251305561093e-08
34400.000000000095 1.7991956455063907e-08
34450.000000000095 3.170363934213488e-08
34500.000000000095 2.4047082728156538e-08
34550.000000000095 1.643430333454375e-08
34600.000000000095 3.485138795374883e-08
34650.000000000095 1.630035116220977e-08
34700.000000000095 2.4885270340032063e-08
34750.000000000095 2.534282261874827e-08
34800.000000000095 1.4600709137551389e-08
34850.000000000095 3.2077364484301166e-08
34900.000000000095 2.700521231987162e-08
34950.000000000095 2.8875102091834556e-08
35000.000000000095 4.0369334677539745e-08
35050.000000000095 2.5741752485069944e-08
35100.000000000095 4.353132944845337e-08
35150.000000000095 3.796271073808791e-08
35200.000000000095 4.2219141518844775e-08
35250.000000000095 5.489028380107453e-08
35300.000000000095 2.9624126956743842e-08
35350.000000000095 4.618069933232105e-08
35400.000000000095 4.554353420039459e-08
35450.000000000095 3.7022664399893624e-08
35500.000000000095 6.783159387083242e-08
35550.000000000095 5.134830053258991e-08
35600.000000000095 5.833415176435383e-08
35650.000000000095 6.440563838452254e-08
35700.000000000095 4.3326600034790554e-08
35750.000000000095 7.697237591993955e-08
35800.000000000095 6.752456116544629e-08
35850.000000000095 4.816278879695536e-08
35900.000000000095 7.431335384417413e-08
35950.000000000095 7.619775126268841e-08
36000.000000000095 6.25968294619767e-08
36050.000000000095 7.676219881492348e-08
36100.000000000095 6.664608257649521e-08
36150.000000000095 8.966351128626888e-08
36200.000000000095 9.208972127874157e-08
36250.000000000095 8.792153412267478e-08
36300.000000000095 1.0652942410523417e-07
36350.000000000095 1.0198980619838502e-07
36400.000000000095 1.2384098409275172e-07
36450.000000000095 1.1597065921701606e-07
36500.000000000095 1.1237879058404472e-07
36550.000000000095 1.4691101968976206e-07
36600.000000000095 1.6258053475563258e-07
36650.000000000095 1.498994928142177e-07
36700.000000000095 1.4838183415808622e-07
36750.000000000095 1.7501323185879773e-07
36800.000000000095 1.6698753971469523e-07
36850.000000000095 1.4722705122084478e-07
36900.000000000095 1.5794452746008633e-07
36950.000000000095 1.8323588828596574e-07
37000.000000000095 1.6298392088858362e-07
37050.000000000095 1.8768528964970587e-07
37100.000000000095 1.734472841886239e-07
37150.000000000095 1.9169000000196908e-07
37200.000000000095 2.1374358474414183e-07
37250.000000000095 1.7234405818286237e-07
37300.000000000095 1.6890133765062903e-07
37350.000000000095 2.118326937126891e-07
37400.000000000095 2.5431828317348196e-07
37450.000000000095 1.9583130485588705e-07
37500.000000000095 1.9032351956984772e-07
37550.000000000095 2.7124302569480064e-07
37600.000000000095 2.9300998982674123e-07
37650.000000000095 2.03036885139201e-07
37700.000000000095 2.620766030412484e-07
37750.000000000095 2.008483489433529e-07
37800.000000000095 2.430361074070802e-07
37850.000000000095 1.8184927216864263e-07
37900.000000000095 2.2157057070122511e-07
37950.000000000095 2.557244238938729e-07
38000.000000000095 2.8662780727975694e-07
38050.000000000095 2.582966706264578e-07
38100.000000000095 2.9948504623581283e-07
38150.000000000095 2.962064269275937e-07
38200.000000000095 2.935120370579001e-07
38250.000000000095 2.937198365611782e-07
38300.000000000095 3.642379488968505e-07
38350.000000000095 3.594747305279423e-07
38400.000000000095 2.626953944334347e-07
38450.000000000095 2.782375231516022e-07
38500.000000000095 2.368681699767212e-07
38550.000000000095 3.0177640793162934e-07
38600.000000000095 3.07801104655182e-07
38650.000000000095 3.4574342276989884e-07
38700.000000000095 3.605797601606207e-07
38750.000000000095 3.525533225935642e-07
38800.000000000095 3.1232522235287316e-07
38850.000000000095 3.691533962966904e-07
38900.000000000095 3.8308445534660453e-07
38950.000000000095 3.3539384092546777e-07
39000.000000000095 3.921230886860288e-07
39050.000000000095 3.5575621192119605e-07
39100.000000000095 3.572598716527999e-07
39150.000000000095 3.849712325406049e-07
39200.000000000095 3.632059201600474e-07
39250.000000000095 4.1556846008628495e-07
39300.000000000095 3.9357030286276487e-07
39350.000000000095 4.516930285155827e-07
39400.000000000095 4.183251600553414e-07
39450.000000000095 4.3356805193648323e-07
39500.000000000095 4.3717240895677924e-07
39550.000000000095 4.123746278989237e-07
39600.000000000095 4.236383454862365e-07
39650.000000000095 5.007613914705795e-07
39700.000000000095 4.5010581957438487e-07
39750.000000000095 3.701970406619426e-07
39800.000000000095 4.2304655266225674e-07
39850.000000000095 5.017661425606251e-07
39900.000000000095 5.030207658171173e-07
39950.000000000095 4.5969869354291645e-07
40000.000000000095 5.160046250258873e-07
40050.000000000095 5.04311700358577e-07
40100.000000000095 3.977117372107092e-07
40150.000000000095 5.24342078649894e-07
40200.000000000095 5.379163737333192e-07
40250.000000000095 5.147585152391338e-07
40300.000000000095 5.308975055508345e-07
40350.000000000095 4.4199105528052717e-07
40400.000000000095 5.370581320426845e-07
40450.000000000095 4.785676339058739e-07
40500.000000000095 5.197829718835961e-07
40550.000000000095 5.446254174811323e-07
40600.000000000095 5.204703999927296e-07
40650.000000000095 5.224363137801331e-07
40700.000000000095 6.379928673501799e-07
40750.000000000095 5.270476266192134e-07
40800.000000000095 4.637951183476785e-07
40850.000000000095 5.9897733953571e-07
40900.000000000095 5.944855684382654e-07
40950.000000000095 5.036616892669208e-07
41000.000000000095 5.460124756689204e-07
41050.000000000095 5.875640012060623e-07
41100.000000000095 5.274955957864068e-07
41150.000000000095 4.5386504675953286e-07
41200.000000000095 5.949228976428757e-07
41250.000000000095 5.622669647063116e-07
41300.000000000095 4.821345936671213e-07
41350.000000000095 6.100693857739959e-07
41400.000000000095 5.494023842247607e-07
41450.000000000095 5.817252633097519e-07
41500.000000000095 5.13248065782881e-07
41550.000000000095 4.6562411676722027e-07
41600.000000000095 5.257148208951396e-07
41650.000000000095 5.543116294339612e-07
41700.000000000095 5.025450851930057e-07
41750.000000000095 4.925271061223766e-07
41800.000000000095 5.986403032078209e-07
41850.000000000095 3.910827388062283e-07
41900.000000000095 4.5288468139656786e-07
41950.000000000095 5.323657452774695e-07
42000.000000000095 5.441504919080099e-07
42050.000000000095 4.521280872066393e-07
42100.000000000095 5.572828294262254e-07
42150.000000000095 4.022315783350496e-07
42200.000000000095 4.2526786197017176e-07
42250.000000000095 4.404232906335457e-07
42300.000000000095 4.23544445040181e-07
42350.000000000095 4.6920719633180954e-07
42400.000000000095 4.6377974426648034e-07
42450.000000000095 3.980156706831538e-07
42500.000000000095 4.0965138802990346e-07
42550.000000000095 3.8937906734375796e-07
42600.000000000095 4.5178698125024165e-07
42650.000000000095 5.444113840124265e-07
42700.000000000095 4.0305028886665906e-07
42750.000000000095 3.653732359985302e-07
42800.000000000095 3.9330273221446013e-07
42850.000000000095 4.570295106310751e-07
42900.000000000095 4.780051005183227e-07
42950.000000000095 3.6255129340872485e-07
43000.000000000095 4.6713798344941877e-07
43050.000000000095 2.6706243250034013e-07
43100.000000000095 4.0934041362092894e-07
43150.000000000095 3.975454609689905e-07
43200.000000000095 4.1134541165026763e-07
43250.000000000095 5.289338807452017e-07
43300.000000000095 5.211653645326701e-07
43350.000000000095 3.152116123158526e-07
43400.000000000095 4.206460258320953e-07
43450.000000000095 3.337111559407759e-07
43500.000000000095 3.7001576014839525e-07
43550.000000000095 3.4675055753970537e-07
43600.000000000095 4.325867641484376e-07
43650.000000000095 2.7112121159508777e-07
43700.000000000095 4.34111024417218e-07
43750.000000000095 4.2288059138380896e-07
43800.000000000095 3.472438245554924e-07
43850.000000000095 3.310377351571115e-07
43900.000000000095 3.1412812156340813e-07
43950.000000000095 2.6021939817704267e-07
44000.000000000095 1.9170478392509295e-07
44050.000000000095 2.778144786420058e-07
44100.000000000095 3.0455227270426395e-07
44150.000000000095 2.8862588203297515e-07
44200.000000000095 2.591382192026148e-07
44250.000000000095 2.1580507406278605e-07
44300.000000000095 1.955275993737461e-07
44350.000000000095 1.7947652287296012e-07
44400.000000000095 1.7790165514865234e-07
44450.000000000095 1.868691355016365e-07
44500.000000000095 1.5547181753062514e-07
44550.000000000095 1.6953338646336136e-07
44600.000000000095 1.3616196348519235e-07
44650.000000000095 1.5522149196276914e-07
44700.000000000095 1.4063737131441388e-07
44750.000000000095 1.4629824357275194e-07
44800.000000000095 1.3213491625824478e-07
44850.000000000095 1.2631449097652333e-07
44900.000000000095 1.0555490848152794e-07
44950.000000000095 9.893603499239657e-08
45000.000000000095 1.025328061782032e-07
45050.000000000095 1.0755094087402492e-07
45100.000000000095 1.0646224808917218e-07
45150.000000000095 9.132327523472782e-08
45200.000000000095 6.982660153202173e-08
45250.000000000095 7.614791591925524e-08
45300.000000000095 9.069779231671814e-08
45350.000000000095 8.597167930448981e-08
45400.000000000095 7.167007182737962e-08
45450.000000000095 6.738469849389106e-08
45500.000000000095 7.659719262928436e-08
45550.000000000095 8.722578636254067e-08
45600.000000000095 6.527285827065947e-08
45650.000000000095 6.386913839628571e-08
45700.000000000095 8.469019534759496e-08
45750.000000000095 6.897575890841873e-08
45800.000000000095 5.778089123077895e-08
45850.000000000095 8.868752936756838e-08
45900.000000000095 8.670810612102405e-08
45950.000000000095 5.924100441357582e-08
46000.000000000095 8.367902028207718e-08
46050.000000000095 9.125007748589696e-08
46100.000000000095 6.059287221979803e-08
46150.000000000095 8.958640929987118e-08
46200.000000000095 8.70714395367987e-08
46250.000000000095 4.895616352048727e-08
46300.000000000095 1.0518501374998582e-07
46350.000000000095 7.507208767595042e-08
46400.000000000095 8.830040449708844e-08
46450.000000000095 1.2124109612338742e-07
46500.000000000095 8.614372680075266e-08
46550.000000000095 1.300848057560997e-07
46600.000000000095 1.2131621960154856e-07
46650.000000000095 2.0698926431501947e-07
46700.000000000095 1.6084523430228574e-07
46750.000000000095 1.0750821879153798e-07
46800.000000000095 8.630528161571118e-08
46850.000000000095 1.205428101795904e-07
46900.000000000095 1.0316891488193957e-07
46950.000000000095 1.527360384437584e-07
47000.000000000095 7.764316954136392e-08
47050.000000000095 1.4767360809003114e-07
47100.000000000095 6.915312785901962e-08
47150.000000000095 9.819419362626631e-08
47200.000000000095 1.0602330454600706e-07
47250.000000000095 7.557075300284861e-08
47300.000000000095 9.19393105641244e-08
47350.000000000095 6.714995845441106e-08
47400.000000000095 1.249522284015662e-07
47450.000000000095 6.554870763479505e-08
47500.000000000095 1.3399895633109592e-07
47550.000000000095 6.921611519959512e-08
47600.000000000095 1.2584711289025011e-07
47650.000000000095 7.155100973616971e-08
47700.000000000095 1.1865716399867237e-07
47750.000000000095 6.492628297658702e-08
47800.000000000095 1.1391437656670212e-07
47850.000000000095 5.855255499254957e-08
47900.000000000095 9.834055702067929e-08
47950.000000000095 8.083737821255494e-08
48000.000000000095 1.4072392551746903e-07
48050.000000000095 9.182653336637284e-08
48100.000000000095 1.2362713999397006e-07
48150.000000000095 9.188913863728629e-08
48200.000000000095 1.367480605550837e-07
48250.000000000095 9.648158687937346e-08
48300.000000000095 1.6570933386029008e-07
48350.000000000095 9.352430944953643e-08
48400.000000000095 1.0989848059950216e-07
48450.000000000095 8.506701984474461e-08
48500.000000000095 1.6073315901285985e-07
48550.000000000095 8.561124098299137e-08
48600.000000000095 1.5806808576950373e-07
48650.000000000095 8.917361778459793e-08
48700.000000000095 1.7408338418333017e-07
48750.000000000095 9.64933207201509e-08
48800.000000000095 1.71778560764593e-07
48850.000000000095 1.129348670597682e-07
48900.000000000095 1.6446561387007493e-07
48950.000000000095 1.4949964688871313e-07
49000.000000000095 1.2586570672226422e-07
49050.000000000095 1.7084145971891375e-07
49100.000000000095 1.244033580653473e-07
49150.000000000095 1.9395786642378624e-07
49200.000000000095 1.2409331861031465e-07
49250.000000000095 1.9819260221803075e-07
49300.000000000095 1.3778976020081946e-07
49350.000000000095 1.4986313638510172e-07
49400.000000000095 1.7441259040345006e-07
49450.000000000095 1.610678155050518e-07
49500.000000000095 1.5157678507923604e-07
49550.000000000095 7.967995082527808e-08
49600.000000000095 1.514159341554754e-07
49650.000000000095 1.5348902240630856e-07
49700.000000000095 1.5272348194751012e-07
49750.000000000095 2.3225418812442493e-07
49800.000000000095 1.3701550708409155e-07
49850.000000000095 2.5413914558066194e-07
49900.000000000095 1.8904303252480837e-07
49950.000000000095 2.093188971065497e-07
50000.000000000095 2.2241247118621287e-07
50050.000000000095 2.0629600018927182e-07
50100.000000000095 2.4763130375723143e-07
50150.000000000095 1.3250985387392157e-07
50200.000000000095 7.927465249566409e-08
50250.000000000095 1.953136910343394e-07
50300.000000000095 1.4674476680018504e-07
50350.000000000095 2.395632493514502e-07
50400.000000000095 1.9275807547037224e-07
50450.000000000095 1.876198143325931e-07
50500.000000000095 2.709751435039815e-07
50550.000000000095 2.2440083305739636e-07
50600.000000000095 2.1183341214482612e-07
50650.000000000095 2.1115441304292678e-07
50700.000000000095 3.121859965681304e-07
50750.000000000095 2.512882709687179e-07
50800.000000000095 1.295550992272281e-07
50850.000000000095 1.206160966138264e-07
50900.000000000095 2.639535420941302e-07
50950.000000000095 2.6059576668844523e-07
51000.000000000095 2.4272801333910715e-07
51050.000000000095 2.3479337374066462e-07
51100.000000000095 1.3393027374545283e-07
51150.000000000095 1.7178072313840243e-07
51200.000000000095 2.909114103319405e-07
51250.000000000095 2.3517648409201371e-07
51300.000000000095 1.7093565796726148e-07
51350.000000000095 2.0579515746036824e-07
51400.000000000095 1.3055606619727805e-07
51450.000000000095 1.1328190743614386e-07
51500.000000000095 1.0008494207579966e-07
51550.000000000095 2.092868287271277e-07
51600.000000000095 1.5980810394690202e-07
51650.000000000095 1.9927194567349747e-07
51700.000000000095 2.152326365064622e-07
51750.000000000095 1.4361095172277137e-07
51800.000000000095 2.698160826927093e-07
51850.000000000095 2.2380750096578408e-07
51900.000000000095 2.8990705844558354e-07
51950.000000000095 2.169697375279765e-07
52000.000000000095 6.857003642379471e-08
52050.000000000095 1.454644162890214e-07
52100.000000000095 1.2159625997960214e-07
52150.000000000095 9.390048421529118e-08
52200.000000000095 1.2115460388096315e-07
52250.000000000095 1.684652650204469e-07
52300.000000000095 2.755997311523681e-07
52350.000000000095 1.445319716492073e-07
52400.000000000095 1.2882704748973418e-07
52450.000000000095 2.3061244054098018e-07
52500.000000000095 2.146047137674408e-07
52550.000000000095 2.0961758408756946e-07
52600.000000000095 1.789083642589178e-07
52650.000000000095 1.892407390174717e-07
52700.000000000095 1.4825497550941632e-07
52750.000000000095 1.0903158744440579e-07
52800.000000000095 1.280769777865182e-07
52850.000000000095 1.5000057201119156e-07
52900.000000000095 1.1426396158302325e-07
52950.000000000095 1.3612178879511155e-07
53000.000000000095 2.2350602814348308e-07
53050.000000000095 9.521020480136251e-08
53100.000000000095 2.2430906816109983e-07
53150.000000000095 2.5955744662111404e-07
53200.000000000095 1.159883215116922e-07
53250.000000000095 2.2601340004511022e-07
53300.000000000095 2.503917817035888e-07
53350.000000000095 2.413405020629523e-07
53400.000000000095 2.1861441036486744e-07
53450.000000000095 9.601281337644469e-08
53500.000000000095 5.444051725439528e-08
53550.000000000095 8.74147296098573e-08
53600.000000000095 1.5732008716111412e-07
53650.000000000095 1.2774083310719626e-07
53700.000000000095 1.1799317970204303e-07
53750.000000000095 1.1351375590966884e-07
53800.000000000095 1.2002205044793965e-07
53850.000000000095 1.6379145566627908e-07
53900.000000000095 1.7825745293805617e-07
53950.000000000095 2.2226637069918637e-07
54000.000000000095 1.5040814145156747e-07
54050.000000000095 1.520389036661762e-07
54100.000000000095 6.589205982038491e-08
54150.000000000095 9.846121860740895e-08
54200.000000000095 4.488503115010428e-08
54250.000000000095 6.372858830075031e-08
54300.000000000095 1.0803815737951171e-07
54350.000000000095 1.4595961669406777e-07
54400.000000000095 1.4122774097928696e-07
54450.000000000095 1.2927752270160794e-07
54500.000000000095 1.1435009854484598e-07
54550.000000000095 9.541057315235884e-08
54600.000000000095 1.1584096069063312e-07
54650.000000000095 5.378459866173207e-08
54700.000000000095 1.3830601130420075e-07
54750.000000000095 1.265661350905561e-07
54800.000000000095 8.499070979323704e-08
54850.000000000095 1.0483768383701503e-07
54900.000000000095 1.5056856879867951e-07
54950.000000000095 2.0302210189045148e-07
55000.000000000095 8.756235935295379e-08
55050.000000000095 1.2516398471344846e-07
55100.000000000095 1.3014338790929845e-07
55150.000000000095 9.721469411164208e-08
55200.000000000095 9.131697374937756e-08
55250.000000000095 1.0774161592710504e-07
55300.000000000095 7.497107136069483e-08
55350.000000000095 1.3032268371008168e-07
55400.000000000095 1.5568332945538408e-07
55450.000000000095 1.0514997865371512e-07
55500.000000000095 5.519053039631741e-08
55550.000000000095 7.371120783090445e-08
55600.000000000095 8.038575400565814e-08
55650.000000000095 6.975020224969673e-08
55700.000000000095 8.52016703821415e-08
55750.000000000095 9.281844118419454e-08
55800.000000000095 6.076036961261818e-08
55850.000000000095 6.041855568645153e-08
55900.000000000095 1.1743485097973395e-07
55950.000000000095 1.5808508747401345e-07
56000.000000000095 7.175775385117707e-08
56050.000000000095 9.406967830315062e-08
56100.000000000095 1.1552654855570651e-07
56150.000000000095 7.887317595221614e-08
56200.000000000095 9.145935511433201e-08
56250.000000000095 1.1800846379189885e-07
56300.000000000095 1.0543532581492289e-07
56350.000000000095 9.617421991672099e-08
56400.000000000095 5.7907821049339395e-08
56450.000000000095 5.2653753268856966e-08
56500.000000000095 9.004317947456433e-08
56550.000000000095 4.960308793040473e-08
56600.000000000095 1.149390752744159e-07
56650.000000000095 1.1399102507731357e-07
56700.000000000095 1.198329971737139e-07
56750.000000000095 5.726780794656087e-08
56800.000000000095 9.972399912071122e-08
56850.000000000095 9.127747407505877e-08
56900.000000000095 6.95332985379156e-08
56950.000000000095 1.1373682171694419e-07
57000.000000000095 1.322960802292787e-07
57050.000000000095 7.876286692918246e-08
57100.000000000095 3.848926183313466e-08
57150.000000000095 6.323779419980178e-08
57200.000000000095 4.973847198561108e-08
57250.000000000095 7.017033055932482e-08
57300.000000000095 9.251709756053679e-08
57350.000000000095 5.580438865309395e-08
57400.000000000095 1.0826537263592541e-07
57450.000000000095 8.361391377466888e-08
57500.000000000095 7.337913415799814e-08
57550.000000000095 9.843673704681254e-08
57600.000000000095 9.805569881014872e-08
57650.000000000095 3.761036651700695e-08
57700.000000000095 5.224003577009901e-08
57750.000000000095 6.694070333470468e-08
57800.000000000095 3.030769347973711e-08
57850.000000000095 1.400709574289245e-07
57900.000000000095 1.6354645514309304e-07
57950.000000000095 1.5578901692017241e-07
58000.000000000095 7.339103178197612e-08
58050.000000000095 1.0142383921140081e-07
58100.000000000095 1.1748086583978293e-07
58150.000000000095 8.583770431138005e-08
58200.000000000095 4.042976326812385e-08
58250.000000000095 5.334332151984223e-08
58300.000000000095 5.0148895541229004e-08
58350.000000000095 5.8669198055032794e-08
58400.000000000095 9.260075809913687e-08
58450.000000000095 1.0505267967444075e-07
58500.000000000095 9.808630143374626e-08
58550.000000000095 1.0473297189527964e-07
58600.000000000095 5.710237402926029e-08
58650.000000000095 7.030293364534724e-08
58700.000000000095 7.84580133171859e-08
58750.000000000095 8.566228022137772e-08
58800.000000000095 3.2452305535342134e-08
58850.000000000095 6.536079577673104e-08
58900.000000000095 8.524505504134006e-08
58950.000000000095 4.8385862754076504e-08
59000.000000000095 8.746904651899251e-08
59050.000000000095 1.0424251451765251e-07
59100.000000000095 1.178813892360805e-07
59150.000000000095 8.893900091243261e-08
59200.000000000095 9.060443969694188e-08
59250.000000000095 9.604333493058501e-08
59300.000000000095 9.02317867204947e-08
59350.000000000095 3.816479596071022e-08
59400.000000000095 3.335762540864068e-08
59450.000000000095 8.532428145146912e-08
59500.000000000095 4.907529145207862e-08
59550.000000000095 1.018956377657283e-07
59600.000000000095 1.1917740913390345e-07
59650.000000000095 7.803506800988972e-08
59700.000000000095 5.592780613914815e-08
59750.000000000095 1.38856015072138e-07
59800.000000000095 7.528796972794971e-08
59850.000000000095 1.0308762446063613e-07
59900.000000000095 4.721454901394299e-08
59950.000000000095 8.648463039865688e-08
60000.000000000095 1.5991911011935903e-07
60050.000000000095 1.3859735159882364e-07
60100.000000000095 1.2597716598235232e-07
60150.000000000095 7.730954006457887e-08
60200.000000000095 1.0239455123458404e-07
60250.000000000095 1.4068386521335074e-07
60300.000000000095 1.2799378260378245e-07
60350.000000000095 8.260094362412059e-08
60400.000000000095 1.027245784748681e-07
60450.000000000095 4.6043382483569945e-08
60500.000000000095 2.6943251136035876e-08
60550.000000000095 9.925487573928426e-08
60600.000000000095 1.0393983532237861e-07
60650.000000000095 8.013819260775568e-08
60700.000000000095 6.751737685535746e-08
60750.000000000095 4.543194970309805e-08
60800.000000000095 1.0710729777352351e-07
60850.000000000095 1.6700031097132755e-07
60900.000000000095 1.4789019815760807e-07
60950.000000000095 1.2295831889161798e-07
61000.000000000095 1.0955308651313867e-07
61050.000000000095 6.450599342174233e-08
61100.000000000095 8.415971815193473e-08
61150.000000000095 3.75873476264088e-08
61200.000000000095 1.232689316024056e-07
61250.000000000095 1.319127200936681e-07
61300.000000000095 1.1110529507785223e-07
61350.000000000095 1.5916100413030055e-07
61400.000000000095 8.624036228729994e-08
61450.000000000095 5.226633852473852e-08
61500.000000000095 6.002427999865657e-08
61550.000000000095 7.787554470588748e-08
61600.000000000095 5.2388270682198065e-08
61650.000000000095 8.01705951597123e-08
61700.000000000095 7.599239509069158e-08
61750.000000000095 8.869805394321293e-08
61800.000000000095 9.489641714531218e-08
61850.000000000095 5.4187907370982453e-08
61900.000000000095 1.363065515591153e-07
61950.000000000095 1.4599318699100426e-07
62000.000000000095 1.311143585747031e-07
62050.000000000095 1.358980447143643e-07
62100.000000000095 1.2032375182549008e-07
62150.000000000095 1.3473802019485725e-07
62200.000000000095 1.1932267220553254e-07
62250.000000000095 1.046828220390427e-07
62300.000000000095 1.7409930578810963e-07
62350.000000000095 1.506543367544325e-07
62400.000000000095 8.69500319081315e-08
62450.000000000095 1.0879922588189247e-07
62500.000000000095 1.6086035394329314e-07
62550.000000000095 1.7248647279716464e-07
62600.000000000095 1.6459655936635622e-07
62650.000000000095 1.3072053864425552e-07
62700.000000000095 1.2835017585828475e-07
62750.000000000095 1.6558943388649277e-07
62800.000000000095 1.028597144581219e-07
62850.000000000095 1.4448126838959445e-07
62900.000000000095 1.2339517432383692e-07
62950.000000000095 1.888829015431297e-07
63000.000000000095 1.4059031132257204e-07
63050.000000000095 2.1375028389130155e-07
63100.000000000095 2.0092899408956875e-07
63150.000000000095 1.3475281049297602e-07
63200.000000000095 1.5553609022443925e-07
63250.000000000095 1.6567904002398223e-07
63300.000000000095 1.5071211663872815e-07
63350.000000000095 1.4652954923470934e-07
63400.000000000095 7.945422359000108e-08
63450.000000000095 5.7614974934087515e-08
63500.000000000095 1.3588389903942727e-07
63550.000000000095 1.4632790570024638e-07
63600.000000000095 1.5268189257927482e-07
63650.000000000095 1.143952769588416e-07
63700.000000000095 6.36699903250741e-08
63750.000000000095 9.989816871518034e-08
63800.000000000095 1.4402867698933264e-07
63850.000000000095 1.2391170578100905e-07
63900.000000000095 7.306174254631006e-08
63950.000000000095 1.1779067259602654e-07
64000.000000000095 1.3953178665764e-07
64050.000000000095 8.859779451392577e-08
64100.000000000095 3.0817933136788125e-08
64150.000000000095 4.5268871739367266e-08
64200.000000000095 5.2618014098418664e-08
64250.000000000095 9.135888511614157e-08
64300.000000000095 7.266469437172345e-08
64350.000000000095 6.082577884248537e-08
64400.000000000095 1.1152484465765734e-07
64450.000000000095 1.1738829098714859e-07
64500.000000000095 5.91095132533582e-08
64550.000000000095 9.881370443693423e-08
64600.000000000095 6.35037447535249e-08
64650.000000000095 1.0004581154394852e-07
64700.000000000095 4.699607214523655e-08
64750.000000000095 6.054395449505895e-08
64800.000000000095 5.387350206621863e-08
64850.000000000095 4.6807718423990085e-08
64900.000000000095 5.3066812341425065e-08
64950.000000000095 4.781074471573056e-08
65000.000000000095 6.22617985604966e-08
65050.000000000095 7.585679321005367e-08
65100.000000000095 9.33471736108811e-08
65150.000000000095 6.280641621151912e-08
65200.000000000095 4.4742700759606994e-08
65250.000000000095 7.746325412645314e-08
65300.000000000095 7.431847492515451e-08
65350.000000000095 1.4043508015360604e-07
65400.000000000095 6.793134722762892e-08
65450.000000000095 6.931270574016944e-08
65500.000000000095 8.17199427996323e-08
65550.00000000009 5.028506853323411e-08
65600.00000000009 7.460564986760604e-08
65650.00000000009 6.81168507297124e-08
65700.00000000009 6.425621824972818e-08
65750.00000000009 4.803819036325179e-08
65800.00000000009 7.438341499979927e-08
65850.00000000009 9.777719804503042e-08
65900.00000000009 4.6898836794259535e-08
65950.00000000009 4.806974256400932e-08
66000.00000000009 6.363822083890082e-08
66050.00000000009 1.1672104759252986e-07
66100.00000000009 7.11784998594053e-08
66150.00000000009 5.8943798239604534e-08
66200.00000000009 5.5893124494216033e-08
66250.00000000009 4.8629446366416085e-08
66300.00000000009 2.533045889792532e-08
66350.00000000009 3.2813792990754485e-08
66400.00000000009 4.9124091487736185e-08
66450.00000000009 8.774614483504525e-08
66500.00000000009 1.1753171924425791e-07
66550.00000000009 1.0533399113437302e-07
66600.00000000009 8.403532644634517e-08
66650.00000000009 7.644447603206638e-08
66700.00000000009 6.587456560727688e-08
66750.00000000009 5.977234156211931e-08
66800.00000000009 7.849831443675461e-08
66850.00000000009 5.326879239454036e-08
66900.00000000009 1.0238815885530352e-07
66950.00000000009 1.1985118077147295e-07
67000.00000000009 1.2605629062530147e-07
67050.00000000009 7.726374349434503e-08
67100.00000000009 6.0498549799151e-08
67150.00000000009 6.556686473256267e-08
67200.00000000009 8.371541262501148e-08
67250.00000000009 7.786881090216449e-08
67300.00000000009 9.553776218343115e-08
67350.00000000009 5.9130562642460926e-08
67400.00000000009 1.175785930850556e-07
67450.00000000009 8.32045056239538e-08
67500.00000000009 7.921537083222944e-08
67550.00000000009 1.0498275076531228e-07
67600.00000000009 1.7001624889164456e-07
67650.00000000009 1.2467358330632737e-07
67700.00000000009 9.173347738948747e-08
67750.00000000009 7.436675582720399e-08
67800.00000000009 1.0047626477350616e-07
67850.00000000009 5.766078366601319e-08
67900.00000000009 7.216260146902725e-08
67950.00000000009 5.245333775886426e-08
68000.00000000009 8.319149722220781e-08
68050.00000000009 1.0274750559187281e-07
68100.00000000009 1.2324617260885356e-07
68150.00000000009 1.020128587594196e-07
68200.00000000009 1.0285454465299856e-07
68250.00000000009 4.0503878314135176e-08
68300.00000000009 9.372306879108792e-08
68350.00000000009 6.707265445150629e-08
68400.00000000009 1.2934885847733381e-07
68450.00000000009 1.1802521255380346e-07
68500.00000000009 9.49104965642921e-08
68550.00000000009 5.8554329107198893e-08
68600.00000000009 6.258124049986382e-08
68650.00000000009 3.9046983633384686e-08
68700.00000000009 6.994298405800885e-08
68750.00000000009 9.184570367524778e-08
68800.00000000009 1.0207814526899056e-07
68850.00000000009 5.1214127184424333e-08
68900.00000000009 1.3658655842367158e-07
68950.00000000009 1.4650793971347152e-07
69000.00000000009 1.233002279736359e-07
69050.00000000009 7.203702019975128e-08
69100.00000000009 1.3560087276344507e-07
69150.00000000009 1.597599133146518e-07
69200.00000000009 1.0006395234756159e-07
69250.00000000009 1.5637070817301166e-07
69300.00000000009 1.1176472556021723e-07
69350.00000000009 1.4595032624577855e-07
69400.00000000009 7.217871904439269e-08
69450.00000000009 1.474661076201835e-07
69500.00000000009 8.202687537379897e-08
69550.00000000009 8.919905711854476e-08
69600.00000000009 3.358554596276822e-08
69650.00000000009 8.135471806972267e-08
69700.00000000009 1.3218776244270071e-07
69750.00000000009 9.400954586008219e-08
69800.00000000009 1.1999092697850713e-07
69850.00000000009 1.320636825462858e-07
69900.00000000009 1.0130013265663973e-07
69950.00000000009 9.845368369095943e-08
70000.00000000009 8.774949883570253e-08
70050.00000000009 1.4490797107979656e-07
70100.00000000009 1.0127001643082167e-07
70150.00000000009 1.096614659077314e-07
70200.00000000009 7.79124598246815e-08
70250.00000000009 1.0110617213012304e-07
70300.00000000009 1.4301249817883456e-07
70350.00000000009 1.0895948873325963e-07
70400.00000000009 7.859219981678555e-08
70450.00000000009 3.385728195659467e-08
70500.00000000009 6.499925564900772e-08
70550.00000000009 6.582056180276449e-08
70600.00000000009 7.183395423006407e-08
70650.00000000009 1.207366304069549e-07
70700.00000000009 1.1246053071644664e-07
70750.00000000009 1.486259440375647e-07
70800.00000000009 9.021032971576534e-08
70850.00000000009 8.393237915391511e-08
70900.00000000009 9.186891130486601e-08
70950.00000000009 1.2499542379077039e-07
71000.00000000009 1.1417908380436271e-07
71050.00000000009 1.1556415155845328e-07
71100.00000000009 1.0213737808367026e-07
71150.00000000009 8.703849889808011e-08
71200.00000000009 7.733835921790443e-08
71250.00000000009 9.645986814283985e-08
71300.00000000009 1.2137803504779099e-07
71350.00000000009 1.205842925503338e-07
71400.00000000009 1.1096417036889657e-07
71450.00000000009 6.145579357034843e-08
71500.00000000009 7.48256775134572e-08
71550.00000000009 7.895489717498465e-08
71600.00000000009 9.887580404841452e-08
71650.00000000009 7.720683624297967e-08
71700.00000000009 6.138879586595113e-08
71750.00000000009 9.011988711071594e-08
71800.00000000009 1.1406615801438905e-07
71850.00000000009 1.1377876762284995e-07
71900.00000000009 7.146699394876861e-08
71950.00000000009 9.016807376530242e-08
72000.00000000009 8.423103708554401e-08
72050.00000000009 5.9119662296101384e-08
72100.00000000009 7.089937463472273e-08
72150.00000000009 6.748612752745987e-08
72200.00000000009 8.988600447670276e-08
72250.00000000009 1.0866085932906635e-07
72300.00000000009 8.628608011535083e-08
72350.00000000009 8.797424972062906e-08
72400.00000000009 8.238700004971153e-08
72450.00000000009 6.918109982993478e-08
72500.00000000009 8.794345074030335e-08
72550.00000000009 4.7874873788903014e-08
72600.00000000009 6.429712320584112e-08
72650.00000000009 9.833230383547198e-08
72700.00000000009 8.441125121492305e-08
72750.00000000009 7.93371507289091e-08
72800.00000000009 6.346140567365192e-08
72850.00000000009 6.992561829583942e-08
72900.00000000009 1.0654545563671337e-07
72950.00000000009 8.076583952906241e-08
73000.00000000009 8.189468921746662e-08
73050.00000000009 6.014686648135869e-08
73100.00000000009 5.981518024737498e-08
73150.00000000009 1.1680974105176448e-07
73200.00000000009 6.37543415729819e-08
73250.00000000009 7.900608082933049e-08
73300.00000000009 7.170713114035789e-08
73350.00000000009 5.417939472692254e-08
73400.00000000009 7.640826910737989e-08
73450.00000000009 5.308730019723971e-08
73500.00000000009 5.0784178405661916e-08
73550.00000000009 7.745337008714074e-08
73600.00000000009 6.48653160234147e-08
73650.00000000009 7.616678472760598e-08
73700.00000000009 8.323920751365996e-08
73750.00000000009 4.681826603303041e-08
73800.00000000009 6.928413392370931e-08
73850.00000000009 8.193814882059875e-08
73900.00000000009 7.319269868283287e-08
73950.00000000009 6.515366796329309e-08
74000.00000000009 5.052564206980225e-08
74050.00000000009 1.0719599030779546e-07
74100.00000000009 7.045623262186603e-08
74150.00000000009 7.50770015747218e-08
74200.00000000009 6.4288080933508e-08
74250.00000000009 3.2397377395140314e-08
74300.00000000009 6.915044030098981e-08
74350.00000000009 9.156289462483712e-08
74400.00000000009 8.320718422600011e-08
74450.00000000009 4.801490707111825e-08
74500.00000000009 4.5524847326282603e-08
74550.00000000009 6.696733005048306e-08
74600.00000000009 6.398118706195168e-08
74650.00000000009 6.277222624062206e-08
74700.00000000009 4.830344483855832e-08
74750.00000000009 5.101941998242446e-08
74800.00000000009 5.820089114357096e-08
74850.00000000009 5.954442084011503e-08
74900.00000000009 9.304097266837771e-08
74950.00000000009 8.972017665476539e-08
75000.00000000009 6.41332679391601e-08
75050.00000000009 4.0451344531740483e-08
75100.00000000009 9.821163354036893e-08
75150.00000000009 8.400079902805192e-08
75200.00000000009 9.33444675796025e-08
75250.00000000009 1.0357229475267973e-07
75300.00000000009 9.655611822360718e-08
75350.00000000009 4.931398787228309e-08
75400.00000000009 1.0531228605718195e-07
75450.00000000009 8.589589739061163e-08
75500.00000000009 8.163542746002354e-08
75550.00000000009 9.061414435367886e-08
75600.00000000009 1.1821114855764846e-07
75650.00000000009 7.816325265934556e-08
75700.00000000009 8.930667933003968e-08
75750.00000000009 6.314692909575372e-08
75800.00000000009 8.927192900593259e-08
75850.00000000009 1.0438840884376621e-07
75900.00000000009 8.996283996304165e-08
75950.00000000009 6.176987731772436e-08
76000.00000000009 9.378813229273719e-08
76050.00000000009 9.115245163848668e-08
76100.00000000009 8.928526404520292e-08
76150.00000000009 9.662913591141382e-08
76200.00000000009 9.410421511676348e-08
76250.00000000009 1.032203284329517e-07
76300.00000000009 1.4413601568329408e-07
76350.00000000009 1.6430919162707408e-07
76400.00000000009 1.2161115026907212e-07
76450.00000000009 1.1450112970541254e-07
76500.00000000009 9.664201907319674e-08
76550.00000000009 6.342031173638483e-08
76600.00000000009 2.6408544218185214e-08
76650.00000000009 3.390315999148476e-08
76700.00000000009 3.5540867434575496e-08
76750.00000000009 3.51675362004344e-08
76800.00000000009 5.9100680936813223e-08
76850.00000000009 2.516858203455376e-08
76900.00000000009 3.22069895227017e-08
76950.00000000009 5.124598877616002e-08
77000.00000000009 5.742800220700793e-08
77050.00000000009 3.6361999848206764e-08
77100.00000000009 4.184843528217789e-08
77150.00000000009 6.117002487667372e-08
77200.00000000009 5.211348683611387e-08
77250.00000000009 5.7214190297470056e-08
77300.00000000009 5.7982808836084976e-08
77350.00000000009 3.625846804758139e-08
77400.00000000009 3.820778288654946e-08
77450.00000000009 5.102177681967085e-08
77500.00000000009 4.308624100448012e-08
77550.00000000009 5.1474446048192394e-08
77600.00000000009 5.4137693833066766e-08
77650.00000000009 5.438729740605807e-08
77700.00000000009 4.545243781201191e-08
77750.00000000009 7.433059634079393e-08
77800.00000000009 6.405601941199355e-08
77850.00000000009 9.771942278768876e-08
77900.00000000009 7.492652166708934e-08
77950.00000000009 4.3913200724207236e-08
78000.00000000009 6.525207636687901e-08
78050.00000000009 6.234530281564628e-08
78100.00000000009 5.280172745904403e-08
78150.00000000009 8.489926779587343e-08
78200.00000000009 8.779730831624656e-08
78250.00000000009 9.780307372445765e-08
78300.00000000009 7.975450912000491e-08
78350.00000000009 8.456340285476468e-08
78400.00000000009 6.039290954938632e-08
78450.00000000009 9.498549476778647e-08
78500.00000000009 1.01630313128607e-07
78550.00000000009 1.0383467001713955e-07
78600.00000000009 8.966103893348943e-08
78650.00000000009 3.81244613410656e-08
78700.00000000009 5.906922684698226e-08
78750.00000000009 6.404770848437138e-08
78800.00000000009 8.584870845819123e-08
78850.00000000009 4.518454706981021e-08
78900.00000000009 7.763828286696698e-08
78950.00000000009 7.706756230445965e-08
79000.00000000009 7.61840764024269e-08
79050.00000000009 6.783034041681064e-08
79100.00000000009 7.432424285928585e-08
79150.00000000009 8.072541745028538e-08
79200.00000000009 8.689422322140062e-08
79250.00000000009 6.735425993946592e-08
79300.00000000009 5.6141730030489666e-08
79350.00000000009 8.413776005725368e-08
79400.00000000009 6.20123824711684e-08
79450.00000000009 9.880378840047216e-08
79500.00000000009 1.2627920173825788e-07
79550.00000000009 1.0633885691868376e-07
79600.00000000009 5.854038906420185e-08
79650.00000000009 8.351466346049213e-08
79700.00000000009 8.81691043101935e-08
79750.00000000009 9.289571486370943e-08
79800.00000000009 6.889782490281716e-08
79850.00000000009 8.179311793538507e-08
79900.00000000009 1.3507071006003305e-07
79950.00000000009 1.0580703720792072e-07
