# %ECSV 1.0
# ---
# datatype:
# - {name: wav, unit: Angstrom, datatype: float64}
# - {name: flux_nu, unit: erg / (cm2 Hz s), datatype: float64}
# schema: astropy-2.0
wav flux_nu
3000.0480007680403 nan
3050.0480007680403 0.0
3100.0480007680403 0.0
3150.0480007680403 0.0
3200.0480007680403 0.0
3250.0480007680403 0.0
3300.0480007680403 0.0
3350.0480007680403 0.0
3400.0480007680403 0.0
3450.0480007680403 0.0
3500.0480007680403 0.0
3550.0480007680403 0.0
3600.0480007680403 0.0
3650.0480007680403 0.0
3700.0480007680403 0.0
3750.0480007680403 0.0
3800.0480007680403 0.0
3850.0480007680403 0.0
3900.0480007680403 0.0
3950.0480007680403 0.0
4000.0480007680403 0.0
4050.0480007680403 0.0
4100.04800076804 0.0
4150.04800076804 0.0
4200.04800076804 0.0
4250.04800076804 0.0
4300.04800076804 0.0
4350.04800076804 0.0
4400.04800076804 0.0
4450.04800076804 0.0
4500.04800076804 0.0
4550.04800076804 0.0
4600.04800076804 0.0
4650.04800076804 0.0
4700.04800076804 0.0
4750.04800076804 0.0
4800.04800076804 0.0
4850.04800076804 0.0
4900.04800076804 0.0
4950.04800076804 0.0
5000.04800076804 5.21400602212225e-12
5050.04800076804 1.4091504774992536e-11
5100.04800076804 1.676944054431767e-11
5150.04800076804 2.0083914955125405e-11
5200.04800076804 2.3882774895800764e-11
5250.04800076804 2.7876487094129295e-11
5300.04800076804 3.215745397424287e-11
5350.04800076804 3.681526126757021e-11
5400.04800076804 4.117839348124029e-11
5450.04800076804 4.6259739121293114e-11
5500.04800076804 5.187191006939984e-11
5550.04800076804 5.768967288517999e-11
5600.04800076804 6.288706220804695e-11
5650.04800076804 6.645112232277905e-11
5700.04800076804 6.483378814551984e-11
5750.04800076804 6.236753655128116e-11
5800.04800076804 5.121781042024178e-11
5850.04800076804 3.051614548983758e-11
5900.04800076804 4.30635037487533e-12
5950.04800076804 9.53082111067634e-12
6000.04800076804 5.815666437046477e-11
6050.04800076804 1.2326550160079367e-10
6100.04800076804 1.9372894232100725e-10
6150.04800076804 2.605369089247687e-10
6200.04800076804 3.234515304531418e-10
6250.04800076804 3.762817059948821e-10
6300.04800076804 4.4039029975085755e-10
6350.04800076804 5.054569904590373e-10
6400.04800076804 5.652794694333353e-10
6450.04800076804 5.558039090580145e-10
6500.04800076804 6.135306836764687e-10
6550.04800076804 7.066116969343514e-10
6600.04800076804 7.986420678048722e-10
6650.04800076804 9.217170464174125e-10
6700.04800076804 1.0742042289367628e-09
6750.04800076804 1.2087480177811185e-09
6800.04800076804 1.334195304586597e-09
6850.04800076804 1.4688967448698893e-09
6900.04800076804 1.3562194289402278e-09
6950.04800076804 1.1972238721033882e-09
7000.04800076804 1.4689043068000373e-09
7050.04800076804 1.4199494773664176e-09
7100.04800076804 1.4928243789457687e-09
7150.04800076804 9.56623313115937e-10
7200.04800076804 6.165732159469487e-10
7250.04800076804 8.211799719236927e-10
7300.04800076804 8.369113685227422e-10
7350.04800076804 1.045177853085891e-09
7400.04800076804 1.304050996473342e-09
7450.04800076804 1.7950578612743236e-09
7500.04800076804 2.1780867906952476e-09
7550.04800076804 2.603435624142401e-09
7600.04800076804 2.9974936775477106e-09
7650.04800076804 3.205207944822504e-09
7700.04800076804 1.8520322519215304e-09
7750.04800076804 4.5464868052922435e-10
7800.04800076804 3.1352947013867113e-09
7850.04800076804 3.446654632711853e-09
7900.04800076804 3.823726307292089e-09
7950.04800076804 4.239438381519673e-09
8000.04800076804 4.096317244860034e-09
8050.04800076804 3.921300071866955e-09
8100.04800076804 1.808623688785593e-09
8150.04800076804 1.276095746119744e-09
8200.04800076804 2.391132864697445e-09
8250.04800076804 2.2265211975293085e-09
8300.04800076804 2.350769306120423e-09
8350.04800076804 2.0081589097817154e-09
8400.04800076804 2.0019342326824396e-09
8450.04800076804 2.596689128377338e-09
8500.04800076804 3.0685044407624635e-09
8550.04800076804 3.803861062032607e-09
8600.04800076804 4.675484628127723e-09
8650.04800076804 5.077652945234574e-09
8700.04800076804 4.670433524034464e-09
8750.04800076804 4.87204511371111e-09
8800.04800076804 4.195350420646826e-09
8850.04800076804 2.2565486435937715e-09
8900.04800076804 1.98632065129301e-10
8950.04800076804 1.596005705769751e-10
9000.04800076804 1.3370305376784494e-10
9050.04800076804 6.299313687879473e-10
9100.04800076804 7.851213237332809e-10
9150.04800076804 6.956168019405442e-10
9200.04800076804 1.2915066542048692e-09
9250.04800076804 8.222589381333053e-10
9300.04800076804 1.5278043242287052e-11
9350.04800076804 2.220879958641821e-11
9400.04800076804 9.5133109256924e-11
9450.04800076804 9.669768439979917e-11
9500.04800076804 6.929377018072093e-11
9550.04800076804 7.659781309531825e-11
9600.04800076804 7.252849108654872e-11
9650.04800076804 1.3540038854796953e-10
9700.04800076804 3.2710437871471757e-10
9750.04800076804 2.873014113485175e-10
9800.04800076804 3.673749686855184e-10
9850.04800076804 4.3896876946508017e-10
9900.04800076804 6.837935358416785e-10
9950.04800076804 6.40717112751647e-10
10000.04800076804 9.92344533200126e-10
10050.04800076804 9.852194819239326e-10
10100.04800076804 1.3912408341777648e-09
10150.04800076804 1.5729895577082395e-09
10200.04800076804 1.8174956109226243e-09
10250.04800076804 2.25715546438111e-09
10300.04800076804 2.839254866334395e-09
10350.04800076804 3.13005427809998e-09
10400.04800076804 4.4431490212821205e-09
10450.04800076804 5.3041860590753025e-09
10500.04800076804 5.997211576280767e-09
10550.04800076804 6.732370531556557e-09
10600.04800076804 6.632542046094243e-09
10650.04800076804 6.505419978181713e-09
10700.04800076804 5.7455750065604315e-09
10750.04800076804 5.547515162623166e-09
10800.04800076804 4.745372808038636e-09
10850.04800076804 3.869080874387233e-09
10900.04800076804 2.4284041432965127e-09
10950.04800076804 9.396694346490589e-10
11000.04800076804 4.6088198061432113e-10
11050.04800076804 2.1684628730219665e-10
11100.04800076804 9.502383303994826e-11
11150.04800076804 3.090080034478103e-11
11200.04800076804 1.6443374526190273e-11
11250.04800076804 2.0256748255504982e-11
11300.04800076804 4.020055878603723e-11
11350.04800076804 8.586406549106048e-12
11400.04800076804 4.871869749538321e-11
11450.04800076804 2.9154827850269406e-11
11500.04800076804 2.2504556230282565e-11
11550.04800076804 3.9434501832829095e-12
11600.04800076804 2.0703827371772783e-12
11650.04800076804 1.2667412349454674e-11
11700.04800076804 1.6097957441772128e-11
11750.04800076804 2.94820309803398e-12
11800.04800076804 2.4751569505318626e-11
11850.04800076804 4.781846559573146e-11
11900.04800076804 5.5933663978451896e-11
11950.04800076804 1.1592339925800807e-10
12000.04800076804 2.501165202676507e-10
12050.04800076804 4.75327255695161e-10
12100.04800076804 8.065114261638822e-10
12150.04800076804 1.256094553822087e-09
12200.04800076804 1.624820969209483e-09
12250.04800076804 2.343718728327932e-09
12300.04800076804 3.407993360890488e-09
12350.04800076804 3.734613056176051e-09
12400.04800076804 5.426789997184375e-09
12450.04800076804 7.1789345649593545e-09
12500.04800076804 8.236813609732069e-09
12550.04800076804 9.520647494351473e-09
12600.04800076804 1.0713341193147051e-08
12650.04800076804 1.09948692264502e-08
12700.04800076804 1.1019115782676689e-08
12750.04800076804 8.666371843618811e-09
12800.04800076804 7.030974854357134e-09
12850.04800076804 4.540297267087798e-09
12900.04800076804 3.3127995170009507e-09
12950.04800076804 2.4939307769728776e-09
13000.04800076804 2.704181873542329e-09
13050.04800076804 1.584408435052258e-09
13100.04800076804 1.3776387131504316e-09
13150.04800076804 8.494244461206991e-10
13200.04800076804 8.469816729857331e-10
13250.04800076804 5.668833472447531e-10
13300.04800076804 1.6890007825519045e-10
13350.04800076804 5.038598030196754e-11
13400.04800076804 1.9305576958043394e-11
13450.04800076804 4.2882703505073086e-12
13500.04800076804 1.2061056696164377e-12
13550.04800076804 3.5794018096332935e-13
13600.04800076804 4.595736601642576e-14
13650.04800076804 6.393651827645371e-13
13700.04800076804 2.973124600095781e-13
13750.04800076804 8.519465585420455e-13
13800.04800076804 7.08735071158159e-13
13850.04800076804 3.0192972871845463e-13
13900.04800076804 6.358235703294794e-13
13950.04800076804 4.729139999296924e-13
14000.04800076804 5.782195522352648e-13
14050.04800076804 1.1860664171584245e-12
14100.04800076804 1.2534347121578418e-12
14150.04800076804 3.285629823427472e-12
14200.04800076804 1.7667390140225712e-12
14250.04800076804 2.860363623625333e-12
14300.04800076804 1.1343447785292166e-11
14350.04800076804 9.45941229384863e-12
14400.04800076804 1.0528407118299251e-11
14450.04800076804 1.891532628163883e-11
14500.04800076804 5.1635898331736125e-11
14550.04800076804 5.826235725557289e-11
14600.04800076804 1.1382895266081739e-10
14650.04800076804 8.97544698660646e-11
14700.04800076804 4.7184529921684746e-11
14750.04800076804 5.6503601513121805e-11
14800.04800076804 7.322414801524762e-11
14850.04800076804 7.739879885136619e-11
14900.04800076804 9.67656418859121e-11
14950.04800076804 1.2045116255583641e-10
15000.04800076804 2.44056481527824e-10
15050.04800076804 2.29627571370102e-10
15100.04800076804 2.1792758297045536e-10
15150.04800076804 1.7893099026698096e-10
15200.04800076804 2.9699064294211614e-10
15250.04800076804 5.740656999074125e-10
15300.04800076804 7.134379432564275e-10
15350.04800076804 9.934500178469465e-10
15400.04800076804 1.201611332703875e-09
15450.04800076804 1.4629927500063668e-09
15500.04800076804 1.748543731767337e-09
15550.04800076804 2.4600004414716355e-09
15600.04800076804 3.052611252193657e-09
15650.04800076804 3.788303889420224e-09
15700.04800076804 5.132391120571898e-09
15750.04800076804 6.051535454855379e-09
15800.04800076804 6.5929952819016985e-09
15850.04800076804 7.540102365898379e-09
15900.04800076804 6.586547818262871e-09
15950.04800076804 6.0954527773023804e-09
16000.04800076804 4.270040000634055e-09
16050.04800076804 2.2689395568561726e-09
16100.04800076804 1.258901887756734e-09
16150.04800076804 5.565904810152848e-10
16200.04800076804 2.660913311429679e-10
16250.04800076804 1.737855948483888e-10
16300.04800076804 9.186556657186856e-11
16350.04800076804 1.2222068677169027e-10
16400.04800076804 1.5633281907224934e-10
16450.04800076804 1.3433659673922407e-10
16500.04800076804 1.1859884888849263e-10
16550.04800076804 1.1414538095502206e-10
16600.04800076804 2.0970974654695396e-10
16650.04800076804 1.5248251995905865e-10
16700.04800076804 1.4097223538543203e-11
16750.04800076804 6.948674743867859e-11
16800.04800076804 1.1668082449424234e-10
16850.04800076804 1.2945085090731693e-10
16900.04800076804 5.247085173836626e-11
16950.04800076804 3.234151917954694e-11
17000.04800076804 1.4421018888422538e-11
17050.04800076804 2.8081373130126428e-11
17100.04800076804 5.680267410718859e-11
17150.04800076804 2.278107225337254e-11
17200.04800076804 1.269176964039356e-10
17250.04800076804 4.906962117720849e-11
17300.04800076804 2.5206963317057053e-11
17350.04800076804 3.654296511663746e-11
17400.04800076804 6.96074286286643e-11
17450.04800076804 9.534976848673083e-11
17500.04800076804 1.5130246016528993e-10
17550.04800076804 1.1817743871247647e-10
17600.04800076804 7.931047680213763e-11
17650.04800076804 6.019814628713202e-11
17700.04800076804 5.0521993710387263e-11
17750.04800076804 4.9566563140323794e-11
17800.04800076804 1.1084377324111713e-10
17850.04800076804 4.849795915971936e-11
17900.04800076804 3.734104251576018e-11
17950.04800076804 2.0745088337344272e-11
18000.04800076804 3.622777684115309e-11
18050.04800076804 3.457291487160469e-11
18100.04800076804 3.127456996532864e-11
18150.04800076804 3.145512391126378e-11
18200.04800076804 1.679683987898707e-11
18250.04800076804 7.745512425869288e-11
18300.04800076804 1.4252614853946751e-11
18350.04800076804 9.946536470845544e-12
18400.04800076804 5.741717412802278e-12
18450.04800076804 4.3709296044091994e-11
18500.04800076804 4.4628508614605066e-11
18550.04800076804 2.189109169323255e-11
18600.04800076804 3.6337032267859073e-11
18650.04800076804 2.057149756487553e-11
18700.04800076804 4.613451981375169e-12
18750.04800076804 1.0473901271013708e-11
18800.04800076804 1.0866496309709443e-10
18850.04800076804 8.325225931592253e-11
18900.04800076804 8.093705760626066e-11
18950.04800076804 1.537471604422807e-10
19000.04800076804 3.391506262909231e-11
19050.04800076804 1.8518896634686278e-11
19100.04800076804 6.037664995876018e-11
19150.04800076804 2.436748693037426e-11
19200.04800076804 6.096219564503756e-11
19250.04800076804 4.483878017439827e-11
19300.04800076804 2.3259530536644026e-11
19350.04800076804 3.558158093754495e-11
19400.04800076804 2.5912581417799028e-11
19450.04800076804 5.4589623998412574e-11
19500.04800076804 4.326710133543244e-11
19550.04800076804 4.816611718409276e-11
19600.04800076804 9.12125948135142e-11
19650.04800076804 8.884664245428335e-11
19700.04800076804 1.0738480712166507e-10
19750.04800076804 1.5698587914953334e-10
19800.04800076804 1.6612011166142068e-10
19850.04800076804 2.0826926614980584e-10
19900.04800076804 2.4079915801256697e-10
19950.04800076804 3.2996601450884645e-10
20000.04800076804 3.647201279365333e-10
20050.04800076804 3.1658559952144627e-10
20100.04800076804 4.655458661224971e-10
20150.04800076804 3.2055239794847145e-10
20200.04800076804 2.940601134542883e-10
20250.04800076804 4.498292111969551e-10
20300.04800076804 4.600552541496551e-10
20350.04800076804 5.163831054977021e-10
20400.04800076804 4.1444187500204567e-10
20450.04800076804 6.353846703811669e-10
20500.04800076804 6.444078497620846e-10
20550.04800076804 6.755096467333399e-10
20600.04800076804 7.046216666060416e-10
20650.04800076804 7.22787257559216e-10
20700.04800076804 7.207794590105825e-10
20750.04800076804 7.691859108243363e-10
20800.04800076804 6.998646879824004e-10
20850.04800076804 7.472028232266493e-10
20900.04800076804 7.527601561479133e-10
20950.04800076804 6.990359722001825e-10
21000.04800076804 6.819955887303081e-10
21050.04800076804 6.629574990937775e-10
21100.04800076804 6.30850030317291e-10
21150.04800076804 6.190906380631087e-10
21200.04800076804 5.75170493556923e-10
21250.04800076804 5.402248029793993e-10
21300.04800076804 4.681250958066557e-10
21350.04800076804 4.6223638481279644e-10
21400.04800076804 4.519566459726605e-10
21450.04800076804 3.530330812635602e-10
21500.04800076804 3.57584184529773e-10
21550.04800076804 3.4350045589863476e-10
21600.04800076804 2.9265132000268255e-10
21650.04800076804 2.37069251093168e-10
21700.04800076804 2.2301495292064262e-10
21750.04800076804 2.647908809183886e-10
21800.04800076804 2.2023645718926518e-10
21850.04800076804 1.986074462701707e-10
21900.04800076804 1.5917184445417056e-10
21950.04800076804 4.283995468373975e-11
22000.04800076804 5.955858211068297e-12
22050.04800076804 1.3303080717665983e-11
22100.04800076804 5.523286054531589e-11
22150.04800076804 4.319113115621475e-11
22200.04800076804 3.2269977228740664e-11
22250.04800076804 3.4515536218184877e-11
22300.04800076804 1.4385973342661462e-11
22350.04800076804 2.1571289960357037e-11
22400.04800076804 8.19185419274189e-12
22450.04800076804 1.0177896821968334e-11
22500.04800076804 9.642800957456204e-12
22550.04800076804 4.360968808146504e-12
22600.04800076804 5.653094356475245e-12
22650.04800076804 1.3614092582470089e-11
22700.04800076804 6.329739646556569e-12
22750.04800076804 4.209420378345328e-12
22800.04800076804 8.170816604758213e-12
22850.04800076804 7.330554787814727e-12
22900.04800076804 2.822000836619996e-12
22950.04800076804 1.6994244063955387e-12
23000.04800076804 5.234171709349031e-12
23050.04800076804 5.189649033876851e-12
23100.04800076804 3.131998821680534e-11
23150.04800076804 3.649228614447098e-11
23200.04800076804 1.2274840633014403e-12
23250.04800076804 3.1641875371410075e-12
23300.04800076804 5.841830361341725e-12
23350.04800076804 4.2755837674892635e-12
23400.04800076804 7.1303581031631504e-12
23450.04800076804 2.6208955854000733e-12
23500.04800076804 2.957021867101517e-12
23550.04800076804 6.647720170958126e-12
23600.04800076804 1.1165416117047185e-11
23650.04800076804 1.6360972484935378e-11
23700.04800076804 2.914553721736433e-12
23750.04800076804 2.739336512002303e-12
23800.04800076804 1.3581503666470244e-11
23850.04800076804 8.519167663548374e-12
23900.04800076804 2.055626246353851e-11
23950.04800076804 1.151533360396144e-11
24000.04800076804 2.584159184793797e-11
24050.04800076804 3.4327570720839364e-11
24100.04800076804 3.545989691555702e-11
24150.04800076804 5.6593327609722995e-11
24200.04800076804 3.7578200012413185e-11
24250.04800076804 2.0152269770647937e-11
24300.04800076804 6.142592094758288e-11
24350.04800076804 3.743564993965091e-11
24400.04800076804 9.23294881125243e-11
24450.04800076804 1.0484004385934282e-10
24500.04800076804 9.43587955665801e-11
24550.04800076804 1.613586475509753e-10
24600.04800076804 2.115153889814828e-10
24650.04800076804 2.407827599886962e-10
24700.04800076804 1.8019417549537654e-10
24750.04800076804 2.2878002217162549e-10
24800.04800076804 1.9675123861687756e-10
24850.04800076804 3.082152281056469e-10
24900.04800076804 1.253680011099122e-10
24950.04800076804 2.443638334005344e-10
25000.04800076804 2.728357586254458e-10
25050.04800076804 1.5754708658273173e-10
25100.04800076804 2.3340912267128976e-10
25150.04800076804 9.542900666249312e-11
25200.04800076804 1.5178638861766456e-10
25250.04800076804 5.902840051435875e-11
25300.04800076804 8.200111680321785e-11
25350.04800076804 3.247033895400056e-11
25400.04800076804 9.451213427358122e-11
25450.04800076804 2.818243010682933e-11
25500.04800076804 2.0953187380665526e-11
25550.04800076804 5.270641956436458e-11
25600.04800076804 1.0329735543346056e-11
25650.04800076804 1.0193813049050775e-11
25700.04800076804 1.004717087827187e-11
25750.04800076804 3.5478393088113294e-12
25800.04800076804 2.131311096421324e-11
25850.04800076804 2.572760571737019e-12
25900.04800076804 4.496736087704994e-12
25950.04800076804 9.874476768915578e-13
26000.04800076804 1.5120653772145072e-11
26050.04800076804 1.3549098802360226e-12
26100.04800076804 1.0527112152580038e-11
26150.04800076804 3.600655117443846e-12
26200.04800076804 4.301125877158102e-12
26250.04800076804 4.3044164422040215e-11
26300.04800076804 6.624596613018839e-12
26350.04800076804 6.726051754191879e-11
26400.04800076804 1.4995125992134478e-10
26450.04800076804 7.956635318225468e-11
26500.04800076804 2.0400623845295044e-10
26550.04800076804 1.8784629556896364e-11
26600.04800076804 1.5817029056688863e-11
26650.04800076804 2.5118550046443515e-12
26700.04800076804 8.608158988798347e-13
26750.04800076804 2.5399570951253297e-12
26800.04800076804 7.049270642798781e-12
26850.04800076804 5.009497292715929e-12
26900.04800076804 2.689058274795588e-11
26950.04800076804 6.780884556027435e-12
27000.04800076804 4.135705030554856e-11
27050.04800076804 5.1657086486161566e-11
27100.04800076804 5.413524606916123e-12
27150.04800076804 6.1278993943705e-11
27200.04800076804 4.7015096642978545e-12
27250.04800076804 1.9200220331481024e-11
27300.04800076804 2.102542534026004e-10
27350.04800076804 5.525716380059461e-11
27400.04800076804 2.3111956825217888e-12
27450.04800076804 8.570590153245268e-11
27500.04800076804 1.21050395416653e-10
27550.04800076804 1.3168383094147177e-11
27600.04800076804 4.561196149322911e-11
27650.04800076804 1.04418986415134e-11
27700.04800076804 9.438675779832193e-12
27750.04800076804 6.97211801376841e-11
27800.04800076804 2.1313103880075184e-11
27850.04800076804 3.586797336955926e-11
27900.04800076804 5.0540673607868635e-11
27950.04800076804 1.3556838849224932e-10
28000.04800076804 1.0939317863558962e-10
28050.04800076804 1.3852990376392782e-11
28100.04800076804 1.746379176264326e-10
28150.04800076804 1.1359168748886007e-10
28200.04800076804 2.443226404645546e-11
28250.04800076804 2.1957547501859188e-10
28300.04800076804 3.2946190252273926e-10
28350.04800076804 3.576958982952218e-11
28400.04800076804 1.7989278868597948e-10
28450.04800076804 4.30128629076123e-10
28500.04800076804 1.7188572028303285e-10
28550.04800076804 4.110592800263451e-11
28600.04800076804 2.910989593519528e-10
28650.04800076804 2.9496850774592724e-10
28700.04800076804 2.696840885138031e-10
28750.04800076804 6.185388380265004e-10
28800.04800076804 4.3377602322146666e-10
28850.04800076804 5.83779842423455e-10
28900.04800076804 2.9910217940830424e-10
28950.04800076804 8.760715265148401e-10
29000.04800076804 5.249273760462776e-10
29050.04800076804 5.303366093982009e-10
29100.04800076804 4.5670399622468396e-10
29150.04800076804 8.555903018295797e-10
29200.04800076804 7.344035453310183e-10
29250.04800076804 1.0005893900321158e-09
29300.04800076804 5.331649018964763e-10
29350.04800076804 2.4883406208054075e-09
29400.04800076804 4.938169871364805e-10
29450.04800076804 5.843790500433323e-10
29500.04800076804 1.4875283762440549e-09
29550.04800076804 6.357898810807155e-10
29600.04800076804 1.2921111296590238e-09
29650.04800076804 2.048232737561051e-09
29700.04800076804 4.809308996785307e-10
29750.04800076804 1.1718528473465294e-09
29800.04800076804 1.103976027423407e-09
29850.04800076804 2.176224894582158e-09
29900.04800076804 2.059865792387083e-09
29950.04800076804 1.3879140483822486e-09
30000.04800076804 1.804863034788109e-10
30050.04800076804 4.99475049180483e-10
30100.04800076804 1.1907308181844792e-09
30150.04800076804 2.1367157199821478e-09
30200.04800076804 1.0431201859363214e-09
30250.04800076804 3.2817686621207056e-09
30300.04800076804 3.30663934695589e-09
30350.04800076804 1.0576957717380692e-09
30400.04800076804 2.9611018191254516e-09
30450.04800076804 2.1363587988031886e-09
30500.04800076804 1.5083313568964396e-09
30550.04800076804 1.0437155818667778e-09
30600.04800076804 4.22886059861588e-09
30650.04800076804 2.3680906878317075e-09
30700.04800076804 1.6991559554114992e-09
30750.04800076804 2.575255098481349e-09
30800.04800076804 1.6322539955103977e-09
30850.04800076804 2.3387364162471584e-09
30900.04800076804 1.8780786830281396e-09
30950.04800076804 8.117586577831003e-10
31000.04800076804 1.5621947095299518e-09
31050.04800076804 1.1246860369748776e-09
31100.04800076804 6.871779129674521e-10
31150.04800076804 1.0609984284504514e-09
31200.04800076804 1.9890288779178202e-09
31250.04800076804 8.617915207548787e-10
31300.04800076804 6.4282169325097e-10
31350.04800076804 1.2304461998085474e-09
31400.04800076804 6.237742793548044e-10
31450.04800076804 9.02453868063952e-10
31500.04800076804 3.5940212546306933e-10
31550.04800076804 4.228158401286195e-10
31600.04800076804 3.1538577028998984e-10
31650.04800076804 2.8240730506709867e-10
31700.04800076804 3.2707258053338436e-10
31750.04800076804 9.92050824509491e-11
31800.04800076804 2.9112319586486586e-10
31850.04800076804 5.6112051135695136e-11
31900.04800076804 1.4750420766975195e-10
31950.04800076804 8.350889722821781e-11
32000.04800076804 6.811457825155068e-11
32050.04800076804 6.743389249405072e-11
32100.04800076804 5.162423246563223e-11
32150.04800076804 6.347949322939742e-11
32200.04800076804 3.190000258987506e-11
32250.04800076804 9.47034102419599e-11
32300.04800076804 2.3357539336059215e-11
32350.04800076804 9.507963010972965e-11
32400.04800076804 1.8570518405265453e-11
32450.04800076804 5.512677600866744e-11
32500.04800076804 2.1384002365793023e-11
32550.04800076804 5.893793208922309e-11
32600.04800076804 2.0406294765426643e-11
32650.04800076804 1.2240650102927944e-10
32700.04800076804 3.4316953152051244e-11
32750.04800076804 2.5382349181528e-10
32800.04800076804 1.188101419318548e-10
32850.04800076804 4.507406538542583e-10
32900.04800076804 3.447608598746695e-10
32950.04800076804 4.1961788504186747e-10
33000.04800076804 1.5022947309757408e-10
33050.04800076804 1.7090968354472915e-10
33100.04800076804 4.398618686145408e-11
33150.04800076804 2.5487972571970837e-14
33200.04800076804 1.2775461526456998e-12
33250.04800076804 2.078543291494407e-12
33300.04800076804 1.5401473413176923e-11
33350.04800076804 5.0965575442232124e-11
33400.04800076804 1.5629572083708344e-10
33450.04800076804 7.211200502426428e-11
33500.04800076804 2.941644975934102e-10
33550.04800076804 9.300200281439074e-11
33600.04800076804 1.4395242986288147e-10
33650.04800076804 1.311788626605513e-10
33700.04800076804 6.717336547946805e-11
33750.04800076804 1.9916462501066328e-10
33800.04800076804 3.023775425918216e-11
33850.04800076804 1.1470700752429854e-10
33900.04800076804 1.3266990190494046e-10
33950.04800076804 1.1249694546586163e-10
34000.04800076804 2.376112935153371e-10
34050.04800076804 3.4261574090648995e-11
34100.04800076804 1.898735952004079e-10
34150.04800076804 8.319677649060219e-11
34200.04800076804 1.8866932892670428e-10
34250.04800076804 1.219436268964121e-10
34300.04800076804 1.2941625567016565e-10
34350.04800076804 3.4392962347122785e-10
34400.04800076804 9.326414934890843e-11
34450.04800076804 2.9116818053576726e-10
34500.04800076804 1.312776597098988e-10
34550.04800076804 1.2439637016261569e-10
34600.04800076804 5.318138807194786e-10
34650.04800076804 7.535855289809786e-11
34700.04800076804 2.2918592976082238e-10
34750.04800076804 1.8725981984757182e-10
34800.04800076804 1.8665699803886861e-10
34850.04800076804 4.6466498431160706e-10
34900.04800076804 1.5059241130700128e-10
34950.04800076804 2.9758390688621017e-10
35000.04800076804 8.004432332266952e-10
35050.04800076804 3.984895197664539e-10
35100.04800076804 8.583648018692026e-10
35150.04800076804 7.446654917931649e-10
35200.04800076804 7.283272634834153e-10
35250.04800076804 9.551790605015864e-10
35300.04800076804 4.6077703692872293e-10
35350.04800076804 6.896014932545825e-10
35400.04800076804 4.963183843375239e-10
35450.04800076804 3.7243021950694056e-10
35500.04800076804 1.7242939500425868e-09
35550.04800076804 8.548865700886876e-10
35600.04800076804 1.1890874335904744e-09
35650.04800076804 1.362903665364531e-09
35700.04800076804 1.0440136191047265e-09
35750.04800076804 1.942105230843701e-09
35800.04800076804 1.0447129468239477e-09
35850.04800076804 4.866661145022786e-10
35900.04800076804 9.624227849818766e-10
35950.04800076804 1.0052741877340974e-09
36000.04800076804 5.078208168510007e-10
36050.04800076804 8.168726679095821e-10
36100.04800076804 7.16802556341795e-10
36150.04800076804 2.0740901512230087e-09
36200.04800076804 1.7219752338530325e-09
36250.04800076804 1.4491406985093062e-09
36300.04800076804 2.7713329993041375e-09
36350.04800076804 1.5402592955976385e-09
36400.04800076804 3.1374970489477653e-09
36450.04800076804 2.0376208058839608e-09
36500.04800076804 2.475704609326355e-09
36550.04800076804 4.542618493991443e-09
36600.04800076804 4.362838927259846e-09
36650.04800076804 3.4832128047092927e-09
36700.04800076804 4.221501958254349e-09
36750.04800076804 4.863659075313222e-09
36800.04800076804 4.660492353954477e-09
36850.04800076804 2.2805483843097154e-09
36900.04800076804 3.878751844658061e-09
36950.04800076804 4.774159613184466e-09
37000.04800076804 3.196724502351584e-09
37050.04800076804 5.8994258101887985e-09
37100.04800076804 3.863940507539869e-09
37150.04800076804 4.2153691316437755e-09
37200.04800076804 4.9124910614603365e-09
37250.04800076804 3.975114628989183e-09
37300.04800076804 3.1856479523408908e-09
37350.04800076804 5.399855799219987e-09
37400.04800076804 6.698684289375743e-09
37450.04800076804 2.7085980331509916e-09
37500.04800076804 4.979914977568832e-09
37550.04800076804 8.60716724526374e-09
37600.04800076804 1.2124925883869388e-08
37650.04800076804 5.2941859057740555e-09
37700.04800076804 8.341116326617968e-09
37750.04800076804 4.905125127035024e-09
37800.04800076804 5.182081075063514e-09
37850.04800076804 3.0119958197315385e-09
37900.04800076804 4.4484634100313715e-09
37950.04800076804 7.360066256722554e-09
38000.04800076804 8.356063908747343e-09
38050.04800076804 1.1984619616636843e-08
38100.04800076804 1.2362674296219664e-08
38150.04800076804 1.2641655858864448e-08
38200.04800076804 1.214490037442604e-08
38250.04800076804 1.2725006978957808e-08
38300.04800076804 2.4269215077284222e-08
38350.04800076804 1.835827997879537e-08
38400.04800076804 7.75460964301772e-09
38450.04800076804 4.81384722182999e-09
38500.04800076804 2.3119234519988396e-09
38550.04800076804 6.761449768671063e-09
38600.04800076804 8.878198783905728e-09
38650.04800076804 1.2056178504286473e-08
38700.04800076804 9.658681931610914e-09
38750.04800076804 1.259299012884149e-08
38800.04800076804 8.594991775500243e-09
38850.04800076804 1.4909490348872223e-08
38900.04800076804 1.5244322702369587e-08
38950.04800076804 9.830229735130086e-09
39000.04800076804 1.9058015753441156e-08
39050.04800076804 1.0695234550064568e-08
39100.04800076804 1.7366748044744196e-08
39150.04800076804 1.6655099288929054e-08
39200.04800076804 1.11405158244714e-08
39250.04800076804 1.915810847218633e-08
39300.04800076804 1.4818932680233388e-08
39350.04800076804 3.131009121756515e-08
39400.04800076804 1.8594320513547407e-08
39450.04800076804 2.0746812528408766e-08
39500.04800076804 2.261591399968395e-08
39550.04800076804 1.4470243447839881e-08
39600.04800076804 2.4033946296420134e-08
39650.04800076804 3.324621517916104e-08
39700.04800076804 2.120231052183648e-08
39750.04800076804 1.1680771047028401e-08
39800.04800076804 1.5683265841706457e-08
39850.04800076804 3.0329534146421905e-08
39900.04800076804 3.5077600494024796e-08
39950.04800076804 1.9946180224626586e-08
40000.04800076804 3.4971588573999075e-08
40050.04800076804 3.048217961174587e-08
40100.04800076804 1.2063897831142252e-08
40150.04800076804 3.284698534012377e-08
40200.04800076804 3.47780491363325e-08
40250.04800076804 3.794997757793583e-08
40300.04800076804 3.967037793586109e-08
40350.04800076804 1.9852817954837845e-08
40400.04800076804 3.675065362605838e-08
40450.04800076804 2.0446991571704707e-08
40500.04800076804 4.511689058974117e-08
40550.04800076804 3.887321058684001e-08
40600.04800076804 3.3992315071396025e-08
40650.04800076804 2.903771012516546e-08
40700.04800076804 6.273145996665269e-08
40750.04800076804 4.212290900818553e-08
40800.04800076804 2.245216660341816e-08
40850.04800076804 6.181154044958374e-08
40900.04800076804 5.018856807970998e-08
40950.04800076804 3.369472452399903e-08
41000.04800076804 4.3816645039982493e-08
41050.04800076804 6.597386107298046e-08
41100.04800076804 3.9238189211923906e-08
41150.04800076804 2.002983487769291e-08
41200.04800076804 6.789696264218176e-08
41250.04800076804 4.7082595459724577e-08
41300.04800076804 4.9243414714418054e-08
41350.04800076804 7.173627541626094e-08
41400.04800076804 5.289246270863614e-08
41450.04800076804 6.604520304703578e-08
41500.04800076804 4.113358461461547e-08
41550.04800076804 3.5678011265669426e-08
41600.04800076804 5.27938571836052e-08
41650.04800076804 6.504946109294667e-08
41700.04800076804 6.455576797474033e-08
41750.04800076804 5.4130291833006266e-08
41800.04800076804 7.44529715220587e-08
41850.04800076804 4.883285219071097e-08
41900.04800076804 4.2439338648569874e-08
41950.04800076804 5.388480477889482e-08
42000.04800076804 6.099153112814472e-08
42050.04800076804 5.308699169806176e-08
42100.04800076804 7.238903079109014e-08
42150.04800076804 5.528192587310452e-08
42200.04800076804 6.268178523526496e-08
42250.04800076804 4.498606556204709e-08
42300.04800076804 4.223056332398016e-08
42350.04800076804 6.436023866167223e-08
42400.04800076804 7.389015709362403e-08
42450.04800076804 7.314542618567838e-08
42500.04800076804 6.419452975966365e-08
42550.04800076804 5.990162332573204e-08
42600.04800076804 5.6900498921332474e-08
42650.04800076804 9.681551315503646e-08
42700.04800076804 3.9070533345741643e-08
42750.04800076804 5.694687714969096e-08
42800.04800076804 6.553688360805421e-08
42850.04800076804 7.564969977544986e-08
42900.04800076804 8.623292754138033e-08
42950.04800076804 6.053853674746312e-08
43000.04800076804 8.12430978305155e-08
43050.04800076804 3.249419251529995e-08
43100.04800076804 5.25731738369355e-08
43150.04800076804 5.677811197156647e-08
43200.04800076804 7.759686010365183e-08
43250.04800076804 1.0496496703750224e-07
43300.04800076804 9.820203263213989e-08
43350.04800076804 5.226687734895149e-08
43400.04800076804 7.145502442401721e-08
43450.04800076804 4.400679830437806e-08
43500.04800076804 5.247502733904043e-08
43550.04800076804 5.5327979255703094e-08
43600.04800076804 8.055606946530364e-08
43650.04800076804 4.179117794237135e-08
43700.04800076804 9.836157942030167e-08
43750.04800076804 9.185596152523997e-08
43800.04800076804 6.591991980896727e-08
43850.04800076804 7.372467929947106e-08
43900.04800076804 5.613184473033076e-08
43950.04800076804 3.65843751405991e-08
44000.04800076804 3.152239422371155e-08
44050.04800076804 8.124312370747189e-08
44100.04800076804 1.0446938515822704e-07
44150.04800076804 9.568991624937279e-08
44200.04800076804 8.18953012036838e-08
44250.04800076804 4.764626413627712e-08
44300.04800076804 3.939029645337826e-08
44350.04800076804 4.16535467497332e-08
44400.04800076804 4.1488535758576955e-08
44450.04800076804 6.204610933432886e-08
44500.04800076804 5.291527461286741e-08
44550.04800076804 7.647478705173927e-08
44600.04800076804 5.234832581228106e-08
44650.04800076804 6.261760238867961e-08
44700.04800076804 4.2271814805996335e-08
44750.04800076804 5.682813113503304e-08
44800.04800076804 3.828888990384403e-08
44850.04800076804 5.2174814586272024e-08
44900.04800076804 3.845862990431648e-08
44950.04800076804 3.599984887850513e-08
45000.04800076804 4.712720367345669e-08
45050.04800076804 4.5721687291064595e-08
45100.04800076804 4.3611777150006245e-08
45150.04800076804 3.3206743372382387e-08
45200.04800076804 1.8941130817115494e-08
45250.04800076804 2.2676400504834604e-08
45300.04800076804 3.001947981373422e-08
45350.04800076804 2.7073248568273273e-08
45400.04800076804 2.8148344647129978e-08
45450.04800076804 2.496531753519243e-08
45500.04800076804 2.8727077520649693e-08
45550.04800076804 3.0937403029590163e-08
45600.04800076804 2.3524939002029184e-08
45650.04800076804 2.255798581788465e-08
45700.04800076804 2.4282088108044452e-08
45750.04800076804 1.8212559565878046e-08
45800.04800076804 1.924575850368703e-08
45850.04800076804 2.8318768325847264e-08
45900.04800076804 3.3488413954324736e-08
45950.04800076804 1.7581823746244147e-08
46000.04800076804 2.9437253171771554e-08
46050.04800076804 3.025655086465887e-08
46100.04800076804 2.0081041864834754e-08
46150.04800076804 2.746897603844002e-08
46200.04800076804 2.187018840416784e-08
46250.04800076804 1.0066817614739683e-08
46300.04800076804 3.2953266799647326e-08
46350.04800076804 2.1703207099316002e-08
46400.04800076804 3.092740632994119e-08
46450.04800076804 3.8820155540175806e-08
46500.04800076804 2.763153583267311e-08
46550.04800076804 2.325085791852131e-08
46600.04800076804 2.8627105837178363e-08
46650.04800076804 7.264595235186214e-08
46700.04800076804 3.960606062908077e-08
46750.04800076804 2.152860691771939e-08
46800.04800076804 1.1028963626170677e-08
46850.04800076804 4.326295554404036e-08
46900.04800076804 3.633904726892235e-08
46950.04800076804 4.948892052766963e-08
47000.04800076804 2.3925707127429084e-08
47050.04800076804 4.109392907144673e-08
47100.04800076804 1.343364427178954e-08
47150.04800076804 2.360405341148816e-08
47200.04800076804 3.618029317099125e-08
47250.04800076804 1.8837828071843566e-08
47300.04800076804 1.851981043663055e-08
47350.04800076804 2.2944032848087547e-08
47400.04800076804 4.640638326713559e-08
47450.04800076804 1.8842375550168865e-08
47500.04800076804 5.5640522175805786e-08
47550.04800076804 2.4058153477086145e-08
47600.04800076804 4.310039842020441e-08
47650.04800076804 1.9708671977069613e-08
47700.04800076804 4.180964275067674e-08
47750.04800076804 1.5413928821482475e-08
47800.04800076804 2.5096229955738736e-08
47850.04800076804 1.1054089153435124e-08
47900.04800076804 1.786339765132442e-08
47950.04800076804 2.7503325409763715e-08
48000.04800076804 5.7585235090303554e-08
48050.04800076804 3.231741024891669e-08
48100.04800076804 2.5106909942961664e-08
48150.04800076804 2.8513661870456897e-08
48200.04800076804 3.400337828117911e-08
48250.04800076804 2.793103594942178e-08
48300.04800076804 6.428182781202525e-08
48350.04800076804 2.395358229467337e-08
48400.04800076804 1.1778420730312278e-08
48450.04800076804 1.9861948601518604e-08
48500.04800076804 3.9470635836467226e-08
48550.04800076804 2.4433310837887834e-08
48600.04800076804 4.9048410409059264e-08
48650.04800076804 3.971526042918151e-08
48700.04800076804 4.7585421028655704e-08
48750.04800076804 3.1865491776083134e-08
48800.04800076804 5.418893400357833e-08
48850.04800076804 3.2548301087411605e-08
48900.04800076804 3.723424957378109e-08
48950.04800076804 2.542725009489718e-08
49000.04800076804 1.6001850368652034e-08
49050.04800076804 4.274238324785355e-08
49100.04800076804 4.0826010173015176e-08
49150.04800076804 4.6720230194108537e-08
49200.04800076804 5.0825884018741965e-08
49250.04800076804 6.636015133809597e-08
49300.04800076804 4.560138175840326e-08
49350.04800076804 2.0986602953565628e-08
49400.04800076804 3.036084677124888e-08
49450.04800076804 3.272643407535597e-08
49500.04800076804 2.7157665355517654e-08
49550.04800076804 5.258602674659088e-09
49600.04800076804 1.634120680358304e-08
49650.04800076804 3.2259707443030546e-08
49700.04800076804 3.644990989901635e-08
49750.04800076804 4.2740047240791194e-08
49800.04800076804 2.4337120550983623e-08
49850.04800076804 6.020202561229106e-08
49900.04800076804 4.9791785909277436e-08
49950.04800076804 5.012992966424272e-08
50000.04800076804 3.9355903945293114e-08
50050.04800076804 4.7016955406022403e-08
50100.04800076804 3.8971199468595176e-08
50150.04800076804 1.5564727210676658e-08
50200.04800076804 3.017878571559892e-09
50250.04800076804 1.8121884745706063e-08
50300.04800076804 1.279074969200099e-08
50350.04800076804 4.2274848987172925e-08
50400.04800076804 4.882749042827748e-08
50450.04800076804 3.762153934550911e-08
50500.04800076804 5.576962233005001e-08
50550.04800076804 5.583401174247711e-08
50600.04800076804 3.972817767771847e-08
50650.04800076804 5.7428879040518975e-08
50700.04800076804 6.226281472178138e-08
50750.04800076804 3.8798808382904527e-08
50800.04800076804 1.2113969903615336e-08
50850.04800076804 5.838403523774898e-09
50900.04800076804 3.83939311023966e-08
50950.04800076804 4.0066798283922214e-08
51000.04800076804 2.6619776533487004e-08
51050.04800076804 4.173806113607367e-08
51100.04800076804 1.1784350817076557e-08
51150.04800076804 1.642495011766142e-08
51200.04800076804 5.7902159539254035e-08
51250.04800076804 3.756592445666942e-08
51300.04800076804 2.7173393519518375e-08
51350.04800076804 2.6305247661341616e-08
51400.04800076804 7.472936099431435e-09
51450.04800076804 6.344688010175706e-09
51500.04800076804 5.716199892164738e-09
51550.04800076804 2.1451202999213983e-08
51600.04800076804 2.0044723525062763e-08
51650.04800076804 3.2661224268581014e-08
51700.04800076804 2.947761164905923e-08
51750.04800076804 1.7745837677535947e-08
51800.04800076804 4.228171680265955e-08
51850.04800076804 3.4885787226231165e-08
51900.04800076804 3.7416506909046855e-08
51950.04800076804 1.8686627034734995e-08
52000.04800076804 1.92126601443228e-09
52050.04800076804 9.913085877547542e-09
52100.04800076804 5.788594208547935e-09
52150.04800076804 2.895896344677409e-09
52200.04800076804 9.206638998590858e-09
52250.04800076804 1.9918161183134878e-08
52300.04800076804 2.5778073814725004e-08
52350.04800076804 6.685676276251364e-09
52400.04800076804 7.470293994739897e-09
52450.04800076804 3.0112599351797685e-08
52500.04800076804 2.4699118310373713e-08
52550.04800076804 2.7776904812728226e-08
52600.04800076804 2.20389519437575e-08
52650.04800076804 2.2349069047856047e-08
52700.04800076804 1.7038629334251776e-08
52750.04800076804 6.444043157669677e-09
52800.04800076804 1.0492587205793195e-08
52850.04800076804 1.417857910676506e-08
52900.04800076804 5.1454643656597175e-09
52950.04800076804 8.707030406777413e-09
53000.04800076804 2.2891360567326646e-08
53050.04800076804 6.1445347207519874e-09
53100.04800076804 2.9130399462534353e-08
53150.04800076804 3.401115481169214e-08
53200.04800076804 1.2764041356916871e-08
53250.04800076804 3.120582154188403e-08
53300.04800076804 3.1191923129360405e-08
53350.04800076804 2.9656581887354704e-08
53400.04800076804 1.758921032307406e-08
53450.04800076804 3.991993145686209e-09
53500.04800076804 8.258175657464356e-10
53550.04800076804 2.06240952543039e-09
53600.04800076804 1.0475182803064247e-08
53650.04800076804 1.3585610134005423e-08
53700.04800076804 1.0563239041924983e-08
53750.04800076804 9.753117122933156e-09
53800.04800076804 8.607309391194608e-09
53850.04800076804 1.4180950622558619e-08
53900.04800076804 2.5443126858722603e-08
53950.04800076804 2.3180365886217635e-08
54000.04800076804 1.4830750836418712e-08
54050.04800076804 1.5947730948433533e-08
54100.04800076804 3.021173883312014e-09
54150.04800076804 4.294768702668472e-09
54200.04800076804 6.086623596234662e-10
54250.04800076804 1.8552827104486614e-09
54300.04800076804 6.70575663040879e-09
54350.04800076804 1.0237979913447221e-08
54400.04800076804 7.799852322179605e-09
54450.04800076804 7.163696422674007e-09
54500.04800076804 6.33058594567633e-09
54550.04800076804 6.946702766012596e-09
54600.04800076804 5.350525510899644e-09
54650.04800076804 5.183067367442803e-10
54700.04800076804 5.47512524734109e-09
54750.04800076804 5.754615963809667e-09
54800.04800076804 2.92995909843454e-09
54850.04800076804 5.532261942396505e-09
54900.04800076804 1.0551529712840898e-08
54950.04800076804 1.8014405386464895e-08
55000.04800076804 4.836287835123311e-09
55050.04800076804 7.88230771356806e-09
55100.04800076804 1.1502679469887697e-08
55150.04800076804 4.475159279639129e-09
55200.04800076804 3.1344245048709968e-09
55250.04800076804 5.525493608340359e-09
55300.04800076804 3.762835211874657e-09
55350.04800076804 8.118220620496402e-09
55400.04800076804 8.905070106710013e-09
55450.04800076804 5.378596626188548e-09
55500.04800076804 1.874460740739689e-09
55550.04800076804 1.3719645400805068e-09
55600.04800076804 3.4081879387796984e-09
55650.04800076804 3.25640285717058e-09
55700.04800076804 3.045726756715912e-09
55750.04800076804 2.1821731317564008e-09
55800.04800076804 7.390770587224081e-10
55850.04800076804 1.8414387124708363e-09
55900.04800076804 5.464545541626559e-09
55950.04800076804 8.940122529337205e-09
56000.04800076804 2.9007460375931886e-09
56050.04800076804 3.503022871287377e-09
56100.04800076804 5.893662439889876e-09
56150.04800076804 1.6878107275387253e-09
56200.04800076804 3.396510324120312e-09
56250.04800076804 7.03899282622975e-09
56300.04800076804 3.78018422424926e-09
56350.04800076804 1.855208965133798e-09
56400.04800076804 4.3119352495243026e-10
56450.04800076804 4.506475546690228e-10
56500.04800076804 2.6661960403880427e-09
56550.04800076804 1.035831453340602e-09
56600.04800076804 5.041092156506828e-09
56650.04800076804 6.466829909728231e-09
56700.04800076804 3.706488251170464e-09
56750.04800076804 9.542558269799847e-10
56800.04800076804 2.3988023350223845e-09
56850.04800076804 3.89518885096098e-09
56900.04800076804 1.8057585180352852e-09
56950.04800076804 4.680254195609772e-09
57000.04800076804 6.523843914466444e-09
57050.04800076804 2.5215252777373187e-09
57100.04800076804 5.999872721228796e-10
57150.04800076804 1.1889728509058233e-09
57200.04800076804 8.608423845455437e-10
57250.04800076804 1.4323008726905797e-09
57300.04800076804 2.657628191470753e-09
57350.04800076804 1.0953156021764958e-09
57400.04800076804 3.7005693751303645e-09
57450.04800076804 1.2712099701512068e-09
57500.04800076804 1.2883458554966014e-09
57550.04800076804 2.209556967791447e-09
57600.04800076804 1.6877534418905417e-09
57650.04800076804 2.460491314585806e-10
57700.04800076804 6.758326022192034e-10
57750.04800076804 2.004287556980716e-09
57800.04800076804 7.010957208874845e-10
57850.04800076804 6.817250191854674e-09
57900.04800076804 8.383316878204515e-09
57950.04800076804 9.672500756838915e-09
58000.04800076804 1.8029317398659957e-09
58050.04800076804 4.543509596491441e-09
58100.04800076804 3.455418499344135e-09
58150.04800076804 1.9315832185892446e-09
58200.04800076804 2.1486332417082094e-10
58250.04800076804 6.832267486338373e-10
58300.04800076804 7.499847604699055e-10
58350.04800076804 1.1628702886684443e-09
58400.04800076804 3.743833862498169e-09
58450.04800076804 4.3336392475991365e-09
58500.04800076804 4.619391438499556e-09
58550.04800076804 2.8579696579513337e-09
58600.04800076804 7.418920298253418e-10
58650.04800076804 1.2646473306414065e-09
58700.04800076804 2.1090943359707425e-09
58750.04800076804 1.4005382010298161e-09
58800.04800076804 7.110644064339124e-11
58850.04800076804 7.316738088971013e-10
58900.04800076804 1.1242993676371228e-09
58950.04800076804 3.9292548061316545e-10
59000.04800076804 1.3857447730084654e-09
59050.04800076804 2.800065014430069e-09
59100.04800076804 2.244729398737566e-09
59150.04800076804 1.7081419290871942e-09
59200.04800076804 2.7674543024360876e-09
59250.04800076804 2.8475247593490012e-09
59300.04800076804 1.7595806505349365e-09
59350.04800076804 1.323333246631305e-10
59400.04800076804 2.69945491140677e-10
59450.04800076804 2.1740144155149323e-09
59500.04800076804 1.3582552857946859e-09
59550.04800076804 2.711055157106259e-09
59600.04800076804 3.6764925771937487e-09
59650.04800076804 1.4101209529526834e-09
59700.04800076804 8.045708079536639e-10
59750.04800076804 3.7681200699649285e-09
59800.04800076804 1.4534137711396687e-09
59850.04800076804 1.766579970710998e-09
59900.04800076804 4.1660462793889523e-10
59950.04800076804 1.6570205702366307e-09
60000.04800076804 4.614550590795334e-09
60050.04800076804 5.962893237926082e-09
60100.04800076804 2.9456609895499075e-09
60150.04800076804 8.628417180135031e-10
60200.04800076804 3.0433081565859005e-09
60250.04800076804 6.426079213012785e-09
60300.04800076804 5.426738862178816e-09
60350.04800076804 3.0540579034619405e-09
60400.04800076804 2.1005227202849966e-09
60450.04800076804 2.698584660802456e-10
60500.04800076804 4.086555210551676e-11
60550.04800076804 1.3643268929376385e-09
60600.04800076804 2.8101689486710257e-09
60650.04800076804 1.3377600473707772e-09
60700.04800076804 7.620906902664549e-10
60750.04800076804 2.733925362831272e-10
60800.04800076804 2.5190834820136055e-09
60850.04800076804 5.9598495906989745e-09
60900.04800076804 5.395652701040691e-09
60950.04800076804 3.5091672531325253e-09
61000.04800076804 4.37494653151372e-09
61050.04800076804 9.868399461750712e-10
61100.04800076804 9.255425255259639e-10
61150.04800076804 1.772777144936939e-10
61200.04800076804 2.2020938985941493e-09
61250.04800076804 3.965462920620484e-09
61300.04800076804 3.2391477628815584e-09
61350.04800076804 6.957309844052436e-09
61400.04800076804 1.576756334694657e-09
61450.04800076804 3.1906432448490927e-10
61500.04800076804 3.490796672853218e-10
61550.04800076804 2.025669812777639e-09
61600.04800076804 4.930507434928988e-10
61650.04800076804 1.4703234568798647e-09
61700.04800076804 2.193616873331677e-09
61750.04800076804 2.5187552796870794e-09
61800.04800076804 1.5615710055353853e-09
61850.04800076804 2.546999705048161e-10
61900.04800076804 3.181872947992237e-09
61950.04800076804 4.51122312169391e-09
62000.04800076804 5.260668423755752e-09
62050.04800076804 8.740582422682215e-09
62100.04800076804 2.5541016492408283e-09
62150.04800076804 5.98394993677218e-09
62200.04800076804 5.730382174769688e-09
62250.04800076804 3.730263124361672e-09
62300.04800076804 1.2860549491611754e-08
62350.04800076804 9.602641627126252e-09
62400.04800076804 3.7659733033598614e-09
62450.04800076804 5.047270534881923e-09
62500.04800076804 1.1938614913031276e-08
62550.04800076804 1.5279373207017265e-08
62600.04800076804 9.09987676925528e-09
62650.04800076804 6.920834990277975e-09
62700.04800076804 4.092967967020889e-09
62750.04800076804 8.875628714497748e-09
62800.04800076804 4.994653736404211e-09
62850.04800076804 7.756725273849272e-09
62900.04800076804 6.606682100401454e-09
62950.04800076804 1.584991925541995e-08
63000.04800076804 7.355410141929435e-09
63050.04800076804 2.4530666788821368e-08
63100.04800076804 1.964698793080537e-08
63150.04800076804 1.3814342520628381e-08
63200.04800076804 1.0435073282464313e-08
63250.04800076804 1.0814693668225253e-08
63300.04800076804 5.398860149402596e-09
63350.04800076804 4.386783493977006e-09
63400.04800076804 1.2013540894933167e-09
63450.04800076804 4.04447466703331e-10
63500.04800076804 3.7042517126444144e-09
63550.04800076804 6.416909842271634e-09
63600.04800076804 5.890899950378716e-09
63650.04800076804 3.204763376595946e-09
63700.04800076804 5.438405406512495e-10
63750.04800076804 2.4250432965549867e-09
63800.04800076804 7.676478523354042e-09
63850.04800076804 5.248294083052093e-09
63900.04800076804 8.998702894691151e-10
63950.04800076804 3.417245892679455e-09
64000.04800076804 4.9425774492575245e-09
64050.04800076804 1.3419943885005823e-09
64100.04800076804 1.9380839446390508e-10
64150.04800076804 3.031656330151717e-10
64200.04800076804 4.0644300186178687e-10
64250.04800076804 2.281711125998085e-09
64300.04800076804 1.97862984905281e-09
64350.04800076804 1.2001092646267174e-09
64400.04800076804 3.967875995319007e-09
64450.04800076804 5.009675050321798e-09
64500.04800076804 1.8022555961795069e-09
64550.04800076804 4.510659037233641e-09
64600.04800076804 2.597808547707026e-09
64650.04800076804 3.4622898578496582e-09
64700.04800076804 8.581597699215816e-10
64750.04800076804 1.7933240246021363e-09
64800.04800076804 7.124329866340773e-10
64850.04800076804 3.923400890063707e-10
64900.04800076804 3.1521606961350264e-10
64950.04800076804 2.3319851413095364e-10
65000.04800076804 6.575154548457429e-10
65050.04800076804 1.986390880967235e-09
65100.04800076804 3.173647479637934e-09
65150.04800076804 1.2443416996905933e-09
65200.04800076804 2.6526800412609336e-10
65250.04800076804 1.7683629439951806e-09
65300.04800076804 2.5796180116641797e-09
65350.04800076804 7.349127307395486e-09
65400.04800076804 2.3585258780481474e-09
65450.04800076804 2.35702369961006e-09
65500.04800076804 2.854186139259971e-09
65550.04800076805 8.33981290512157e-10
65600.04800076805 2.6016185105663513e-09
65650.04800076805 1.1518554877759303e-09
65700.04800076805 1.0294488039908055e-09
65750.04800076805 7.012127779923272e-10
65800.04800076805 2.266925807555966e-09
65850.04800076805 3.4403376453219125e-09
65900.04800076805 5.056501823622182e-10
65950.04800076805 1.6240124542817756e-09
66000.04800076805 2.1436888054102584e-09
66050.04800076805 5.4357235779519626e-09
66100.04800076805 2.7573398891808067e-09
66150.04800076805 2.5558516372565396e-09
66200.04800076805 2.56777370781674e-09
66250.04800076805 1.1137368846226973e-09
66300.04800076805 3.155934812505672e-10
66350.04800076805 1.6582157452037164e-10
66400.04800076805 4.2616571486844605e-10
66450.04800076805 2.329869206172662e-09
66500.04800076805 4.270222634788588e-09
66550.04800076805 4.9451979521197215e-09
66600.04800076805 3.842318585508836e-09
66650.04800076805 1.996723408864462e-09
66700.04800076805 1.2136484992138661e-09
66750.04800076805 1.563422504423967e-09
66800.04800076805 1.7736332517572207e-09
66850.04800076805 1.0691714260146958e-09
66900.04800076805 5.845110705332764e-09
66950.04800076805 5.251612801775479e-09
67000.04800076805 5.94994774556101e-09
67050.04800076805 3.1394341524274577e-09
67100.04800076805 1.3243933365118484e-09
67150.04800076805 2.071195118751974e-09
67200.04800076805 3.377721525005042e-09
67250.04800076805 3.0878413928862893e-09
67300.04800076805 7.067682670987461e-09
67350.04800076805 2.759852739158689e-09
67400.04800076805 7.255004646990497e-09
67450.04800076805 3.7134666338447906e-09
67500.04800076805 3.486205605429715e-09
67550.04800076805 1.0157526925690998e-08
67600.04800076805 1.595245183126214e-08
67650.04800076805 1.1168296088032979e-08
67700.04800076805 5.1258332259861805e-09
67750.04800076805 2.4587383390745613e-09
67800.04800076805 3.94405268465108e-09
67850.04800076805 1.3897648468468238e-09
67900.04800076805 1.6763293607057379e-09
67950.04800076805 1.4686509658585462e-09
68000.04800076805 4.181068348889306e-09
68050.04800076805 5.638501719151314e-09
68100.04800076805 1.0620234849901547e-08
68150.04800076805 8.530692449479347e-09
68200.04800076805 4.942842521076329e-09
68250.04800076805 6.779671188057955e-10
68300.04800076805 5.207401171998871e-09
68350.04800076805 6.93980958784925e-09
68400.04800076805 1.1974724408023317e-08
68450.04800076805 9.331317656687178e-09
68500.04800076805 4.427023907899916e-09
68550.04800076805 1.2848688740006173e-09
68600.04800076805 1.250614507643681e-09
68650.04800076805 5.448492496275851e-10
68700.04800076805 2.1529449089590957e-09
68750.04800076805 4.894837673067119e-09
68800.04800076805 5.632835385171629e-09
68850.04800076805 1.9686845912735817e-09
68900.04800076805 9.854932770754134e-09
68950.04800076805 1.0756468192045036e-08
69000.04800076805 5.961867742636057e-09
69050.04800076805 2.3275251282669604e-09
69100.04800076805 8.122060871017088e-09
69150.04800076805 1.3543850120461962e-08
69200.04800076805 1.1346932785933503e-08
69250.04800076805 1.3233884884111967e-08
69300.04800076805 6.620573986274117e-09
69350.04800076805 1.751329147096989e-08
69400.04800076805 5.39375547612402e-09
69450.04800076805 1.4439845953609012e-08
69500.04800076805 5.880134018414202e-09
69550.04800076805 3.6564186808266744e-09
69600.04800076805 7.089536588886995e-10
69650.04800076805 3.9342212218357766e-09
69700.04800076805 8.158993313981668e-09
69750.04800076805 4.9900576924842946e-09
69800.04800076805 1.0223846198427106e-08
69850.04800076805 1.0060892255931636e-08
69900.04800076805 5.329465672874313e-09
69950.04800076805 5.048951479981145e-09
70000.04800076805 6.620874926165557e-09
70050.04800076805 1.3880283285835103e-08
70100.04800076805 1.0982330388559331e-08
70150.04800076805 6.654054652159504e-09
70200.04800076805 4.2401797942849335e-09
70250.04800076805 5.787171911247197e-09
70300.04800076805 1.3156766212515161e-08
70350.04800076805 9.664018875674416e-09
70400.04800076805 3.805370296386459e-09
70450.04800076805 3.2566004942189273e-10
70500.04800076805 3.176883280556502e-09
70550.04800076805 3.379196964529825e-09
70600.04800076805 3.4734892926069355e-09
70650.04800076805 1.0952060531615259e-08
70700.04800076805 1.1921587571145864e-08
70750.04800076805 1.9280048966419124e-08
70800.04800076805 6.832618390781964e-09
70850.04800076805 8.11768433371927e-09
70900.04800076805 1.0739380263015401e-08
70950.04800076805 1.4778824867056667e-08
71000.04800076805 1.2844847352470159e-08
71050.04800076805 1.3369360878682007e-08
71100.04800076805 9.251783483378465e-09
71150.04800076805 5.347133860475917e-09
71200.04800076805 5.0651138573141395e-09
71250.04800076805 1.0789210167983704e-08
71300.04800076805 1.5083543987703578e-08
71350.04800076805 1.5363307761436974e-08
71400.04800076805 1.0242065993241634e-08
71450.04800076805 3.0309555373019362e-09
71500.04800076805 3.829422469329327e-09
71550.04800076805 5.798916844493521e-09
71600.04800076805 6.284824073443061e-09
71650.04800076805 3.507060859662948e-09
71700.04800076805 2.2692341568950696e-09
71750.04800076805 7.085738364623842e-09
71800.04800076805 1.1797913364691191e-08
71850.04800076805 1.1234401125566295e-08
71900.04800076805 4.991133309809844e-09
71950.04800076805 8.61863655913567e-09
72000.04800076805 7.292493030949724e-09
72050.04800076805 2.8309197107484398e-09
72100.04800076805 3.7479420482950695e-09
72150.04800076805 4.6808184141896364e-09
72200.04800076805 8.634102635987516e-09
72250.04800076805 1.3398815045222411e-08
72300.04800076805 6.900875493649413e-09
72350.04800076805 9.585840209386818e-09
72400.04800076805 8.271970188108495e-09
72450.04800076805 5.8677198392649245e-09
72500.04800076805 8.717371978099828e-09
72550.04800076805 2.638383834751e-09
72600.04800076805 5.386628194393081e-09
72650.04800076805 1.064727275624923e-08
72700.04800076805 4.966339226716485e-09
72750.04800076805 5.251170195108947e-09
72800.04800076805 2.684141277197891e-09
72850.04800076805 4.547702032472873e-09
72900.04800076805 1.1134410057680402e-08
72950.04800076805 5.907305527667016e-09
73000.04800076805 6.4633143046764886e-09
73050.04800076805 2.4357736444993797e-09
73100.04800076805 3.899471811996038e-09
73150.04800076805 1.0693947599006695e-08
73200.04800076805 3.358653221879864e-09
73250.04800076805 4.585217969844057e-09
73300.04800076805 3.0124398894405514e-09
73350.04800076805 1.8916232974503245e-09
73400.04800076805 4.653052795218246e-09
73450.04800076805 2.214903003504097e-09
73500.04800076805 1.7900236267883687e-09
73550.04800076805 3.454420237446361e-09
73600.04800076805 3.915702921573011e-09
73650.04800076805 4.047801433007604e-09
73700.04800076805 3.563508966458651e-09
73750.04800076805 8.222243154581454e-10
73800.04800076805 3.3180306987705505e-09
73850.04800076805 5.4684748056610054e-09
73900.04800076805 1.982535579553216e-09
73950.04800076805 2.4870638273629736e-09
74000.04800076805 8.026239189202806e-10
74050.04800076805 5.645579623610204e-09
74100.04800076805 4.027842046656741e-09
74150.04800076805 4.07999158109147e-09
74200.04800076805 1.3967596709790158e-09
74250.04800076805 1.5151221152611892e-10
74300.04800076805 3.7062813734205373e-09
74350.04800076805 5.837895400827161e-09
74400.04800076805 5.126179106551428e-09
74450.04800076805 1.3915808865039525e-09
74500.04800076805 5.679431340643655e-10
74550.04800076805 1.964390389680761e-09
74600.04800076805 3.3278751206682007e-09
74650.04800076805 3.5817803694689184e-09
74700.04800076805 2.1822476458165627e-09
74750.04800076805 7.242481188547783e-10
74800.04800076805 1.2694947782844768e-09
74850.04800076805 3.0222899455629104e-09
74900.04800076805 5.200043622100218e-09
74950.04800076805 4.474089587101582e-09
75000.04800076805 1.6236160986524626e-09
75050.04800076805 1.0409084754706563e-10
75100.04800076805 3.824221487452121e-09
75150.04800076805 6.53881485457516e-09
75200.04800076805 6.940311429002391e-09
75250.04800076805 5.692722756160472e-09
75300.04800076805 3.1800335899707955e-09
75350.04800076805 5.690697570771888e-10
75400.04800076805 5.761033943895023e-09
75450.04800076805 6.748649519438103e-09
75500.04800076805 7.007944168675698e-09
75550.04800076805 5.417845323465017e-09
75600.04800076805 5.692676841018088e-09
75650.04800076805 2.5966736781471826e-09
75700.04800076805 8.690485799050999e-09
75750.04800076805 3.9512590600246465e-09
75800.04800076805 6.54894088029172e-09
75850.04800076805 7.267571432451661e-09
75900.04800076805 8.025443605986486e-09
75950.04800076805 2.921985632298818e-09
76000.04800076805 9.8908653046008e-09
76050.04800076805 9.791303425759047e-09
76100.04800076805 7.774197485542167e-09
76150.04800076805 8.966644476419686e-09
76200.04800076805 6.757009230044449e-09
76250.04800076805 2.5681413456793534e-09
76300.04800076805 1.0666086103742589e-08
76350.04800076805 1.287874443119053e-08
76400.04800076805 1.0310053701892586e-08
76450.04800076805 6.994685755618294e-09
76500.04800076805 4.021634510605122e-09
76550.04800076805 9.851452479930152e-10
76600.04800076805 1.3970966102997075e-10
76650.04800076805 1.1868081561765758e-10
76700.04800076805 2.7060133629495547e-10
76750.04800076805 4.166738714325087e-10
76800.04800076805 9.140009329912911e-10
76850.04800076805 4.6111578087721354e-10
76900.04800076805 3.803504878927053e-10
76950.04800076805 1.3401385082812786e-09
77000.04800076805 3.3254967948263666e-09
77050.04800076805 2.6164579836075573e-10
77100.04800076805 2.832319400475024e-10
77150.04800076805 3.7128385843499282e-09
77200.04800076805 1.517774826611403e-09
77250.04800076805 6.54822641541116e-10
77300.04800076805 3.0591029005261357e-09
77350.04800076805 1.3080557537018202e-09
77400.04800076805 1.3994812415362398e-09
77450.04800076805 5.382822217078507e-09
77500.04800076805 3.409886763219662e-09
77550.04800076805 1.8038105736132842e-09
77600.04800076805 6.551122924078932e-10
77650.04800076805 9.602016541490672e-10
77700.04800076805 1.0099114656649557e-09
77750.04800076805 4.508928854223516e-09
77800.04800076805 5.105326737915028e-09
77850.04800076805 9.043319398927062e-09
77900.04800076805 2.8658165286877636e-09
77950.04800076805 3.2607970352643704e-10
78000.04800076805 1.9919702087561267e-09
78050.04800076805 2.985778505832183e-09
78100.04800076805 4.095965502845784e-09
78150.04800076805 7.970025199535544e-09
78200.04800076805 8.660934864778851e-09
78250.04800076805 6.241771771802029e-09
78300.04800076805 1.4582673107481094e-09
78350.04800076805 4.7405977041998185e-09
78400.04800076805 1.4477501845524001e-09
78450.04800076805 4.113318551369265e-09
78500.04800076805 8.039365871897143e-09
78550.04800076805 1.2545650385523191e-08
78600.04800076805 7.915708986549098e-09
78650.04800076805 4.856611586198128e-10
78700.04800076805 1.2309835443893194e-09
78750.04800076805 3.063517633234342e-09
78800.04800076805 2.520994495375469e-09
78850.04800076805 6.469028604526821e-10
78900.04800076805 3.4440480683940477e-09
78950.04800076805 6.825151564334864e-09
79000.04800076805 4.52826672995803e-09
79050.04800076805 2.944517302493031e-09
79100.04800076805 4.0365385770638485e-09
79150.04800076805 3.119588716276958e-09
79200.04800076805 4.426785323021528e-09
79250.04800076805 1.7127376778805836e-09
79300.04800076805 1.982777513136285e-09
79350.04800076805 3.3307855141607026e-09
79400.04800076805 1.6116528888311278e-09
79450.04800076805 7.507142558140237e-09
79500.04800076805 1.1071380708279804e-08
79550.04800076805 7.31801037532343e-09
79600.04800076805 3.4607897545237783e-09
79650.04800076805 6.714865603965708e-09
79700.04800076805 4.668507275662246e-09
79750.04800076805 4.371090228161763e-09
79800.04800076805 1.7852557356060227e-09
79850.04800076805 6.347280174947663e-09
79900.04800076805 1.2127592459040119e-08
79950.04800076805 1.1870018948009813e-08
