# %ECSV 1.0
# ---
# datatype:
# - {name: wav, unit: Angstrom, datatype: float64}
# - {name: flux_nu, unit: erg / (cm2 Hz s), datatype: float64}
# meta: {C/O: '1.00', Kzz: '1.0000E+05', Teff: '1000.', Y: '0.28', '[Fe/H]': '0.50', f_hole: '1.00', f_rain: '0.00', grav: '10.'}
# schema: astropy-2.0
wav flux_nu
4000.0559999999996 nan
4050.0559999999996 1.963570341713185e-12
4100.056 3.0756124520999564e-11
4150.056 5.013562968260567e-11
4200.056 4.24766890450473e-11
4250.056 6.53329126050227e-11
4300.056 7.278329151001121e-11
4350.056 7.975545459200455e-11
4400.056 9.648770062401133e-11
4450.056 9.971065655100025e-11
4500.056 1.0444443443500718e-10
4550.056 1.274318713696085e-10
4600.056 1.4429879553040288e-10
4650.056 1.3604316010098587e-10
4700.056 1.519114838380102e-10
4750.056 1.2675304529500065e-10
4800.056 6.075888252599808e-11
4850.056 2.1202232174099092e-11
4900.056 7.533580126899837e-12
4950.056 2.573906296699964e-12
5000.056 6.492571262099907e-13
5050.056 2.0249168076999792e-13
5100.056 1.531378545399994e-13
5150.056 1.290922908499987e-13
5200.056 1.102515191200001e-13
5250.056 9.366304192799974e-14
5300.056 8.096204493599987e-14
5350.056 7.247463280199992e-14
5400.056 6.678764275899986e-14
5450.056 6.269083467299988e-14
5500.056 5.958290782600012e-14
5550.056 5.723424305500001e-14
5600.056 5.517915261899992e-14
5650.056 5.282962601599997e-14
5700.056 4.987128708600002e-14
5750.056 4.5543732158999905e-14
5800.056 3.897855150899994e-14
5850.056 2.723022856599969e-14
5900.056 8.926750679376162e-15
5950.056 5.243987825100115e-14
6000.056 1.092177263889997e-13
6050.056 1.996882404600026e-13
6100.056 3.43880555000003e-13
6150.056 5.758421690900044e-13
6200.056 9.526080422800068e-13
6250.056 1.56292158710001e-12
6300.056 2.5650176454000185e-12
6350.056 4.2001356402000324e-12
6400.056 6.845932381900043e-12
6450.056 1.0969147120299948e-11
6500.056 1.7454884120000103e-11
6550.056 2.733554002800015e-11
6600.056 4.235435428600056e-11
6650.056 6.458004834900037e-11
6700.056 7.625770639718753e-11
6750.056 1.3758539223000063e-10
6800.056 1.8662660473000047e-10
6850.056 2.1430080823000034e-10
6900.056 2.020265937340039e-10
6950.056 1.7865904730699767e-10
7000.056 1.8145265687400324e-10
7050.056 1.9835971532199688e-10
7100.056 2.1980121846699937e-10
7150.056 2.1914553580369507e-10
7200.056 2.106828426932125e-10
7250.056 2.006444511159851e-10
7300.056 1.7797584962399798e-10
7350.056 1.5449334540309508e-10
7400.056 1.3340290438500478e-10
7450.056 1.0974081442600261e-10
7500.056 8.627070230799922e-11
7550.056 6.361397069699946e-11
7600.056 4.4437986531999587e-11
7650.056 1.0342988750062476e-11
7700.056 6.327182479391143e-12
7750.056 3.915971381300086e-11
7800.056 7.588828247688116e-11
7850.056 1.6424548835000086e-10
7900.056 2.758997012800012e-10
7950.056 3.480854007900251e-10
8000.056 6.725865575000107e-10
8050.056 9.568716927500404e-10
8100.056 1.216742047267034e-09
8150.056 1.6168117443486544e-09
8200.056 2.1759165125826626e-09
8250.056 2.8208804197837255e-09
8300.056 3.6259052877685523e-09
8350.056 4.594619807266872e-09
8400.056 5.773340932983054e-09
8450.056 7.375338978939365e-09
8500.056 8.077999037110892e-09
8550.056 1.073193265505019e-08
8600.056 1.34612918958001e-08
8650.056 1.495706991549936e-08
8700.056 1.7311405397298447e-08
8750.056 2.0349611621901515e-08
8800.056 2.4138107051203048e-08
8850.056 2.7918231020897742e-08
8900.056 2.667791369636766e-08
8950.056 2.337910363893588e-08
9000.056 3.0782502552867343e-08
9050.056 3.970048652843603e-08
9100.056 4.450840120184533e-08
9150.056 4.1651335075613114e-08
9200.056 4.7697253949833516e-08
9250.056 4.6483805478981755e-08
9300.056 2.2646723863464733e-08
9350.056 2.3919571152235174e-08
9400.056 2.7052156001588074e-08
9450.056 3.508460523066194e-08
9500.056 3.585373565054898e-08
9550.056 4.1646172913075964e-08
9600.056 3.822136466431079e-08
9650.056 4.348517343859982e-08
9700.056 4.5357217196713086e-08
9750.056 4.4770512017235666e-08
9800.056 4.772016061250521e-08
9850.056 5.467418539318649e-08
9900.056 6.248446540095371e-08
9950.056 6.504609503886988e-08
10000.056 6.528134462744347e-08
10050.056 7.739787094320531e-08
10100.056 9.367291248765465e-08
10150.056 1.1080004464016126e-07
10200.056 1.2987234523897647e-07
10250.056 1.439484218459752e-07
10300.056 1.6244542546701927e-07
10350.056 1.899091617689862e-07
10400.056 2.1465356052596863e-07
10450.056 2.229691589839885e-07
10500.056 2.1653703667601567e-07
10550.056 2.2140278484504154e-07
10600.056 2.326524636829949e-07
10650.056 2.5518484984009474e-07
10700.056 2.665437899872203e-07
10750.056 2.886779702679258e-07
10800.056 3.0616051705224833e-07
10850.056 3.042965134470377e-07
10900.056 2.251502270692632e-07
10950.056 1.2463936105724844e-07
11000.056 1.2168254623568344e-07
11050.056 1.1430603361620275e-07
11100.056 9.73274184368092e-08
11150.056 7.654247897666258e-08
11200.056 7.058631507972155e-08
11250.056 7.943969401430131e-08
11300.056 8.132907613022329e-08
11350.056 4.6828466092124234e-08
11400.056 6.350196292318146e-08
11450.056 6.007846575796968e-08
11500.056 6.67237563940074e-08
11550.056 4.591065690929918e-08
11600.056 5.372492503212183e-08
11650.056 6.15949332684853e-08
11700.056 5.748599935608499e-08
11750.056 4.1111613762339145e-08
11800.056 6.487859444229059e-08
11850.056 8.52369831879883e-08
11900.056 8.853267276597788e-08
11950.056 1.2067815262390953e-07
12000.056 1.371142297923613e-07
12050.056 1.6180467675524465e-07
12100.056 1.7677046947220458e-07
12150.056 2.066495127738958e-07
12200.056 2.3762917152362113e-07
12250.056 2.605389123640632e-07
12300.056 2.883261442752861e-07
12350.056 3.068696312283695e-07
12400.056 3.352895996210111e-07
12450.056 3.470695545874625e-07
12500.056 3.7918456430997957e-07
12550.056 4.0369053300565205e-07
12600.056 4.4550412182001554e-07
12650.056 4.433156929753585e-07
12700.056 4.732767152426804e-07
12750.056 4.80058041820526e-07
12800.056 4.985074746961185e-07
12850.056 4.718185255527908e-07
12900.056 4.329313976679056e-07
12950.056 4.5351176614606775e-07
13000.056 3.954936009239017e-07
13050.056 3.796164684654721e-07
13100.056 3.530372407335312e-07
13150.056 3.178359012679925e-07
13200.056 2.8252224977793684e-07
13250.056 2.3605201511634448e-07
13300.056 1.3398053112489438e-07
13350.056 5.1622759833259554e-08
13400.056 3.749029000454043e-08
13450.056 2.539443467477583e-08
13500.056 2.204939957622934e-08
13550.056 1.859348359929025e-08
13600.056 1.2055992269522636e-08
13650.056 1.8688849718448953e-08
13700.056 1.5923591227687597e-08
13750.056 1.4175667818176505e-08
13800.056 1.6520918834193764e-08
13850.056 1.5684083251906646e-08
13900.056 1.625282164601901e-08
13950.056 1.544475926203961e-08
14000.056 1.522028320289575e-08
14050.056 1.5667466118311666e-08
14100.056 1.4483901867241526e-08
14150.056 1.651596147149141e-08
14200.056 1.49934415276539e-08
14250.056 1.585613791834734e-08
14300.056 1.9246067718590235e-08
14350.056 1.8440252018771758e-08
14400.056 2.2806637141912575e-08
14450.056 2.3450890822280584e-08
14500.056 3.280026321492326e-08
14550.056 3.669887568753288e-08
14600.056 4.065039667203643e-08
14650.056 4.300244119707577e-08
14700.056 3.793259359404393e-08
14750.056 4.465497087341358e-08
14800.056 5.337857657548921e-08
14850.056 5.746727242168218e-08
14900.056 6.281234266511905e-08
14950.056 6.385267348979846e-08
15000.056 7.028078640041726e-08
15050.056 7.977622811186025e-08
15100.056 8.780004151300422e-08
15150.056 9.947430407664415e-08
15200.056 1.0115211868750879e-07
15250.056 1.092057390121641e-07
15300.056 1.2070175613050526e-07
15350.056 1.279880511592599e-07
15400.056 1.4246213436540652e-07
15450.056 1.5584126900182662e-07
15500.056 1.5910014845015073e-07
15550.056 1.760274407304978e-07
15600.056 1.679499736919006e-07
15650.056 1.84355511575719e-07
15700.056 2.1777274483686392e-07
15750.056 2.393395297530095e-07
15800.056 2.3180943792716087e-07
15850.056 2.709459271551791e-07
15900.056 2.6767125792268646e-07
15950.056 3.016500394699097e-07
16000.056 2.879768094170134e-07
16050.056 2.609976671480091e-07
16100.056 2.572287798316499e-07
16150.056 2.3094977480093862e-07
16200.056 2.1224085395942326e-07
16250.056 2.095144491605804e-07
16300.056 1.931192805146338e-07
16350.056 2.0930678218108025e-07
16400.056 2.4384464550546147e-07
16450.056 2.5299009683582513e-07
16500.056 2.834632632230178e-07
16550.056 2.766503880486155e-07
16600.056 2.649885813995743e-07
16650.056 2.6582673005906063e-07
16700.056 1.670300052650931e-07
16750.056 1.931802071936212e-07
16800.056 2.823897495450205e-07
16850.056 2.8283444625237387e-07
16900.056 2.6596722777473026e-07
16950.056 2.2827759566476378e-07
17000.056 1.8285388487476172e-07
17050.056 2.2044981302741835e-07
17100.056 2.2571574322454425e-07
17150.056 1.7433675253409777e-07
17200.056 1.9258321137519075e-07
17250.056 1.7126454413729386e-07
17300.056 1.4611599540833414e-07
17350.056 1.252087779523784e-07
17400.056 1.4626315848532381e-07
17450.056 1.3721635989648242e-07
17500.056 1.417879535707274e-07
17550.056 1.406776371670428e-07
17600.056 1.2823778277542835e-07
17650.056 1.2297921380912937e-07
17700.056 8.902367609312678e-08
17750.056 8.254965193819213e-08
17800.056 1.1136688869502821e-07
17850.056 8.291914551466894e-08
17900.056 7.403225323904244e-08
17950.056 7.028746084758253e-08
18000.056 7.382061215408837e-08
18050.056 7.34716621099309e-08
18100.056 7.462517502163545e-08
18150.056 9.729304630883022e-08
18200.056 6.692719377580931e-08
18250.056 9.746290430999053e-08
18300.056 8.753358764400907e-08
18350.056 7.173704558646377e-08
18400.056 7.663462515458744e-08
18450.056 7.401021265831262e-08
18500.056 7.901745091959714e-08
18550.056 7.19585567037145e-08
18600.056 6.226223225788357e-08
18650.056 7.011308261220844e-08
18700.056 7.291891402849615e-08
18750.056 7.710765421366665e-08
18800.056 9.113334847963282e-08
18850.056 1.0408412070844468e-07
18900.056 1.0136290569171849e-07
18950.056 1.1273717987760141e-07
19000.056 1.1364715937368269e-07
19050.056 1.0358734650337067e-07
19100.056 1.2178885555459073e-07
19150.056 1.2346106407695354e-07
19200.056 1.25309018081246e-07
19250.056 1.1693740781595076e-07
19300.056 1.2061705670987832e-07
19350.056 1.0822640189422685e-07
19400.056 9.354603691385169e-08
19450.056 1.2525098517196933e-07
19500.056 1.1775430363360776e-07
19550.056 9.359737132364006e-08
19600.056 1.2203662093657399e-07
19650.056 1.2528027291667407e-07
19700.056 1.2775286123948278e-07
19750.056 1.2353692469079777e-07
19800.056 1.288747098159122e-07
19850.056 1.4504735810122098e-07
19900.056 1.217361483033818e-07
19950.056 1.582447217708311e-07
20000.056 1.3992799013255928e-07
20050.056 1.5327541622946964e-07
20100.056 1.7443004884235028e-07
20150.056 1.6977480026140293e-07
20200.056 1.8358788511231193e-07
20250.056 2.0142390905930735e-07
20300.056 2.0330428535594114e-07
20350.056 2.2445641042613827e-07
20400.056 2.1853554448289592e-07
20450.056 2.543403991592998e-07
20500.056 2.563363973468774e-07
20550.056 2.588837064221353e-07
20600.056 2.9524891089257803e-07
20650.056 2.90839908113201e-07
20700.056 3.020150320914524e-07
20750.056 3.2653385667900666e-07
20800.056 3.3695496290329437e-07
20850.056 3.343714962769593e-07
20900.056 3.474558021928992e-07
20950.056 3.5551178618197175e-07
21000.056 3.673830738121232e-07
21050.056 3.6978645290097627e-07
21100.056 3.677735961869892e-07
21150.056 3.948410182819642e-07
21200.056 3.788150922900143e-07
21250.056 3.904226444391238e-07
21300.056 3.4970022309743486e-07
21350.056 3.8878280341657294e-07
21400.056 3.552044883103614e-07
21450.056 3.793836216988822e-07
21500.056 3.4178606458161476e-07
21550.056 3.309130492400912e-07
21600.056 3.191436214860831e-07
21650.056 2.8640367106415343e-07
21700.056 3.0845192003996854e-07
21750.056 2.659360007302156e-07
21800.056 2.3728496776231487e-07
21850.056 2.201635205629008e-07
21900.056 1.795994066639295e-07
21950.056 1.234205684466661e-07
22000.056 6.577184774891784e-08
22050.056 3.8212061799521587e-08
22100.056 5.1050613548479824e-08
22150.056 7.798856344700005e-08
22200.056 9.234620616033712e-08
22250.056 8.229279991971759e-08
22300.056 7.346488471818581e-08
22350.056 6.831543501985225e-08
22400.056 5.332771140382189e-08
22450.056 4.517466340344719e-08
22500.056 4.2265661843728365e-08
22550.056 3.4291862838549306e-08
22600.056 3.674195309196387e-08
22650.056 3.597456351308103e-08
22700.056 3.204398847538518e-08
22750.056 3.368098316291811e-08
22800.056 2.7594161765780022e-08
22850.056 2.4700673291322297e-08
22900.056 2.158653012768835e-08
22950.056 1.91521316866966e-08
23000.056 2.3493538796900472e-08
23050.056 3.148001077219338e-08
23100.056 4.541528844430859e-08
23150.056 5.4491417000808717e-08
23200.056 2.1303221943807136e-08
23250.056 2.0193263985004065e-08
23300.056 1.7824687767909908e-08
23350.056 1.7465301474496804e-08
23400.056 1.9309527529509472e-08
23450.056 2.0201950943495225e-08
23500.056 2.2235419341409588e-08
23550.056 2.6538688162211117e-08
23600.056 2.890254502160088e-08
23650.056 3.674855703259154e-08
23700.056 2.9029939698387277e-08
23750.056 2.2347764995306737e-08
23800.056 2.0326807593403948e-08
23850.056 2.382573349669933e-08
23900.056 3.359723216590286e-08
23950.056 4.047966766632494e-08
24000.056 4.0885175688981415e-08
24050.056 5.245859401216799e-08
24100.056 4.796801682166884e-08
24150.056 5.3025171449436176e-08
24200.056 5.4142124039159533e-08
24250.056 4.694149032779469e-08
24300.056 5.3151990513921625e-08
24350.056 4.5702996926391445e-08
24400.056 5.7243939633423735e-08
24450.056 5.624610922393277e-08
24500.056 5.74702508323676e-08
24550.056 6.599613938863051e-08
24600.056 6.898570308530192e-08
24650.056 7.920337214240087e-08
24700.056 6.692709301435958e-08
24750.056 7.507987195944587e-08
24800.056 7.478765693761127e-08
24850.056 8.924206462851653e-08
24900.056 7.344826995477254e-08
24950.056 9.59373067208922e-08
25000.056 9.147746251101712e-08
25050.056 7.709210188218985e-08
25100.056 9.300038569139451e-08
25150.056 7.778979957138235e-08
25200.056 9.031387331649561e-08
25250.056 8.371391931322387e-08
25300.056 1.0066184840331068e-07
25350.056 7.76345662650109e-08
25400.056 9.943984321632967e-08
25450.056 8.157315632887274e-08
25500.056 8.134077082810794e-08
25550.056 8.105747545547963e-08
25600.056 7.358879241489783e-08
25650.056 7.091551491098498e-08
25700.056 8.781914309836368e-08
25750.056 6.407071651552471e-08
25800.056 8.437650054389684e-08
25850.056 6.924133246287709e-08
25900.056 7.50578496338705e-08
25950.056 6.723552663663501e-08
26000.056 9.279444745891624e-08
26050.056 9.023905448845173e-08
26100.056 8.90996220853897e-08
26150.056 8.40447565457017e-08
26200.056 8.892274097208993e-08
26250.056 9.767029571927274e-08
26300.056 9.525569686142816e-08
26350.056 1.1176733708124546e-07
26400.056 1.1830479925055166e-07
26450.056 1.2688720011753596e-07
26500.056 1.2884223734353327e-07
26550.056 1.039810888046081e-07
26600.056 1.237410265577553e-07
26650.056 8.754272699639743e-08
26700.056 8.574982878471979e-08
26750.056 7.526204366385531e-08
26800.056 9.772534457578158e-08
26850.056 7.577753819817765e-08
26900.056 1.0546342186160849e-07
26950.056 7.692406137258744e-08
27000.056 1.0814474009831337e-07
27050.056 9.100398022644243e-08
27100.056 9.216161372318823e-08
27150.056 1.1262049294552501e-07
27200.056 1.0073895869305717e-07
27250.056 1.0685766842017492e-07
27300.056 1.2903594080339724e-07
27350.056 1.23447697037375e-07
27400.056 9.49472394165899e-08
27450.056 1.521231066334268e-07
27500.056 1.4018718720532552e-07
27550.056 1.153120814058948e-07
27600.056 1.5337507406726308e-07
27650.056 1.0917300565305772e-07
27700.056 1.0356370744495514e-07
27750.056 1.429199798958975e-07
27800.056 1.0048738510093777e-07
27850.056 1.1541672131988426e-07
27900.056 1.2360752007802982e-07
27950.056 1.5106344211303996e-07
28000.056 1.3999551064106024e-07
28050.056 9.644500120903015e-08
28100.056 1.577408830590549e-07
28150.056 1.2458546280604728e-07
28200.056 1.039702902710442e-07
28250.056 1.4615503869502728e-07
28300.056 1.7690649947597848e-07
28350.056 1.2452667827995793e-07
28400.056 1.3265095858398892e-07
28450.056 1.496266707829248e-07
28500.056 1.500215488449633e-07
28550.056 1.0266159590195537e-07
28600.056 1.7443339097996677e-07
28650.056 1.6448547777691693e-07
28700.056 1.5812890286697728e-07
28750.056 1.8153670977503522e-07
28800.056 1.631904016580619e-07
28850.056 1.8639010123005403e-07
28900.056 1.371458702709973e-07
28950.056 2.0379329090702392e-07
29000.056 1.6816844030795263e-07
29050.056 1.7142960541093776e-07
29100.056 1.4462343836001818e-07
29150.056 1.9222312473408694e-07
29200.056 1.6831735343105406e-07
29250.056 2.1265027939700143e-07
29300.056 1.5922562034488585e-07
29350.056 2.426370182359006e-07
29400.056 1.7801366786294846e-07
29450.056 1.9507452572397588e-07
29500.056 2.0355402633297007e-07
29550.056 1.916496067620007e-07
29600.056 2.087734130629627e-07
29650.056 2.0456308594596554e-07
29700.056 1.6412573165591095e-07
29750.056 2.1825451853213962e-07
29800.056 2.2110084502400188e-07
29850.056 2.2107123791097276e-07
29900.056 2.0054337176308004e-07
29950.056 2.1911661874195433e-07
30000.056 2.173958946859798e-07
30050.056 1.9930142024397255e-07
30100.056 1.7400935905393168e-07
30150.056 2.3913570773397676e-07
30200.056 1.9279379659199826e-07
30250.056 2.3418443479008564e-07
30300.056 2.0654063031800225e-07
30350.056 1.7767104700701167e-07
30400.056 2.0746696316301261e-07
30450.056 1.7099281755901655e-07
30500.056 1.3835426897902619e-07
30550.056 1.5389991475401862e-07
30600.056 1.610641217839956e-07
30650.056 1.3811610506296314e-07
30700.056 1.4437259297398799e-07
30750.056 1.3017397772898745e-07
30800.056 1.1736491083601919e-07
30850.056 1.042067487669602e-07
30900.056 1.0913249956398455e-07
30950.056 9.486690836702419e-08
31000.056 8.568291298800115e-08
31050.056 8.771273103000558e-08
31100.056 7.265554143299046e-08
31150.056 7.788884036099497e-08
31200.056 8.444562317200982e-08
31250.056 6.668578188698748e-08
31300.056 6.57846800709937e-08
31350.056 6.288227246499798e-08
31400.056 5.586812487000198e-08
31450.056 5.443460355699159e-08
31500.056 5.065734026298831e-08
31550.056 5.349412789000138e-08
31600.056 4.6466059446993987e-08
31650.056 4.51516407259989e-08
31700.056 4.283517008299349e-08
31750.056 4.159826902701106e-08
31800.056 4.518951382799374e-08
31850.056 4.4493482725001534e-08
31900.056 4.596449384399569e-08
31950.056 3.6761138955004785e-08
32000.056 4.1820601881998067e-08
32050.056 4.369704592599894e-08
32100.056 4.511883239900846e-08
32150.056 4.4072275581993086e-08
32200.056 4.219317577900082e-08
32250.056 4.726697713100254e-08
32300.056 4.3811078653003784e-08
32350.056 4.973151634398897e-08
32400.056 4.193460505399224e-08
32450.056 4.862457880498638e-08
32500.056 4.987606921100329e-08
32550.056 4.571962744199647e-08
32600.056 5.137893923400349e-08
32650.056 6.368738570798993e-08
32700.056 5.778617813000579e-08
32750.056 6.069449945800441e-08
32800.056 5.878170334600135e-08
32850.056 6.155841078098826e-08
32900.056 6.884586702998838e-08
32950.056 7.018933125499226e-08
33000.056 6.155279376598077e-08
33050.056 5.593678626202466e-08
33100.056 4.1208979560997556e-08
33150.056 3.969384641199581e-08
33200.056 3.392687432900424e-08
33250.056 2.7649105956999892e-08
33300.056 2.6606140659997738e-08
33350.056 2.69457412589993e-08
33400.056 2.8528631131997192e-08
33450.056 3.240898719000155e-08
33500.056 3.797240346300803e-08
33550.056 4.131156544400628e-08
33600.056 5.057471181299548e-08
33650.056 5.305949887099353e-08
33700.056 5.30944624389939e-08
33750.056 6.147604113000858e-08
33800.056 6.440955630999835e-08
33850.056 6.57432226149911e-08
33900.056 5.992177146400052e-08
33950.056 5.7848183837998055e-08
34000.056 6.613344929501652e-08
34050.056 5.5508287951983815e-08
34100.056 6.567227617398886e-08
34150.056 6.350141387299878e-08
34200.056 5.611031887098533e-08
34250.056 6.173786385197226e-08
34300.056 6.210807195397873e-08
34350.056 4.983613149099767e-08
34400.056 5.325704654399706e-08
34450.056 5.872802975899444e-08
34500.056 5.693408138500088e-08
34550.056 5.857637838900128e-08
34600.056 6.472075797499671e-08
34650.056 6.320069322299514e-08
34700.056 5.988625708499547e-08
34750.056 6.265302791499071e-08
34800.056 6.297769403898699e-08
34850.056 5.8678725918013415e-08
34900.056 7.047734362898629e-08
34950.056 6.67301614309894e-08
35000.056 8.02433084550171e-08
35050.056 6.322275071098465e-08
35100.056 6.993053051700406e-08
35150.056 6.984428035699712e-08
35200.056 7.534274606599598e-08
35250.056 8.314633689498666e-08
35300.056 8.01462540040148e-08
35350.056 7.352505415198208e-08
35400.056 7.875584977800853e-08
35450.056 6.253679840601984e-08
35500.056 8.982356386300473e-08
35550.056 9.144386622898556e-08
35600.056 8.026098055002675e-08
35650.056 8.947378884799356e-08
35700.056 8.523915666099282e-08
35750.056 9.646533669898206e-08
35800.056 1.234742027299987e-07
35850.056 9.029317865198672e-08
35900.056 1.0733019812899467e-07
35950.056 1.0188591449699139e-07
36000.056 1.0457398272901846e-07
36050.056 1.0118539735998037e-07
36100.056 1.088683517259422e-07
36150.056 1.0748824379898306e-07
36200.056 1.143728282669765e-07
36250.056 1.1420503249096285e-07
36300.056 1.2143512666301169e-07
36350.056 1.206846730420044e-07
36400.056 1.1679837187499356e-07
36450.056 1.3747435418302028e-07
36500.056 1.4250868811299097e-07
36550.056 1.398356924880369e-07
36600.056 1.5931904390601177e-07
36650.056 1.6141158631896788e-07
36700.056 1.739895901069902e-07
36750.056 1.8070097082708272e-07
36800.056 1.7998907108199975e-07
36850.056 1.8481722288196966e-07
36900.056 1.8506863063598252e-07
36950.056 2.1350240606397128e-07
37000.056 2.1273031787698955e-07
37050.056 1.9969082802896625e-07
37100.056 2.3511866769501786e-07
37150.056 2.046225607610066e-07
37200.056 2.2340305098300217e-07
37250.056 2.439544479059719e-07
37300.056 2.1639913964292843e-07
37350.056 2.1017203459503999e-07
37400.056 2.8600004658997857e-07
37450.056 2.5237561062405284e-07
37500.056 2.5256700227095406e-07
37550.056 2.73775886480105e-07
37600.056 2.885760523999791e-07
37650.056 2.589390719499809e-07
37700.056 3.278295965780405e-07
37750.056 2.75166951114e-07
37800.056 2.9534734328319875e-07
37850.056 2.559261469149958e-07
37900.056 2.6050561036208414e-07
37950.056 2.90520183507946e-07
38000.056 3.403819371430374e-07
38050.056 3.4854394001505434e-07
38100.056 2.9527869506606646e-07
38150.056 3.7758484660998503e-07
38200.056 4.042962990600759e-07
38250.056 3.6679662270305593e-07
38300.056 4.101257194699597e-07
38350.056 4.4774429027996277e-07
38400.056 3.53448121290859e-07
38450.056 4.0270202918202116e-07
38500.056 3.158940132230541e-07
38550.056 4.0551197801001623e-07
38600.056 4.4467529204298253e-07
38650.056 3.9225614127595706e-07
38700.056 4.35447745710006e-07
38750.056 4.332841496240434e-07
38800.056 4.088262142037771e-07
38850.056 3.8711375421602335e-07
38900.056 4.523466695060644e-07
38950.056 4.704575318699796e-07
39000.056 4.641661048999918e-07
39050.056 4.631024593899104e-07
39100.056 4.6277677132109225e-07
39150.056 4.397890595129951e-07
39200.056 5.177334328090234e-07
39250.056 5.481619098187639e-07
39300.056 4.782504375797349e-07
39350.056 5.318226572599999e-07
39400.056 5.179651607290602e-07
39450.056 5.207256421009422e-07
39500.056 4.962856849521156e-07
39550.056 5.3633954231606e-07
39600.056 5.488650830497978e-07
39650.056 5.321698125099843e-07
39700.056 5.608310859299632e-07
39750.056 5.002672212520067e-07
39800.056 5.589662430797973e-07
39850.056 5.895901560099533e-07
39900.056 5.753023527901414e-07
39950.056 5.775649434698255e-07
40000.056 6.064982348201001e-07
40050.056 5.571443164300316e-07
40100.056 6.006341537940131e-07
40150.056 6.005067465998523e-07
40200.056 5.977895182098049e-07
40250.056 5.684334302497987e-07
40300.056 5.668933132200784e-07
40350.056 6.416498907601311e-07
40400.056 6.507461745759734e-07
40450.056 6.547569732121689e-07
40500.056 5.981532107600917e-07
40550.056 6.572004605219348e-07
40600.056 6.072990158401298e-07
40650.056 5.707072639888202e-07
40700.056 6.886590026900013e-07
40750.056 6.158460319697679e-07
40800.056 5.628960421498758e-07
40850.056 6.203810875601245e-07
40900.056 6.195480911000745e-07
40950.056 6.157680481500244e-07
41000.056 6.244169568400367e-07
41050.056 6.573323714798992e-07
41100.056 6.134109598900427e-07
41150.056 5.577637978439631e-07
41200.056 6.356805469499127e-07
41250.056 6.174004048999819e-07
41300.056 5.360814856298601e-07
41350.056 6.839249531900751e-07
41400.056 6.543906884602203e-07
41450.056 6.45718724980268e-07
41500.056 6.035921204169377e-07
41550.056 6.053963787460302e-07
41600.056 6.83938657126017e-07
41650.056 6.376962867901084e-07
41700.056 5.617834486298316e-07
41750.056 5.704522080399173e-07
41800.056 5.400876234819202e-07
41850.056 4.600412797740614e-07
41900.056 4.827615673879897e-07
41950.056 3.800851324601262e-07
42000.056 4.0349921954807193e-07
42050.056 3.673115989768883e-07
42100.056 4.3098164544006236e-07
42150.056 3.15445699864854e-07
42200.056 3.279382149429809e-07
42250.056 3.1524166862603795e-07
42300.056 2.674927011390549e-07
42350.056 3.3152630106109377e-07
42400.056 2.6756739961305216e-07
42450.056 2.5889525769305196e-07
42500.056 2.7364089518204006e-07
42550.056 2.714510288180216e-07
42600.056 2.538588246140846e-07
42650.056 2.1533916889389538e-07
42700.056 2.503929787550721e-07
42750.056 2.335385592029875e-07
42800.056 2.1272235221212495e-07
42850.056 2.392885660729506e-07
42900.056 2.3721713730401984e-07
42950.056 2.3199712707288125e-07
43000.056 2.2428675501001792e-07
43050.056 2.1689154003111626e-07
43100.056 2.398832711550643e-07
43150.056 2.1042273942307166e-07
43200.056 2.3437540543305144e-07
43250.056 2.1710364487193314e-07
43300.056 2.2314744781401268e-07
43350.056 2.2893440223900732e-07
43400.056 2.2272471949800486e-07
43450.056 2.2620973300406454e-07
43500.056 2.0708740210899044e-07
43550.056 2.458047697199944e-07
43600.056 2.258018617790055e-07
43650.056 2.1821192928303995e-07
43700.056 2.2956269405089345e-07
43750.056 2.232366616290514e-07
43800.056 1.9807899734200927e-07
43850.056 2.3198485413005418e-07
43900.056 2.344777902519975e-07
43950.056 2.1372904155707976e-07
44000.056 2.2844044319503867e-07
44050.056 2.4872044204204543e-07
44100.056 2.547804423160463e-07
44150.056 2.4296354556793236e-07
44200.056 2.2235673030095675e-07
44250.056 2.5929785428798283e-07
44300.056 2.461459425690131e-07
44350.056 2.3592585974004822e-07
44400.056 2.5235665565698184e-07
44450.056 2.5795645182998276e-07
44500.056 2.808956069199746e-07
44550.056 2.6210935845995065e-07
44600.056 2.7269223949803146e-07
44650.056 2.7102821765504674e-07
44700.056 2.6233272485001543e-07
44750.056 2.8670738462297626e-07
44800.056 3.1758060101000724e-07
44850.056 2.850131532300477e-07
44900.056 2.852547328380326e-07
44950.056 2.744452847279988e-07
45000.056 3.109774981199746e-07
45050.056 3.02870311039975e-07
45100.056 3.1138319324797166e-07
45150.056 3.115079424029653e-07
45200.056 3.0025406391004005e-07
45250.056 3.0151797940994626e-07
45300.056 3.1394865848003637e-07
45350.056 3.324478052099941e-07
45400.056 3.3454231514003303e-07
45450.056 3.0500202962295313e-07
45500.056 3.160047966899744e-07
45550.056 3.4504271009997277e-07
45600.056 3.2509656407999246e-07
45650.056 2.966244897989468e-07
45700.056 3.572526271220346e-07
45750.056 3.1310431367900135e-07
45800.056 3.222746534899869e-07
45850.056 3.7354018665997497e-07
45900.056 3.775237855100233e-07
45950.056 3.254442024160114e-07
46000.056 3.7198663400901095e-07
46050.056 3.5839837966404093e-07
46100.056 3.2483870230403707e-07
46150.056 3.588943797189995e-07
46200.056 3.6869842608804867e-07
46250.056 3.160760192529829e-07
46300.056 3.9651083182798735e-07
46350.056 3.374389811499697e-07
46400.056 3.393160348759739e-07
46450.056 3.667093696400543e-07
46500.056 3.3600473807997174e-07
46550.056 4.157109486119698e-07
46600.056 3.8291550408002533e-07
46650.056 4.815046220658952e-07
46700.056 4.4164022350717283e-07
46750.056 3.52819465762949e-07
46800.056 3.872038927960556e-07
46850.056 4.2151572558005714e-07
46900.056 4.0252626665992914e-07
46950.056 4.317557210140328e-07
47000.056 3.6656217932998306e-07
47050.056 4.320473734898741e-07
47100.056 3.387810657350505e-07
47150.056 3.640739381220264e-07
47200.056 3.9385200830405796e-07
47250.056 3.530356266499868e-07
47300.056 3.664540630369112e-07
47350.056 3.337148433099336e-07
47400.056 4.097714770809304e-07
47450.056 3.486618327949911e-07
47500.056 4.1083213770991425e-07
47550.056 3.564851530799654e-07
47600.056 4.0252899139997217e-07
47650.056 2.9280321941491936e-07
47700.056 4.1519348335306147e-07
47750.056 2.9029076314305815e-07
47800.056 4.163555174599468e-07
47850.056 3.22612839377933e-07
47900.056 3.989403614140121e-07
47950.056 2.9590306693804394e-07
48000.056 4.3900074794003193e-07
48050.056 3.4293006439602754e-07
48100.056 3.7616888405599374e-07
48150.056 3.5909674027005376e-07
48200.056 4.027480081100527e-07
48250.056 3.395702368239856e-07
48300.056 4.1757140508983786e-07
48350.056 3.165724939879941e-07
48400.056 3.9355893291998623e-07
48450.056 3.4670604446004547e-07
48500.056 4.570781709000121e-07
48550.056 3.245092247100201e-07
48600.056 3.9774681180998436e-07
48650.056 3.427751665299715e-07
48700.056 3.8709166693001975e-07
48750.056 3.1166781405005207e-07
48800.056 4.745462682100064e-07
48850.056 3.347290564019484e-07
48900.056 4.2213625060003665e-07
48950.056 4.010529961400413e-07
49000.056 3.603367791939212e-07
49050.056 4.067770020700168e-07
49100.056 3.730276369660448e-07
49150.056 4.0008085921901123e-07
49200.056 3.906527431209977e-07
49250.056 4.080823365800211e-07
49300.056 3.542383555959725e-07
49350.056 3.6395248779701173e-07
49400.056 4.219889120500399e-07
49450.056 3.718585803451001e-07
49500.056 3.8714835887998104e-07
49550.056 3.3276600942003147e-07
49600.056 3.8804358418610913e-07
49650.056 3.954350910499836e-07
49700.056 3.4769532269893214e-07
49750.056 4.5048980453991477e-07
49800.056 3.7777655395801817e-07
49850.056 4.809619957400636e-07
49900.056 3.8051673163002747e-07
49950.056 4.280424198299293e-07
50000.056 4.06548185449915e-07
50050.056 4.223799220600336e-07
50100.056 4.1508784434997083e-07
50150.056 3.4823438913999996e-07
50200.056 3.1294126448400635e-07
50250.056 4.1329395163997575e-07
50300.056 3.8772115613998447e-07
50350.056 4.6226169811000743e-07
50400.056 4.030144678199919e-07
50450.056 3.882687721500783e-07
50500.056 4.538996406300771e-07
50550.056 3.9354833975999516e-07
50600.056 4.217108026849951e-07
50650.056 4.2920860003010966e-07
50700.056 4.604875559798507e-07
50750.056 4.675252802340587e-07
50800.056 3.565578568999731e-07
50850.056 3.886058784200959e-07
50900.056 4.5299501327000155e-07
50950.056 4.24044405740104e-07
51000.056 4.868095917360518e-07
51050.056 3.6887770041203804e-07
51100.056 3.593950135699612e-07
51150.056 4.291850615879303e-07
51200.056 4.5240162433998877e-07
51250.056 4.30627377941898e-07
51300.056 3.866830898861991e-07
51350.056 3.8266495185992217e-07
51400.056 3.376080385009392e-07
51450.056 2.887101375529151e-07
51500.056 3.709251538830339e-07
51550.056 5.103282385640493e-07
51600.056 3.6967308303305796e-07
51650.056 4.048289223999552e-07
51700.056 3.783610681198914e-07
51750.056 3.5330109081007394e-07
51800.056 4.209706645798881e-07
51850.056 4.36056801009998e-07
51900.056 4.6695749480014555e-07
51950.056 4.325881428799559e-07
52000.056 3.377823378949889e-07
52050.056 4.075856255600213e-07
52100.056 3.59941775899911e-07
52150.056 3.703178389600251e-07
52200.056 3.3048639321698187e-07
52250.056 3.6440629500002046e-07
52300.056 4.3506630892000075e-07
52350.056 4.4069816715005564e-07
52400.056 3.2637240411001763e-07
52450.056 3.985996235300105e-07
52500.056 4.236294110799079e-07
52550.056 4.3365643323985e-07
52600.056 3.9484267643007545e-07
52650.056 4.3466849323810943e-07
52700.056 4.0805800469998864e-07
52750.056 3.2652108027396697e-07
52800.056 3.7616449181003956e-07
52850.056 3.5429707629994027e-07
52900.056 3.7859184260007516e-07
52950.056 3.8323604919195614e-07
53000.056 4.241033302029731e-07
53050.056 3.4368717784789724e-07
53100.056 3.2224648562989496e-07
53150.056 4.487725734900495e-07
53200.056 3.2086857272300434e-07
53250.056 4.60357562700011e-07
53300.056 4.3571454451620427e-07
53350.056 4.28400910009961e-07
53400.056 4.285551813500649e-07
53450.056 3.3453923740003075e-07
53500.056 2.9746518281990753e-07
53550.056 3.736236764499019e-07
53600.056 4.109182735460654e-07
53650.056 3.5837286864999797e-07
53700.056 3.576215385751122e-07
53750.056 3.6162696219004633e-07
53800.056 3.643074245601098e-07
53850.056 4.2132666368986794e-07
53900.056 3.0431150570409175e-07
53950.056 4.2491099033994143e-07
54000.056 3.6894434926400706e-07
54050.056 3.65790603596065e-07
54100.056 2.88345624009932e-07
54150.056 3.204013915940423e-07
54200.056 2.645829982769919e-07
54250.056 2.9975278317002323e-07
54300.056 2.8956734171998294e-07
54350.056 3.426723762298999e-07
54400.056 3.8538894087994405e-07
54450.056 3.68548812492935e-07
54500.056 3.288792744399926e-07
54550.056 3.1915615895000155e-07
54600.056 3.425062390999608e-07
54650.056 3.0192885734196386e-07
54700.056 3.6450106654298175e-07
54750.056 3.9122429972010983e-07
54800.056 2.938400871799976e-07
54850.056 3.175931217800088e-07
54900.056 3.672273955800652e-07
54950.056 3.8086755136994493e-07
55000.056 3.313063021699582e-07
55050.056 3.638924750799546e-07
55100.056 3.475224011700212e-07
55150.056 2.995654714839437e-07
55200.056 3.1790540076999113e-07
55250.056 2.8469278037993336e-07
55300.056 2.9092498405996166e-07
55350.056 3.531847242041115e-07
55400.056 3.7297617668006697e-07
55450.056 3.2296901548998893e-07
55500.056 2.5949010685005417e-07
55550.056 3.05545417059959e-07
55600.056 3.131209497259651e-07
55650.056 2.8466334439995743e-07
55700.056 3.167829600900187e-07
55750.056 3.182739453499611e-07
55800.056 2.8233648260003885e-07
55850.056 2.7213838977998254e-07
55900.056 3.1634941250996697e-07
55950.056 3.8657953674000644e-07
56000.056 2.8824991119993847e-07
56050.056 3.1313948401000133e-07
56100.056 3.420953345400029e-07
56150.056 2.7960002708005275e-07
56200.056 3.2615569095992946e-07
56250.056 2.865483203100271e-07
56300.056 3.3057270591997667e-07
56350.056 3.46845327730002e-07
56400.056 2.9169288336001083e-07
56450.056 2.882673187200008e-07
56500.056 2.6193071942002604e-07
56550.056 2.600068816399933e-07
56600.056 3.226715790298964e-07
56650.056 3.1744999549002657e-07
56700.056 3.4521853733002606e-07
56750.056 2.718094327199456e-07
56800.056 3.3585588191007187e-07
56850.056 3.110472916799676e-07
56900.056 2.80126969870033e-07
56950.056 3.285326323899621e-07
57000.056 3.385481260400237e-07
57050.056 3.3013362817996013e-07
57100.056 2.482270972499823e-07
57150.056 3.208862132000891e-07
57200.056 2.816673526599885e-07
57250.056 2.800643484100043e-07
57300.056 3.1841122192004135e-07
57350.056 2.697922361899816e-07
57400.056 3.2187691596995183e-07
57450.056 3.214878455399726e-07
57500.056 3.515309284200682e-07
57550.056 3.290768392100558e-07
57600.056 3.751685621799387e-07
57650.056 2.376820908400243e-07
57700.056 2.6611325193999416e-07
57750.056 3.246554079500257e-07
57800.056 2.468711813699208e-07
57850.056 3.344189917200049e-07
57900.056 3.3892186514000084e-07
57950.056 3.5380023659998807e-07
58000.056 2.9124367418997085e-07
58050.056 3.065375011399575e-07
58100.056 3.142438374700011e-07
58150.056 3.2470681011001404e-07
58200.056 2.3911159222998213e-07
58250.056 2.448152561799444e-07
58300.056 2.0624865061999028e-07
58350.056 2.4637020913002074e-07
58400.056 2.4231954545001876e-07
58450.056 2.561427232000623e-07
58500.056 2.806049878900233e-07
58550.056 3.097386336600214e-07
58600.056 2.5399145601995123e-07
58650.056 2.8494645776998506e-07
58700.056 2.7708678121997067e-07
58750.056 3.1254902557998923e-07
58800.056 2.244993994799742e-07
58850.056 2.909164469200104e-07
58900.056 3.0659173622997034e-07
58950.056 2.6219906865991136e-07
59000.056 3.161175544500017e-07
59050.056 2.8495550076996175e-07
59100.056 3.4439418206996996e-07
59150.056 3.302627975199648e-07
59200.056 3.0399138122999257e-07
59250.056 3.425315149700988e-07
59300.056 3.4574560494007e-07
59350.056 2.769485396599768e-07
59400.056 2.612390532199869e-07
59450.056 2.876191996800661e-07
59500.056 2.5390432810995863e-07
59550.056 2.520360670999634e-07
59600.056 3.189564747900452e-07
59650.056 3.4578034979998605e-07
59700.056 2.4790880848995574e-07
59750.056 3.335875245699486e-07
59800.056 2.8221559495005645e-07
59850.056 2.902020065199768e-07
59900.056 2.792083033599468e-07
59950.056 2.803915315400678e-07
60000.056 3.6769384449000094e-07
60050.056 3.104213997900257e-07
60100.056 3.1106985934987856e-07
60150.056 2.720839640899616e-07
60200.056 3.2535763614997015e-07
60250.056 2.9575890642005677e-07
60300.056 2.7866113860995905e-07
60350.056 2.734596745900424e-07
60400.056 3.0575210426996174e-07
60450.056 2.475385437999488e-07
60500.056 2.2231304834999875e-07
60550.056 2.649459174800207e-07
60600.056 3.208645249000349e-07
60650.056 3.0423021522995426e-07
60700.056 2.794860768300186e-07
60750.056 2.7454564771999777e-07
60800.056 2.9396458140996835e-07
60850.056 3.139754765600515e-07
60900.056 3.150397334301287e-07
60950.056 2.7483017708001427e-07
61000.056 2.918420730300518e-07
61050.056 2.973316564200081e-07
61100.056 3.119657982899984e-07
61150.056 2.49508652009951e-07
61200.056 3.0783203859002177e-07
61250.056 3.26116789359956e-07
61300.056 3.173677204600094e-07
61350.056 3.417127412499738e-07
61400.056 3.5051711242997483e-07
61450.056 2.9112946982000706e-07
61500.056 3.19393292330065e-07
61550.056 2.9372844712998457e-07
61600.056 2.843706777500378e-07
61650.056 2.8711953694992617e-07
61700.056 2.5679382336999173e-07
61750.056 3.114333555399264e-07
61800.056 3.5124477763000625e-07
61850.056 2.7789626692999117e-07
61900.056 3.2888867022010455e-07
61950.056 3.0948883672007225e-07
62000.056 3.1052913393006054e-07
62050.056 2.898417249999364e-07
62100.056 3.121570921900621e-07
62150.056 3.081207828100445e-07
62200.056 3.125161824999567e-07
62250.056 3.327879744299737e-07
62300.056 3.250558536899777e-07
62350.056 3.05742269369937e-07
62400.056 2.697073366700414e-07
62450.056 3.1326073476003536e-07
62500.056 3.1023839756997266e-07
62550.056 3.200652967100031e-07
62600.056 3.3727566913003525e-07
62650.056 2.8302060058004325e-07
62700.056 3.101039953399654e-07
62750.056 3.4932670742001334e-07
62800.056 3.011437403699394e-07
62850.056 3.3536847893006394e-07
62900.056 3.0495487887988226e-07
62950.056 3.1220167842003734e-07
63000.056 3.0256685187005964e-07
63050.056 3.558222257500368e-07
63100.056 3.371744590299581e-07
63150.056 2.8569359927996386e-07
63200.056 3.383767325699765e-07
63250.056 3.107750677100228e-07
63300.056 2.8746645459999676e-07
63350.056 3.4259532809001827e-07
63400.056 2.769004464699833e-07
63450.056 2.4887732909999974e-07
63500.056 3.1753084629000403e-07
63550.056 2.703987865199594e-07
63600.056 3.0743446365997195e-07
63650.056 2.958741841800428e-07
63700.056 2.670997183700151e-07
63750.056 2.61951648379991e-07
63800.056 2.634043443899545e-07
63850.056 2.873784801200905e-07
63900.056 2.7112496759005027e-07
63950.056 2.71080309080042e-07
64000.056 2.878070800500009e-07
64050.056 2.7785193833995504e-07
64100.056 2.151926631900162e-07
64150.056 2.352327774499701e-07
64200.056 2.2381410577999392e-07
64250.056 2.652395818199581e-07
64300.056 2.3149116230000644e-07
64350.056 2.15689320899983e-07
64400.056 2.5461198732002e-07
64450.056 2.332414814399875e-07
64500.056 2.179391047899753e-07
64550.056 2.164408689299864e-07
64600.056 2.1765729608997471e-07
64650.056 2.5841383479008066e-07
64700.056 1.9524411845997034e-07
64750.056 2.1230229227997278e-07
64800.056 1.904104206600334e-07
64850.056 2.0964008059999054e-07
64900.056 2.0021378726993176e-07
64950.056 2.0860058715999797e-07
65000.056 2.268810270400282e-07
65050.056 2.2849098813000252e-07
65100.056 2.267313654100062e-07
65150.056 2.2781065602001134e-07
65200.056 2.3165224974999666e-07
65250.056 2.495616246099874e-07
65300.056 2.565151625000151e-07
65350.056 2.860843043999652e-07
65400.056 2.4452068155998704e-07
65450.056 2.5589886840000446e-07
65500.056 2.720727907199536e-07
65550.056 2.4034184329998414e-07
65600.056 2.605745349200654e-07
65650.056 2.6045655483998334e-07
65700.056 2.744045817899709e-07
65750.056 2.5823452461004377e-07
65800.056 2.880923386100057e-07
65850.056 2.9736080713995263e-07
65900.056 2.4973619050002166e-07
65950.056 2.0444557119001184e-07
66000.056 2.533434877999611e-07
66050.056 3.0298693572003967e-07
66100.056 2.7274438794000627e-07
66150.056 2.513651369999559e-07
66200.056 2.2659725635004688e-07
66250.056 2.586059771299661e-07
66300.056 2.0957607577000592e-07
66350.056 2.2025233453008913e-07
66400.056 2.4051991776993093e-07
66450.056 2.869871274299579e-07
66500.056 3.150220277700373e-07
66550.056 2.9618883867993487e-07
66600.056 2.586459127801236e-07
66650.056 2.827019139801603e-07
66700.056 2.6644608973992643e-07
66750.056 2.980946452700605e-07
66800.056 3.2753724036004515e-07
66850.056 2.473802625501604e-07
66900.056 2.6511769792014183e-07
66950.056 3.2643901233004233e-07
67000.056 3.184517877099703e-07
67050.056 2.7765578858994683e-07
67100.056 2.8563250652006196e-07
67150.056 2.576768972000172e-07
67200.056 2.8537093614009975e-07
67250.056 2.656571856599651e-07
67300.056 2.757832735699907e-07
67350.056 2.8752980958997547e-07
67400.056 2.882947085199406e-07
67450.056 2.6382724854001106e-07
67500.056 2.4114154621999616e-07
67550.056 2.6282839611996796e-07
67600.056 3.095947825799834e-07
67650.056 2.716338969801092e-07
67700.056 2.596397515299184e-07
67750.056 2.3210487691995483e-07
67800.056 2.435671499698695e-07
67850.056 2.54164507899986e-07
67900.056 2.297844036299512e-07
67950.056 2.440140272699577e-07
68000.056 2.622513617799247e-07
68050.056 2.956302758100053e-07
68100.056 2.7452033870001747e-07
68150.056 2.46779268809949e-07
68200.056 2.2340443567012265e-07
68250.056 2.320830735999688e-07
68300.056 2.3745446037998777e-07
68350.056 2.2447290060996535e-07
68400.056 2.6344906857995764e-07
68450.056 2.8576864895007807e-07
68500.056 2.6472764623003906e-07
68550.056 2.2751958970999853e-07
68600.056 2.702161259800458e-07
68650.056 2.3255077369999846e-07
68700.056 2.33795947250021e-07
68750.056 2.645263367600615e-07
68800.056 2.9437860766996753e-07
68850.056 2.5504862958997205e-07
68900.056 3.015386384400111e-07
68950.056 2.9078834991013554e-07
69000.056 2.6431146519995434e-07
69050.056 2.628494877099007e-07
69100.056 2.9306180922992604e-07
69150.056 3.1801028068998895e-07
69200.056 2.478029818400549e-07
69250.056 2.856353503799622e-07
69300.056 2.8420782934006603e-07
69350.056 2.6757903460996394e-07
69400.056 2.3458603866995466e-07
69450.056 2.91876830100097e-07
69500.056 2.757205235599939e-07
69550.056 2.5481055011001214e-07
69600.056 2.130136619399794e-07
69650.056 2.641058936700834e-07
69700.056 2.6419604375996007e-07
69750.056 2.431281786100025e-07
69800.056 2.457642539200362e-07
69850.056 2.7681372636010014e-07
69900.056 2.675684736600344e-07
69950.056 2.6714836078996885e-07
70000.056 2.3980625152002607e-07
70050.056 2.764672078900089e-07
70100.056 2.1832956915006747e-07
70150.056 2.377627371799296e-07
70200.056 2.3208359705002619e-07
70250.056 2.3840052512996062e-07
70300.056 2.539489124099686e-07
70350.056 2.429453206399654e-07
70400.056 2.579501867600173e-07
70450.056 2.2079047480998148e-07
70500.056 2.0497788867006033e-07
70550.056 2.1136083109002817e-07
70600.056 2.1056879251999675e-07
70650.056 2.40477110010022e-07
70700.056 2.178262717299916e-07
70750.056 2.2734413819007117e-07
70800.056 2.3055334991000337e-07
70850.056 2.0829810743008044e-07
70900.056 2.422082415999566e-07
70950.056 2.401385582900431e-07
71000.056 2.2599528175993588e-07
71050.056 2.3984928779003724e-07
71100.056 2.0303890487007438e-07
71150.056 1.9990770512996173e-07
71200.056 2.248174843600179e-07
71250.056 2.322020696500108e-07
71300.056 1.8656930340994732e-07
71350.056 2.2733094442004782e-07
71400.056 2.2917798347989264e-07
71450.056 2.1526003587001018e-07
71500.056 1.95825968490016e-07
71550.056 1.9807392188004604e-07
71600.056 2.143250434999733e-07
71650.056 2.3436968021001592e-07
71700.056 2.0845597195000483e-07
71750.056 1.7504170274995147e-07
71800.056 2.0265933352001558e-07
71850.056 1.9940037637992632e-07
71900.056 2.0670593078997616e-07
71950.056 1.915209337898954e-07
72000.056 1.8076387994001824e-07
72050.056 2.0029062757003134e-07
72100.056 1.8429991581001802e-07
72150.056 2.06695291839995e-07
72200.056 1.7104120235002786e-07
72250.056 2.0042735624001877e-07
72300.056 1.8436570088003448e-07
72350.056 1.9447709815001262e-07
72400.056 1.926679181100054e-07
72450.056 1.7260513107997833e-07
72500.056 1.8942371570004614e-07
72550.056 1.6599304741998253e-07
72600.056 1.866352913099979e-07
72650.056 1.7291387771000632e-07
72700.056 1.7647704765001482e-07
72750.056 1.8372798299993778e-07
72800.056 1.7925326339003014e-07
72850.056 1.6949513311000107e-07
72900.056 1.8731205761999971e-07
72950.056 1.7585064359999378e-07
73000.056 1.8258218708995128e-07
73050.056 1.6885369187002261e-07
73100.056 1.7920894523000127e-07
73150.056 1.7293213469995188e-07
73200.056 1.5781183062995495e-07
73250.056 1.61964560449972e-07
73300.056 1.6265863501003326e-07
73350.056 1.7027149427998846e-07
73400.056 1.6869296845997484e-07
73450.056 1.6207335473998168e-07
73500.056 1.7547811032997585e-07
73550.056 1.6824479575998113e-07
73600.056 1.613534600700042e-07
73650.056 1.6432409294999605e-07
73700.056 1.5753190759999358e-07
73750.056 1.6248748525000464e-07
73800.056 1.7193603745999494e-07
73850.056 1.5891672651995274e-07
73900.056 1.795719140700081e-07
73950.056 1.6764170531003034e-07
74000.056 1.5645121061999926e-07
74050.056 1.7268053828001882e-07
74100.056 1.7263809691999075e-07
74150.056 1.673695123799494e-07
74200.056 1.6110393933997388e-07
74250.056 1.587809459000111e-07
74300.056 1.597515978900013e-07
74350.056 1.5940388774001531e-07
74400.056 1.6847730557999467e-07
74450.056 1.5579634390999698e-07
74500.056 1.7721779213003023e-07
74550.056 1.764597126700029e-07
74600.056 1.58271090230039e-07
74650.056 1.6015884556001257e-07
74700.056 1.7629945618003206e-07
74750.056 1.6364851658999868e-07
74800.056 1.796436494000276e-07
74850.056 1.775814635200579e-07
74900.056 1.8601633432996564e-07
74950.056 1.5682322991996734e-07
75000.056 1.7586975649000704e-07
75050.056 1.7008008092999138e-07
75100.056 1.8257027424002692e-07
75150.056 1.847715692799939e-07
75200.056 1.7475427201003042e-07
75250.056 1.908510069599897e-07
75300.056 1.7977320550000697e-07
75350.056 1.7959777959001275e-07
75400.056 1.9735504681000614e-07
75450.056 1.900128727800509e-07
75500.056 1.7716063125004068e-07
75550.056 1.797380031600007e-07
75600.056 1.9765379357005084e-07
75650.056 1.8898436425996915e-07
75700.056 2.0193532062995988e-07
75750.056 1.907694172901074e-07
75800.056 1.889050054799311e-07
75850.056 1.9079826515006644e-07
75900.056 1.9414984708003787e-07
75950.056 1.9571721989997558e-07
76000.056 1.9432768124997867e-07
76050.056 2.1016077475996534e-07
76100.056 2.005520431899877e-07
76150.056 2.1020637748995794e-07
76200.056 1.9478048476003952e-07
76250.056 2.192434919599549e-07
76300.056 2.0131957460994437e-07
76350.056 2.208800856300315e-07
76400.056 2.1500234971005613e-07
76450.056 2.2183873917005074e-07
76500.056 2.0603849780001906e-07
76550.056 2.153733794599784e-07
76600.056 1.7816809209994846e-07
76650.056 1.6876473817997488e-07
76700.056 1.5766296474000475e-07
76750.056 1.783688419300307e-07
76800.056 1.812000307900237e-07
76850.056 1.804521270800117e-07
76900.056 1.593330725899868e-07
76950.056 1.5872130232001484e-07
77000.056 1.451995998899974e-07
77050.056 1.5128313700998693e-07
77100.056 1.469131350000237e-07
77150.056 1.5357513214998455e-07
77200.056 1.4477568108997047e-07
77250.056 1.501608392300145e-07
77300.056 1.4707923908998477e-07
77350.056 1.5227837941004106e-07
77400.056 1.397864695899974e-07
77450.056 1.386357887000024e-07
77500.056 1.4616301076997647e-07
77550.056 1.5308189704000925e-07
77600.056 1.4823292083997192e-07
77650.056 1.530058216599732e-07
77700.056 1.4234005470997497e-07
77750.056 1.4492880728999737e-07
77800.056 1.4398856230000415e-07
77850.056 1.4772083540001135e-07
77900.056 1.4443199522000078e-07
77950.056 1.4951646656997988e-07
78000.056 1.4608953386999673e-07
78050.056 1.5160462420001243e-07
78100.056 1.5258698760001177e-07
78150.056 1.4990271987000552e-07
78200.056 1.5956430033999303e-07
78250.056 1.53244289179999e-07
78300.056 1.5757327736993166e-07
78350.056 1.5610903199002348e-07
78400.056 1.6589280736000378e-07
78450.056 1.5313782672003593e-07
78500.056 1.7505921798001746e-07
78550.056 1.6134409988997797e-07
78600.056 1.6860011670999939e-07
78650.056 1.689358393699736e-07
78700.056 1.7080258210005086e-07
78750.056 1.6739180953000756e-07
78800.056 1.7001846573996907e-07
78850.056 1.6656852541995818e-07
78900.056 1.6639817753001396e-07
78950.056 1.7849647895998778e-07
79000.056 1.732403892899703e-07
79050.056 1.700925650099792e-07
79100.056 1.768605731600029e-07
79150.056 1.746614926000524e-07
79200.056 1.7278874655999056e-07
79250.056 1.7206061925000457e-07
79300.056 1.7978367629999393e-07
79350.056 1.7998589804002803e-07
79400.056 1.822451939500599e-07
79450.056 1.6735638818996946e-07
79500.056 1.7885571257998248e-07
79550.056 1.872367190600377e-07
79600.056 1.9122108323000534e-07
79650.056 1.712664911199789e-07
79700.056 1.8496727449002847e-07
79750.056 1.8417291195999896e-07
79800.056 1.7324802002005457e-07
79850.056 1.8987234706000176e-07
79900.056 1.8864708654998392e-07
79950.056 1.9972454995997725e-07
