# %ECSV 1.0
# ---
# datatype:
# - {name: wav, unit: Angstrom, datatype: float64}
# - {name: flux_nu, unit: erg / (cm2 Hz s), datatype: float64}
# schema: astropy-2.0
wav flux_nu
10000.000000000093 nan
10050.000000000093 2.987315042346577e-07
10100.000000000093 3.4582311729235574e-07
10150.000000000093 3.4797033522620323e-07
10200.000000000093 3.805080015488166e-07
10250.000000000093 4.060857837155503e-07
10300.000000000093 4.2287576315777325e-07
10350.000000000093 4.816646985921116e-07
10400.000000000093 5.240864625231384e-07
10450.000000000093 5.550720512865167e-07
10500.000000000093 5.653801063136634e-07
10550.000000000093 5.806691104841247e-07
10600.000000000093 6.127879934619401e-07
10650.000000000093 6.440827892431668e-07
10700.000000000093 6.808460795970046e-07
10750.000000000093 7.12083948469533e-07
10800.000000000093 7.385075569671008e-07
10850.000000000093 7.726585430236556e-07
10900.000000000093 7.156696266729154e-07
10950.000000000093 5.615426852480146e-07
11000.000000000093 4.5724199666317695e-07
11050.000000000093 3.55619882903813e-07
11100.000000000093 2.7974931373716885e-07
11150.000000000093 2.2637414495032076e-07
11200.000000000093 2.426363429859323e-07
11250.000000000093 3.1157850185125223e-07
11300.000000000093 3.090257557103903e-07
11350.000000000093 1.820955344424298e-07
11400.000000000093 3.513291301192098e-07
11450.000000000093 2.750551393352203e-07
11500.000000000093 3.205900489322865e-07
11550.000000000093 2.3808131679109622e-07
11600.000000000093 2.47183049362255e-07
11650.000000000093 3.0121072094568407e-07
11700.000000000093 3.088651638638962e-07
11750.000000000093 2.654700763324374e-07
11800.000000000093 3.6438893004662724e-07
11850.000000000093 4.2982534910401733e-07
11900.000000000093 5.07790964036939e-07
11950.000000000093 5.32618505177634e-07
12000.000000000093 6.238765944345389e-07
12050.000000000093 7.231284312702321e-07
12100.000000000093 7.838703063863175e-07
12150.000000000093 8.837478872317576e-07
12200.000000000093 9.45633841013682e-07
12250.000000000093 1.0299870700817732e-06
12300.000000000093 1.1042919748070564e-06
12350.000000000093 1.1186741490821746e-06
12400.000000000093 1.1424953765288463e-06
12450.000000000093 1.2251050771735393e-06
12500.000000000093 1.2786200398571085e-06
12550.000000000093 1.3384549601829558e-06
12600.000000000093 1.3498634157228703e-06
12650.000000000093 1.3133551608125813e-06
12700.000000000093 1.3379714481566044e-06
12750.000000000093 1.341293877309865e-06
12800.000000000093 1.3610889612966456e-06
12850.000000000093 1.258380259100754e-06
12900.000000000093 1.1918956163420232e-06
12950.000000000093 1.1783345649772582e-06
13000.000000000093 1.1717969779379284e-06
13050.000000000093 1.128798555645537e-06
13100.000000000093 1.0969199876269312e-06
13150.000000000093 9.756238360425362e-07
13200.000000000093 9.03414000624623e-07
13250.000000000093 6.773734463453039e-07
13300.000000000093 4.114205983411752e-07
13350.000000000093 1.3826132409910138e-07
13400.000000000093 6.393226348347744e-08
13450.000000000093 4.594521342019763e-08
13500.000000000093 2.9589749407564383e-08
13550.000000000093 2.3621630314207635e-08
13600.000000000093 1.9598003045825232e-08
13650.000000000093 4.154850485068717e-08
13700.000000000093 3.406603859913699e-08
13750.000000000093 4.526070739437514e-08
13800.000000000093 5.670358454394881e-08
13850.000000000093 3.97991817859505e-08
13900.000000000093 3.864680296776333e-08
13950.000000000093 3.680757534306732e-08
14000.000000000093 3.6476736706976524e-08
14050.000000000093 4.396050981762269e-08
14100.000000000093 3.360877364794854e-08
14150.000000000093 4.553958463663906e-08
14200.000000000093 3.659447535706097e-08
14250.000000000093 3.845381260267356e-08
14300.000000000093 5.666883763798645e-08
14350.000000000093 5.581436570865096e-08
14400.000000000093 5.749041410864496e-08
14450.000000000093 6.779633199486148e-08
14500.000000000093 1.0288251533934236e-07
14550.000000000093 1.018834769343874e-07
14600.000000000093 1.4375506178247598e-07
14650.000000000093 1.4108661649151856e-07
14700.000000000093 1.1552794346066748e-07
14750.000000000093 1.448899710506483e-07
14800.000000000093 1.7009001470781245e-07
14850.000000000093 1.8382995600328058e-07
14900.000000000093 1.8537543150603665e-07
14950.000000000093 2.1073793343336181e-07
15000.000000000093 2.3691967890799878e-07
15050.000000000093 2.806915511783764e-07
15100.000000000093 3.0021015859735697e-07
15150.000000000093 3.263595934322737e-07
15200.000000000093 3.4283747023483935e-07
15250.000000000093 4.005033354949888e-07
15300.000000000093 4.3977375961436904e-07
15350.000000000093 4.994284851599844e-07
15400.000000000093 5.391896616578002e-07
15450.000000000093 5.829838984203959e-07
15500.000000000093 6.083919295256213e-07
15550.000000000093 6.685858558718107e-07
15600.000000000093 6.984755772570858e-07
15650.000000000093 7.116419495503846e-07
15700.000000000093 7.671206241371004e-07
15750.000000000093 7.875705955982238e-07
15800.000000000093 7.874332911651834e-07
15850.000000000093 8.077833973728688e-07
15900.000000000093 7.870124959884897e-07
15950.000000000093 7.651584508489369e-07
16000.000000000093 7.105993452213085e-07
16050.000000000093 6.222125147192383e-07
16100.000000000093 5.504470612427682e-07
16150.000000000093 4.57818370078533e-07
16200.000000000093 3.7951144235242037e-07
16250.000000000093 3.7080585241451904e-07
16300.000000000093 3.38974771808537e-07
16350.000000000093 3.6106575450010995e-07
16400.000000000095 3.8913294200397345e-07
16450.000000000095 4.1218824527857206e-07
16500.000000000095 4.4130850151940837e-07
16550.000000000095 4.3279136470681545e-07
16600.000000000095 4.335257648312821e-07
16650.000000000095 3.353920680371931e-07
16700.000000000095 2.3800546776418174e-07
16750.000000000095 2.868038555721117e-07
16800.000000000095 3.5569437760994385e-07
16850.000000000095 3.516899557749681e-07
16900.000000000095 3.326383945256161e-07
16950.000000000095 3.1244180313624635e-07
17000.000000000095 2.8732966127467146e-07
17050.000000000095 3.3988118815138466e-07
17100.000000000095 3.5856529293089983e-07
17150.000000000095 3.2510952190036356e-07
17200.000000000095 3.6304297552862177e-07
17250.000000000095 3.2566399230188534e-07
17300.000000000095 2.9835204763273793e-07
17350.000000000095 2.7576544069862686e-07
17400.000000000095 2.626555968469618e-07
17450.000000000095 2.5435796546259475e-07
17500.000000000095 2.642903653363138e-07
17550.000000000095 2.3109825786672493e-07
17600.000000000095 2.1284031112933416e-07
17650.000000000095 2.0584937774191065e-07
17700.000000000095 1.6287018501791984e-07
17750.000000000095 1.437911333674508e-07
17800.000000000095 1.5706198592708847e-07
17850.000000000095 1.1401593318571585e-07
17900.000000000095 1.3448800435423836e-07
17950.000000000095 1.0468076074850401e-07
18000.000000000095 1.1008748187690539e-07
18050.000000000095 9.847879068334851e-08
18100.000000000095 9.791181251464175e-08
18150.000000000095 1.2021122802135613e-07
18200.000000000095 8.226740793764191e-08
18250.000000000095 1.4887643951057173e-07
18300.000000000095 9.819453621791811e-08
18350.000000000095 9.453770984775308e-08
18400.000000000095 8.504428423685037e-08
18450.000000000095 9.744857529863864e-08
18500.000000000095 1.0103635927788931e-07
18550.000000000095 8.050713923492171e-08
18600.000000000095 7.243383875575949e-08
18650.000000000095 6.727271991830662e-08
18700.000000000095 6.653393871826986e-08
18750.000000000095 8.564699991723187e-08
18800.000000000095 1.3842640483719014e-07
18850.000000000095 1.5355027300592942e-07
18900.000000000095 1.3545521581065553e-07
18950.000000000095 2.0536202658420153e-07
19000.000000000095 1.498187149623873e-07
19050.000000000095 1.1942281824114128e-07
19100.000000000095 1.8318385144898485e-07
19150.000000000095 1.4094249430303433e-07
19200.000000000095 1.6600730397352607e-07
19250.000000000095 1.3514586794819688e-07
19300.000000000095 1.291682940392328e-07
19350.000000000095 1.2024862613001882e-07
19400.000000000095 7.933145212467766e-08
19450.000000000095 1.3362325393030144e-07
19500.000000000095 1.321292825007158e-07
19550.000000000095 1.0525019710215724e-07
19600.000000000095 1.2794548073142292e-07
19650.000000000095 1.539958756861924e-07
19700.000000000095 1.502695172568221e-07
19750.000000000095 1.4731210275270062e-07
19800.000000000095 1.7096177391947683e-07
19850.000000000095 2.0929832023726644e-07
19900.000000000095 1.6044082762797446e-07
19950.000000000095 2.294281487741331e-07
20000.000000000095 2.1254065209739132e-07
20050.000000000095 2.4520339882198914e-07
20100.000000000095 2.4402259572110115e-07
20150.000000000095 2.6249738537623395e-07
20200.000000000095 2.9031720603393907e-07
20250.000000000095 3.160046303579203e-07
20300.000000000095 3.032543724983878e-07
20350.000000000095 3.4537386047944103e-07
20400.000000000095 3.4377414655148867e-07
20450.000000000095 3.7661092296175635e-07
20500.000000000095 3.9313492376913614e-07
20550.000000000095 3.8781711937115265e-07
20600.000000000095 4.2595597706048636e-07
20650.000000000095 4.1526585238948e-07
20700.000000000095 4.238620347628409e-07
20750.000000000095 4.361096261498989e-07
20800.000000000095 4.4149370729545845e-07
20850.000000000095 4.406315744278747e-07
20900.000000000095 4.536883906359857e-07
20950.000000000095 4.4408628064669505e-07
21000.000000000095 4.4691605071893356e-07
21050.000000000095 4.3747526959668263e-07
21100.000000000095 4.332658024377285e-07
21150.000000000095 4.366100873274848e-07
21200.000000000095 4.2393612879917247e-07
21250.000000000095 4.222091654175557e-07
21300.000000000095 4.0088654286610674e-07
21350.000000000095 4.00774919936305e-07
21400.000000000095 3.8525194811055094e-07
21450.000000000095 3.715515361688083e-07
21500.000000000095 3.6669888499601926e-07
21550.000000000095 3.5487707810841275e-07
21600.000000000095 3.4143364158216927e-07
21650.000000000095 3.2446119382584015e-07
21700.000000000095 3.236696268054627e-07
21750.000000000095 3.0200319680836264e-07
21800.000000000095 2.805691008660974e-07
21850.000000000095 2.559132106414969e-07
21900.000000000095 2.3603408385375062e-07
21950.000000000095 1.7822332227197463e-07
22000.000000000095 1.2180873412300664e-07
22050.000000000095 9.576209319608441e-08
22100.000000000095 1.3173615272834913e-07
22150.000000000095 1.4496908230784561e-07
22200.000000000095 1.4690330253288392e-07
22250.000000000095 1.3860795364699453e-07
22300.000000000095 1.3080242872641855e-07
22350.000000000095 1.2255270167155803e-07
22400.000000000095 1.0605968645521317e-07
22450.000000000095 9.685324675081035e-08
22500.000000000095 1.0032241198176502e-07
22550.000000000095 8.015368680878965e-08
22600.000000000095 8.986810179845373e-08
22650.000000000095 9.279260669544685e-08
22700.000000000095 8.954823186293792e-08
22750.000000000095 8.989414694544133e-08
22800.000000000095 8.582970599176042e-08
22850.000000000095 7.573418382085153e-08
22900.000000000095 7.330213636447341e-08
22950.000000000095 7.297051307453413e-08
23000.000000000095 7.210079995089454e-08
23050.000000000095 9.264153674110534e-08
23100.000000000095 1.2629845717026506e-07
23150.000000000095 1.225579001878723e-07
23200.000000000095 5.7814549057507294e-08
23250.000000000095 6.339665781813525e-08
23300.000000000095 5.838108020732106e-08
23350.000000000095 5.2522864783788295e-08
23400.000000000095 6.15000901395837e-08
23450.000000000095 5.75066012647039e-08
23500.000000000095 5.995060024271657e-08
23550.000000000095 7.800309343011231e-08
23600.000000000095 8.711075596719511e-08
23650.000000000095 9.618471383636806e-08
23700.000000000095 5.979527768584281e-08
23750.000000000095 5.839365564800899e-08
23800.000000000095 6.753814996066802e-08
23850.000000000095 6.941171582117008e-08
23900.000000000095 9.677307908676146e-08
23950.000000000095 9.35069845364871e-08
24000.000000000095 1.1804920994306094e-07
24050.000000000095 1.2047769815030644e-07
24100.000000000095 1.0184321407395802e-07
24150.000000000095 1.1699405604750388e-07
24200.000000000095 1.23003737261853e-07
24250.000000000095 1.1054091856554355e-07
24300.000000000095 1.2385512067226075e-07
24350.000000000095 1.0661476263025968e-07
24400.000000000095 1.402347654794481e-07
24450.000000000095 1.1694229001946479e-07
24500.000000000095 1.2805859684725165e-07
24550.000000000095 1.2491183282565206e-07
24600.000000000095 1.3470431863458263e-07
24650.000000000095 1.538911872537705e-07
24700.000000000095 1.146310408589284e-07
24750.000000000095 1.0816481706004483e-07
24800.000000000095 1.1575524113889902e-07
24850.000000000095 1.563201692324683e-07
24900.000000000095 8.130481854244304e-08
24950.000000000095 1.3401517060609287e-07
25000.000000000095 1.259373737970469e-07
25050.000000000095 8.725715619068638e-08
25100.000000000095 1.176615689657577e-07
25150.000000000095 7.581929745066731e-08
25200.000000000095 1.016889353127859e-07
25250.000000000095 7.020560971502872e-08
25300.000000000095 9.389447270669437e-08
25350.000000000095 5.818180255696128e-08
25400.000000000095 9.815722507252531e-08
25450.000000000095 6.430331820813734e-08
25500.000000000095 6.347232494081021e-08
25550.000000000095 7.881077860356233e-08
25600.000000000095 7.28626097757648e-08
25650.000000000095 4.904071106800327e-08
25700.000000000095 9.083664925537525e-08
25750.000000000095 4.862709212536055e-08
25800.000000000095 9.245279070833126e-08
25850.000000000095 5.052930483396986e-08
25900.000000000095 7.381005115466807e-08
25950.000000000095 4.6370165050813864e-08
26000.000000000095 8.819127917167165e-08
26050.000000000095 6.312458727550759e-08
26100.000000000095 1.0309785409921574e-07
26150.000000000095 8.45501479276431e-08
26200.000000000095 8.987305815743792e-08
26250.000000000095 1.2598952264303077e-07
26300.000000000095 9.130753194176244e-08
26350.000000000095 1.3775309991151494e-07
26400.000000000095 1.416688190841168e-07
26450.000000000095 1.3801791849758808e-07
26500.000000000095 1.4164397454440785e-07
26550.000000000095 9.985850427281549e-08
26600.000000000095 1.178591683560925e-07
26650.000000000095 6.43921119336078e-08
26700.000000000095 5.660837117484108e-08
26750.000000000095 4.8863005112453355e-08
26800.000000000095 6.560029693504721e-08
26850.000000000095 4.0092097369097195e-08
26900.000000000095 7.817544801294949e-08
26950.000000000095 4.342340742743696e-08
27000.000000000095 9.183956550687393e-08
27050.000000000095 8.414152774868373e-08
27100.000000000095 6.337169858433188e-08
27150.000000000095 1.0509562602067783e-07
27200.000000000095 6.957225291668225e-08
27250.000000000095 7.818577215404566e-08
27300.000000000095 1.545877343730473e-07
27350.000000000095 1.1949044967575392e-07
27400.000000000095 4.5825008294332836e-08
27450.000000000095 1.4208695200085988e-07
27500.000000000095 1.4934144337299615e-07
27550.000000000095 7.756824372061044e-08
27600.000000000095 1.2694809306148154e-07
27650.000000000095 6.628809902477952e-08
27700.000000000095 5.719366753206941e-08
27750.000000000095 1.27392424111562e-07
27800.000000000095 7.083038943355875e-08
27850.000000000095 7.67447994234522e-08
27900.000000000095 9.99757241268357e-08
27950.000000000095 1.3181936632621042e-07
28000.000000000095 1.1086241415172244e-07
28050.000000000095 5.5479314534098985e-08
28100.000000000095 1.462431875204726e-07
28150.000000000095 1.0346773284874707e-07
28200.000000000095 5.518218878026023e-08
28250.000000000095 1.4399257342512144e-07
28300.000000000095 1.7275208850290798e-07
28350.000000000095 6.058583226042742e-08
28400.000000000095 1.2756913514887105e-07
28450.000000000095 1.4909041410214107e-07
28500.000000000095 1.2034049832940324e-07
28550.000000000095 6.006907458637076e-08
28600.000000000095 1.6321345417745592e-07
28650.000000000095 1.376214693248808e-07
28700.000000000095 1.1765355962602932e-07
28750.000000000095 1.5851354407717097e-07
28800.000000000095 1.508172561870985e-07
28850.000000000095 1.703145195569429e-07
28900.000000000095 9.234599690134468e-08
28950.000000000095 1.964430932610208e-07
29000.000000000095 1.4680595868964137e-07
29050.000000000095 1.6856949461242748e-07
29100.000000000095 1.1512396114311961e-07
29150.000000000095 2.2400947036092787e-07
29200.000000000095 1.4496357362838607e-07
29250.000000000095 1.904181910769285e-07
29300.000000000095 1.250085916779899e-07
29350.000000000095 3.173085212864587e-07
29400.000000000095 1.853944989793718e-07
29450.000000000095 1.8660257810628627e-07
29500.000000000095 2.083175557014895e-07
29550.000000000095 1.8937202203938895e-07
29600.000000000095 2.4107372133361184e-07
29650.000000000095 1.9891372597160247e-07
29700.000000000095 1.8999337763924596e-07
29750.000000000095 2.3720325564342757e-07
29800.000000000095 2.490333525688422e-07
29850.000000000095 2.525139054739052e-07
29900.000000000095 2.578445534930683e-07
29950.000000000095 2.5226367248910074e-07
30000.000000000095 2.2417617355920602e-07
30050.000000000095 1.8815928130031053e-07
30100.000000000095 2.1981408036187562e-07
30150.000000000095 2.968169806688995e-07
30200.000000000095 2.2453211103247788e-07
30250.000000000095 2.9723742743123677e-07
30300.000000000095 2.5948370822245917e-07
30350.000000000095 2.531459284201311e-07
30400.000000000095 2.728569681871815e-07
30450.000000000095 2.1680171143419914e-07
30500.000000000095 2.1770892495311527e-07
30550.000000000095 2.235635179083194e-07
30600.000000000095 2.493089099434984e-07
30650.000000000095 2.2091226494600474e-07
30700.000000000095 1.9937225225735543e-07
30750.000000000095 1.8641567733972423e-07
30800.000000000095 1.8590622894300747e-07
30850.000000000095 1.6849260621685412e-07
30900.000000000095 1.7407952045379053e-07
30950.000000000095 1.2581085746049933e-07
31000.000000000095 1.4143694385873373e-07
31050.000000000095 1.6118320774885262e-07
31100.000000000095 1.1514595672942165e-07
31150.000000000095 1.2904480849504281e-07
31200.000000000095 1.4147757875618932e-07
31250.000000000095 1.1358298695932462e-07
31300.000000000095 1.1059211645883498e-07
31350.000000000095 1.0800509413945876e-07
31400.000000000095 8.308257225621837e-08
31450.000000000095 1.0553479321492007e-07
31500.000000000095 8.419108283755096e-08
31550.000000000095 9.528152588698407e-08
31600.000000000095 7.56800614431705e-08
31650.000000000095 7.37358233553816e-08
31700.000000000095 8.521879549436071e-08
31750.000000000095 6.369589577085994e-08
31800.000000000095 7.687573260342966e-08
31850.000000000095 6.544310567843506e-08
31900.000000000095 7.122699337524446e-08
31950.000000000095 6.641772487939404e-08
32000.000000000095 6.917875928506064e-08
32050.000000000095 6.02229488883469e-08
32100.000000000095 5.6368019501959244e-08
32150.000000000095 7.232639889781428e-08
32200.000000000095 5.3983425807277086e-08
32250.000000000095 7.715642427301094e-08
32300.000000000095 5.127281544176855e-08
32350.000000000095 9.081694952584752e-08
32400.000000000095 6.362381360605819e-08
32450.000000000095 8.847422131758867e-08
32500.000000000095 6.976627479438549e-08
32550.000000000095 8.161449017494356e-08
32600.000000000095 9.203513782627455e-08
32650.000000000095 1.0418320079913138e-07
32700.000000000095 9.532953503438362e-08
32750.000000000095 1.1833387737132602e-07
32800.000000000095 1.0732509166814486e-07
32850.000000000095 1.2846854164110075e-07
32900.000000000095 1.3702311234989698e-07
32950.000000000095 1.4331890119765021e-07
33000.000000000095 1.2705517623890996e-07
33050.000000000095 1.2162095077158535e-07
33100.000000000095 7.678695975155213e-08
33150.000000000095 2.2765894761282752e-08
33200.000000000095 2.5223627553423424e-08
33250.000000000095 1.7664524584038555e-08
33300.000000000095 1.9285834071713725e-08
33350.000000000095 3.1166318089288295e-08
33400.000000000095 4.215180210819591e-08
33450.000000000095 5.1420483329968585e-08
33500.000000000095 6.964858403947421e-08
33550.000000000095 6.681967376012185e-08
33600.000000000095 9.555218233705815e-08
33650.000000000095 1.013136907880504e-07
33700.000000000095 8.83269890421519e-08
33750.000000000095 1.204273482862051e-07
33800.000000000095 8.111777923769514e-08
33850.000000000095 1.0956249731626478e-07
33900.000000000095 9.693192538399403e-08
33950.000000000095 1.0816850372350945e-07
34000.000000000095 1.1403319650011469e-07
34050.000000000095 6.1836736443612e-08
34100.000000000095 1.1030245904034071e-07
34150.000000000095 7.843616670008527e-08
34200.000000000095 9.699844528958294e-08
34250.000000000095 9.072763569547816e-08
34300.000000000095 7.340231130992674e-08
34350.000000000095 1.0247704010418496e-07
34400.000000000095 7.838626685203061e-08
34450.000000000095 1.073527055598414e-07
34500.000000000095 9.724328906865404e-08
34550.000000000095 7.151279377169726e-08
34600.000000000095 1.1594682017826574e-07
34650.000000000095 7.451794008657197e-08
34700.000000000095 8.697865529701272e-08
34750.000000000095 9.407547474878902e-08
34800.000000000095 6.131973605872956e-08
34850.000000000095 1.0001738008689392e-07
34900.000000000095 1.0325268639633618e-07
34950.000000000095 9.397763304416204e-08
35000.000000000095 1.2564437692560205e-07
35050.000000000095 9.235312022236471e-08
35100.000000000095 1.23534686562767e-07
35150.000000000095 1.1135283935484495e-07
35200.000000000095 1.33092550989676e-07
35250.000000000095 1.604677432305963e-07
35300.000000000095 9.780138606350181e-08
35350.000000000095 1.3823066167398798e-07
35400.000000000095 1.3953810177908694e-07
35450.000000000095 1.2081228135231724e-07
35500.000000000095 1.7240089928259067e-07
35550.000000000095 1.5300972783312343e-07
35600.000000000095 1.6403034705585633e-07
35650.000000000095 1.7733067591991897e-07
35700.000000000095 1.2438191060014293e-07
35750.000000000095 1.8399352911206972e-07
35800.000000000095 1.86017602324854e-07
35850.000000000095 1.453415563924046e-07
35900.000000000095 2.0340925412971692e-07
35950.000000000095 1.933508113587985e-07
36000.000000000095 1.7620857737677049e-07
36050.000000000095 2.1363893707436746e-07
36100.000000000095 1.8989732047192765e-07
36150.000000000095 2.2268298717615333e-07
36200.000000000095 2.3290095906599674e-07
36250.000000000095 2.2615288903075123e-07
36300.000000000095 2.54225093229494e-07
36350.000000000095 2.5193988900976045e-07
36400.000000000095 2.8660775166200293e-07
36450.000000000095 2.798738375736347e-07
36500.000000000095 2.796276875585604e-07
36550.000000000095 3.1264576988203117e-07
36600.000000000095 3.436029703731345e-07
36650.000000000095 3.269132364610119e-07
36700.000000000095 3.4333573151603796e-07
36750.000000000095 3.720678256452426e-07
36800.000000000095 3.6790913532846826e-07
36850.000000000095 3.545079922024871e-07
36900.000000000095 3.52620767826224e-07
36950.000000000095 4.036134119364515e-07
37000.000000000095 3.8034876979250946e-07
37050.000000000095 4.103986830691521e-07
37100.000000000095 4.03730605326369e-07
37150.000000000095 4.3144068668210113e-07
37200.000000000095 4.529571185612751e-07
37250.000000000095 4.091700730587186e-07
37300.000000000095 4.1013253764329063e-07
37350.000000000095 4.6116717123569507e-07
37400.000000000095 5.128218995970684e-07
37450.000000000095 4.7115558230575423e-07
37500.000000000095 4.453587809165783e-07
37550.000000000095 5.448049034772883e-07
37600.000000000095 5.727911775778463e-07
37650.000000000095 4.781813677204277e-07
37700.000000000095 5.476599860423441e-07
37750.000000000095 4.5925366619622714e-07
37800.000000000095 5.33307454933321e-07
37850.000000000095 4.471697476347906e-07
37900.000000000095 5.209642665792866e-07
37950.000000000095 5.568096304261835e-07
38000.000000000095 6.040466685372053e-07
38050.000000000095 5.552912177637772e-07
38100.000000000095 6.025694272990128e-07
38150.000000000095 5.997333749735625e-07
38200.000000000095 6.270015958043122e-07
38250.000000000095 6.124684483474134e-07
38300.000000000095 6.929138270140123e-07
38350.000000000095 6.990439331063964e-07
38400.000000000095 5.706711119814468e-07
38450.000000000095 6.449486486866515e-07
38500.000000000095 5.947671991330906e-07
38550.000000000095 6.590064628438722e-07
38600.000000000095 6.627297888151656e-07
38650.000000000095 7.216533564393836e-07
38700.000000000095 7.369877692662381e-07
38750.000000000095 7.222286132896292e-07
38800.000000000095 6.753566335194593e-07
38850.000000000095 7.584003535470712e-07
38900.000000000095 7.669308312704829e-07
38950.000000000095 7.321608332828013e-07
39000.000000000095 7.940964633941538e-07
39050.000000000095 7.573275725050889e-07
39100.000000000095 7.375399086642733e-07
39150.000000000095 7.851279298323524e-07
39200.000000000095 7.564608359543555e-07
39250.000000000095 8.194793990529441e-07
39300.000000000095 8.091550375704871e-07
39350.000000000095 8.68099789452128e-07
39400.000000000095 8.522426792686318e-07
39450.000000000095 8.609817459670517e-07
39500.000000000095 8.266977036688795e-07
39550.000000000095 8.361008883684915e-07
39600.000000000095 8.495390033511828e-07
39650.000000000095 9.177085594717962e-07
39700.000000000095 8.687623746282449e-07
39750.000000000095 8.013454150557862e-07
39800.000000000095 8.581822726953391e-07
39850.000000000095 9.277907969613929e-07
39900.000000000095 9.213568593126929e-07
39950.000000000095 9.086431969663424e-07
40000.000000000095 9.308800898660008e-07
40050.000000000095 9.331603824241378e-07
40100.000000000095 8.644381716148503e-07
40150.000000000095 9.734832720627558e-07
40200.000000000095 9.758749700649472e-07
40250.000000000095 9.188936323633722e-07
40300.000000000095 9.603575729309527e-07
40350.000000000095 8.992272926945538e-07
40400.000000000095 9.732667747602735e-07
40450.000000000095 9.396973288463487e-07
40500.000000000095 9.201689992786188e-07
40550.000000000095 9.942784238992726e-07
40600.000000000095 9.242616011037039e-07
40650.000000000095 9.805834679091086e-07
40700.000000000095 1.0853405579531908e-06
40750.000000000095 9.459650502380988e-07
40800.000000000095 8.824784520918838e-07
40850.000000000095 9.969086559260873e-07
40900.000000000095 9.956965818250106e-07
40950.000000000095 9.427040668505126e-07
41000.000000000095 9.62260239539562e-07
41050.000000000095 9.988457536134123e-07
41100.000000000095 9.121548483915654e-07
41150.000000000095 8.944399363863907e-07
41200.000000000095 1.0042353306359785e-06
41250.000000000095 9.76351206216742e-07
41300.000000000095 8.374583921589013e-07
41350.000000000095 1.0160493888350793e-06
41400.000000000095 9.454396583446296e-07
41450.000000000095 9.883842703028361e-07
41500.000000000095 9.252122982974435e-07
41550.000000000095 8.696388608880658e-07
41600.000000000095 9.309418574569949e-07
41650.000000000095 9.434025264411687e-07
41700.000000000095 8.674902454239941e-07
41750.000000000095 8.625898626207181e-07
41800.000000000095 1.026846878509405e-06
41850.000000000095 7.052997812405094e-07
41900.000000000095 8.409745115533417e-07
41950.000000000095 9.485540063219413e-07
42000.000000000095 9.501028805471086e-07
42050.000000000095 8.237456267967631e-07
42100.000000000095 9.82493458249082e-07
42150.000000000095 7.392471161623132e-07
42200.000000000095 7.901394944041182e-07
42250.000000000095 8.433531993423076e-07
42300.000000000095 8.256648012177303e-07
42350.000000000095 8.782218857765799e-07
42400.000000000095 8.720804718699181e-07
42450.000000000095 7.622670291122683e-07
42500.000000000095 7.549231378659007e-07
42550.000000000095 7.337720122108791e-07
42600.000000000095 8.373403563476068e-07
42650.000000000095 9.65326832013731e-07
42700.000000000095 7.91765432545689e-07
42750.000000000095 7.093322077336382e-07
42800.000000000095 7.480523985058241e-07
42850.000000000095 8.240934217610532e-07
42900.000000000095 8.626579406872973e-07
42950.000000000095 6.807552402870845e-07
43000.000000000095 8.460813409899756e-07
43050.000000000095 5.524980867727481e-07
43100.000000000095 7.430833493452252e-07
43150.000000000095 7.51991345043074e-07
43200.000000000095 7.527908094992876e-07
43250.000000000095 8.846676549121055e-07
43300.000000000095 8.890524882384753e-07
43350.000000000095 6.287285627226677e-07
43400.000000000095 7.797541553785238e-07
43450.000000000095 6.517823936438728e-07
43500.000000000095 6.966801037865308e-07
43550.000000000095 6.748821690932518e-07
43600.000000000095 7.918024755691338e-07
43650.000000000095 5.48532801798452e-07
43700.000000000095 8.233948656232465e-07
43750.000000000095 8.04316448897787e-07
43800.000000000095 6.776187240498713e-07
43850.000000000095 6.777682541335637e-07
43900.000000000095 6.557111818504934e-07
43950.000000000095 5.961665149771558e-07
44000.000000000095 4.405121181396974e-07
44050.000000000095 6.31945560576657e-07
44100.000000000095 6.99884378454462e-07
44150.000000000095 6.955802047691407e-07
44200.000000000095 6.082727012348962e-07
44250.000000000095 5.211010952960253e-07
44300.000000000095 4.956582453376879e-07
44350.000000000095 4.6808575888435615e-07
44400.000000000095 4.871962670812783e-07
44450.000000000095 5.305444622092553e-07
44500.000000000095 4.5516723913391163e-07
44550.000000000095 5.201893909278914e-07
44600.000000000095 4.3639490572770285e-07
44650.000000000095 5.00297229451983e-07
44700.000000000095 4.5207100354295377e-07
44750.000000000095 4.840813561175681e-07
44800.000000000095 4.4748200367666185e-07
44850.000000000095 4.6452834918982054e-07
44900.000000000095 3.818805894702503e-07
44950.000000000095 3.870722151559983e-07
45000.000000000095 4.187993013599292e-07
45050.000000000095 4.2677398866172476e-07
45100.000000000095 4.179540404579263e-07
45150.000000000095 3.8574769046798095e-07
45200.000000000095 3.037753394295482e-07
45250.000000000095 3.3720771748682384e-07
45300.000000000095 3.822598127790673e-07
45350.000000000095 3.801265103000608e-07
45400.000000000095 3.4127778938494304e-07
45450.000000000095 3.363840577852893e-07
45500.000000000095 3.52060348531287e-07
45550.000000000095 4.0018327131068235e-07
45600.000000000095 3.466366658439793e-07
45650.000000000095 3.23686828353228e-07
45700.000000000095 3.755142720431462e-07
45750.000000000095 3.3313938892201287e-07
45800.000000000095 3.1972850591826757e-07
45850.000000000095 4.4413876891331755e-07
45900.000000000095 4.3459255567009637e-07
45950.000000000095 3.273918803543897e-07
46000.000000000095 4.295329313859429e-07
46050.000000000095 4.2806114624504193e-07
46100.000000000095 3.36554936617324e-07
46150.000000000095 3.8146409579077504e-07
46200.000000000095 3.7809994727896114e-07
46250.000000000095 2.6805218724075997e-07
46300.000000000095 4.555538668917075e-07
46350.000000000095 3.4625235345725383e-07
46400.000000000095 4.0601959316439685e-07
46450.000000000095 4.670481926552982e-07
46500.000000000095 3.809909600531228e-07
46550.000000000095 4.2704099816942936e-07
46600.000000000095 4.2194698377374136e-07
46650.000000000095 6.43249566225595e-07
46700.000000000095 4.972069139592336e-07
46750.000000000095 3.8725635485804697e-07
46800.000000000095 3.3475660204640197e-07
46850.000000000095 5.080019572443053e-07
46900.000000000095 4.527765415534961e-07
46950.000000000095 5.58479363177532e-07
47000.000000000095 3.7471454397465594e-07
47050.000000000095 5.470853331712718e-07
47100.000000000095 3.0983815448280603e-07
47150.000000000095 4.21889793999692e-07
47200.000000000095 4.840745203409066e-07
47250.000000000095 3.604310068834545e-07
47300.000000000095 3.721084450722396e-07
47350.000000000095 3.5539274686872114e-07
47400.000000000095 5.29956727273345e-07
47450.000000000095 3.637834318505783e-07
47500.000000000095 5.408244405349981e-07
47550.000000000095 3.651667264897416e-07
47600.000000000095 4.967936686950213e-07
47650.000000000095 3.383717367060724e-07
47700.000000000095 4.7144599835273977e-07
47750.000000000095 2.8961606661751523e-07
47800.000000000095 4.0506670698901883e-07
47850.000000000095 2.4873844697434196e-07
47900.000000000095 3.827411664193239e-07
47950.000000000095 3.5227614797094315e-07
48000.000000000095 5.417205493513262e-07
48050.000000000095 3.831488774196511e-07
48100.000000000095 4.159204539313886e-07
48150.000000000095 3.4104475296626747e-07
48200.000000000095 4.5592148486967674e-07
48250.000000000095 3.5602009133311275e-07
48300.000000000095 5.82061146132545e-07
48350.000000000095 3.304740268316829e-07
48400.000000000095 3.530778906096114e-07
48450.000000000095 3.271257890963662e-07
48500.000000000095 5.416799029190513e-07
48550.000000000095 3.2039176466061854e-07
48600.000000000095 4.897867691607262e-07
48650.000000000095 3.3476842111369836e-07
48700.000000000095 5.257698928117108e-07
48750.000000000095 3.2441198414441597e-07
48800.000000000095 5.215767746612301e-07
48850.000000000095 3.4683068090666086e-07
48900.000000000095 5.265336235337012e-07
48950.000000000095 4.276358021030265e-07
49000.000000000095 3.6535232362098535e-07
49050.000000000095 4.870688392961666e-07
49100.000000000095 3.8015223965102094e-07
49150.000000000095 5.050459666373515e-07
49200.000000000095 4.18182407778504e-07
49250.000000000095 4.923979122998945e-07
49300.000000000095 4.072145208879496e-07
49350.000000000095 3.79287452815119e-07
49400.000000000095 4.458616900269589e-07
49450.000000000095 4.519600999207384e-07
49500.000000000095 3.986355432420401e-07
49550.000000000095 2.5699467735730613e-07
49600.000000000095 3.975410498850509e-07
49650.000000000095 3.8808039568186615e-07
49700.000000000095 3.7832267393594247e-07
49750.000000000095 5.212992701954646e-07
49800.000000000095 3.741208128965757e-07
49850.000000000095 5.541427333870625e-07
49900.000000000095 4.832972500234332e-07
49950.000000000095 4.4112202708678654e-07
50000.000000000095 5.01225630468827e-07
50050.000000000095 4.960467832666768e-07
50100.000000000095 5.269533217283612e-07
50150.000000000095 3.4723600663323955e-07
50200.000000000095 2.4980162281412845e-07
50250.000000000095 4.85542750519181e-07
50300.000000000095 3.802059530328417e-07
50350.000000000095 5.294125510594393e-07
50400.000000000095 4.415950306671361e-07
50450.000000000095 4.0319252443248697e-07
50500.000000000095 5.291392254587557e-07
50550.000000000095 4.6241817264802983e-07
50600.000000000095 4.246459121891766e-07
50650.000000000095 4.5758661601979136e-07
50700.000000000095 6.234098385582876e-07
50750.000000000095 5.208570212251913e-07
50800.000000000095 3.3386983743450165e-07
50850.000000000095 3.38328115265007e-07
50900.000000000095 5.43103334711788e-07
50950.000000000095 5.219904762992661e-07
51000.000000000095 5.246412981304454e-07
51050.000000000095 4.731900214477957e-07
51100.000000000095 3.180130525405608e-07
51150.000000000095 3.981512353689118e-07
51200.000000000095 5.875423589811568e-07
51250.000000000095 4.650762398500613e-07
51300.000000000095 3.6876724206092193e-07
51350.000000000095 4.421467467642509e-07
51400.000000000095 3.2550806516000704e-07
51450.000000000095 2.962825113639848e-07
51500.000000000095 2.7912744115955763e-07
51550.000000000095 4.7150013564303075e-07
51600.000000000095 3.493976610255915e-07
51650.000000000095 4.108320568626503e-07
51700.000000000095 4.4356753789314315e-07
51750.000000000095 3.228362880558738e-07
51800.000000000095 5.266478965878672e-07
51850.000000000095 4.454032531910788e-07
51900.000000000095 5.845680618051115e-07
51950.000000000095 4.6554596837472396e-07
52000.000000000095 2.2293569267829353e-07
52050.000000000095 3.605950545848749e-07
52100.000000000095 3.2414692187900236e-07
52150.000000000095 2.7744665998701974e-07
52200.000000000095 2.85564104082884e-07
52250.000000000095 3.490522117807199e-07
52300.000000000095 5.559542991619209e-07
52350.000000000095 3.9206052345799317e-07
52400.000000000095 3.116598116579712e-07
52450.000000000095 4.533154866741652e-07
52500.000000000095 4.224455946877514e-07
52550.000000000095 4.408504283024053e-07
52600.000000000095 3.849771569738217e-07
52650.000000000095 4.0077924528684663e-07
52700.000000000095 3.3591441846636213e-07
52750.000000000095 2.907384954489975e-07
52800.000000000095 3.0946098993915e-07
52850.000000000095 3.477356310438264e-07
52900.000000000095 3.053881050308042e-07
52950.000000000095 3.1433337906407535e-07
53000.000000000095 4.807346092955695e-07
53050.000000000095 2.503541874427103e-07
53100.000000000095 4.35463560206244e-07
53150.000000000095 5.271872062741517e-07
53200.000000000095 2.739166577208655e-07
53250.000000000095 4.6449394032570815e-07
53300.000000000095 4.963031038663086e-07
53350.000000000095 4.757046682656333e-07
53400.000000000095 4.858488345811068e-07
53450.000000000095 2.725643466535173e-07
53500.000000000095 1.9467043789452792e-07
53550.000000000095 2.7904544078646737e-07
53600.000000000095 3.702226068468544e-07
53650.000000000095 3.02331222436998e-07
53700.000000000095 2.9138908173059145e-07
53750.000000000095 2.9277001985314774e-07
53800.000000000095 2.959354580201188e-07
53850.000000000095 3.815364287383251e-07
53900.000000000095 3.53089324239237e-07
53950.000000000095 4.6620236640262005e-07
54000.000000000095 3.36547606211905e-07
54050.000000000095 3.3322686558435494e-07
54100.000000000095 1.990410231728988e-07
54150.000000000095 2.7410506402464416e-07
54200.000000000095 1.6474432463454165e-07
54250.000000000095 1.949990447781186e-07
54300.000000000095 2.687315526944916e-07
54350.000000000095 3.4990999874118764e-07
54400.000000000095 3.5860656082099724e-07
54450.000000000095 3.2163406299175426e-07
54500.000000000095 2.782506521790296e-07
54550.000000000095 2.4153708732942006e-07
54600.000000000095 3.010008379571476e-07
54650.000000000095 2.0514826630390546e-07
54700.000000000095 3.5568166733090843e-07
54750.000000000095 3.340040016564429e-07
54800.000000000095 2.531345132610343e-07
54850.000000000095 2.8469609553965726e-07
54900.000000000095 3.7106489159681936e-07
54950.000000000095 4.5020286817729365e-07
55000.000000000095 2.451590718506098e-07
55050.000000000095 3.193925095459025e-07
55100.000000000095 2.998663862711546e-07
55150.000000000095 2.640690464210778e-07
55200.000000000095 2.6401833297659795e-07
55250.000000000095 2.755986260521436e-07
55300.000000000095 2.1751433621561404e-07
55350.000000000095 3.136440650282033e-07
55400.000000000095 3.8167434117329556e-07
55450.000000000095 2.924971972263981e-07
55500.000000000095 1.7911203660539151e-07
55550.000000000095 2.403763131803984e-07
55600.000000000095 2.3342792888345861e-07
55650.000000000095 1.9039675019511618e-07
55700.000000000095 2.4334977339489067e-07
55750.000000000095 2.749295014021402e-07
55800.000000000095 2.2202365288547452e-07
55850.000000000095 1.9124418855292414e-07
55900.000000000095 3.099039830271319e-07
55950.000000000095 3.9125026821260255e-07
56000.000000000095 2.0970468092320894e-07
56050.000000000095 2.7870095591259044e-07
56100.000000000095 3.0770481366661427e-07
56150.000000000095 2.3641029477585094e-07
56200.000000000095 2.6208537710559594e-07
56250.000000000095 2.721254144080725e-07
56300.000000000095 2.8922926054106217e-07
56350.000000000095 3.0925138823452923e-07
56400.000000000095 2.1706232170424282e-07
56450.000000000095 1.9876712836628922e-07
56500.000000000095 2.4425313277704003e-07
56550.000000000095 1.704092019538829e-07
56600.000000000095 2.9876867104550956e-07
56650.000000000095 2.7346295615386914e-07
56700.000000000095 3.221473476338779e-07
56750.000000000095 1.9285504656927893e-07
56800.000000000095 3.056331732733752e-07
56850.000000000095 2.4559177857211544e-07
56900.000000000095 2.1598548918990014e-07
56950.000000000095 3.164038258546998e-07
57000.000000000095 3.4640036392107027e-07
57050.000000000095 2.4466337303172935e-07
57100.000000000095 1.4545414680187415e-07
57150.000000000095 2.1053136369671302e-07
57200.000000000095 1.6602815947440905e-07
57250.000000000095 2.2857176319234552e-07
57300.000000000095 2.76246343427492e-07
57350.000000000095 1.8203925823902731e-07
57400.000000000095 2.81363600849349e-07
57450.000000000095 2.6045886915560606e-07
57500.000000000095 2.453286866315374e-07
57550.000000000095 2.949488946657409e-07
57600.000000000095 3.1347082796019136e-07
57650.000000000095 1.5186861237615663e-07
57700.000000000095 1.8258035408822616e-07
57750.000000000095 2.2297925748408598e-07
57800.000000000095 1.0843109079117974e-07
57850.000000000095 3.410334077735443e-07
57900.000000000095 3.935920924499189e-07
57950.000000000095 3.4887830071066065e-07
58000.000000000095 2.226948625129346e-07
58050.000000000095 2.6766196583048254e-07
58100.000000000095 3.276005873226048e-07
58150.000000000095 2.671676312074498e-07
58200.000000000095 1.597223258092161e-07
58250.000000000095 2.0611641951782113e-07
58300.000000000095 1.659954559909944e-07
58350.000000000095 1.9716198485573327e-07
58400.000000000095 2.4671758727616287e-07
58450.000000000095 2.6577451092437757e-07
58500.000000000095 2.439328972199441e-07
58550.000000000095 2.8373598899072603e-07
58600.000000000095 1.8498004318458926e-07
58650.000000000095 2.2242275643193926e-07
58700.000000000095 2.2020736941556053e-07
58750.000000000095 2.544883857418848e-07
58800.000000000095 1.4367992598143028e-07
58850.000000000095 2.169457676371245e-07
58900.000000000095 2.667079560336814e-07
58950.000000000095 1.793238115333125e-07
59000.000000000095 2.631969965826148e-07
59050.000000000095 2.796136195458526e-07
59100.000000000095 3.281368940481702e-07
59150.000000000095 2.524698619089944e-07
59200.000000000095 2.551946318677514e-07
59250.000000000095 2.737450244885506e-07
59300.000000000095 2.6778967181198766e-07
59350.000000000095 1.5906814633719675e-07
59400.000000000095 1.297556662770444e-07
59450.000000000095 2.3586750181051878e-07
59500.000000000095 1.5958298511398579e-07
59550.000000000095 2.8534897395447233e-07
59600.000000000095 2.978316296186355e-07
59650.000000000095 2.5852799492349244e-07
59700.000000000095 1.8066097693269392e-07
59750.000000000095 3.496514558769258e-07
59800.000000000095 2.3571243385975167e-07
59850.000000000095 2.9823365116629554e-07
59900.000000000095 1.689409508594519e-07
59950.000000000095 2.5457774826625287e-07
60000.000000000095 3.928474273392182e-07
60050.000000000095 3.3128932923119764e-07
60100.000000000095 3.383012857901656e-07
60150.000000000095 2.5096924838343027e-07
60200.000000000095 2.812796942617571e-07
60250.000000000095 3.2505463891245243e-07
60300.000000000095 3.03554233748245e-07
60350.000000000095 2.300381704095655e-07
60400.000000000095 2.9275620934764333e-07
60450.000000000095 1.7359875169395566e-07
60500.000000000095 1.230294240280316e-07
60550.000000000095 2.9386597566157025e-07
60600.000000000095 2.7990616618391625e-07
60650.000000000095 2.5144618171772e-07
60700.000000000095 2.2483618806517687e-07
60750.000000000095 1.9145759738711763e-07
60800.000000000095 2.855857378782467e-07
60850.000000000095 4.0142123588227707e-07
60900.000000000095 3.5166818686099566e-07
60950.000000000095 3.30574980634602e-07
61000.000000000095 2.7457034720455003e-07
61050.000000000095 2.1217112662157041e-07
61100.000000000095 2.7879484779888355e-07
61150.000000000095 1.3143358791071936e-07
61200.000000000095 3.4526828838827345e-07
61250.000000000095 3.9159768402595357e-07
61300.000000000095 3.421395049499364e-07
61350.000000000095 4.1284041909285124e-07
61400.000000000095 3.03416731457133e-07
61450.000000000095 2.200857449211993e-07
61500.000000000095 2.280205706725839e-07
61550.000000000095 2.3698780276653808e-07
61600.000000000095 1.7698905431756513e-07
61650.000000000095 2.534207767193346e-07
61700.000000000095 2.1840826003916606e-07
61750.000000000095 2.6226451450351316e-07
61800.000000000095 2.9606241220320207e-07
61850.000000000095 2.0667218311023823e-07
61900.000000000095 3.606103815622836e-07
61950.000000000095 3.4019796749754776e-07
62000.000000000095 3.302136600275829e-07
62050.000000000095 3.148216938425992e-07
62100.000000000095 3.403028109281522e-07
62150.000000000095 3.280512604086261e-07
62200.000000000095 2.9663677948509275e-07
62250.000000000095 3.1797310273845673e-07
62300.000000000095 3.957381088584886e-07
62350.000000000095 3.4011917478036153e-07
62400.000000000095 2.2003637678074212e-07
62450.000000000095 2.9684689003070347e-07
62500.000000000095 3.761409289707484e-07
62550.000000000095 3.540234338303746e-07
62600.000000000095 3.856220913990199e-07
62650.000000000095 3.1983604183729707e-07
62700.000000000095 3.3417171400643624e-07
62750.000000000095 4.081071533108268e-07
62800.000000000095 2.8868431931272897e-07
62850.000000000095 3.656059500963619e-07
62900.000000000095 3.0356953837225836e-07
62950.000000000095 3.7787207047859153e-07
63000.000000000095 3.4182343437022925e-07
63050.000000000095 4.2459695638240933e-07
63100.000000000095 3.98472489645412e-07
63150.000000000095 2.9514845133929814e-07
63200.000000000095 3.6980600817811597e-07
63250.000000000095 3.436924314697543e-07
63300.000000000095 3.9139661954469744e-07
63350.000000000095 3.5378428951098795e-07
63400.000000000095 2.418780552768314e-07
63450.000000000095 2.0367247511856256e-07
63500.000000000095 3.3450294433713184e-07
63550.000000000095 3.230378375306464e-07
63600.000000000095 3.7320509288452567e-07
63650.000000000095 2.8735104728407783e-07
63700.000000000095 2.199322680479016e-07
63750.000000000095 2.7923468663953814e-07
63800.000000000095 3.014736761570602e-07
63850.000000000095 2.9762784361952266e-07
63900.000000000095 2.3264858487519876e-07
63950.000000000095 3.1258649379185326e-07
64000.000000000095 3.409119230284975e-07
64050.000000000095 2.66816733416145e-07
64100.000000000095 1.2292419897453692e-07
64150.000000000095 1.6344339736300047e-07
64200.000000000095 1.8346278394236578e-07
64250.000000000095 2.623257054882532e-07
64300.000000000095 2.1640157242164722e-07
64350.000000000095 1.882824401383682e-07
64400.000000000095 2.760522345667389e-07
64450.000000000095 2.8195701760281556e-07
64500.000000000095 1.8207402348618206e-07
64550.000000000095 2.555643684975497e-07
64600.000000000095 1.7656462857323825e-07
64650.000000000095 2.57209907923161e-07
64700.000000000095 1.5167453535515037e-07
64750.000000000095 1.7615331912771636e-07
64800.000000000095 1.7634367554946436e-07
64850.000000000095 1.6503700355431637e-07
64900.000000000095 1.8846379004319131e-07
64950.000000000095 1.7489917924831056e-07
65000.000000000095 2.0415976994735366e-07
65050.000000000095 1.9912651323670123e-07
65100.000000000095 2.4164525819850286e-07
65150.000000000095 1.89394986636787e-07
65200.000000000095 1.6677014306846471e-07
65250.000000000095 2.326284803818321e-07
65300.000000000095 2.0843718393315786e-07
65350.000000000095 3.273065389331557e-07
65400.000000000095 1.9557712265699562e-07
65450.000000000095 2.003397599064955e-07
65500.000000000095 2.249242677654905e-07
65550.00000000009 1.6860989900836832e-07
65600.00000000009 1.9527528126659962e-07
65650.00000000009 2.0772065502055366e-07
65700.00000000009 1.8745866963727583e-07
65750.00000000009 1.6484950848529325e-07
65800.00000000009 2.1820345224223637e-07
65850.00000000009 2.459720446614804e-07
65900.00000000009 1.631789823335738e-07
65950.00000000009 1.312423086120394e-07
66000.00000000009 1.8669716758456146e-07
66050.00000000009 2.976820399551669e-07
66100.00000000009 2.024675269908627e-07
66150.00000000009 1.5779340250219174e-07
66200.00000000009 1.5976088635659323e-07
66250.00000000009 1.5411588835819797e-07
66300.00000000009 9.217585359289113e-08
66350.00000000009 1.27905916296451e-07
66400.00000000009 1.5688203708294093e-07
66450.00000000009 2.3257622867616505e-07
66500.00000000009 3.047154324416047e-07
66550.00000000009 2.776496372811741e-07
66600.00000000009 2.2210405093015826e-07
66650.00000000009 2.2007065526126864e-07
66700.00000000009 1.984930242107788e-07
66750.00000000009 1.8858429261175448e-07
66800.00000000009 2.289242905381e-07
66850.00000000009 1.7031743883808143e-07
66900.00000000009 2.3689826694497232e-07
66950.00000000009 3.025115126658432e-07
67000.00000000009 3.029589386987942e-07
67050.00000000009 2.1033460090656037e-07
67100.00000000009 1.8970090988401528e-07
67150.00000000009 1.9013652821431917e-07
67200.00000000009 2.0762726143025304e-07
67250.00000000009 2.1010201026341168e-07
67300.00000000009 2.2613820473558918e-07
67350.00000000009 1.7456457598525313e-07
67400.00000000009 2.810593225339889e-07
67450.00000000009 2.2644411881099116e-07
67500.00000000009 2.0835900316068263e-07
67550.00000000009 2.3576448138860425e-07
67600.00000000009 3.5650193224842197e-07
67650.00000000009 2.702217037151866e-07
67700.00000000009 2.2786466425884144e-07
67750.00000000009 2.0824437297866483e-07
67800.00000000009 2.5276133474746996e-07
67850.00000000009 1.7835164849569633e-07
67900.00000000009 2.1401174940287588e-07
67950.00000000009 1.597222303568252e-07
68000.00000000009 2.0663088039796647e-07
68050.00000000009 2.6746620981319415e-07
68100.00000000009 2.710814562059033e-07
68150.00000000009 2.2130024819927464e-07
68200.00000000009 2.3504259754511958e-07
68250.00000000009 1.3770997146877062e-07
68300.00000000009 2.095887027620429e-07
68350.00000000009 1.4227127791992957e-07
68400.00000000009 2.6803863839058907e-07
68450.00000000009 2.644452400718747e-07
68500.00000000009 2.3312837180292343e-07
68550.00000000009 1.7271658830701277e-07
68600.00000000009 1.8954516401840108e-07
68650.00000000009 1.3871319617702655e-07
68700.00000000009 2.018988602337358e-07
68750.00000000009 2.3296538001157142e-07
68800.00000000009 2.533117083199119e-07
68850.00000000009 1.6321144290134505e-07
68900.00000000009 3.008534773665309e-07
68950.00000000009 3.278575364977837e-07
69000.00000000009 3.0067834702881665e-07
69050.00000000009 2.0618724150417462e-07
69100.00000000009 3.1421194355326235e-07
69150.00000000009 3.4213809629385595e-07
69200.00000000009 2.2178182968873163e-07
69250.00000000009 3.1286723514052726e-07
69300.00000000009 2.6292095792672705e-07
69350.00000000009 2.9287238130519996e-07
69400.00000000009 1.788639623259801e-07
69450.00000000009 3.1478678300252575e-07
69500.00000000009 2.2876808777220444e-07
69550.00000000009 2.378602542248362e-07
69600.00000000009 1.1333445275205279e-07
69650.00000000009 2.167196214660729e-07
69700.00000000009 2.8833928729669733e-07
69750.00000000009 2.2634303379840202e-07
69800.00000000009 2.679393308739641e-07
69850.00000000009 2.9102816606465376e-07
69900.00000000009 2.3057522457115218e-07
69950.00000000009 2.4913996322507946e-07
70000.00000000009 2.060377258253967e-07
70050.00000000009 3.023991225933451e-07
70100.00000000009 2.2092206107220065e-07
70150.00000000009 2.4283257649251793e-07
70200.00000000009 1.933129584084076e-07
70250.00000000009 2.331313902734928e-07
70300.00000000009 2.803966154832696e-07
70350.00000000009 2.2819960878979586e-07
70400.00000000009 2.0497086647274005e-07
70450.00000000009 1.2330871316030615e-07
70500.00000000009 1.7244451508526344e-07
70550.00000000009 1.8121189473575527e-07
70600.00000000009 1.95789697826016e-07
70650.00000000009 2.524456412761907e-07
70700.00000000009 2.2847347996313938e-07
70750.00000000009 2.749582923982046e-07
70800.00000000009 1.9858984985046874e-07
70850.00000000009 1.8624634240697396e-07
70900.00000000009 1.904727177031016e-07
70950.00000000009 2.6354484334300973e-07
71000.00000000009 2.310008304744143e-07
71050.00000000009 2.3675421830186978e-07
71100.00000000009 2.1584800966014934e-07
71150.00000000009 2.1220241756113708e-07
71200.00000000009 1.9203618166081967e-07
71250.00000000009 2.0841340410766102e-07
71300.00000000009 2.3943058955679233e-07
71350.00000000009 2.3387324982332886e-07
71400.00000000009 2.3575144334490914e-07
71450.00000000009 1.592131887084419e-07
71500.00000000009 1.8929724659650725e-07
71550.00000000009 1.9185167152702135e-07
71600.00000000009 2.2708495370994404e-07
71650.00000000009 2.0478004131824476e-07
71700.00000000009 1.7224248294616666e-07
71750.00000000009 1.9614452575376648e-07
71800.00000000009 2.3303109934854554e-07
71850.00000000009 2.401453361782836e-07
71900.00000000009 1.767633507809731e-07
71950.00000000009 1.869153060255021e-07
72000.00000000009 1.8493046786906364e-07
72050.00000000009 1.5900774081296534e-07
72100.00000000009 1.8121682910680394e-07
72150.00000000009 1.5993122232536472e-07
72200.00000000009 1.852850305723508e-07
72250.00000000009 2.1528737104799893e-07
72300.00000000009 1.9340974021623218e-07
72350.00000000009 1.932623061795705e-07
72400.00000000009 1.6915715788003208e-07
72450.00000000009 1.6034627403747977e-07
72500.00000000009 1.9056328233220018e-07
72550.00000000009 1.2565483639597068e-07
72600.00000000009 1.3462040896289066e-07
72650.00000000009 1.9628968678410077e-07
72700.00000000009 2.0030549329783744e-07
72750.00000000009 1.792896070826771e-07
72800.00000000009 1.678070305866801e-07
72850.00000000009 1.6426341650100815e-07
72900.00000000009 2.1013584477870406e-07
72950.00000000009 1.858098137652205e-07
73000.00000000009 1.8814500989458636e-07
73050.00000000009 1.620725991434959e-07
73100.00000000009 1.4220752152845193e-07
73150.00000000009 2.287623681084707e-07
73200.00000000009 1.556632422352505e-07
73250.00000000009 1.787476958332762e-07
73300.00000000009 1.7585507187390758e-07
73350.00000000009 1.5210592073924284e-07
73400.00000000009 1.825164619283046e-07
73450.00000000009 1.282995411775561e-07
73500.00000000009 1.3210526639379627e-07
73550.00000000009 1.7081479530527524e-07
73600.00000000009 1.475734729907339e-07
73650.00000000009 1.7145682022821038e-07
73700.00000000009 1.9773488473390671e-07
73750.00000000009 1.3644770283033632e-07
73800.00000000009 1.650766281583795e-07
73850.00000000009 1.728084407741751e-07
73900.00000000009 1.852953580043071e-07
73950.00000000009 1.5410318031299025e-07
74000.00000000009 1.4678221942821957e-07
74050.00000000009 2.276092741961344e-07
74100.00000000009 1.555268997496941e-07
74150.00000000009 1.7657884514724908e-07
74200.00000000009 1.5997578973373232e-07
74250.00000000009 1.175799459965008e-07
74300.00000000009 1.6330456323346443e-07
74350.00000000009 1.907985090099789e-07
74400.00000000009 1.8053793719176589e-07
74450.00000000009 1.1844562394075731e-07
74500.00000000009 1.373473643160997e-07
74550.00000000009 1.659266428945855e-07
74600.00000000009 1.6260954978785118e-07
74650.00000000009 1.5815799219751517e-07
74700.00000000009 1.3369262946901528e-07
74750.00000000009 1.44255489009496e-07
74800.00000000009 1.549809439551101e-07
74850.00000000009 1.2973953748328445e-07
74900.00000000009 2.1042896772180243e-07
74950.00000000009 1.9229497476108414e-07
75000.00000000009 1.7122322770358146e-07
75050.00000000009 1.3966639052175256e-07
75100.00000000009 2.1145068275511165e-07
75150.00000000009 1.7983429738854215e-07
75200.00000000009 2.057466127888843e-07
75250.00000000009 1.9923879817856697e-07
75300.00000000009 2.0722586720283967e-07
75350.00000000009 1.307820080080712e-07
75400.00000000009 2.0742007337250544e-07
75450.00000000009 1.7913762330149834e-07
75500.00000000009 1.7025407865592778e-07
75550.00000000009 2.0962964174106264e-07
75600.00000000009 2.452129182287609e-07
75650.00000000009 1.79395116145714e-07
75700.00000000009 1.863499747162484e-07
75750.00000000009 1.4746271847709532e-07
75800.00000000009 1.9765870842321025e-07
75850.00000000009 2.201689583877014e-07
75900.00000000009 1.9937775536727307e-07
75950.00000000009 1.646096065093499e-07
76000.00000000009 1.9052699597529936e-07
76050.00000000009 2.025338149627229e-07
76100.00000000009 1.9084569727362857e-07
76150.00000000009 2.0662018173615477e-07
76200.00000000009 2.0885709837608714e-07
76250.00000000009 2.29423350019904e-07
76300.00000000009 2.709103060212882e-07
76350.00000000009 2.960610226344219e-07
76400.00000000009 2.399394460317442e-07
76450.00000000009 2.3689575142961223e-07
76500.00000000009 1.944274278120403e-07
76550.00000000009 1.7477440439598278e-07
76600.00000000009 9.598247512283237e-08
76650.00000000009 1.1057243056428364e-07
76700.00000000009 1.2133032574101497e-07
76750.00000000009 1.1086135990577567e-07
76800.00000000009 1.6207282109975574e-07
76850.00000000009 8.792749106309335e-08
76900.00000000009 1.0078477075726487e-07
76950.00000000009 1.359396714399439e-07
77000.00000000009 1.3988984836207127e-07
77050.00000000009 1.1276608591797025e-07
77100.00000000009 1.1625298232678014e-07
77150.00000000009 1.4449010521061136e-07
77200.00000000009 1.346368892825471e-07
77250.00000000009 1.4382393284154798e-07
77300.00000000009 1.366518258084987e-07
77350.00000000009 9.944036484004273e-08
77400.00000000009 9.78560824226895e-08
77450.00000000009 1.0930553361107568e-07
77500.00000000009 1.244116293228887e-07
77550.00000000009 1.3622605331127217e-07
77600.00000000009 1.4589555613547787e-07
77650.00000000009 1.4268710049696578e-07
77700.00000000009 1.2326749188164215e-07
77750.00000000009 1.611408015302953e-07
77800.00000000009 1.4615801406842557e-07
77850.00000000009 1.8335427746729157e-07
77900.00000000009 1.5968444257040075e-07
77950.00000000009 1.1779599527437781e-07
78000.00000000009 1.4493025081594003e-07
78050.00000000009 1.4844517164393662e-07
78100.00000000009 1.1762518759111111e-07
78150.00000000009 1.71035601983411e-07
78200.00000000009 1.7142176561701914e-07
78250.00000000009 1.8602925498083236e-07
78300.00000000009 1.8158470512559956e-07
78350.00000000009 1.7140656584170752e-07
78400.00000000009 1.538089688358429e-07
78450.00000000009 1.979351191083729e-07
78500.00000000009 1.9702338263836346e-07
78550.00000000009 1.9468639703325736e-07
78600.00000000009 1.7681624821273895e-07
78650.00000000009 1.0944406088775463e-07
78700.00000000009 1.5489194779878172e-07
78750.00000000009 1.458963558249392e-07
78800.00000000009 1.847715239588926e-07
78850.00000000009 1.3023124143383783e-07
78900.00000000009 1.6986967259576965e-07
78950.00000000009 1.5943818080877e-07
79000.00000000009 1.7229154500885576e-07
79050.00000000009 1.545150106478341e-07
79100.00000000009 1.608470907333301e-07
79150.00000000009 1.8318749070049695e-07
79200.00000000009 1.918492006438788e-07
79250.00000000009 1.7220154002596674e-07
79300.00000000009 1.3454795201078157e-07
79350.00000000009 1.9300138621890843e-07
79400.00000000009 1.5962734722570603e-07
79450.00000000009 1.8021877192765177e-07
79500.00000000009 2.318384243479238e-07
79550.00000000009 2.004032410988831e-07
79600.00000000009 1.41844445665679e-07
79650.00000000009 1.6922252872224304e-07
79700.00000000009 1.9729758569059615e-07
79750.00000000009 2.0106049824305124e-07
79800.00000000009 1.639003252272159e-07
79850.00000000009 1.6698655914293842e-07
79900.00000000009 2.499468692914685e-07
79950.00000000009 1.886876020191646e-07
