# %ECSV 1.0
# ---
# datatype:
# - {name: wav, unit: Angstrom, datatype: float64}
# - {name: flux_nu, unit: erg / (cm2 Hz s), datatype: float64}
# schema: astropy-2.0
wav flux_nu
3000.0480007680403 nan
3050.0480007680403 0.0
3100.0480007680403 0.0
3150.0480007680403 0.0
3200.0480007680403 0.0
3250.0480007680403 0.0
3300.0480007680403 0.0
3350.0480007680403 0.0
3400.0480007680403 0.0
3450.0480007680403 0.0
3500.0480007680403 0.0
3550.0480007680403 0.0
3600.0480007680403 0.0
3650.0480007680403 0.0
3700.0480007680403 0.0
3750.0480007680403 0.0
3800.0480007680403 0.0
3850.0480007680403 0.0
3900.0480007680403 0.0
3950.0480007680403 0.0
4000.0480007680403 0.0
4050.0480007680403 0.0
4100.04800076804 0.0
4150.04800076804 0.0
4200.04800076804 0.0
4250.04800076804 0.0
4300.04800076804 0.0
4350.04800076804 0.0
4400.04800076804 0.0
4450.04800076804 0.0
4500.04800076804 0.0
4550.04800076804 0.0
4600.04800076804 0.0
4650.04800076804 0.0
4700.04800076804 0.0
4750.04800076804 0.0
4800.04800076804 0.0
4850.04800076804 0.0
4900.04800076804 0.0
4950.04800076804 0.0
5000.04800076804 3.008317695984019e-11
5050.04800076804 8.272277859000879e-11
5100.04800076804 9.668342734286864e-11
5150.04800076804 1.13035700985958e-10
5200.04800076804 1.3170629223176643e-10
5250.04800076804 1.521779515268675e-10
5300.04800076804 1.74850789744048e-10
5350.04800076804 2.0001724198679964e-10
5400.04800076804 2.2658617286016408e-10
5450.04800076804 2.565364440924489e-10
5500.04800076804 2.89730335914481e-10
5550.04800076804 3.26260076620529e-10
5600.04800076804 3.64292333500995e-10
5650.04800076804 4.0160088790479377e-10
5700.04800076804 4.2981384777738645e-10
5750.04800076804 4.575800291334898e-10
5800.04800076804 4.5935058051955764e-10
5850.04800076804 4.0446310751636877e-10
5900.04800076804 1.2462577640920811e-10
5950.04800076804 2.1658440691130197e-10
6000.04800076804 6.109556929081397e-10
6050.04800076804 8.512300214875067e-10
6100.04800076804 1.0595215769248222e-09
6150.04800076804 1.2455974112794137e-09
6200.04800076804 1.4222603870802012e-09
6250.04800076804 1.5869447222984062e-09
6300.04800076804 1.7733401085861865e-09
6350.04800076804 1.968603931712954e-09
6400.04800076804 2.1579711583653202e-09
6450.04800076804 2.247598221970181e-09
6500.04800076804 2.4393143835352765e-09
6550.04800076804 2.6959969146299494e-09
6600.04800076804 2.9392189221414915e-09
6650.04800076804 3.2416496546429132e-09
6700.04800076804 3.5859960378939183e-09
6750.04800076804 3.908102097576945e-09
6800.04800076804 4.2165411857140655e-09
6850.04800076804 4.53188520859824e-09
6900.04800076804 4.459152102000913e-09
6950.04800076804 4.376093656553954e-09
7000.04800076804 4.92770394941069e-09
7050.04800076804 4.9741356684416e-09
7100.04800076804 5.144936746468106e-09
7150.04800076804 3.848598088757333e-09
7200.04800076804 3.2271142322195825e-09
7250.04800076804 3.804248435920359e-09
7300.04800076804 3.798445561199541e-09
7350.04800076804 4.298770633091719e-09
7400.04800076804 4.968024593725168e-09
7450.04800076804 5.7320716303417915e-09
7500.04800076804 6.208514475576399e-09
7550.04800076804 6.677882289986407e-09
7600.04800076804 7.064483843049974e-09
7650.04800076804 7.195852537007292e-09
7700.04800076804 5.15886882407302e-09
7750.04800076804 2.740634571432348e-09
7800.04800076804 6.300676570386021e-09
7850.04800076804 6.239467817898191e-09
7900.04800076804 6.380362376405565e-09
7950.04800076804 6.794545569792984e-09
8000.04800076804 7.2281162618770845e-09
8050.04800076804 7.651954288909013e-09
8100.04800076804 5.6684403478501415e-09
8150.04800076804 4.539472831929467e-09
8200.04800076804 7.138550191282368e-09
8250.04800076804 6.969019451544768e-09
8300.04800076804 7.718212086659472e-09
8350.04800076804 7.525646521839122e-09
8400.04800076804 7.753971370707867e-09
8450.04800076804 8.415182568270101e-09
8500.04800076804 8.999142222942439e-09
8550.04800076804 1.0226839940448503e-08
8600.04800076804 1.2206444259359172e-08
8650.04800076804 1.3939398952470448e-08
8700.04800076804 1.4900986018389665e-08
8750.04800076804 1.6222956375147936e-08
8800.04800076804 1.6149018926381416e-08
8850.04800076804 1.2979764371286833e-08
8900.04800076804 5.093458912781104e-09
8950.04800076804 3.4239381230887958e-09
9000.04800076804 3.411359553530143e-09
9050.04800076804 9.276948419658013e-09
9100.04800076804 9.345492734560643e-09
9150.04800076804 8.041083566294724e-09
9200.04800076804 9.241615632001119e-09
9250.04800076804 5.682325718800082e-09
9300.04800076804 1.205563170793549e-10
9350.04800076804 2.5561090070462335e-10
9400.04800076804 1.5548082173024766e-09
9450.04800076804 7.631661932722327e-10
9500.04800076804 6.308930240869614e-10
9550.04800076804 6.725183965402189e-10
9600.04800076804 7.69885333280836e-10
9650.04800076804 1.2363629790611317e-09
9700.04800076804 2.6754300992882787e-09
9750.04800076804 2.9505304780478536e-09
9800.04800076804 3.723286006267956e-09
9850.04800076804 4.767034710169212e-09
9900.04800076804 6.287701220560735e-09
9950.04800076804 6.678853004961363e-09
10000.04800076804 7.158763834958516e-09
10050.04800076804 6.743633343264944e-09
10100.04800076804 6.8280105166398465e-09
10150.04800076804 6.120454706458353e-09
10200.04800076804 5.420472281873858e-09
10250.04800076804 5.953722123698152e-09
10300.04800076804 6.567627877430023e-09
10350.04800076804 5.57481083289332e-09
10400.04800076804 6.2869225781762735e-09
10450.04800076804 6.654951939254685e-09
10500.04800076804 6.805160185618096e-09
10550.04800076804 6.9991627285663666e-09
10600.04800076804 6.8800533282321084e-09
10650.04800076804 6.603982284625374e-09
10700.04800076804 6.1441668427471014e-09
10750.04800076804 5.867232695694732e-09
10800.04800076804 5.5273214267741245e-09
10850.04800076804 5.117481699648559e-09
10900.04800076804 4.428452181983273e-09
10950.04800076804 3.027767265217589e-09
11000.04800076804 1.9119799108610082e-09
11050.04800076804 9.43282673655481e-10
11100.04800076804 3.859357541479307e-10
11150.04800076804 1.4930970291311565e-10
11200.04800076804 1.3055038208923157e-10
11250.04800076804 2.31179087707421e-10
11300.04800076804 3.2708179016747366e-10
11350.04800076804 1.1969317752652199e-10
11400.04800076804 5.640812115756865e-10
11450.04800076804 2.888010940196128e-10
11500.04800076804 2.9981436506313066e-10
11550.04800076804 1.190844220787101e-10
11600.04800076804 8.651133506698911e-11
11650.04800076804 2.497663020043263e-10
11700.04800076804 3.377611345091857e-10
11750.04800076804 1.7955374584137472e-10
11800.04800076804 6.575766885417421e-10
11850.04800076804 9.281508770544153e-10
11900.04800076804 1.1618502275106484e-09
11950.04800076804 1.5365424452689877e-09
12000.04800076804 1.9797029964103288e-09
12050.04800076804 2.5275296107183373e-09
12100.04800076804 2.940640921350664e-09
12150.04800076804 3.574627671048785e-09
12200.04800076804 3.994810246610737e-09
12250.04800076804 4.735864849396184e-09
12300.04800076804 5.8249115156367915e-09
12350.04800076804 6.464543530084385e-09
12400.04800076804 7.731873213731602e-09
12450.04800076804 9.103932992420761e-09
12500.04800076804 1.01353002124946e-08
12550.04800076804 1.1192600747486751e-08
12600.04800076804 1.2798026943618987e-08
12650.04800076804 1.422793035183552e-08
12700.04800076804 1.4944827234364124e-08
12750.04800076804 1.368532892702939e-08
12800.04800076804 1.2113786989515115e-08
12850.04800076804 9.866549946496711e-09
12900.04800076804 8.587155577422904e-09
12950.04800076804 7.584668108602015e-09
13000.04800076804 7.841616015052493e-09
13050.04800076804 6.208406392319582e-09
13100.04800076804 6.4148209075261084e-09
13150.04800076804 4.609703460698957e-09
13200.04800076804 4.618493100091074e-09
13250.04800076804 3.473874326547154e-09
13300.04800076804 1.4571370870741985e-09
13350.04800076804 5.438142666382041e-10
13400.04800076804 7.808931296102038e-11
13450.04800076804 1.728617203793236e-11
13500.04800076804 4.912525144606082e-12
13550.04800076804 1.0935754882400365e-12
13600.04800076804 3.466590485299063e-13
13650.04800076804 2.6893775730722586e-12
13700.04800076804 1.4606799427401607e-12
13750.04800076804 8.032606340260135e-12
13800.04800076804 9.047991789632228e-12
13850.04800076804 1.978774579043189e-12
13900.04800076804 3.857135904678317e-12
13950.04800076804 3.72724813988823e-12
14000.04800076804 7.009014107235592e-12
14050.04800076804 8.463947076232648e-12
14100.04800076804 6.808005919616337e-12
14150.04800076804 1.659298941953731e-11
14200.04800076804 1.13711716084857e-11
14250.04800076804 1.6407543454044148e-11
14300.04800076804 6.225929065416394e-11
14350.04800076804 5.36647227560849e-11
14400.04800076804 5.2010464894789974e-11
14450.04800076804 1.1299764577172516e-10
14500.04800076804 2.53575362584589e-10
14550.04800076804 3.068548015795687e-10
14600.04800076804 6.566153401928842e-10
14650.04800076804 3.7535082075249156e-10
14700.04800076804 1.7829489307040534e-10
14750.04800076804 1.93594704434929e-10
14800.04800076804 1.903563621327089e-10
14850.04800076804 2.2699296645246348e-10
14900.04800076804 2.3787031003121946e-10
14950.04800076804 2.8397783412628904e-10
15000.04800076804 5.570270068202782e-10
15050.04800076804 6.835162420653714e-10
15100.04800076804 4.75316470976239e-10
15150.04800076804 3.247500972431891e-10
15200.04800076804 6.606757710176835e-10
15250.04800076804 1.0936183609853246e-09
15300.04800076804 1.390518088451157e-09
15350.04800076804 1.7124782294965026e-09
15400.04800076804 2.171334208192735e-09
15450.04800076804 2.594294287291615e-09
15500.04800076804 3.3320413607261147e-09
15550.04800076804 4.3281361300164376e-09
15600.04800076804 5.7079733414341555e-09
15650.04800076804 7.45320186750969e-09
15700.04800076804 9.373816202014234e-09
15750.04800076804 1.049464137478617e-08
15800.04800076804 1.160104323478348e-08
15850.04800076804 1.2659585020880513e-08
15900.04800076804 1.271770459128289e-08
15950.04800076804 1.2728281115945473e-08
16000.04800076804 1.1408677572789513e-08
16050.04800076804 8.957421134822533e-09
16100.04800076804 6.354138602108101e-09
16150.04800076804 3.920278385902783e-09
16200.04800076804 2.0394482035363322e-09
16250.04800076804 1.34960519882839e-09
16300.04800076804 9.304001018610931e-10
16350.04800076804 9.762768883331372e-10
16400.04800076804 1.116521814441446e-09
16450.04800076804 1.222942271542801e-09
16500.04800076804 1.2589827420955878e-09
16550.04800076804 1.3271892340094366e-09
16600.04800076804 2.1632705685223928e-09
16650.04800076804 1.193059447323388e-09
16700.04800076804 3.0528257911712177e-10
16750.04800076804 1.0067589473364832e-09
16800.04800076804 1.3395771221492034e-09
16850.04800076804 1.2381579659364898e-09
16900.04800076804 7.9776083635557e-10
16950.04800076804 6.039873344903718e-10
17000.04800076804 3.9939514293220157e-10
17050.04800076804 6.530016922366076e-10
17100.04800076804 9.265137090718705e-10
17150.04800076804 7.029904664740492e-10
17200.04800076804 1.479704807173253e-09
17250.04800076804 8.114742467122697e-10
17300.04800076804 6.567364733348378e-10
17350.04800076804 7.265326418009152e-10
17400.04800076804 9.467978699609927e-10
17450.04800076804 1.0788760836651492e-09
17500.04800076804 1.3090297576659208e-09
17550.04800076804 9.87598752648726e-10
17600.04800076804 8.973708321480437e-10
17650.04800076804 6.573561079523793e-10
17700.04800076804 5.494146383627869e-10
17750.04800076804 3.729247743858273e-10
17800.04800076804 5.209058562456499e-10
17850.04800076804 2.8124326041319657e-10
17900.04800076804 2.2714703756136297e-10
17950.04800076804 1.1527770283591727e-10
18000.04800076804 2.1025732978830318e-10
18050.04800076804 7.546142528113931e-11
18100.04800076804 8.540452851476814e-11
18150.04800076804 7.072274303235039e-11
18200.04800076804 4.0698922917566525e-11
18250.04800076804 1.6117985314566464e-10
18300.04800076804 2.537811497226454e-11
18350.04800076804 2.4201801031393947e-11
18400.04800076804 1.4255898795496065e-11
18450.04800076804 9.490642436228394e-11
18500.04800076804 8.810411438919191e-11
18550.04800076804 3.578746492524448e-11
18600.04800076804 5.4268234306654444e-11
18650.04800076804 3.272149659397664e-11
18700.04800076804 5.786918319113654e-12
18750.04800076804 1.6526745356642936e-11
18800.04800076804 1.7411001129386733e-10
18850.04800076804 1.5582260326516308e-10
18900.04800076804 1.4177464762294785e-10
18950.04800076804 2.522118678846588e-10
19000.04800076804 4.915344143850823e-11
19050.04800076804 2.3779385746060478e-11
19100.04800076804 8.190821596128971e-11
19150.04800076804 3.3137295686343856e-11
19200.04800076804 7.624100696966608e-11
19250.04800076804 5.130991635575721e-11
19300.04800076804 3.05232476925349e-11
19350.04800076804 3.780655623431249e-11
19400.04800076804 2.4985841201898298e-11
19450.04800076804 4.559973904020135e-11
19500.04800076804 5.3901288189299776e-11
19550.04800076804 5.548484626532283e-11
19600.04800076804 1.0396847980912247e-10
19650.04800076804 1.1357910148505648e-10
19700.04800076804 1.426895423034261e-10
19750.04800076804 2.0146399000854838e-10
19800.04800076804 1.460375868512287e-10
19850.04800076804 2.1742380826334157e-10
19900.04800076804 2.677904267762874e-10
19950.04800076804 3.1124704382378097e-10
20000.04800076804 3.3037289479713917e-10
20050.04800076804 3.1386594224420716e-10
20100.04800076804 4.44751621435288e-10
20150.04800076804 3.2789448116757246e-10
20200.04800076804 2.7814783492593956e-10
20250.04800076804 4.2407435420894146e-10
20300.04800076804 4.3947073330837744e-10
20350.04800076804 4.752240103487881e-10
20400.04800076804 4.718954209988633e-10
20450.04800076804 6.326772091122669e-10
20500.04800076804 6.651839636479893e-10
20550.04800076804 6.865467772549583e-10
20600.04800076804 7.125636125373747e-10
20650.04800076804 7.37934059840339e-10
20700.04800076804 7.437486551433321e-10
20750.04800076804 7.482769283821386e-10
20800.04800076804 7.250246666373329e-10
20850.04800076804 7.393327296414235e-10
20900.04800076804 7.313027478987477e-10
20950.04800076804 7.114675320096144e-10
21000.04800076804 6.93780445857713e-10
21050.04800076804 6.937978602003789e-10
21100.04800076804 6.797774516272684e-10
21150.04800076804 6.755881295181006e-10
21200.04800076804 6.62974209904061e-10
21250.04800076804 6.49885627851684e-10
21300.04800076804 6.244723211066563e-10
21350.04800076804 6.055734571121191e-10
21400.04800076804 6.180715898616867e-10
21450.04800076804 5.508653811880201e-10
21500.04800076804 5.29087676068872e-10
21550.04800076804 5.16425833268232e-10
21600.04800076804 4.8578724112695e-10
21650.04800076804 4.4323783231560596e-10
21700.04800076804 4.540672786780247e-10
21750.04800076804 4.2746802261882414e-10
21800.04800076804 3.519225054104944e-10
21850.04800076804 3.187568363456522e-10
21900.04800076804 2.674689735443108e-10
21950.04800076804 1.47400309828572e-10
22000.04800076804 2.6481904989425184e-11
22050.04800076804 4.260009966914061e-11
22100.04800076804 1.2458857796215046e-10
22150.04800076804 9.589820468876018e-11
22200.04800076804 8.688507863775625e-11
22250.04800076804 7.739927978131553e-11
22300.04800076804 4.260993874994707e-11
22350.04800076804 5.272901495216482e-11
22400.04800076804 2.518796115568114e-11
22450.04800076804 3.1067275188096464e-11
22500.04800076804 2.8505569057035407e-11
22550.04800076804 1.6280614920567798e-11
22600.04800076804 1.606633916467315e-11
22650.04800076804 2.430047404302487e-11
22700.04800076804 2.1135579304953314e-11
22750.04800076804 2.5454718934100392e-11
22800.04800076804 3.3798935350398704e-11
22850.04800076804 2.3565225210230675e-11
22900.04800076804 1.9324422800547088e-11
22950.04800076804 1.3415410100210617e-11
23000.04800076804 1.6914442895358404e-11
23050.04800076804 1.9871356799053715e-11
23100.04800076804 1.0546849948917088e-10
23150.04800076804 8.628755502350405e-11
23200.04800076804 5.729071289204287e-12
23250.04800076804 2.410193959114726e-11
23300.04800076804 2.2943189612254286e-11
23350.04800076804 2.0951518550815657e-11
23400.04800076804 1.7631598866971816e-11
23450.04800076804 1.0852898367036642e-11
23500.04800076804 1.1600604749951586e-11
23550.04800076804 2.5409892743813313e-11
23600.04800076804 5.180751685719183e-11
23650.04800076804 5.903792927830294e-11
23700.04800076804 1.0117126437522016e-11
23750.04800076804 1.5472801851536824e-11
23800.04800076804 6.654466592137082e-11
23850.04800076804 3.8288844899500486e-11
23900.04800076804 8.086507433881649e-11
23950.04800076804 4.0876998348020505e-11
24000.04800076804 9.55687449640053e-11
24050.04800076804 9.173093851453387e-11
24100.04800076804 1.0808687738276124e-10
24150.04800076804 1.538674084525202e-10
24200.04800076804 1.342891752092048e-10
24250.04800076804 1.0440499501767141e-10
24300.04800076804 2.1039863269108973e-10
24350.04800076804 1.381367640079277e-10
24400.04800076804 2.994682286440438e-10
24450.04800076804 2.777139101509542e-10
24500.04800076804 2.410652303190814e-10
24550.04800076804 4.137586701706747e-10
24600.04800076804 4.5953575072683847e-10
24650.04800076804 5.439051536928657e-10
24700.04800076804 4.0752653807682253e-10
24750.04800076804 4.855211336421296e-10
24800.04800076804 4.167217259729481e-10
24850.04800076804 5.886553671062176e-10
24900.04800076804 2.27733130526655e-10
24950.04800076804 4.4214940441759775e-10
25000.04800076804 4.6157153692767613e-10
25050.04800076804 2.065836640477419e-10
25100.04800076804 3.7962848734846516e-10
25150.04800076804 1.6325671840232405e-10
25200.04800076804 2.4394726142449044e-10
25250.04800076804 8.091311734364371e-11
25300.04800076804 1.1597801469878952e-10
25350.04800076804 4.4936231456214255e-11
25400.04800076804 1.3025125501646355e-10
25450.04800076804 4.004782281430377e-11
25500.04800076804 3.334260452446544e-11
25550.04800076804 9.467753886500846e-11
25600.04800076804 4.941144804301695e-11
25650.04800076804 1.8011097510860046e-11
25700.04800076804 2.0480965001118036e-11
25750.04800076804 6.740086640557332e-12
25800.04800076804 3.490972625623883e-11
25850.04800076804 6.421567315769872e-12
25900.04800076804 1.1236671241387724e-11
25950.04800076804 2.56906365109072e-12
26000.04800076804 2.978218580150879e-11
26050.04800076804 3.693863114668058e-12
26100.04800076804 2.1423356107647654e-11
26150.04800076804 8.124798039932791e-12
26200.04800076804 1.1250324224456922e-11
26250.04800076804 7.366164646785423e-11
26300.04800076804 1.2945249225346559e-11
26350.04800076804 1.5629759495797114e-10
26400.04800076804 2.2687668289948543e-10
26450.04800076804 1.0385312905352913e-10
26500.04800076804 2.73054792412032e-10
26550.04800076804 2.9390384056072697e-11
26600.04800076804 2.7088866284227968e-11
26650.04800076804 4.785631131035501e-12
26700.04800076804 3.1206046402061207e-12
26750.04800076804 4.838432464707533e-12
26800.04800076804 1.4398880388822205e-11
26850.04800076804 8.674590753948903e-12
26900.04800076804 3.924362910178616e-11
26950.04800076804 1.3199894892143444e-11
27000.04800076804 6.812810031438603e-11
27050.04800076804 9.677711816221377e-11
27100.04800076804 1.0066631712842095e-11
27150.04800076804 1.1056356192483532e-10
27200.04800076804 9.095205625691103e-12
27250.04800076804 2.938424820693375e-11
27300.04800076804 2.811611950196337e-10
27350.04800076804 7.558663809254963e-11
27400.04800076804 4.845383508490437e-12
27450.04800076804 9.892365862213542e-11
27500.04800076804 1.483499739304766e-10
27550.04800076804 1.9318498357208037e-11
27600.04800076804 6.088958870025044e-11
27650.04800076804 1.5814354587021454e-11
27700.04800076804 1.619152628778607e-11
27750.04800076804 9.200232700615928e-11
27800.04800076804 3.375801831804889e-11
27850.04800076804 5.093889024406743e-11
27900.04800076804 7.728653749391674e-11
27950.04800076804 1.6647444814900087e-10
28000.04800076804 1.337564860975025e-10
28050.04800076804 1.9867623703655615e-11
28100.04800076804 2.1059665063251743e-10
28150.04800076804 1.3482675601850088e-10
28200.04800076804 3.6897558622891644e-11
28250.04800076804 2.9549402925060264e-10
28300.04800076804 3.3773498558264975e-10
28350.04800076804 4.321092878229238e-11
28400.04800076804 2.0317915303672445e-10
28450.04800076804 4.346382813453666e-10
28500.04800076804 1.8288402009640755e-10
28550.04800076804 5.360338266421612e-11
28600.04800076804 3.4894212019600683e-10
28650.04800076804 2.2820614833046685e-10
28700.04800076804 2.8434924009707924e-10
28750.04800076804 7.610419872392581e-10
28800.04800076804 3.5325799883639853e-10
28850.04800076804 6.087927705550146e-10
28900.04800076804 3.053741660011e-10
28950.04800076804 5.581423884252187e-10
29000.04800076804 4.0568504530425e-10
29050.04800076804 5.936067770916777e-10
29100.04800076804 3.0781084337915286e-10
29150.04800076804 6.560774048497497e-10
29200.04800076804 7.864824446110855e-10
29250.04800076804 9.156079473134289e-10
29300.04800076804 5.652059663175767e-10
29350.04800076804 2.159484595261774e-09
29400.04800076804 5.866299717095298e-10
29450.04800076804 4.249961365770115e-10
29500.04800076804 1.7638142021136057e-09
29550.04800076804 7.11459419706115e-10
29600.04800076804 1.068108487631962e-09
29650.04800076804 2.3715247699425714e-09
29700.04800076804 5.027636531466517e-10
29750.04800076804 1.321711738992327e-09
29800.04800076804 1.0699400367079637e-09
29850.04800076804 2.7236696214216194e-09
29900.04800076804 1.6790749689398103e-09
29950.04800076804 1.1257854321954401e-09
30000.04800076804 5.5968235159012545e-11
30050.04800076804 2.832708759570644e-10
30100.04800076804 9.275968623179625e-10
30150.04800076804 2.1689363069140903e-09
30200.04800076804 1.2527329996242013e-09
30250.04800076804 3.4642167749356727e-09
30300.04800076804 3.2121905419922845e-09
30350.04800076804 1.0528793821585509e-09
30400.04800076804 3.6224630617777926e-09
30450.04800076804 2.4796688902173746e-09
30500.04800076804 1.891336391417594e-09
30550.04800076804 1.3807265474453207e-09
30600.04800076804 7.587257096253383e-09
30650.04800076804 3.937983007638958e-09
30700.04800076804 2.0837242928372496e-09
30750.04800076804 3.926649439096221e-09
30800.04800076804 3.0968593399369233e-09
30850.04800076804 3.5983128428739993e-09
30900.04800076804 2.2849195567972982e-09
30950.04800076804 1.4328120380066053e-09
31000.04800076804 2.1419743158193713e-09
31050.04800076804 1.881352289005173e-09
31100.04800076804 9.0433236690442e-10
31150.04800076804 1.6074492867098498e-09
31200.04800076804 4.013373136486803e-09
31250.04800076804 1.388566831013421e-09
31300.04800076804 1.0980749336242509e-09
31350.04800076804 2.23865238854648e-09
31400.04800076804 1.218993043835392e-09
31450.04800076804 1.562676585218952e-09
31500.04800076804 6.042517292243675e-10
31550.04800076804 9.854885861157915e-10
31600.04800076804 7.272137596595247e-10
31650.04800076804 5.19328258244641e-10
31700.04800076804 6.033059781049776e-10
31750.04800076804 2.1973285616469052e-10
31800.04800076804 5.133895140780236e-10
31850.04800076804 1.1960036542996683e-10
31900.04800076804 3.080447386955973e-10
31950.04800076804 1.548225033716519e-10
32000.04800076804 1.468443844987692e-10
32050.04800076804 1.4899161809947137e-10
32100.04800076804 1.1151573368864958e-10
32150.04800076804 1.4878269583650567e-10
32200.04800076804 7.694218883294458e-11
32250.04800076804 1.6802701099061726e-10
32300.04800076804 5.67837280456068e-11
32350.04800076804 1.9025822900214623e-10
32400.04800076804 4.388018492910682e-11
32450.04800076804 1.4410779689270425e-10
32500.04800076804 5.019751878961756e-11
32550.04800076804 1.532715143315161e-10
32600.04800076804 5.560348188163149e-11
32650.04800076804 2.445574810656214e-10
32700.04800076804 7.982155065467449e-11
32750.04800076804 4.681172072687861e-10
32800.04800076804 2.893937502264468e-10
32850.04800076804 8.267957035032235e-10
32900.04800076804 7.154689720041826e-10
32950.04800076804 8.056327251088962e-10
33000.04800076804 2.9158792998936996e-10
33050.04800076804 3.302073237494304e-10
33100.04800076804 8.731152084546638e-11
33150.04800076804 1.3470801536965578e-13
33200.04800076804 5.032088523860757e-12
33250.04800076804 9.74051075925403e-12
33300.04800076804 7.073585146515886e-11
33350.04800076804 1.7187024694450757e-10
33400.04800076804 4.517297783506646e-10
33450.04800076804 1.9924567730202883e-10
33500.04800076804 7.429682212892584e-10
33550.04800076804 1.9903934252067213e-10
33600.04800076804 3.607193480790877e-10
33650.04800076804 4.208376090574558e-10
33700.04800076804 1.4800640046801277e-10
33750.04800076804 5.203310524482337e-10
33800.04800076804 6.988301518125825e-11
33850.04800076804 2.620828973870747e-10
33900.04800076804 2.5700545704730437e-10
33950.04800076804 2.4504231851748287e-10
34000.04800076804 5.238560719109348e-10
34050.04800076804 9.361524780765477e-11
34100.04800076804 4.314649191566386e-10
34150.04800076804 1.5455528867130264e-10
34200.04800076804 4.668764399073566e-10
34250.04800076804 2.988961425713247e-10
34300.04800076804 2.546468729508529e-10
34350.04800076804 7.825139562124428e-10
34400.04800076804 1.7832811134413807e-10
34450.04800076804 7.132420739910666e-10
34500.04800076804 3.568364265956454e-10
34550.04800076804 3.6495585529820904e-10
34600.04800076804 1.4529827250156183e-09
34650.04800076804 1.8672138243176841e-10
34700.04800076804 1.035526150134991e-09
34750.04800076804 5.73027005894305e-10
34800.04800076804 4.0392800470463327e-10
34850.04800076804 1.5831658714746292e-09
34900.04800076804 3.460598210521494e-10
34950.04800076804 1.4690451417325925e-09
35000.04800076804 1.9005927838441307e-09
35050.04800076804 1.0534713783394182e-09
35100.04800076804 3.040937740689502e-09
35150.04800076804 2.294253860277641e-09
35200.04800076804 2.0263493252309256e-09
35250.04800076804 3.4519536936557586e-09
35300.04800076804 9.322547183504498e-10
35350.04800076804 1.5960531076143066e-09
35400.04800076804 1.1582791707438917e-09
35450.04800076804 9.387790499744795e-10
35500.04800076804 3.635410470438736e-09
35550.04800076804 2.041653915101144e-09
35600.04800076804 3.0687143725075146e-09
35650.04800076804 3.2747449601153243e-09
35700.04800076804 2.946342068929375e-09
35750.04800076804 5.78085618841534e-09
35800.04800076804 2.8246746278636713e-09
35850.04800076804 1.6423669757027371e-09
35900.04800076804 2.988731344810323e-09
35950.04800076804 4.280395928066144e-09
36000.04800076804 3.777987412019159e-09
36050.04800076804 3.3278747165321027e-09
36100.04800076804 2.984191009403507e-09
36150.04800076804 7.61011648105628e-09
36200.04800076804 7.596511086965827e-09
36250.04800076804 4.835562542161907e-09
36300.04800076804 1.0195936216186797e-08
36350.04800076804 7.298265791373706e-09
36400.04800076804 1.1184713465210162e-08
36450.04800076804 7.082851880392943e-09
36500.04800076804 7.855334905157126e-09
36550.04800076804 1.604382870079624e-08
36600.04800076804 1.8777404970460097e-08
36650.04800076804 1.0408728564893022e-08
36700.04800076804 1.0776727002399663e-08
36750.04800076804 1.8166442548316697e-08
36800.04800076804 1.8560677463654976e-08
36850.04800076804 1.0059126517144827e-08
36900.04800076804 1.2541486412378018e-08
36950.04800076804 2.001964583486752e-08
37000.04800076804 1.4282039026751409e-08
37050.04800076804 1.9458745085127712e-08
37100.04800076804 9.3251957334216e-09
37150.04800076804 1.588479911175677e-08
37200.04800076804 2.7036423562004065e-08
37250.04800076804 1.3164597798703197e-08
37300.04800076804 9.763239466454368e-09
37350.04800076804 1.9184967831653104e-08
37400.04800076804 2.9833851362909185e-08
37450.04800076804 1.2830460711906409e-08
37500.04800076804 1.4509736646355532e-08
37550.04800076804 3.442922769394049e-08
37600.04800076804 4.601172647134556e-08
37650.04800076804 1.4958812197170786e-08
37700.04800076804 2.6191134766428255e-08
37750.04800076804 1.8768979736679203e-08
37800.04800076804 2.3027014877553436e-08
37850.04800076804 1.2752046375797004e-08
37900.04800076804 1.63509890840072e-08
37950.04800076804 2.308963478675276e-08
38000.04800076804 2.358846005497041e-08
38050.04800076804 2.8554945452809747e-08
38100.04800076804 4.151357491766669e-08
38150.04800076804 4.414418991265338e-08
38200.04800076804 3.1671210111280105e-08
38250.04800076804 3.9560209136167966e-08
38300.04800076804 6.49591948093521e-08
38350.04800076804 5.3291784343505625e-08
38400.04800076804 2.632927021382035e-08
38450.04800076804 1.560047751759964e-08
38500.04800076804 1.3404233155603963e-08
38550.04800076804 3.282310905122311e-08
38600.04800076804 3.694171915854931e-08
38650.04800076804 3.983856184718204e-08
38700.04800076804 4.126917470587209e-08
38750.04800076804 4.0170152542449154e-08
38800.04800076804 3.590835124658298e-08
38850.04800076804 4.452164801250201e-08
38900.04800076804 4.750904332464377e-08
38950.04800076804 3.38088046241031e-08
39000.04800076804 4.974891619166758e-08
39050.04800076804 3.315478709931256e-08
39100.04800076804 3.955078210619087e-08
39150.04800076804 5.5227643824030516e-08
39200.04800076804 4.722766602927518e-08
39250.04800076804 5.305385066893628e-08
39300.04800076804 4.5152785447033796e-08
39350.04800076804 7.258981994324023e-08
39400.04800076804 5.048609574776428e-08
39450.04800076804 6.326665448741296e-08
39500.04800076804 7.205829319277553e-08
39550.04800076804 4.422057710800493e-08
39600.04800076804 5.6731319965154537e-08
39650.04800076804 8.72001004388396e-08
39700.04800076804 7.441447905664097e-08
39750.04800076804 3.8185397329939e-08
39800.04800076804 4.028150986052719e-08
39850.04800076804 8.649983643345852e-08
39900.04800076804 9.221997857818224e-08
39950.04800076804 5.8241453622828277e-08
40000.04800076804 8.44521746937995e-08
40050.04800076804 8.045410803322959e-08
40100.04800076804 3.261064247973153e-08
40150.04800076804 7.633425182709217e-08
40200.04800076804 8.928887349694731e-08
40250.04800076804 9.549631240658376e-08
40300.04800076804 9.117561029336291e-08
40350.04800076804 5.017428956969095e-08
40400.04800076804 7.707576409279737e-08
40450.04800076804 5.154509929054812e-08
40500.04800076804 9.139961301623554e-08
40550.04800076804 9.032079985577986e-08
40600.04800076804 9.363601379538653e-08
40650.04800076804 7.17222425404808e-08
40700.04800076804 1.192218259538768e-07
40750.04800076804 9.026179756178772e-08
40800.04800076804 5.9395391499047995e-08
40850.04800076804 1.2036167362429746e-07
40900.04800076804 1.1859631500159847e-07
40950.04800076804 7.79153491753067e-08
41000.04800076804 9.236137743572544e-08
41050.04800076804 1.269026117533865e-07
41100.04800076804 1.0574566972597859e-07
41150.04800076804 5.113598940222935e-08
41200.04800076804 1.1561947765833379e-07
41250.04800076804 1.07926782930659e-07
41300.04800076804 1.1438608785165282e-07
41350.04800076804 1.37820962188918e-07
41400.04800076804 1.1488491402864594e-07
41450.04800076804 1.2992879387158368e-07
41500.04800076804 8.952561346080714e-08
41550.04800076804 8.158936568005772e-08
41600.04800076804 9.19288880518822e-08
41650.04800076804 1.2719180880913022e-07
41700.04800076804 1.3603328203207214e-07
41750.04800076804 1.1938316237660388e-07
41800.04800076804 1.3580917226148546e-07
41850.04800076804 9.611421993412085e-08
41900.04800076804 8.754101945354562e-08
41950.04800076804 1.0607330317739764e-07
42000.04800076804 1.0026433017145521e-07
42050.04800076804 9.361079514687239e-08
42100.04800076804 1.1536276279639048e-07
42150.04800076804 9.927586962868794e-08
42200.04800076804 1.0362153951535614e-07
42250.04800076804 8.70000478038297e-08
42300.04800076804 8.352886462766558e-08
42350.04800076804 1.1383357162102687e-07
42400.04800076804 1.2470056733479162e-07
42450.04800076804 1.1511907661988523e-07
42500.04800076804 1.201962832740229e-07
42550.04800076804 1.1042447190575585e-07
42600.04800076804 1.0566314261858842e-07
42650.04800076804 1.4126504220214048e-07
42700.04800076804 8.774130937588964e-08
42750.04800076804 9.188583944744808e-08
42800.04800076804 1.250907111484697e-07
42850.04800076804 1.3321088057628543e-07
42900.04800076804 1.3057765025024016e-07
42950.04800076804 1.0645566545737765e-07
43000.04800076804 1.2261546032421705e-07
43050.04800076804 7.002899248566596e-08
43100.04800076804 1.1273578752166035e-07
43150.04800076804 1.057485182355978e-07
43200.04800076804 1.1634371727919818e-07
43250.04800076804 1.6328378111448248e-07
43300.04800076804 1.425914941523255e-07
43350.04800076804 8.316540041420026e-08
43400.04800076804 1.1685598392344059e-07
43450.04800076804 9.751855979411011e-08
43500.04800076804 9.725190727190522e-08
43550.04800076804 8.972038131388058e-08
43600.04800076804 1.3489419380193017e-07
43650.04800076804 7.473430899275248e-08
43700.04800076804 1.3098738012656833e-07
43750.04800076804 1.4262833261147783e-07
43800.04800076804 1.188221418809731e-07
43850.04800076804 1.1216911908432378e-07
43900.04800076804 9.946448664026592e-08
43950.04800076804 7.333124390166799e-08
44000.04800076804 6.503629960716823e-08
44050.04800076804 1.2770055499176172e-07
44100.04800076804 1.7086262402822255e-07
44150.04800076804 1.625951242514404e-07
44200.04800076804 1.4996667365046115e-07
44250.04800076804 9.441202718704654e-08
44300.04800076804 6.246265631464422e-08
44350.04800076804 7.055473137710354e-08
44400.04800076804 8.138722331202419e-08
44450.04800076804 1.175005462869171e-07
44500.04800076804 1.0313660421140118e-07
44550.04800076804 1.3916927981916485e-07
44600.04800076804 1.1045343098670892e-07
44650.04800076804 1.195563554904481e-07
44700.04800076804 8.39255762677324e-08
44750.04800076804 1.0268349037742157e-07
44800.04800076804 7.898194576536632e-08
44850.04800076804 1.1344463859682011e-07
44900.04800076804 1.0024394151161913e-07
44950.04800076804 1.1174844289706384e-07
45000.04800076804 1.2453928541926236e-07
45050.04800076804 1.1845487873947512e-07
45100.04800076804 1.1071994045557745e-07
45150.04800076804 1.0208080093687787e-07
45200.04800076804 6.350988685202528e-08
45250.04800076804 7.479289489207972e-08
45300.04800076804 7.75167391895099e-08
45350.04800076804 5.6521490166614886e-08
45400.04800076804 1.261171418178322e-07
45450.04800076804 1.1504582200625955e-07
45500.04800076804 1.227921444995319e-07
45550.04800076804 1.4233551608359826e-07
45600.04800076804 1.2363640801299074e-07
45650.04800076804 1.094545691171956e-07
45700.04800076804 6.727081924745582e-08
45750.04800076804 5.464095192105139e-08
45800.04800076804 1.1403363422075384e-07
45850.04800076804 1.1267805101023503e-07
45900.04800076804 1.356529319576194e-07
45950.04800076804 1.1043761226069837e-07
46000.04800076804 1.3050761887757903e-07
46050.04800076804 1.1552591604754802e-07
46100.04800076804 1.2667541287238838e-07
46150.04800076804 8.988121190431234e-08
46200.04800076804 6.589266227355773e-08
46250.04800076804 2.7697338653229485e-08
46300.04800076804 9.160359657027877e-08
46350.04800076804 9.477319291584721e-08
46400.04800076804 1.0477950799389443e-07
46450.04800076804 9.043053680899973e-08
46500.04800076804 9.787125226437771e-08
46550.04800076804 6.718464710709942e-08
46600.04800076804 6.625393923179688e-08
46650.04800076804 1.0314236034631769e-07
46700.04800076804 7.69064456955157e-08
46750.04800076804 3.3274593969555645e-08
46800.04800076804 2.3237353664573334e-08
46850.04800076804 8.778849160114599e-08
46900.04800076804 1.1124835792450872e-07
46950.04800076804 1.1657821841033858e-07
47000.04800076804 1.0293051718891014e-07
47050.04800076804 7.909384785890276e-08
47100.04800076804 5.730757784298429e-08
47150.04800076804 8.748420009591968e-08
47200.04800076804 9.528007878985846e-08
47250.04800076804 4.322900314529522e-08
47300.04800076804 3.1803862287717366e-08
47350.04800076804 9.015807217343913e-08
47400.04800076804 1.1235373427574597e-07
47450.04800076804 7.312083101682826e-08
47500.04800076804 1.2506206130110472e-07
47550.04800076804 9.888999701518366e-08
47600.04800076804 9.450678556461092e-08
47650.04800076804 9.085373022404939e-08
47700.04800076804 8.381131535377383e-08
47750.04800076804 5.7495529472710486e-08
47800.04800076804 4.327655484183419e-08
47850.04800076804 1.6500350617349847e-08
47900.04800076804 2.9317427385028766e-08
47950.04800076804 7.866338980796868e-08
48000.04800076804 1.0650810896148664e-07
48050.04800076804 8.21446022415727e-08
48100.04800076804 4.116416659908899e-08
48150.04800076804 6.829765820356827e-08
48200.04800076804 5.5874659603978533e-08
48250.04800076804 7.752713130757048e-08
48300.04800076804 9.950740801476269e-08
48350.04800076804 5.840495414079499e-08
48400.04800076804 1.2959933389799345e-08
48450.04800076804 2.5843823896997663e-08
48500.04800076804 5.299867123608922e-08
48550.04800076804 6.14926647829117e-08
48600.04800076804 9.81192466602987e-08
48650.04800076804 1.09211023262214e-07
48700.04800076804 8.791424271280483e-08
48750.04800076804 6.130710377797952e-08
48800.04800076804 8.91224975705475e-08
48850.04800076804 4.561663566296311e-08
48900.04800076804 5.216196661337719e-08
48950.04800076804 2.8739556334461463e-08
49000.04800076804 1.8066298156389258e-08
49050.04800076804 5.269675810285863e-08
49100.04800076804 7.093930596996063e-08
49150.04800076804 5.905533627012644e-08
49200.04800076804 9.220921113836385e-08
49250.04800076804 9.810533673470486e-08
49300.04800076804 8.062801198441572e-08
49350.04800076804 3.55945734996793e-08
49400.04800076804 4.3719176761084943e-08
49450.04800076804 3.619507573866656e-08
49500.04800076804 3.127731705852024e-08
49550.04800076804 5.9904830350264555e-09
49600.04800076804 1.6290176736852505e-08
49650.04800076804 4.7816042657900816e-08
49700.04800076804 6.253872882563746e-08
49750.04800076804 5.4318371834674663e-08
49800.04800076804 3.054652650659787e-08
49850.04800076804 7.085933280531647e-08
49900.04800076804 7.894408335865616e-08
49950.04800076804 6.61325763788784e-08
50000.04800076804 4.714578421064829e-08
50050.04800076804 5.321540728184102e-08
50100.04800076804 4.558789476827485e-08
50150.04800076804 1.8587945608974135e-08
50200.04800076804 3.5316739049139794e-09
50250.04800076804 1.789150528204694e-08
50300.04800076804 1.3056065220615831e-08
50350.04800076804 4.986341991546684e-08
50400.04800076804 6.139117461106016e-08
50450.04800076804 4.4690864559667996e-08
50500.04800076804 7.01040078243232e-08
50550.04800076804 7.862437712441041e-08
50600.04800076804 5.069948970265126e-08
50650.04800076804 6.950563110228394e-08
50700.04800076804 7.21906146528617e-08
50750.04800076804 4.169051844291237e-08
50800.04800076804 1.3238849750625423e-08
50850.04800076804 6.554022607869488e-09
50900.04800076804 4.139157023925798e-08
50950.04800076804 4.837131308090707e-08
51000.04800076804 3.352674221994429e-08
51050.04800076804 4.958881263277826e-08
51100.04800076804 1.953558865031567e-08
51150.04800076804 1.8059331804800165e-08
51200.04800076804 6.169633845413648e-08
51250.04800076804 4.709085019844297e-08
51300.04800076804 3.1071092481990503e-08
51350.04800076804 2.84198174853457e-08
51400.04800076804 8.970954876168617e-09
51450.04800076804 7.219132247265499e-09
51500.04800076804 6.244488302828726e-09
51550.04800076804 2.430694870954923e-08
51600.04800076804 2.7050052909017367e-08
51650.04800076804 3.8186379925637996e-08
51700.04800076804 3.2719249468292164e-08
51750.04800076804 2.4097373691343676e-08
51800.04800076804 5.050192720124874e-08
51850.04800076804 3.8221054611272416e-08
51900.04800076804 3.915190243286214e-08
51950.04800076804 2.058595066989305e-08
52000.04800076804 2.497848050302138e-09
52050.04800076804 1.1084389750706943e-08
52100.04800076804 6.708071637326121e-09
52150.04800076804 3.90435179310444e-09
52200.04800076804 1.2489505577439045e-08
52250.04800076804 2.3429875576180228e-08
52300.04800076804 2.8623485751135953e-08
52350.04800076804 7.303801726074239e-09
52400.04800076804 8.39085182818978e-09
52450.04800076804 3.208800537546253e-08
52500.04800076804 2.6832589817300877e-08
52550.04800076804 3.104216455748424e-08
52600.04800076804 2.6081292660088995e-08
52650.04800076804 3.195598166678711e-08
52700.04800076804 1.7890883553406574e-08
52750.04800076804 7.3151609576584795e-09
52800.04800076804 1.2886621687345075e-08
52850.04800076804 1.6143502680267266e-08
52900.04800076804 5.864130010626289e-09
52950.04800076804 1.0564167923628244e-08
53000.04800076804 2.4152127473318756e-08
53050.04800076804 8.668981205190183e-09
53100.04800076804 3.37976631230955e-08
53150.04800076804 3.672747283383385e-08
53200.04800076804 1.3845521406230577e-08
53250.04800076804 3.055190504504167e-08
53300.04800076804 3.304792529772019e-08
53350.04800076804 3.0423628870212456e-08
53400.04800076804 1.8186262589687135e-08
53450.04800076804 5.029491400388369e-09
53500.04800076804 1.31101127991702e-09
53550.04800076804 2.734348100155039e-09
53600.04800076804 1.0940352342777277e-08
53650.04800076804 1.4268935215183983e-08
53700.04800076804 1.20349555304701e-08
53750.04800076804 9.986305463781295e-09
53800.04800076804 1.0231012179583252e-08
53850.04800076804 2.0982736979363375e-08
53900.04800076804 2.918950057276418e-08
53950.04800076804 2.6253002707523323e-08
54000.04800076804 1.845981306513851e-08
54050.04800076804 1.786154462552087e-08
54100.04800076804 3.7694104043114025e-09
54150.04800076804 5.3273017785480714e-09
54200.04800076804 1.0872191931368087e-09
54250.04800076804 2.630655483918822e-09
54300.04800076804 7.2790092314254706e-09
54350.04800076804 1.2335201213350328e-08
54400.04800076804 9.404408296576353e-09
54450.04800076804 8.287522638750136e-09
54500.04800076804 1.0121953727408019e-08
54550.04800076804 7.707616501536141e-09
54600.04800076804 6.62767161617086e-09
54650.04800076804 8.968718788254964e-10
54700.04800076804 6.941531091979191e-09
54750.04800076804 6.64816184906104e-09
54800.04800076804 3.56717432207765e-09
54850.04800076804 5.871031225820033e-09
54900.04800076804 1.069386487975252e-08
54950.04800076804 1.8132373649451434e-08
55000.04800076804 6.834509151714431e-09
55050.04800076804 8.394972120119704e-09
55100.04800076804 1.2907085822223992e-08
55150.04800076804 6.2564580647818726e-09
55200.04800076804 3.995078779919271e-09
55250.04800076804 6.377959053964686e-09
55300.04800076804 4.6232683172661245e-09
55350.04800076804 8.33235256236539e-09
55400.04800076804 8.461514871308902e-09
55450.04800076804 6.064463954124766e-09
55500.04800076804 2.4725628194152397e-09
55550.04800076804 2.0485318043341695e-09
55600.04800076804 4.45187164441768e-09
55650.04800076804 3.7871996994076405e-09
55700.04800076804 3.928457506337741e-09
55750.04800076804 2.8390149619638383e-09
55800.04800076804 1.2319864999678691e-09
55850.04800076804 2.282713172243949e-09
55900.04800076804 6.063730631979204e-09
55950.04800076804 9.695882830204841e-09
56000.04800076804 3.6438057278908498e-09
56050.04800076804 3.981922667458175e-09
56100.04800076804 5.798030989880481e-09
56150.04800076804 2.6176356222667218e-09
56200.04800076804 3.6990437470016593e-09
56250.04800076804 8.651147096449977e-09
56300.04800076804 4.596283669725385e-09
56350.04800076804 2.3533398959981916e-09
56400.04800076804 8.140568666514576e-10
56450.04800076804 7.988001341237878e-10
56500.04800076804 4.061202951193523e-09
56550.04800076804 1.612983395027059e-09
56600.04800076804 5.412135028555608e-09
56650.04800076804 5.680810446495673e-09
56700.04800076804 4.265532328514231e-09
56750.04800076804 1.6139155237816723e-09
56800.04800076804 2.48050559954679e-09
56850.04800076804 3.944626960698565e-09
56900.04800076804 2.132118180417099e-09
56950.04800076804 5.210134850287807e-09
57000.04800076804 6.835997652568733e-09
57050.04800076804 3.631567179979074e-09
57100.04800076804 8.880886097268498e-10
57150.04800076804 2.0263728105046904e-09
57200.04800076804 1.2672301413871949e-09
57250.04800076804 2.2019497403725166e-09
57300.04800076804 3.0151718605332648e-09
57350.04800076804 1.6792978727146287e-09
57400.04800076804 4.9594108195015954e-09
57450.04800076804 2.012517812133816e-09
57500.04800076804 1.63874403712304e-09
57550.04800076804 2.4214272427841064e-09
57600.04800076804 1.863388139753263e-09
57650.04800076804 5.030896227758534e-10
57700.04800076804 1.2347493305438423e-09
57750.04800076804 3.0180766453619145e-09
57800.04800076804 1.0971500294488045e-09
57850.04800076804 6.1489063199781035e-09
57900.04800076804 9.468325239459586e-09
57950.04800076804 9.536354279482249e-09
58000.04800076804 2.4980464982924546e-09
58050.04800076804 5.239168386115183e-09
58100.04800076804 3.550483450553097e-09
58150.04800076804 2.5120069790269875e-09
58200.04800076804 4.914444897514178e-10
58250.04800076804 1.0733912708845266e-09
58300.04800076804 1.1401098116128972e-09
58350.04800076804 1.4622719630867674e-09
58400.04800076804 3.907778081968672e-09
58450.04800076804 5.3067889169568226e-09
58500.04800076804 5.811859401068852e-09
58550.04800076804 3.138372986023131e-09
58600.04800076804 1.1946117134414794e-09
58650.04800076804 1.997519731875988e-09
58700.04800076804 2.646616652163333e-09
58750.04800076804 2.488049464646167e-09
58800.04800076804 2.0743438364461744e-10
58850.04800076804 1.293260509140674e-09
58900.04800076804 1.5357315313491066e-09
58950.04800076804 7.315567790510233e-10
59000.04800076804 1.9915809852195056e-09
59050.04800076804 3.165300106000291e-09
59100.04800076804 2.305655325753302e-09
59150.04800076804 2.2195323112026584e-09
59200.04800076804 3.833952903170446e-09
59250.04800076804 3.948460732899532e-09
59300.04800076804 3.0264187052691624e-09
59350.04800076804 3.458817356422896e-10
59400.04800076804 5.355050839398615e-10
59450.04800076804 3.1327937114956994e-09
59500.04800076804 2.1537085864146333e-09
59550.04800076804 4.003291030116898e-09
59600.04800076804 4.7220795032058135e-09
59650.04800076804 1.8332901373407965e-09
59700.04800076804 1.33434809444205e-09
59750.04800076804 5.839828944369656e-09
59800.04800076804 2.3803651050226368e-09
59850.04800076804 2.7435522505922832e-09
59900.04800076804 8.124142403443576e-10
59950.04800076804 2.5259877850053885e-09
60000.04800076804 6.535162205788034e-09
60050.04800076804 8.507840140630168e-09
60100.04800076804 4.619916192712332e-09
60150.04800076804 1.4932776605390636e-09
60200.04800076804 3.0539390605235795e-09
60250.04800076804 7.308096164900549e-09
60300.04800076804 6.955895726033506e-09
60350.04800076804 4.0533612240804065e-09
60400.04800076804 3.1255001715476104e-09
60450.04800076804 5.942925225039562e-10
60500.04800076804 1.4615302692829094e-10
60550.04800076804 2.2543374689449253e-09
60600.04800076804 3.862758054684857e-09
60650.04800076804 2.1038568001212e-09
60700.04800076804 1.3722592211010541e-09
60750.04800076804 4.651122671395284e-10
60800.04800076804 3.5472380794398887e-09
60850.04800076804 6.3658605059329975e-09
60900.04800076804 5.288919182561341e-09
60950.04800076804 3.29877223335169e-09
61000.04800076804 5.686796713736038e-09
61050.04800076804 1.5049992425730915e-09
61100.04800076804 1.4985960408404024e-09
61150.04800076804 4.2404557753404716e-10
61200.04800076804 3.860655209737086e-09
61250.04800076804 4.052294375911448e-09
61300.04800076804 2.4634256288990845e-09
61350.04800076804 5.497589551141024e-09
61400.04800076804 1.6624336145715176e-09
61450.04800076804 7.010725118268016e-10
61500.04800076804 5.737010028855133e-10
61550.04800076804 2.0209868827377257e-09
61600.04800076804 7.843892106686202e-10
61650.04800076804 1.7288479162460682e-09
61700.04800076804 2.988355340195626e-09
61750.04800076804 2.809239269159548e-09
61800.04800076804 1.9685734536750926e-09
61850.04800076804 5.371490136300778e-10
61900.04800076804 4.29018443708437e-09
61950.04800076804 4.9477295742227125e-09
62000.04800076804 3.725914835875067e-09
62050.04800076804 8.801372751632581e-09
62100.04800076804 3.107142894256858e-09
62150.04800076804 6.201231469281818e-09
62200.04800076804 5.604014499226028e-09
62250.04800076804 3.588315390512178e-09
62300.04800076804 9.426203922765784e-09
62350.04800076804 9.661703572815453e-09
62400.04800076804 6.192160904828875e-09
62450.04800076804 5.659675559644419e-09
62500.04800076804 1.1214018737329475e-08
62550.04800076804 1.8035815771845493e-08
62600.04800076804 8.190684023567326e-09
62650.04800076804 5.865657091716451e-09
62700.04800076804 3.6246518269794714e-09
62750.04800076804 9.172773843548827e-09
62800.04800076804 5.453608265086303e-09
62850.04800076804 6.212002919645624e-09
62900.04800076804 9.531007506338124e-09
62950.04800076804 1.7750189667923107e-08
63000.04800076804 6.423595366412507e-09
63050.04800076804 2.3166522830942264e-08
63100.04800076804 2.1807362432466936e-08
63150.04800076804 1.6127092540794067e-08
63200.04800076804 1.0978250136510898e-08
63250.04800076804 1.287973482342294e-08
63300.04800076804 4.1165389727525995e-09
63350.04800076804 5.382616512192181e-09
63400.04800076804 2.1422439816320416e-09
63450.04800076804 8.171589692847418e-10
63500.04800076804 5.8615302276501736e-09
63550.04800076804 9.185346305465112e-09
63600.04800076804 5.760410879704102e-09
63650.04800076804 5.38588532905508e-09
63700.04800076804 1.1091501060049492e-09
63750.04800076804 3.1690430072841994e-09
63800.04800076804 8.55601652493309e-09
63850.04800076804 7.103586495312245e-09
63900.04800076804 1.8149867643660402e-09
63950.04800076804 4.047139080283941e-09
64000.04800076804 6.389196719180115e-09
64050.04800076804 1.956622341268325e-09
64100.04800076804 4.2298100239453596e-10
64150.04800076804 6.451129109424958e-10
64200.04800076804 8.225086548739479e-10
64250.04800076804 3.5500191008974176e-09
64300.04800076804 3.1271267753769284e-09
64350.04800076804 1.8975076928725967e-09
64400.04800076804 5.4349122213396175e-09
64450.04800076804 6.228201628180407e-09
64500.04800076804 2.6966276185024633e-09
64550.04800076804 5.42928300245904e-09
64600.04800076804 3.9852757575674345e-09
64650.04800076804 5.767713552243429e-09
64700.04800076804 1.5416704604678115e-09
64750.04800076804 2.5474269431750775e-09
64800.04800076804 1.067803712757755e-09
64850.04800076804 8.330281678045294e-10
64900.04800076804 8.07868035330285e-10
64950.04800076804 5.482069721248668e-10
65000.04800076804 1.2785034496200418e-09
65050.04800076804 3.6582492976077557e-09
65100.04800076804 4.409895736377465e-09
65150.04800076804 2.5717888837392855e-09
65200.04800076804 6.8122749076078e-10
65250.04800076804 1.955411326057698e-09
65300.04800076804 3.631926041654674e-09
65350.04800076804 7.499958352021464e-09
65400.04800076804 3.094256368690488e-09
65450.04800076804 3.038816431847715e-09
65500.04800076804 3.631943574502931e-09
65550.04800076805 1.3752656321443135e-09
65600.04800076805 3.408870842027743e-09
65650.04800076805 1.9766849990981434e-09
65700.04800076805 1.7808874916812566e-09
65750.04800076805 1.2231645232866159e-09
65800.04800076805 3.1825951213807935e-09
65850.04800076805 5.073213142195429e-09
65900.04800076805 9.691982873526922e-10
65950.04800076805 2.1034111061707763e-09
66000.04800076805 2.556907569683625e-09
66050.04800076805 5.675242659497406e-09
66100.04800076805 3.28043455286179e-09
66150.04800076805 3.726089823003914e-09
66200.04800076805 3.465774183934218e-09
66250.04800076805 1.5309536200061176e-09
66300.04800076805 7.013076443332351e-10
66350.04800076805 4.039140554256882e-10
66400.04800076805 8.954456833497916e-10
66450.04800076805 3.5932764308065903e-09
66500.04800076805 5.901001245795956e-09
66550.04800076805 5.807721867043735e-09
66600.04800076805 4.771038335443213e-09
66650.04800076805 3.04985590412273e-09
66700.04800076805 1.8446018144690962e-09
66750.04800076805 2.811713430439799e-09
66800.04800076805 2.5681544864793965e-09
66850.04800076805 1.7051525424476967e-09
66900.04800076805 6.769730911422371e-09
66950.04800076805 5.742457471571267e-09
67000.04800076805 9.453022033344333e-09
67050.04800076805 4.3225313038631315e-09
67100.04800076805 2.1295486561852e-09
67150.04800076805 3.5917313287934714e-09
67200.04800076805 5.1223146003381685e-09
67250.04800076805 4.354153279039354e-09
67300.04800076805 7.756017379754856e-09
67350.04800076805 2.6934965570601826e-09
67400.04800076805 7.4163352698019215e-09
67450.04800076805 5.29614451682017e-09
67500.04800076805 4.725575765540491e-09
67550.04800076805 1.181939686991877e-08
67600.04800076805 1.717986306127548e-08
67650.04800076805 1.167937669911404e-08
67700.04800076805 6.639765551935274e-09
67750.04800076805 3.49764841471716e-09
67800.04800076805 5.4859211006855515e-09
67850.04800076805 2.1816440381814903e-09
67900.04800076805 2.685435082262443e-09
67950.04800076805 2.160064955688963e-09
68000.04800076805 6.629851784679159e-09
68050.04800076805 5.460938630366198e-09
68100.04800076805 1.0005130679770699e-08
68150.04800076805 9.847210761225086e-09
68200.04800076805 7.116189023546642e-09
68250.04800076805 1.4267644460131401e-09
68300.04800076805 7.43565180957633e-09
68350.04800076805 1.1968934882590925e-08
68400.04800076805 1.3531689589149962e-08
68450.04800076805 1.1695254008830174e-08
68500.04800076805 6.0210850558712465e-09
68550.04800076805 2.0750831384147325e-09
68600.04800076805 2.128297628700824e-09
68650.04800076805 9.670304166118717e-10
68700.04800076805 3.1922157647312383e-09
68750.04800076805 6.282187847847637e-09
68800.04800076805 6.903084775332319e-09
68850.04800076805 3.804384852487729e-09
68900.04800076805 1.2568559173158608e-08
68950.04800076805 1.3654329375770752e-08
69000.04800076805 8.328784764551101e-09
69050.04800076805 3.552253737189341e-09
69100.04800076805 1.0211116977088368e-08
69150.04800076805 1.649146773597709e-08
69200.04800076805 1.3888088496805533e-08
69250.04800076805 1.8506542341501024e-08
69300.04800076805 1.4247835131004923e-08
69350.04800076805 1.912133346349659e-08
69400.04800076805 8.380747359212506e-09
69450.04800076805 1.5316920116322974e-08
69500.04800076805 8.549293409841655e-09
69550.04800076805 5.2938128451681775e-09
69600.04800076805 1.1792162881808036e-09
69650.04800076805 5.759550283067745e-09
69700.04800076805 1.1899431781530159e-08
69750.04800076805 7.095045037339717e-09
69800.04800076805 1.2201172834468485e-08
69850.04800076805 1.260453307842108e-08
69900.04800076805 7.709740646176998e-09
69950.04800076805 7.297294073252895e-09
70000.04800076805 8.773201482119601e-09
70050.04800076805 1.744459075284489e-08
70100.04800076805 1.3142663141314746e-08
70150.04800076805 1.1325293805176337e-08
70200.04800076805 6.11785988281677e-09
70250.04800076805 7.362739624186967e-09
70300.04800076805 1.4449386157159547e-08
70350.04800076805 1.232686358168867e-08
70400.04800076805 5.688501967010237e-09
70450.04800076805 6.367749247790446e-10
70500.04800076805 5.298276369454479e-09
70550.04800076805 4.534591394747399e-09
70600.04800076805 6.381084133920295e-09
70650.04800076805 1.2502389730349985e-08
70700.04800076805 1.621388224141745e-08
70750.04800076805 2.297325138526317e-08
70800.04800076805 1.0080086215682627e-08
70850.04800076805 1.0586414448211273e-08
70900.04800076805 1.3113596235205693e-08
70950.04800076805 1.8179571672603836e-08
71000.04800076805 1.819536711261235e-08
71050.04800076805 1.846558121874548e-08
71100.04800076805 1.4308826321178664e-08
71150.04800076805 6.923312148249737e-09
71200.04800076805 7.893538392101133e-09
71250.04800076805 1.4747119017478419e-08
71300.04800076805 1.9760988490887426e-08
71350.04800076805 1.8681526977497358e-08
71400.04800076805 1.3249046072349752e-08
71450.04800076805 4.218541451582099e-09
71500.04800076805 6.784944343474105e-09
71550.04800076805 7.488093306855387e-09
71600.04800076805 9.669606632142176e-09
71650.04800076805 4.836022847372468e-09
71700.04800076805 3.3449985213244613e-09
71750.04800076805 9.334120605625137e-09
71800.04800076805 1.4325160102833832e-08
71850.04800076805 1.4673667882596341e-08
71900.04800076805 8.08572018259125e-09
71950.04800076805 1.2432365118399123e-08
72000.04800076805 1.0601420886346666e-08
72050.04800076805 3.959896423556564e-09
72100.04800076805 5.5719953016974825e-09
72150.04800076805 8.581786291689666e-09
72200.04800076805 1.1368486764126736e-08
72250.04800076805 1.9077312570556076e-08
72300.04800076805 1.0045795186149007e-08
72350.04800076805 1.1654906642275466e-08
72400.04800076805 1.1050400322665232e-08
72450.04800076805 8.749152389894513e-09
72500.04800076805 1.1898182823464373e-08
72550.04800076805 3.773446691331914e-09
72600.04800076805 7.47810500597495e-09
72650.04800076805 1.4096497771415529e-08
72700.04800076805 6.476048313124166e-09
72750.04800076805 7.124841459172855e-09
72800.04800076805 3.999805339351074e-09
72850.04800076805 6.592551933318141e-09
72900.04800076805 1.5077569836994812e-08
72950.04800076805 7.643930361507196e-09
73000.04800076805 8.230807366651599e-09
73050.04800076805 3.6087028136882785e-09
73100.04800076805 5.552531934494306e-09
73150.04800076805 1.3723863588698478e-08
73200.04800076805 5.195431786884159e-09
73250.04800076805 6.467569719844841e-09
73300.04800076805 4.35522159822904e-09
73350.04800076805 2.872506642181768e-09
73400.04800076805 6.290972911997655e-09
73450.04800076805 3.7434951389347295e-09
73500.04800076805 3.000040416164473e-09
73550.04800076805 5.979947747418538e-09
73600.04800076805 7.076324690413276e-09
73650.04800076805 5.88069725260473e-09
73700.04800076805 5.3781185515475466e-09
73750.04800076805 1.4346223070103096e-09
73800.04800076805 4.8292973120044754e-09
73850.04800076805 8.251489056225634e-09
73900.04800076805 3.0937776217171895e-09
73950.04800076805 4.190934247804248e-09
74000.04800076805 1.6553600579760349e-09
74050.04800076805 8.008720350680226e-09
74100.04800076805 6.094661263575948e-09
74150.04800076805 6.5187182140827944e-09
74200.04800076805 2.5135667289844043e-09
74250.04800076805 4.220434225061687e-10
74300.04800076805 6.355215175697334e-09
74350.04800076805 9.202675178740587e-09
74400.04800076805 8.063491754479447e-09
74450.04800076805 2.5743628501100943e-09
74500.04800076805 1.1125412099227237e-09
74550.04800076805 3.1316510108422864e-09
74600.04800076805 4.862431001973238e-09
74650.04800076805 5.184990267823675e-09
74700.04800076805 3.543312500083065e-09
74750.04800076805 1.509017630388269e-09
74800.04800076805 2.2676012287375386e-09
74850.04800076805 8.250518987864777e-09
74900.04800076805 8.944920416634906e-09
74950.04800076805 7.356831033308142e-09
75000.04800076805 3.205521458711079e-09
75050.04800076805 3.5003029335797416e-10
75100.04800076805 6.361422126990571e-09
75150.04800076805 1.0924801911888723e-08
75200.04800076805 9.998961146637837e-09
75250.04800076805 8.932356547252141e-09
75300.04800076805 5.330134879164703e-09
75350.04800076805 1.184905352549898e-09
75400.04800076805 8.851484107871925e-09
75450.04800076805 1.22328922707851e-08
75500.04800076805 1.0653369461566525e-08
75550.04800076805 8.072473698856165e-09
75600.04800076805 8.35210221541786e-09
75650.04800076805 4.167978821478496e-09
75700.04800076805 1.1652717561138939e-08
75750.04800076805 8.642045767034547e-09
75800.04800076805 9.026758017280811e-09
75850.04800076805 1.0448060520101458e-08
75900.04800076805 1.0443105711681005e-08
75950.04800076805 4.986227308773779e-09
76000.04800076805 1.474526086348355e-08
76050.04800076805 1.212358491635886e-08
76100.04800076805 1.0586342953059775e-08
76150.04800076805 1.1738835014683623e-08
76200.04800076805 9.288789891359917e-09
76250.04800076805 4.3065233209186155e-09
76300.04800076805 1.4441264460590335e-08
76350.04800076805 1.6919564710107608e-08
76400.04800076805 1.3286726345956888e-08
76450.04800076805 9.59810967094322e-09
76500.04800076805 7.026651989239623e-09
76550.04800076805 1.865627765148418e-09
76600.04800076805 3.356332048427873e-10
76650.04800076805 3.4033259739541283e-10
76700.04800076805 6.731747606622358e-10
76750.04800076805 8.30690285253824e-10
76800.04800076805 1.853615239349778e-09
76850.04800076805 1.4210013044243657e-09
76900.04800076805 1.0350860162762215e-09
76950.04800076805 2.463746227289863e-09
77000.04800076805 5.702040280756451e-09
77050.04800076805 7.988226007967262e-10
77100.04800076805 1.6182661534382927e-09
77150.04800076805 6.503575137173497e-09
77200.04800076805 2.8934570813054646e-09
77250.04800076805 1.8591517203203891e-09
77300.04800076805 5.55589462565443e-09
77350.04800076805 2.7618833131167897e-09
77400.04800076805 4.40965378384112e-09
77450.04800076805 1.0448187387979255e-08
77500.04800076805 6.7343288598808295e-09
77550.04800076805 3.940607326103833e-09
77600.04800076805 1.6829602599591016e-09
77650.04800076805 2.537044759115665e-09
77700.04800076805 3.55484293271381e-09
77750.04800076805 7.469576244179558e-09
77800.04800076805 1.0264750546446884e-08
77850.04800076805 1.3220220004848733e-08
77900.04800076805 4.774518712550663e-09
77950.04800076805 8.161509250571276e-10
78000.04800076805 4.804588370446882e-09
78050.04800076805 5.341224761308455e-09
78100.04800076805 7.791638460815237e-09
78150.04800076805 1.115887752140942e-08
78200.04800076805 1.507991402973277e-08
78250.04800076805 1.0015909563116602e-08
78300.04800076805 2.818113737693445e-09
78350.04800076805 7.32703330375056e-09
78400.04800076805 2.7005313330222126e-09
78450.04800076805 6.552227622023525e-09
78500.04800076805 1.4043771350463359e-08
78550.04800076805 1.6495610966281414e-08
78600.04800076805 1.1238743005598133e-08
78650.04800076805 1.315655764821257e-09
78700.04800076805 3.048264509674214e-09
78750.04800076805 7.158135701030269e-09
78800.04800076805 4.3960599169151745e-09
78850.04800076805 1.690304603111102e-09
78900.04800076805 5.544327136801763e-09
78950.04800076805 1.0473366045959763e-08
79000.04800076805 6.4594856680283115e-09
79050.04800076805 5.2760301424397976e-09
79100.04800076805 9.028066300437537e-09
79150.04800076805 5.0223227802991756e-09
79200.04800076805 6.568525678160512e-09
79250.04800076805 2.917756713852497e-09
79300.04800076805 4.6197495180025725e-09
79350.04800076805 5.3660207722630425e-09
79400.04800076805 2.5909889291937267e-09
79450.04800076805 1.1819014654728289e-08
79500.04800076805 1.597253646219644e-08
79550.04800076805 1.3543411893561681e-08
79600.04800076805 6.41230456352939e-09
79650.04800076805 1.1757026340176539e-08
79700.04800076805 6.958910925226884e-09
79750.04800076805 6.305943778694286e-09
79800.04800076805 4.550019475782421e-09
79850.04800076805 1.0889898949378071e-08
79900.04800076805 1.929080722754542e-08
79950.04800076805 2.040765539257461e-08
