# %ECSV 1.0
# ---
# datatype:
# - {name: wav, unit: Angstrom, datatype: float64}
# - {name: flux_nu, unit: erg / (cm2 Hz s), datatype: float64}
# meta: {C/O: '1.00', Kzz: '1.0000E+05', Teff: '450.', Y: '0.28', '[Fe/H]': '-0.50', f_hole: '1.00', f_rain: '0.00', grav: '18.'}
# schema: astropy-2.0
wav flux_nu
4000.0559999999996 nan
4050.0559999999996 3.6513980352864916e-18
4100.056 1.11983931418103e-15
4150.056 1.2962036592400059e-14
4200.056 1.3334616454387287e-14
4250.056 1.2217202844900023e-13
4300.056 2.7535504017000297e-13
4350.056 4.800404096100026e-13
4400.056 7.750009689900042e-13
4450.056 1.206584449230007e-12
4500.056 1.654511102100017e-12
4550.056 1.6290081985144488e-12
4600.056 4.455188526519978e-13
4650.056 2.321398556799993e-13
4700.056 8.26603127419991e-14
4750.056 1.5350465410699725e-14
4800.056 3.1651340275999608e-15
4850.056 8.638676178099913e-16
4900.056 4.2044743598999793e-16
4950.056 2.8760075504999893e-16
5000.056 2.101681183599988e-16
5050.056 1.7525645364000203e-16
5100.056 1.9540341343000137e-16
5150.056 2.2499862001000045e-16
5200.056 2.5863432851000005e-16
5250.056 2.993751684900001e-16
5300.056 3.4541113257000013e-16
5350.056 3.9815178033000083e-16
5400.056 4.587980854800002e-16
5450.056 5.21633583810001e-16
5500.056 5.867333625100021e-16
5550.056 6.52758069560001e-16
5600.056 7.166849596900005e-16
5650.056 7.705675826099999e-16
5700.056 7.903487654900005e-16
5750.056 7.632631444399996e-16
5800.056 6.534025387199973e-16
5850.056 4.2716657589999333e-16
5900.056 1.257981923777763e-16
5950.056 9.035512662600294e-16
6000.056 2.2036254161299974e-15
6050.056 4.185649595700055e-15
6100.056 6.968332831800055e-15
6150.056 1.0863490259600067e-14
6200.056 1.630236734000008e-14
6250.056 2.3633944910000045e-14
6300.056 3.340581697000013e-14
6350.056 4.6186179227000263e-14
6400.056 6.273322190700015e-14
6450.056 8.071424877999816e-14
6500.056 1.0769304962799954e-13
6550.056 1.4448637999199827e-13
6600.056 1.9327626419100683e-13
6650.056 2.5801142173000165e-13
6700.056 3.301063527900037e-13
6750.056 4.408720296100018e-13
6800.056 5.479832735900043e-13
6850.056 6.367364432500019e-13
6900.056 6.438066999100195e-13
6950.056 6.16463025952995e-13
7000.056 6.902475004930033e-13
7050.056 7.572807925359859e-13
7100.056 8.556760384899842e-13
7150.056 7.924950719839174e-13
7200.056 7.662386544860727e-13
7250.056 8.427288881648186e-13
7300.056 8.676382519051329e-13
7350.056 9.505813958965084e-13
7400.056 1.0139335454900505e-12
7450.056 1.0596741154200457e-12
7500.056 1.0429643286999982e-12
7550.056 9.531551905699962e-13
7600.056 8.046897677999948e-13
7650.056 2.360505291845891e-13
7700.056 1.605701287136064e-13
7750.056 8.179361840000141e-13
7800.056 1.4223682954440097e-12
7850.056 2.419309888699996e-12
7900.056 3.400149704759933e-12
7950.056 4.014519960994035e-12
8000.056 5.90742542580006e-12
8050.056 7.37030732300022e-12
8100.056 7.490885689710806e-12
8150.056 7.91486832798609e-12
8200.056 1.1529465222019815e-11
8250.056 1.296786035600054e-11
8300.056 1.5804499948012186e-11
8350.056 1.7400036251283454e-11
8400.056 2.0679706345050403e-11
8450.056 2.6854639220899528e-11
8500.056 3.0856013637798655e-11
8550.056 3.952256785000053e-11
8600.056 4.8568757631000455e-11
8650.056 5.676478868200077e-11
8700.056 6.233744370500092e-11
8750.056 7.102340078900037e-11
8800.056 7.660900094700027e-11
8850.056 7.043604116699678e-11
8900.056 2.4272754452844883e-11
8950.056 2.7290202917026454e-11
9000.056 2.354778480887087e-11
9050.056 6.798279173209576e-11
9100.056 8.700754351434605e-11
9150.056 1.0789664099806639e-10
9200.056 1.7108514645571647e-10
9250.056 1.692650738590586e-10
9300.056 3.322524508666274e-11
9350.056 4.1894907272995354e-11
9400.056 9.224248919951753e-11
9450.056 1.1137993791204014e-10
9500.056 9.663383148874239e-11
9550.056 1.1416844144986396e-10
9600.056 1.1349294087880125e-10
9650.056 1.6492484950198224e-10
9700.056 2.9319720057589324e-10
9750.056 2.8302891561756113e-10
9800.056 3.158183898633914e-10
9850.056 3.5929657349231753e-10
9900.056 4.705506957742623e-10
9950.056 4.67522973985156e-10
10000.056 4.6095941094096374e-10
10050.056 6.05895971270024e-10
10100.056 7.246050242399644e-10
10150.056 6.898823090530098e-10
10200.056 6.262596706315647e-10
10250.056 7.99887202032533e-10
10300.056 1.0723822373081883e-09
10350.056 9.577947515532422e-10
10400.056 1.5142817575221969e-09
10450.056 1.9875198243704855e-09
10500.056 2.438131442749985e-09
10550.056 2.9816604237701094e-09
10600.056 3.255672702329936e-09
10650.056 3.3878813949400904e-09
10700.056 3.1815122241960284e-09
10750.056 3.2168020863040676e-09
10800.056 3.052389454720845e-09
10850.056 2.6841505524726656e-09
10900.056 1.968908147232126e-09
10950.056 1.028700285501278e-09
11000.056 6.662887084411097e-10
11050.056 3.925215840530253e-10
11100.056 2.1828049190167063e-10
11150.056 8.486874210548831e-11
11200.056 5.163967320988584e-11
11250.056 5.883770926398552e-11
11300.056 1.0273270986388057e-10
11350.056 2.96605822013641e-11
11400.056 1.0572732664490532e-10
11450.056 7.667674772210176e-11
11500.056 5.230206357840615e-11
11550.056 1.0266885773249038e-11
11600.056 7.809376308827917e-12
11650.056 3.1705981422815715e-11
11700.056 3.552777388600885e-11
11750.056 6.196878511340657e-12
11800.056 4.274756597199117e-11
11850.056 6.509146229254087e-11
11900.056 6.626548915938819e-11
11950.056 1.0399398219896751e-10
12000.056 1.763763965717109e-10
12050.056 2.9693277171889647e-10
12100.056 4.509648347518811e-10
12150.056 6.840683983817574e-10
12200.056 8.421260860227339e-10
12250.056 1.3029701578141279e-09
12300.056 2.038487720787133e-09
12350.056 2.3132439060256602e-09
12400.056 3.4520252565637574e-09
12450.056 4.808368492144399e-09
12500.056 5.5370819241510135e-09
12550.056 6.613696460469914e-09
12600.056 8.101490913689776e-09
12650.056 9.158686966597552e-09
12700.056 9.459425639990757e-09
12750.056 7.307901711421132e-09
12800.056 5.432220606417917e-09
12850.056 3.375264386143077e-09
12900.056 2.6693923134074628e-09
12950.056 2.252906220255898e-09
13000.056 2.2353720840324965e-09
13050.056 1.4367441366628767e-09
13100.056 1.3024247260125962e-09
13150.056 8.22392230826528e-10
13200.056 7.943167578141159e-10
13250.056 6.382888683572899e-10
13300.056 2.481874624653327e-10
13350.056 8.012569811927988e-11
13400.056 4.7634431508773385e-11
13450.056 1.54774370784522e-11
13500.056 6.2025697853929345e-12
13550.056 2.503440637306122e-12
13600.056 4.861571001738137e-13
13650.056 4.11487454346987e-12
13700.056 2.1806842760829798e-12
13750.056 4.070819159487837e-12
13800.056 3.4960819684046306e-12
13850.056 1.9948960841977695e-12
13900.056 3.1806928276322085e-12
13950.056 2.365651569970365e-12
14000.056 2.7951767659650608e-12
14050.056 4.9518923904293555e-12
14100.056 5.366574133947415e-12
14150.056 1.0814954242581818e-11
14200.056 6.317306266591956e-12
14250.056 9.539933940804998e-12
14300.056 2.322120941322192e-11
14350.056 2.3967475945973887e-11
14400.056 2.5893574378111967e-11
14450.056 4.244608706094335e-11
14500.056 9.10175539688923e-11
14550.056 9.596454502751712e-11
14600.056 1.0438815291422012e-10
14650.056 5.718441285648345e-11
14700.056 2.5127839870048923e-11
14750.056 1.1198945052792443e-11
14800.056 2.2599087875605925e-11
14850.056 3.2270705922962804e-11
14900.056 3.235534939592914e-11
14950.056 2.162107556668186e-11
15000.056 5.909971933520297e-11
15050.056 4.538807030449645e-11
15100.056 2.7812805809345538e-11
15150.056 1.777450534626188e-11
15200.056 4.170865568759671e-11
15250.056 9.115690335484621e-11
15300.056 1.1024761739741111e-10
15350.056 1.4729171160793683e-10
15400.056 2.1720288088868862e-10
15450.056 2.941798021046756e-10
15500.056 3.4251350178163187e-10
15550.056 6.170227342717043e-10
15600.056 8.430118925006822e-10
15650.056 1.395549492225666e-09
15700.056 2.059414202538007e-09
15750.056 2.7819784509879683e-09
15800.056 3.2277412554220405e-09
15850.056 3.877249215520636e-09
15900.056 3.958907553477102e-09
15950.056 4.034338070299308e-09
16000.056 3.2268030295406183e-09
16050.056 1.9248435863497295e-09
16100.056 1.2120898407022582e-09
16150.056 6.416675454724118e-10
16200.056 3.362400235245784e-10
16250.056 2.202917079609756e-10
16300.056 1.3315114375371655e-10
16350.056 1.6704056597467765e-10
16400.056 2.105619810512941e-10
16450.056 1.7785074461120916e-10
16500.056 1.4917476455158032e-10
16550.056 1.519365863414548e-10
16600.056 2.3434132064311507e-10
16650.056 1.708558564064762e-10
16700.056 2.5292645909538378e-11
16750.056 8.805365244544314e-11
16800.056 1.464754785898159e-10
16850.056 1.6926217176610458e-10
16900.056 8.272771803756833e-11
16950.056 4.674981834404112e-11
17000.056 2.568442520650133e-11
17050.056 5.441693884153202e-11
17100.056 9.707072961536928e-11
17150.056 5.041636620158791e-11
17200.056 1.8044385949518489e-10
17250.056 1.034965659150486e-10
17300.056 6.275613549100888e-11
17350.056 7.024102454053418e-11
17400.056 1.2381779988483913e-10
17450.056 1.644321669024243e-10
17500.056 2.1720714942022685e-10
17550.056 1.983995140256267e-10
17600.056 1.498511799960983e-10
17650.056 1.377228503500887e-10
17700.056 1.0538199057890463e-10
17750.056 1.0618128018103833e-10
17800.056 2.462643179868678e-10
17850.056 1.1896438521005286e-10
17900.056 8.481993806150198e-11
17950.056 7.074340881769745e-11
18000.056 1.0520672269476549e-10
18050.056 9.037151220289895e-11
18100.056 1.1254308260465538e-10
18150.056 9.50202057928031e-11
18200.056 6.71284181517731e-11
18250.056 1.949536630286385e-10
18300.056 5.72078478641265e-11
18350.056 4.2362716262216e-11
18400.056 3.1823049301709226e-11
18450.056 1.1466482378507282e-10
18500.056 1.074934623162291e-10
18550.056 6.781450288241797e-11
18600.056 8.861830822486722e-11
18650.056 6.345883088258247e-11
18700.056 2.0741593777292073e-11
18750.056 4.491848773781499e-11
18800.056 1.5085012757385955e-10
18850.056 1.4682232832868023e-10
18900.056 1.313172708049767e-10
18950.056 1.7449452141118616e-10
19000.056 6.657139231796855e-11
19050.056 3.3429128312743705e-11
19100.056 6.413213608249995e-11
19150.056 3.301683566580113e-11
19200.056 4.0981018100046005e-11
19250.056 3.322530033263232e-11
19300.056 2.4112744662651004e-11
19350.056 2.0652845995331776e-11
19400.056 1.8772195941604433e-11
19450.056 2.898702860587121e-11
19500.056 1.96156386966667e-11
19550.056 2.99972496447411e-11
19600.056 6.364379655245208e-11
19650.056 4.387733393944206e-11
19700.056 5.153421758022421e-11
19750.056 7.807729325719227e-11
19800.056 5.6914127973548275e-11
19850.056 6.931897850926709e-11
19900.056 8.650524422770265e-11
19950.056 1.1026043427760333e-10
20000.056 1.376665534353826e-10
20050.056 1.0780087176912772e-10
20100.056 1.7393321033375993e-10
20150.056 9.934869247102918e-11
20200.056 7.577328673561575e-11
20250.056 1.3749471392425668e-10
20300.056 1.5941275892825197e-10
20350.056 1.6551951804554558e-10
20400.056 1.5024666621816217e-10
20450.056 2.2387649480816545e-10
20500.056 2.604863755050488e-10
20550.056 2.840418271965168e-10
20600.056 2.938608867624025e-10
20650.056 3.5164344393646884e-10
20700.056 3.8015121714656756e-10
20750.056 4.1538452148303066e-10
20800.056 3.99043633544138e-10
20850.056 4.4474767401402607e-10
20900.056 4.673297654729043e-10
20950.056 4.483430239900424e-10
21000.056 4.424054786690565e-10
21050.056 4.6593440598994e-10
21100.056 4.474180171100373e-10
21150.056 4.48818474380959e-10
21200.056 4.2900831621127137e-10
21250.056 4.0970058465259837e-10
21300.056 3.690611002146777e-10
21350.056 3.6773089246460414e-10
21400.056 3.7072101965362984e-10
21450.056 3.168973020859168e-10
21500.056 2.927823874120762e-10
21550.056 2.692885281727244e-10
21600.056 2.384413940925552e-10
21650.056 1.8848554475892107e-10
21700.056 1.7768656123314358e-10
21750.056 1.7313070328737084e-10
21800.056 1.3403658053173706e-10
21850.056 1.3187737686367952e-10
21900.056 1.0005976290193179e-10
21950.056 4.300638738178525e-11
22000.056 9.397354058439307e-12
22050.056 1.2358247860412065e-11
22100.056 4.318253960320117e-11
22150.056 3.744997262025427e-11
22200.056 3.884190174764105e-11
22250.056 3.160227186751353e-11
22300.056 1.7794720566746175e-11
22350.056 2.2994062728370094e-11
22400.056 9.710972372814913e-12
22450.056 1.2956987933666136e-11
22500.056 9.960989678768648e-12
22550.056 6.683574372036613e-12
22600.056 5.373107325530628e-12
22650.056 9.778355852284044e-12
22700.056 8.047877273180623e-12
22750.056 9.198679319758259e-12
22800.056 1.0086171527914985e-11
22850.056 7.455595829218942e-12
22900.056 5.264298188000045e-12
22950.056 4.760345729984391e-12
23000.056 6.502407070715164e-12
23050.056 8.073136534108586e-12
23100.056 3.297685410397363e-11
23150.056 3.011033621738711e-11
23200.056 2.0626562807939586e-12
23250.056 6.819700238915153e-12
23300.056 6.6126085320118e-12
23350.056 9.63690403930836e-12
23400.056 8.036037601476719e-12
23450.056 5.24783179107585e-12
23500.056 5.4929345016048405e-12
23550.056 1.0215704930245295e-11
23600.056 1.7173488771503112e-11
23650.056 2.521951511298492e-11
23700.056 6.2800378785739485e-12
23750.056 5.622395846589212e-12
23800.056 2.0233688285895534e-11
23850.056 1.5050118191760453e-11
23900.056 2.9969613420585046e-11
23950.056 1.8783902445928127e-11
24000.056 3.575055630849598e-11
24050.056 4.4020088741512644e-11
24100.056 4.843336890367713e-11
24150.056 6.791243378577534e-11
24200.056 4.82238710937138e-11
24250.056 3.9399063368616855e-11
24300.056 6.694514903146575e-11
24350.056 5.93019990689876e-11
24400.056 1.144806228793286e-10
24450.056 1.3144573599730736e-10
24500.056 1.234912514534409e-10
24550.056 1.7207598883842088e-10
24600.056 1.8618627708578131e-10
24650.056 2.6727829630227887e-10
24700.056 1.8315386857500547e-10
24750.056 2.3972286923863064e-10
24800.056 2.2586005436133134e-10
24850.056 3.5098644465299797e-10
24900.056 1.9309585682791036e-10
24950.056 3.5712108527366715e-10
25000.056 3.6423658056381953e-10
25050.056 2.592487459599587e-10
25100.056 3.8228181078412855e-10
25150.056 2.0122089498803572e-10
25200.056 3.105959895313424e-10
25250.056 1.4634836871624996e-10
25300.056 2.09598343923822e-10
25350.056 1.0259847873008491e-10
25400.056 2.4284963002944815e-10
25450.056 8.347662120656945e-11
25500.056 7.213613799385705e-11
25550.056 1.4045215828616118e-10
25600.056 7.017473457214388e-11
25650.056 4.1440122791086076e-11
25700.056 5.5310140170066186e-11
25750.056 1.508163217863936e-11
25800.056 8.270644446730918e-11
25850.056 1.5422853217097212e-11
25900.056 2.1973612894186395e-11
25950.056 5.496375962984267e-12
26000.056 7.471250404234961e-11
26050.056 9.041912775227908e-12
26100.056 4.635139166309202e-11
26150.056 2.04904823321792e-11
26200.056 2.7778576632980498e-11
26250.056 1.7813361872149874e-10
26300.056 3.9856087691144054e-11
26350.056 2.617901542075519e-10
26400.056 3.5642424722899433e-10
26450.056 2.921668809340267e-10
26500.056 5.724141419555095e-10
26550.056 7.537325320856809e-11
26600.056 9.677218897368582e-11
26650.056 1.3699829801595643e-11
26700.056 7.951283300061563e-12
26750.056 1.1549779346230454e-11
26800.056 3.7829088886990815e-11
26850.056 2.055991009067343e-11
26900.056 1.0813403929400657e-10
26950.056 3.4523570395816567e-11
27000.056 1.983019876017303e-10
27050.056 2.2053744018467453e-10
27100.056 2.763337818591987e-11
27150.056 2.759766657922205e-10
27200.056 2.7311634110288285e-11
27250.056 9.518323260399324e-11
27300.056 6.283026558672233e-10
27350.056 2.2620967821405206e-10
27400.056 1.1219262348649623e-11
27450.056 2.8474126263052494e-10
27500.056 3.3213674052454357e-10
27550.056 5.387061824975824e-11
27600.056 1.6137424695775951e-10
27650.056 4.0967188703801526e-11
27700.056 3.5437415119247905e-11
27750.056 2.3651424049055e-10
27800.056 6.408568430288655e-11
27850.056 1.1073649092691322e-10
27900.056 1.0775513836631153e-10
27950.056 2.876417322658862e-10
28000.056 2.644608064022987e-10
28050.056 3.1267665196669366e-11
28100.056 2.421168158262649e-10
28150.056 1.900514959381621e-10
28200.056 5.1236290964956726e-11
28250.056 3.3487409682190877e-10
28300.056 3.102262716199836e-10
28350.056 6.855213458030722e-11
28400.056 2.3148940838747088e-10
28450.056 3.925251290481855e-10
28500.056 2.5052099591453473e-10
28550.056 5.643663188557611e-11
28600.056 4.214448238114721e-10
28650.056 2.7403186146598707e-10
28700.056 4.134260656982384e-10
28750.056 5.792475926215878e-10
28800.056 2.6327265581440047e-10
28850.056 5.864811838755829e-10
28900.056 2.997790508999677e-10
28950.056 4.74833220676094e-10
29000.056 3.2819739831682835e-10
29050.056 4.906574453442301e-10
29100.056 2.8210016946923705e-10
29150.056 3.647103781824726e-10
29200.056 5.41252958119127e-10
29250.056 7.765629001180881e-10
29300.056 3.5322904648315755e-10
29350.056 9.779526032664493e-10
29400.056 4.903151875829467e-10
29450.056 3.9331099688897136e-10
29500.056 8.6797207944429e-10
29550.056 4.0109417284809025e-10
29600.056 5.678104698846029e-10
29650.056 1.1938297488882915e-09
29700.056 3.871050987369738e-10
29750.056 9.118335997839836e-10
29800.056 7.899968558150881e-10
29850.056 1.0315804886940919e-09
29900.056 6.655724879876435e-10
29950.056 7.805538542290409e-10
30000.056 2.132537074777775e-11
30050.056 9.500361695103867e-11
30100.056 3.0136690731394484e-10
30150.056 8.456025026175878e-10
30200.056 6.507523282875601e-10
30250.056 1.321971681859048e-09
30300.056 1.7706455004523835e-09
30350.056 6.382455392122594e-10
30400.056 1.6671243206702098e-09
30450.056 1.0642254945066716e-09
30500.056 9.962381449753045e-10
30550.056 8.309118454254193e-10
30600.056 2.576740048219682e-09
30650.056 1.3762981676954291e-09
30700.056 9.737888776616998e-10
30750.056 1.8343312943976863e-09
30800.056 1.230202488885475e-09
30850.056 1.462229794363741e-09
30900.056 7.827139301041718e-10
30950.056 8.978711764678589e-10
31000.056 9.223452497759322e-10
31050.056 7.616975910436588e-10
31100.056 4.708606081829623e-10
31150.056 8.72928517571566e-10
31200.056 1.6412815744655371e-09
31250.056 1.056556531115986e-09
31300.056 6.899675134935157e-10
31350.056 1.1945737434509312e-09
31400.056 8.372234961230194e-10
31450.056 8.805865195811007e-10
31500.056 3.911719005450198e-10
31550.056 6.025000242014453e-10
31600.056 3.883214578775144e-10
31650.056 3.884059863446707e-10
31700.056 3.90151033137297e-10
31750.056 1.9573305550484013e-10
31800.056 3.954718677468371e-10
31850.056 9.102550277341679e-11
31900.056 2.0050137153593609e-10
31950.056 1.2414110916054127e-10
32000.056 1.1300576999535804e-10
32050.056 1.695425133139878e-10
32100.056 1.4895066520864714e-10
32150.056 1.7656901782470402e-10
32200.056 8.683902961220172e-11
32250.056 2.3273948942722935e-10
32300.056 7.821509282288775e-11
32350.056 2.1170350162949507e-10
32400.056 5.060597637270506e-11
32450.056 1.7269657287517476e-10
32500.056 6.351912615098381e-11
32550.056 1.302203263886466e-10
32600.056 8.237487662978144e-11
32650.056 3.5345140740390893e-10
32700.056 1.2094475691163521e-10
32750.056 5.783291862181325e-10
32800.056 3.5278815158783854e-10
32850.056 8.571588398505406e-10
32900.056 7.530374674277556e-10
32950.056 8.505814795520634e-10
33000.056 3.70149952107767e-10
33050.056 5.144819610111095e-10
33100.056 1.210009282885532e-10
33150.056 1.3430068052451132e-13
33200.056 3.1010108033123648e-12
33250.056 3.167092547808919e-12
33300.056 1.8922336672518287e-11
33350.056 6.499267295394995e-11
33400.056 2.1927739603871323e-10
33450.056 1.9536715143552678e-10
33500.056 6.181463988270921e-10
33550.056 1.5501678149002187e-10
33600.056 4.3450881959663695e-10
33650.056 3.9022156498114945e-10
33700.056 1.8339445210963215e-10
33750.056 5.805749477654006e-10
33800.056 8.82263642450572e-11
33850.056 3.1089612714140867e-10
33900.056 3.176461166999166e-10
33950.056 2.470666684084882e-10
34000.056 5.465296020241397e-10
34050.056 1.0002076855115208e-10
34100.056 4.835293727959304e-10
34150.056 2.333295237589002e-10
34200.056 5.335248132535746e-10
34250.056 3.4670818249170586e-10
34300.056 3.3437485828571904e-10
34350.056 5.404290914667614e-10
34400.056 2.0918147884649756e-10
34450.056 5.695361928052095e-10
34500.056 3.350170573796715e-10
34550.056 1.9249383393818368e-10
34600.056 8.353665770592565e-10
34650.056 1.9997792271129653e-10
34700.056 6.586503396548331e-10
34750.056 4.316891185399627e-10
34800.056 3.90019213827455e-10
34850.056 9.167112390823925e-10
34900.056 3.624571629164872e-10
34950.056 8.623207753204602e-10
35000.056 1.694191917600515e-09
35050.056 7.154977544799201e-10
35100.056 1.5842543599629954e-09
35150.056 1.2538609328548994e-09
35200.056 1.1823800390934714e-09
35250.056 2.0246170091288122e-09
35300.056 9.776497859117681e-10
35350.056 1.191020740126324e-09
35400.056 1.084185547049949e-09
35450.056 8.492703661611501e-10
35500.056 2.8466781548890805e-09
35550.056 1.805112614282722e-09
35600.056 1.7856599849633444e-09
35650.056 1.8489835524848492e-09
35700.056 1.9537681509720185e-09
35750.056 2.8803192631015537e-09
35800.056 2.9884938044016314e-09
35850.056 1.1569113431005147e-09
35900.056 1.600582684575649e-09
35950.056 1.910461131160203e-09
36000.056 2.2440316474482465e-09
36050.056 1.6033947776506015e-09
36100.056 1.5321931027279573e-09
36150.056 2.849714947382822e-09
36200.056 3.1320708483276358e-09
36250.056 2.3015827311117086e-09
36300.056 4.578207076402906e-09
36350.056 2.855341731160632e-09
36400.056 4.184835869834756e-09
36450.056 4.557271940483003e-09
36500.056 5.161942473388501e-09
36550.056 6.040687220157705e-09
36600.056 6.768456885488845e-09
36650.056 5.319025696664992e-09
36700.056 5.752840845237482e-09
36750.056 6.92258764765255e-09
36800.056 7.72193820974474e-09
36850.056 4.72915342098914e-09
36900.056 7.77719066640621e-09
36950.056 7.873339647391617e-09
37000.056 5.786365955201404e-09
37050.056 8.363112238126944e-09
37100.056 7.019825721208768e-09
37150.056 6.106398917127664e-09
37200.056 9.656688164136435e-09
37250.056 6.842039102843189e-09
37300.056 5.444845910023318e-09
37350.056 8.582469315485009e-09
37400.056 1.2635191833303334e-08
37450.056 5.940911565209857e-09
37500.056 7.613930618703836e-09
37550.056 1.2161069548624645e-08
37600.056 1.6839447078421083e-08
37650.056 6.440575701404114e-09
37700.056 1.2617414455942994e-08
37750.056 8.247040661516758e-09
37800.056 8.570689835880195e-09
37850.056 4.625083544244752e-09
37900.056 6.315345362739961e-09
37950.056 1.1439129102991602e-08
38000.056 1.1300411186457812e-08
38050.056 1.4371167651795963e-08
38100.056 1.6326727603095545e-08
38150.056 1.7717306195399818e-08
38200.056 1.6177142287977708e-08
38250.056 1.62667672554471e-08
38300.056 2.380252731583191e-08
38350.056 2.3623092462590102e-08
38400.056 1.0880647786432094e-08
38450.056 6.844223339327783e-09
38500.056 4.2626594029334675e-09
38550.056 1.1713064669423913e-08
38600.056 1.1824427213190693e-08
38650.056 1.3380492924948076e-08
38700.056 1.0793338538202655e-08
38750.056 1.2089353205757281e-08
38800.056 1.259303335684915e-08
38850.056 1.3532563995921774e-08
38900.056 1.7953593464745887e-08
38950.056 1.1694556006900432e-08
39000.056 1.8005822461376443e-08
39050.056 1.1971009946737384e-08
39100.056 1.6480386222798507e-08
39150.056 2.005052134081557e-08
39200.056 1.5597248727194614e-08
39250.056 2.3290784525680877e-08
39300.056 1.5767687371035767e-08
39350.056 2.7525176265000044e-08
39400.056 1.6443366629846607e-08
39450.056 2.2437947328751488e-08
39500.056 2.3253813065947773e-08
39550.056 1.4268364922931721e-08
39600.056 2.2856943013134886e-08
39650.056 2.6819740618093426e-08
39700.056 2.5570845953024054e-08
39750.056 1.5754084072132866e-08
39800.056 1.802720003528559e-08
39850.056 3.1692752475704164e-08
39900.056 3.497406378660202e-08
39950.056 1.845971691017667e-08
40000.056 3.061471534172884e-08
40050.056 3.1074976210097984e-08
40100.056 1.5205562964905973e-08
40150.056 3.027108154789819e-08
40200.056 3.1229858802204665e-08
40250.056 3.4598849886394336e-08
40300.056 3.32530603567984e-08
40350.056 2.4781395698564214e-08
40400.056 3.369066521703203e-08
40450.056 2.058038620296321e-08
40500.056 3.8802558600598205e-08
40550.056 4.1509268740485676e-08
40600.056 3.2418594738802595e-08
40650.056 2.6249515779503938e-08
40700.056 4.823939879315502e-08
40750.056 3.275224655129167e-08
40800.056 2.3374357067307577e-08
40850.056 5.485403228311634e-08
40900.056 4.523440931491852e-08
40950.056 4.175900724958233e-08
41000.056 3.464268046345794e-08
41050.056 5.6814760240581033e-08
41100.056 4.7583234522401117e-08
41150.056 2.3857883110379676e-08
41200.056 5.739798409112662e-08
41250.056 4.3644481174470074e-08
41300.056 4.462150880871293e-08
41350.056 5.78155088831918e-08
41400.056 5.0910016389803466e-08
41450.056 6.58953903435854e-08
41500.056 4.5632466809483624e-08
41550.056 4.310136761883623e-08
41600.056 4.5098313129049237e-08
41650.056 5.624440718260361e-08
41700.056 6.418757030997751e-08
41750.056 5.432690189818862e-08
41800.056 5.7242234055016715e-08
41850.056 5.343914898352844e-08
41900.056 5.1654891631238813e-08
41950.056 5.059588123760564e-08
42000.056 3.623464334055701e-08
42050.056 4.0666370891596635e-08
42100.056 4.545576767644963e-08
42150.056 4.567247448980146e-08
42200.056 4.899726408829903e-08
42250.056 4.233591921555399e-08
42300.056 4.295436414995993e-08
42350.056 5.965332875780338e-08
42400.056 6.535687646201042e-08
42450.056 6.019472845202195e-08
42500.056 5.858293858558911e-08
42550.056 5.1668379962783336e-08
42600.056 5.626589216860563e-08
42650.056 8.330336652496654e-08
42700.056 4.924071675450193e-08
42750.056 6.08463468751077e-08
42800.056 8.295389309341458e-08
42850.056 8.43387898959733e-08
42900.056 8.882715814162139e-08
42950.056 7.231286765298671e-08
43000.056 8.04766372034171e-08
43050.056 4.719611884310816e-08
43100.056 6.825341793248952e-08
43150.056 5.684451477020938e-08
43200.056 8.50967667400061e-08
43250.056 1.027819462460036e-07
43300.056 1.0060254003699483e-07
43350.056 6.02463996841812e-08
43400.056 8.206995502050098e-08
43450.056 5.726718493330479e-08
43500.056 5.73815452889147e-08
43550.056 6.295000572091276e-08
43600.056 9.403898494501301e-08
43650.056 6.561298480860308e-08
43700.056 1.0593965160702534e-07
43750.056 9.283820713799363e-08
43800.056 8.68674082774916e-08
43850.056 7.639455859400533e-08
43900.056 6.862772279563031e-08
43950.056 4.507571778649528e-08
44000.056 4.5685974063196666e-08
44050.056 1.0188854837400087e-07
44100.056 1.253500845359959e-07
44150.056 1.1253619079480346e-07
44200.056 1.0214921993549929e-07
44250.056 6.21432755521987e-08
44300.056 5.2565000948209545e-08
44350.056 5.861924724601527e-08
44400.056 5.417154273709256e-08
44450.056 8.872993831699654e-08
44500.056 8.430932750761689e-08
44550.056 1.1470154625399065e-07
44600.056 1.011327266787982e-07
44650.056 8.754728253581377e-08
44700.056 6.057262183859876e-08
44750.056 9.480462820002242e-08
44800.056 6.749424326724626e-08
44850.056 8.800454621810628e-08
44900.056 7.64981129340063e-08
44950.056 9.166441314320792e-08
45000.056 1.0261551878700507e-07
45050.056 9.375248463498716e-08
45100.056 8.46257803519986e-08
45150.056 8.056823848324291e-08
45200.056 6.504777688450329e-08
45250.056 7.542349029287643e-08
45300.056 6.617807936261096e-08
45350.056 5.698537923701525e-08
45400.056 1.284688132980153e-07
45450.056 1.0564814557601025e-07
45500.056 1.24575802519208e-07
45550.056 1.2751553751495707e-07
45600.056 1.178530100260242e-07
45650.056 9.645238028860128e-08
45700.056 6.709658219419553e-08
45750.056 6.569118548590237e-08
45800.056 1.3572018090900248e-07
45850.056 1.106980158679945e-07
45900.056 1.3408704805299013e-07
45950.056 1.1659791407300065e-07
46000.056 1.254998164100133e-07
46050.056 9.599593544820096e-08
46100.056 1.4721383075498683e-07
46150.056 9.394508492400684e-08
46200.056 8.346557373968944e-08
46250.056 3.944031684978418e-08
46300.056 9.465187474819943e-08
46350.056 1.010112071330145e-07
46400.056 8.799978502900153e-08
46450.056 8.374360031340931e-08
46500.056 9.527357726942282e-08
46550.056 5.5658913487104406e-08
46600.056 8.09124528903492e-08
46650.056 1.1684151620300978e-07
46700.056 8.01466181909783e-08
46750.056 4.641992434032744e-08
46800.056 3.166330985474225e-08
46850.056 1.1516809971801757e-07
46900.056 1.1004681369799725e-07
46950.056 1.0911105746599153e-07
47000.056 1.0628755882301806e-07
47050.056 8.099482251237431e-08
47100.056 5.857082661301914e-08
47150.056 8.630627126581214e-08
47200.056 9.97761277309944e-08
47250.056 6.154845996549458e-08
47300.056 4.117985133912761e-08
47350.056 1.1710729273499892e-07
47400.056 9.883195039499003e-08
47450.056 8.748484296966151e-08
47500.056 1.1696381012018701e-07
47550.056 1.0198773861700667e-07
47600.056 9.804245885349476e-08
47650.056 1.0254348722939749e-07
47700.056 8.130451578476393e-08
47750.056 6.207438158580285e-08
47800.056 5.50579285220066e-08
47850.056 2.975319051008597e-08
47900.056 4.539197564665424e-08
47950.056 8.930311092840512e-08
48000.056 1.1955318754701303e-07
48050.056 1.0313648156060148e-07
48100.056 4.7610253314245933e-08
48150.056 8.347081101000127e-08
48200.056 5.860709697259963e-08
48250.056 7.003061925999975e-08
48300.056 1.1355807394498483e-07
48350.056 7.140203145499706e-08
48400.056 2.280833132564013e-08
48450.056 4.6324655654941775e-08
48500.056 7.164633716298313e-08
48550.056 7.32678087097268e-08
48600.056 8.776814717299827e-08
48650.056 1.0903471080098907e-07
48700.056 7.634980040500986e-08
48750.056 5.347610809952394e-08
48800.056 1.007788654390015e-07
48850.056 5.8332868589589586e-08
48900.056 7.964189113677939e-08
48950.056 4.6477953710601955e-08
49000.056 2.3945410242795233e-08
49050.056 7.129117281708967e-08
49100.056 8.760282827731568e-08
49150.056 6.650225390377833e-08
49200.056 1.0044577476101879e-07
49250.056 9.951496353100989e-08
49300.056 8.642072747880024e-08
49350.056 3.7265589967368287e-08
49400.056 5.463546691148509e-08
49450.056 5.459277509566527e-08
49500.056 4.2702716175185496e-08
49550.056 1.1187874092220577e-08
49600.056 2.979817747189765e-08
49650.056 6.074681924600044e-08
49700.056 6.363535563047639e-08
49750.056 6.539100861529808e-08
49800.056 4.469630038650571e-08
49850.056 8.536444640521663e-08
49900.056 6.840803787719296e-08
49950.056 6.956500193000195e-08
50000.056 5.5654646323983846e-08
50050.056 6.780424862600125e-08
50100.056 5.35502740713965e-08
50150.056 2.813637820449414e-08
50200.056 5.91591875777445e-09
50250.056 3.390635153699788e-08
50300.056 2.202924781342329e-08
50350.056 6.287450583110855e-08
50400.056 6.230401829639162e-08
50450.056 4.9008133280203896e-08
50500.056 7.236519637530601e-08
50550.056 6.194796329600546e-08
50600.056 4.691859946198889e-08
50650.056 7.563808372301139e-08
50700.056 7.478456103598409e-08
50750.056 5.0888733398805833e-08
50800.056 1.9946631209944033e-08
50850.056 1.1785116017255603e-08
50900.056 5.79963429490013e-08
50950.056 4.8843551333997733e-08
51000.056 4.1326264263754255e-08
51050.056 5.838870524799204e-08
51100.056 2.3572629177767092e-08
51150.056 2.8324835450394534e-08
51200.056 7.184502395899843e-08
51250.056 5.0030958507931783e-08
51300.056 3.65660966105165e-08
51350.056 3.489455042674551e-08
51400.056 1.3537766136301882e-08
51450.056 1.0584713146235316e-08
51500.056 1.048509651403648e-08
51550.056 3.750370016792568e-08
51600.056 2.9625306029848462e-08
51650.056 3.705828115499539e-08
51700.056 3.976511250496379e-08
51750.056 2.6460052685430658e-08
51800.056 4.5839952537993086e-08
51850.056 3.797018704579666e-08
51900.056 5.012846538899554e-08
51950.056 3.040116052939654e-08
52000.056 3.751035816437585e-09
52050.056 1.753653961340253e-08
52100.056 1.0752317367998633e-08
52150.056 6.364664980651716e-09
52200.056 1.6746569613899913e-08
52250.056 2.456404138760744e-08
52300.056 3.3874927843798225e-08
52350.056 1.3184192617812634e-08
52400.056 1.3066442821720515e-08
52450.056 4.11977392155029e-08
52500.056 3.167031892467078e-08
52550.056 3.501270125599694e-08
52600.056 2.6206183339498725e-08
52650.056 3.146954397210323e-08
52700.056 2.372351641739894e-08
52750.056 9.983479003793733e-09
52800.056 1.7774615123402293e-08
52850.056 2.0166553351994217e-08
52900.056 9.979340984146236e-09
52950.056 1.5426289666761818e-08
53000.056 2.486535488430567e-08
53050.056 1.022905567071699e-08
53100.056 2.8512475992995782e-08
53150.056 3.054238392320218e-08
53200.056 1.4590115810609385e-08
53250.056 2.878732722236207e-08
53300.056 3.528420788210491e-08
53350.056 2.6659607493902012e-08
53400.056 1.7996598775495317e-08
53450.056 7.117236720207534e-09
53500.056 1.3742794385115035e-09
53550.056 3.814558972854085e-09
53600.056 1.623471967476542e-08
53650.056 1.5940762237175145e-08
53700.056 1.3765499331696065e-08
53750.056 1.3392407453627482e-08
53800.056 1.3235100816371047e-08
53850.056 2.2115591419592712e-08
53900.056 2.333045737400979e-08
53950.056 2.321902363058072e-08
54000.056 1.7201949642983724e-08
54050.056 2.4715244092696677e-08
54100.056 5.442135953771404e-09
54150.056 8.015639553562227e-09
54200.056 1.1025307258085456e-09
54250.056 3.689783270860375e-09
54300.056 7.45938313289345e-09
54350.056 1.2491623447648906e-08
54400.056 1.2131665212215684e-08
54450.056 1.1121747588560144e-08
54500.056 1.3494394739358824e-08
54550.056 1.0951045911299906e-08
54600.056 8.858398398948536e-09
54650.056 8.898785417352377e-10
54700.056 1.0156825121859336e-08
54750.056 1.0053592104198707e-08
54800.056 5.3035773774938515e-09
54850.056 6.8666003047619675e-09
54900.056 9.632910242760032e-09
54950.056 1.774103820483831e-08
55000.056 7.727270813408842e-09
55050.056 9.33810244882053e-09
55100.056 1.2681415531364435e-08
55150.056 6.446957026039032e-09
55200.056 5.9234945465454506e-09
55250.056 8.174351892956774e-09
55300.056 6.4343926496625436e-09
55350.056 1.0520389174052812e-08
55400.056 8.267987166211876e-09
55450.056 7.325483202130754e-09
55500.056 2.5187495216426303e-09
55550.056 2.5341143290715933e-09
55600.056 6.719312155910568e-09
55650.056 4.734663075790636e-09
55700.056 5.364832952691293e-09
55750.056 3.5222627082591675e-09
55800.056 1.3169605620941115e-09
55850.056 1.8480512004735677e-09
55900.056 6.426239706238992e-09
55950.056 1.0751460918041053e-08
56000.056 4.514917893792391e-09
56050.056 4.051181453430773e-09
56100.056 7.24486128611943e-09
56150.056 3.6622034859273676e-09
56200.056 3.3367475063537266e-09
56250.056 1.0200229506512824e-08
56300.056 6.678606083808685e-09
56350.056 2.732742995438156e-09
56400.056 8.52780363298877e-10
56450.056 1.0316787918666614e-09
56500.056 4.7629277827403235e-09
56550.056 1.4061606951148374e-09
56600.056 5.2617294501132245e-09
56650.056 6.379021242503639e-09
56700.056 4.657979037989295e-09
56750.056 1.7044501573998038e-09
56800.056 2.02758119365094e-09
56850.056 4.326871984823408e-09
56900.056 1.7493151003861374e-09
56950.056 5.947991222567163e-09
57000.056 7.757558986248537e-09
57050.056 4.360341052408513e-09
57100.056 7.987512988800338e-10
57150.056 2.423474611936257e-09
57200.056 1.1871335324130356e-09
57250.056 2.150017757902885e-09
57300.056 3.0428098706803534e-09
57350.056 1.5288007305076824e-09
57400.056 5.674743268742352e-09
57450.056 1.8808952350902656e-09
57500.056 1.879437673662434e-09
57550.056 2.7984846844816896e-09
57600.056 1.4213137325761752e-09
57650.056 4.74070271434817e-10
57700.056 1.4379714519659645e-09
57750.056 3.782187448731337e-09
57800.056 1.8000700040918712e-09
57850.056 6.651433287687986e-09
57900.056 8.727843511291275e-09
57950.056 8.965425838381731e-09
58000.056 2.3517325621065175e-09
58050.056 5.383154173668454e-09
58100.056 3.5599017759153753e-09
58150.056 2.6831118982644663e-09
58200.056 4.621726089826047e-10
58250.056 1.070381754189797e-09
58300.056 8.063131676037154e-10
58350.056 1.614316938145034e-09
58400.056 3.2762012902443298e-09
58450.056 6.113760416740461e-09
58500.056 6.273594563119664e-09
58550.056 3.3395159801812795e-09
58600.056 1.0729064224661591e-09
58650.056 2.3655009874922566e-09
58700.056 1.9184485042700565e-09
58750.056 2.865047778979746e-09
58800.056 1.367985611384253e-10
58850.056 1.2415941941051887e-09
58900.056 1.1163429331821813e-09
58950.056 7.163726335456389e-10
59000.056 1.8291595029391373e-09
59050.056 2.3211017600876735e-09
59100.056 1.595323704272953e-09
59150.056 2.0481782961924e-09
59200.056 3.766805865419995e-09
59250.056 4.8047619386006174e-09
59300.056 3.2620127475172985e-09
59350.056 3.393773943029442e-10
59400.056 4.876001682433589e-10
59450.056 3.802556682930174e-09
59500.056 2.0308800347048324e-09
59550.056 2.4498878442156085e-09
59600.056 4.387158805701823e-09
59650.056 1.6388261090191787e-09
59700.056 1.3046857562412918e-09
59750.056 7.008977965139363e-09
59800.056 2.475660322786596e-09
59850.056 2.7912419009576276e-09
59900.056 8.579884832406703e-10
59950.056 2.0897971055777486e-09
60000.056 5.128145654379346e-09
60050.056 7.648363837862279e-09
60100.056 5.911937862319231e-09
60150.056 1.502603923071718e-09
60200.056 2.859087346851064e-09
60250.056 6.915611849961786e-09
60300.056 5.167669626215789e-09
60350.056 3.2375657193690953e-09
60400.056 3.455651967697432e-09
60450.056 4.729515641508154e-10
60500.056 1.2938907455187554e-10
60550.056 1.885241585512564e-09
60600.056 3.342821765879946e-09
60650.056 2.39938717738983e-09
60700.056 1.267729344669869e-09
60750.056 5.382251991495893e-10
60800.056 2.957244327716281e-09
60850.056 5.395558852112494e-09
60900.056 3.6504819328533117e-09
60950.056 2.3220029872137483e-09
61000.056 5.506900933154936e-09
61050.056 1.6744581515803458e-09
61100.056 1.4755550372024566e-09
61150.056 3.833432835862651e-10
61200.056 3.328063270940759e-09
61250.056 2.742841073450365e-09
61300.056 1.8952799021390002e-09
61350.056 4.623372559152345e-09
61400.056 1.1766615647704119e-09
61450.056 7.467423443521429e-10
61500.056 5.887930079528391e-10
61550.056 1.5169056832435903e-09
61600.056 5.817459162060007e-10
61650.056 9.199093488567066e-10
61700.056 2.3070146657525953e-09
61750.056 1.8688721754966043e-09
61800.056 1.9881859909141236e-09
61850.056 3.63004751940021e-10
61900.056 3.8000911061414225e-09
61950.056 2.9865104363696194e-09
62000.056 2.1355328526015732e-09
62050.056 6.9908332361414956e-09
62100.056 1.9739337051748936e-09
62150.056 4.639899470363016e-09
62200.056 3.946141013569283e-09
62250.056 3.5367906262765443e-09
62300.056 7.457898081748867e-09
62350.056 7.82789703024207e-09
62400.056 5.187405908089226e-09
62450.056 4.529819515271634e-09
62500.056 7.505296317797158e-09
62550.056 1.1686737696296517e-08
62600.056 4.3536709746810576e-09
62650.056 4.595145164202433e-09
62700.056 3.139545692368606e-09
62750.056 7.830658007794153e-09
62800.056 6.026323143977975e-09
62850.056 4.538017588216671e-09
62900.056 8.347384151465762e-09
62950.056 1.172516636430265e-08
63000.056 3.5834740457518972e-09
63050.056 1.586835164694454e-08
63100.056 1.9787085098817234e-08
63150.056 1.2130579775519864e-08
63200.056 8.577826590900163e-09
63250.056 1.003851964674991e-08
63300.056 3.2416721102494455e-09
63350.056 5.5954198750019696e-09
63400.056 1.871413296785249e-09
63450.056 6.638030095041874e-10
63500.056 7.038287032061961e-09
63550.056 9.732602603524207e-09
63600.056 4.530433010233897e-09
63650.056 5.3307772684006915e-09
63700.056 1.1059486412675083e-09
63750.056 3.3471370618665076e-09
63800.056 8.39026930835008e-09
63850.056 5.930268418326641e-09
63900.056 1.8684381672236313e-09
63950.056 2.9768089553644646e-09
64000.056 6.022923418698188e-09
64050.056 1.2925010313271495e-09
64100.056 4.1084703101887893e-10
64150.056 5.878469155657647e-10
64200.056 5.716325236780942e-10
64250.056 3.800078405452539e-09
64300.056 2.754335585090788e-09
64350.056 1.4734802039431684e-09
64400.056 4.839858650779899e-09
64450.056 4.270272813208904e-09
64500.056 2.4872786533804296e-09
64550.056 5.012042861640409e-09
64600.056 2.9312580477495756e-09
64650.056 4.845398805117449e-09
64700.056 1.0836973897998354e-09
64750.056 2.015562189399534e-09
64800.056 9.539997203311688e-10
64850.056 6.072406737579481e-10
64900.056 6.108673824895562e-10
64950.056 4.400103563009102e-10
65000.056 7.769209672676611e-10
65050.056 3.2752808671010366e-09
65100.056 2.235224318845606e-09
65150.056 2.4762439566055973e-09
65200.056 5.874124741019316e-10
65250.056 1.7442363041131136e-09
65300.056 2.93200325085957e-09
65350.056 6.208396793979276e-09
65400.056 2.2564254922801765e-09
65450.056 2.6872812421233122e-09
65500.056 3.769478772450012e-09
65550.056 1.3257396678822315e-09
65600.056 4.133248541095713e-09
65650.056 2.088691861279898e-09
65700.056 1.5953253455404312e-09
65750.056 1.0338453066858429e-09
65800.056 2.4995700992440946e-09
65850.056 5.725726688298243e-09
65900.056 8.4907593181971e-10
65950.056 1.4218382481802142e-09
66000.056 1.6726610706664386e-09
66050.056 4.658240773483845e-09
66100.056 2.8935373968161557e-09
66150.056 2.5989280519211675e-09
66200.056 3.165155326182652e-09
66250.056 1.486154680900044e-09
66300.056 1.0600916212514744e-09
66350.056 4.249530892460723e-10
66400.056 8.286447979538256e-10
66450.056 3.423733978081121e-09
66500.056 6.086815784703873e-09
66550.056 5.481474944849167e-09
66600.056 4.677682835550889e-09
66650.056 2.3111498842341458e-09
66700.056 1.8806459288292387e-09
66750.056 3.935607781949142e-09
66800.056 2.1685987025396535e-09
66850.056 1.596122645738272e-09
66900.056 6.98451639087652e-09
66950.056 5.890859716344726e-09
67000.056 9.876944309305904e-09
67050.056 3.219967940760052e-09
67100.056 2.25479417521041e-09
67150.056 2.8347094086815594e-09
67200.056 5.2088390776185445e-09
67250.056 4.496736797245682e-09
67300.056 8.506101316308519e-09
67350.056 3.356176689473205e-09
67400.056 7.77946537686968e-09
67450.056 5.101760519158339e-09
67500.056 2.7489895657598478e-09
67550.056 9.974376403808344e-09
67600.056 1.6724070865297678e-08
67650.056 1.1488715447700017e-08
67700.056 6.436025084942548e-09
67750.056 3.602866145550057e-09
67800.056 4.419890437778149e-09
67850.056 2.2129940758660518e-09
67900.056 2.4393706189663066e-09
67950.056 2.5933280333358245e-09
68000.056 8.027048855599016e-09
68050.056 4.235487614625988e-09
68100.056 7.601454612724676e-09
68150.056 7.993497480296418e-09
68200.056 5.806753429774949e-09
68250.056 1.5916142113311915e-09
68300.056 8.250649995100285e-09
68350.056 8.942634634577672e-09
68400.056 1.1238103206298487e-08
68450.056 1.2781847544505498e-08
68500.056 6.307600529515046e-09
68550.056 1.7317395694663037e-09
68600.056 2.024175928334192e-09
68650.056 9.593944010886711e-10
68700.056 2.98208919193141e-09
68750.056 5.541805033130842e-09
68800.056 5.135837664966723e-09
68850.056 3.633778143847636e-09
68900.056 1.4769212578088887e-08
68950.056 1.3743072078873679e-08
69000.056 6.05748947904252e-09
69050.056 2.907320822849793e-09
69100.056 1.3589162111500473e-08
69150.056 1.8356693417809164e-08
69200.056 1.3603239072261421e-08
69250.056 1.568458883169755e-08
69300.056 1.4951485611561535e-08
69350.056 1.6467212137998633e-08
69400.056 6.65513453834641e-09
69450.056 1.3103024692595363e-08
69500.056 9.212370468518787e-09
69550.056 5.980801350840402e-09
69600.056 1.0930187710243212e-09
69650.056 5.824740160002688e-09
69700.056 1.1856748191408782e-08
69750.056 6.375691635808932e-09
69800.056 1.29011372654008e-08
69850.056 1.3134554738886135e-08
69900.056 8.996058540652859e-09
69950.056 8.377138574649284e-09
70000.056 8.0909546670074e-09
70050.056 1.9015520075391215e-08
70100.056 1.059099858490209e-08
70150.056 9.157944889399372e-09
70200.056 6.328183443827829e-09
70250.056 7.2455141627009354e-09
70300.056 1.3203337988809242e-08
70350.056 1.429013030459798e-08
70400.056 5.358301517997806e-09
70450.056 9.172021079494124e-10
70500.056 5.670241365020917e-09
70550.056 4.388209413591768e-09
70600.056 5.538708414027635e-09
70650.056 8.251135181998782e-09
70700.056 1.0956436094305114e-08
70750.056 2.0984456290712455e-08
70800.056 8.785128866555136e-09
70850.056 8.212091621158129e-09
70900.056 1.60421155056586e-08
70950.056 1.5745608556605673e-08
71000.056 1.2289107193498173e-08
71050.056 1.5453136910500216e-08
71100.056 9.60480024760026e-09
71150.056 6.5509678703515935e-09
71200.056 7.081886402200513e-09
71250.056 1.4946448938305476e-08
71300.056 1.7146180790402734e-08
71350.056 1.893807800969997e-08
71400.056 1.4321143150093865e-08
71450.056 4.139913359244696e-09
71500.056 6.268308669998094e-09
71550.056 5.975264376600994e-09
71600.056 8.949449876799964e-09
71650.056 4.623969142310024e-09
71700.056 3.010067922872078e-09
71750.056 8.852980024104758e-09
71800.056 1.4893195815402089e-08
71850.056 1.260943570759894e-08
71900.056 8.733894221725768e-09
71950.056 1.2320468442714663e-08
72000.056 1.0170721510264252e-08
72050.056 4.0976761481685624e-09
72100.056 5.3301832918531016e-09
72150.056 1.1063862557067142e-08
72200.056 9.17392937038121e-09
72250.056 2.052519261900563e-08
72300.056 7.641752993832504e-09
72350.056 1.2499460591915776e-08
72400.056 1.0093998844502002e-08
72450.056 9.260672619012921e-09
72500.056 1.2538896513002325e-08
72550.056 3.166978706408592e-09
72600.056 7.769287060123474e-09
72650.056 1.3039955350707954e-08
72700.056 5.404012573234712e-09
72750.056 7.992593977299466e-09
72800.056 3.612295324889829e-09
72850.056 5.0146192019823854e-09
72900.056 1.47079819815031e-08
72950.056 7.81351772756903e-09
73000.056 7.4334358998117216e-09
73050.056 3.2950903082118903e-09
73100.056 5.5101008844208374e-09
73150.056 1.5629290195395863e-08
73200.056 4.285296173352502e-09
73250.056 6.421338411399416e-09
73300.056 2.900455103060988e-09
73350.056 2.359996374659117e-09
73400.056 6.80574252780017e-09
73450.056 3.3311700149207776e-09
73500.056 2.842900397950369e-09
73550.056 5.573526019431234e-09
73600.056 5.9888294188461945e-09
73650.056 5.595155222049669e-09
73700.056 3.3686974965255463e-09
73750.056 1.6189437474414906e-09
73800.056 4.240457396106253e-09
73850.056 6.19272940829641e-09
73900.056 2.648719022033209e-09
73950.056 4.264472564863986e-09
74000.056 1.2403247676531863e-09
74050.056 7.773711147034005e-09
74100.056 6.80645225214786e-09
74150.056 6.435665289198578e-09
74200.056 1.7644355786624063e-09
74250.056 5.900001618650278e-10
74300.056 5.318779435369585e-09
74350.056 8.193688170223224e-09
74400.056 6.192940580108149e-09
74450.056 2.206574422081162e-09
74500.056 1.056481462318112e-09
74550.056 2.9544552746296968e-09
74600.056 2.745445565648823e-09
74650.056 3.4146248940714318e-09
74700.056 3.3913162680116447e-09
74750.056 1.1945238932679853e-09
74800.056 1.8397942857769156e-09
74850.056 7.203333898103325e-09
74900.056 9.079160212294277e-09
74950.056 6.094143221087872e-09
75000.056 3.5000691586596443e-09
75050.056 4.074197327212329e-10
75100.056 5.8246460792520964e-09
75150.056 1.0414364545703466e-08
75200.056 8.533166468799134e-09
75250.056 6.85747204446577e-09
75300.056 4.879570085100171e-09
75350.056 9.585788103252692e-10
75400.056 1.0237046481602147e-08
75450.056 1.1961757549403167e-08
75500.056 8.023843818298887e-09
75550.056 5.4521939313476814e-09
75600.056 8.133921476599774e-09
75650.056 4.866262710941595e-09
75700.056 1.2630817132197769e-08
75750.056 8.018638389277851e-09
75800.056 8.612481168239275e-09
75850.056 1.0881334293477513e-08
75900.056 1.1119569881996424e-08
75950.056 4.775503215496966e-09
76000.056 1.3085242952322844e-08
76050.056 1.191185661249435e-08
76100.056 1.1062434584999445e-08
76150.056 1.1226262266196244e-08
76200.056 9.362264247904489e-09
76250.056 4.275670844161993e-09
76300.056 1.5818340158599563e-08
76350.056 2.1015399233005888e-08
76400.056 1.2581981873804628e-08
76450.056 1.093225469165248e-08
76500.056 7.572696311599423e-09
76550.056 1.7938989445101798e-09
76600.056 3.215159973098098e-10
76650.056 5.042474596766358e-10
76700.056 5.819594564748558e-10
76750.056 7.103385719333501e-10
76800.056 1.5473008756313639e-09
76850.056 1.4845512065692688e-09
76900.056 2.6411977531157466e-09
76950.056 1.5263478549242456e-09
77000.056 4.237498626458138e-09
77050.056 1.1385414139477835e-09
77100.056 2.2513623535937245e-09
77150.056 4.472331703119408e-09
77200.056 1.7916720909398874e-09
77250.056 1.7536953382488075e-09
77300.056 5.008066205358367e-09
77350.056 2.506263584853879e-09
77400.056 4.1822495292420845e-09
77450.056 7.470919619455078e-09
77500.056 5.907632370719333e-09
77550.056 3.6330859758539472e-09
77600.056 1.569937902372288e-09
77650.056 2.4573541537822905e-09
77700.056 5.982261485995085e-09
77750.056 5.8290789531629045e-09
77800.056 9.424125777202971e-09
77850.056 1.3202040467896812e-08
77900.056 3.951674303535254e-09
77950.056 1.3892581561776491e-09
78000.056 4.828396440748892e-09
78050.056 3.3533883404363744e-09
78100.056 5.908931492441309e-09
78150.056 9.004932909085701e-09
78200.056 1.3938607710197604e-08
78250.056 8.39685204820167e-09
78300.056 2.2295969717233404e-09
78350.056 5.9818661362846255e-09
78400.056 3.2960800653403917e-09
78450.056 5.859491007845133e-09
78500.056 1.3349014967631469e-08
78550.056 1.4045710419897993e-08
78600.056 1.0588279613098905e-08
78650.056 2.290664565555381e-09
78700.056 2.997101229832495e-09
78750.056 6.1312021194803635e-09
78800.056 3.566329976078057e-09
78850.056 2.1043808864879187e-09
78900.056 5.754041966437301e-09
78950.056 9.456973800201043e-09
79000.056 6.268320045763325e-09
79050.056 5.219443541230029e-09
79100.056 7.165499678891243e-09
79150.056 4.3169163094538585e-09
79200.056 6.064240113399703e-09
79250.056 2.8604827030703576e-09
79300.056 4.619502549503311e-09
79350.056 5.859815959500226e-09
79400.056 2.4553627797896422e-09
79450.056 8.565330732413916e-09
79500.056 1.5816905698697968e-08
79550.056 1.2546089857204823e-08
79600.056 5.940453262660263e-09
79650.056 1.2755607424297505e-08
79700.056 6.016144107969486e-09
79750.056 6.240149870264278e-09
79800.056 4.779582135830617e-09
79850.056 1.0467580087463019e-08
79900.056 1.6969644663059977e-08
79950.056 2.3042550359902508e-08
