# %ECSV 1.0
# ---
# datatype:
# - {name: wav, unit: Angstrom, datatype: float64}
# - {name: flux_nu, unit: erg / (cm2 Hz s), datatype: float64}
# meta: {C/O: '1.00', Kzz: '1.0000E+05', Teff: '1300.', Y: '0.28', '[Fe/H]': '-0.50', f_hole: '1.00', f_rain: '0.00', grav: '18.'}
# schema: astropy-2.0
wav flux_nu
4000.0559999999996 nan
4050.0559999999996 4.209211698650446e-11
4100.056 1.5454383785717656e-10
4150.056 1.3908300421232729e-10
4200.056 1.0432177969190384e-10
4250.056 1.1756549572375063e-10
4300.056 9.689181583801904e-11
4350.056 1.0360584895080719e-10
4400.056 1.214768271970269e-10
4450.056 9.799341901800411e-11
4500.056 1.0453986514500846e-10
4550.056 1.3539457527988152e-10
4600.056 1.3972219637599822e-10
4650.056 1.2943859195498936e-10
4700.056 1.5696394920601628e-10
4750.056 1.7479605496497618e-10
4800.056 1.1401004426100535e-10
4850.056 1.1306444069399811e-10
4900.056 1.2421797581400082e-10
4950.056 9.966240623799913e-11
5000.056 4.276873526099738e-11
5050.056 1.8285069146200957e-11
5100.056 1.4414221684300762e-11
5150.056 1.205567636530096e-11
5200.056 1.1379426096599664e-11
5250.056 9.491625512100039e-12
5300.056 7.564719955300024e-12
5350.056 6.045100958299975e-12
5400.056 4.818518331399986e-12
5450.056 3.880218046899997e-12
5500.056 3.1106743412000017e-12
5550.056 2.393622552100009e-12
5600.056 1.8106867930999895e-12
5650.056 1.3218713078999964e-12
5700.056 9.137822153299957e-13
5750.056 5.779416780099963e-13
5800.056 3.2209356435999707e-13
5850.056 1.370333178419979e-13
5900.056 2.4249807623814948e-14
5950.056 3.237566793400057e-13
6000.056 1.15233087785002e-12
6050.056 3.232852185300037e-12
6100.056 7.678699398600057e-12
6150.056 1.633625727200017e-11
6200.056 3.2054341047000273e-11
6250.056 5.893099233800045e-11
6300.056 1.0343356299700082e-10
6350.056 1.755428412300008e-10
6400.056 2.860800773900017e-10
6450.056 4.4760569958000364e-10
6500.056 6.499500559600073e-10
6550.056 9.310387479599863e-10
6600.056 1.3079094942500322e-09
6650.056 1.7292450029000525e-09
6700.056 1.167270936839252e-09
6750.056 2.708321197700039e-09
6800.056 3.634084282400083e-09
6850.056 4.2288488897000355e-09
6900.056 4.020253054700083e-09
6950.056 3.4393455184999138e-09
7000.056 3.2856032401000043e-09
7050.056 3.5388260935000154e-09
7100.056 3.842168233399959e-09
7150.056 4.056566328099963e-09
7200.056 4.4185552474000525e-09
7250.056 4.5149578098999375e-09
7300.056 4.18772444500002e-09
7350.056 3.4051759629000127e-09
7400.056 2.659876363900013e-09
7450.056 2.141261007999968e-09
7500.056 1.688375071299982e-09
7550.056 1.216607648329991e-09
7600.056 7.324604706399895e-10
7650.056 9.944848074843645e-11
7700.056 3.5777010744136394e-11
7750.056 4.965394937200146e-10
7800.056 1.1907240121156636e-09
7850.056 2.832382255500029e-09
7900.056 4.440483919200089e-09
7950.056 5.007611152538928e-09
8000.056 8.354773723000048e-09
8050.056 1.1933152034799504e-08
8100.056 1.679510607999993e-08
8150.056 2.3332063210300785e-08
8200.056 2.7758517367200756e-08
8250.056 3.6487785899001294e-08
8300.056 4.229260897710425e-08
8350.056 4.99914180895994e-08
8400.056 5.718963733999843e-08
8450.056 5.623526998899713e-08
8500.056 5.540591868068666e-08
8550.056 6.392264723100346e-08
8600.056 6.713167326799044e-08
8650.056 6.440759978598472e-08
8700.056 6.395585532900321e-08
8750.056 7.475534882300159e-08
8800.056 9.743721833000844e-08
8850.056 1.0962749419598852e-07
8900.056 1.0645137765599978e-07
8950.056 1.0435139722364935e-07
9000.056 1.3870878244399938e-07
9050.056 1.4820066634200326e-07
9100.056 1.7728049201630432e-07
9150.056 1.9377034351200846e-07
9200.056 2.0572596768559338e-07
9250.056 1.7148401190760138e-07
9300.056 1.2109878752594228e-07
9350.056 1.3655223869507527e-07
9400.056 1.5966577120738422e-07
9450.056 1.8656787770264907e-07
9500.056 2.007585798755806e-07
9550.056 2.2255914616501213e-07
9600.056 2.091827256706324e-07
9650.056 2.3140521765713204e-07
9700.056 2.545729847488974e-07
9750.056 2.2982679311044447e-07
9800.056 2.541016756053085e-07
9850.056 2.7103093466799285e-07
9900.056 2.3444165182997773e-07
9950.056 2.0066936157898185e-07
10000.056 1.808727144589792e-07
10050.056 2.239324657189963e-07
10100.056 2.746082305719961e-07
10150.056 2.868712863059444e-07
10200.056 3.198803354419828e-07
10250.056 3.3292751560294933e-07
10300.056 3.3136175336000084e-07
10350.056 3.8062727244999074e-07
10400.056 4.3418671432998084e-07
10450.056 4.4487225056004754e-07
10500.056 3.980968327500003e-07
10550.056 3.9439913594007393e-07
10600.056 4.2775722155005583e-07
10650.056 4.721057433700375e-07
10700.056 5.078856750100446e-07
10750.056 5.8246740753004e-07
10800.056 6.514789180500024e-07
10850.056 7.310856453699021e-07
10900.056 6.818729659529508e-07
10950.056 5.581844167935924e-07
11000.056 5.383646259311639e-07
11050.056 4.389470348117472e-07
11100.056 4.330244911266839e-07
11150.056 4.148451979907402e-07
11200.056 4.168452538278893e-07
11250.056 4.966822151372177e-07
11300.056 4.834957300549954e-07
11350.056 3.6735633446057466e-07
11400.056 3.8700965438162126e-07
11450.056 4.3955832865285427e-07
11500.056 5.152865648487087e-07
11550.056 4.4191894848564144e-07
11600.056 4.852869986269601e-07
11650.056 5.072038830011759e-07
11700.056 4.1380894734114614e-07
11750.056 3.7637481565008754e-07
11800.056 4.305125991408436e-07
11850.056 5.724385058558555e-07
11900.056 6.101942342561878e-07
11950.056 6.566418668514371e-07
12000.056 6.133669535950009e-07
12050.056 7.489839683311162e-07
12100.056 7.619387252759513e-07
12150.056 8.904175554319123e-07
12200.056 9.232262540257358e-07
12250.056 1.0336650624598047e-06
12300.056 1.116771669430183e-06
12350.056 1.1318556621800521e-06
12400.056 1.0481516266199593e-06
12450.056 9.657081934500412e-07
12500.056 1.0391127443999103e-06
12550.056 1.070465148920055e-06
12600.056 1.2360725296200418e-06
12650.056 1.2602211094799135e-06
12700.056 1.3850216117801688e-06
12750.056 1.3613704824550404e-06
12800.056 1.4476822216740387e-06
12850.056 1.354953159002114e-06
12900.056 1.2477554246528892e-06
12950.056 1.3049896668568918e-06
13000.056 1.3174899035146284e-06
13050.056 1.3413713242308037e-06
13100.056 1.3212940662648429e-06
13150.056 1.2557989455880598e-06
13200.056 1.175836068774986e-06
13250.056 1.0249418445421658e-06
13300.056 7.393266765549161e-07
13350.056 3.4012177770401587e-07
13400.056 2.6853974969300613e-07
13450.056 2.0056794430197183e-07
13500.056 1.7936415029723445e-07
13550.056 1.5435432664801017e-07
13600.056 1.2588975519834212e-07
13650.056 1.7429894110197317e-07
13700.056 1.4709570708776966e-07
13750.056 1.4650289810062304e-07
13800.056 1.7821658410767066e-07
13850.056 1.6721639262919415e-07
13900.056 1.7020423899612842e-07
13950.056 1.6002011853440233e-07
14000.056 1.4957087353156185e-07
14050.056 1.5405050554379686e-07
14100.056 1.317724577175038e-07
14150.056 1.4901534512426987e-07
14200.056 1.302475776967528e-07
14250.056 1.3031335964163602e-07
14300.056 1.502084351424816e-07
14350.056 1.466566356160363e-07
14400.056 1.6628830965907694e-07
14450.056 1.7212007908624027e-07
14500.056 2.2303582419875603e-07
14550.056 2.3682797105974672e-07
14600.056 2.6101350608822387e-07
14650.056 2.649405097044651e-07
14700.056 2.366724241965394e-07
14750.056 2.6624680961518887e-07
14800.056 3.0084412628544356e-07
14850.056 3.299526463307983e-07
14900.056 3.3416243371651317e-07
14950.056 3.4355370883055353e-07
15000.056 3.6446648173242396e-07
15050.056 4.159848027073434e-07
15100.056 4.3537503054615996e-07
15150.056 4.796771809130455e-07
15200.056 4.850115194599369e-07
15250.056 5.140151835968413e-07
15300.056 5.608130125899386e-07
15350.056 5.931591424819571e-07
15400.056 6.428652032050349e-07
15450.056 6.914541014590714e-07
15500.056 7.155788704648744e-07
15550.056 7.806524082899538e-07
15600.056 7.642020724650682e-07
15650.056 8.230240295160766e-07
15700.056 9.19376842086366e-07
15750.056 9.764314293199445e-07
15800.056 9.592974236302932e-07
15850.056 9.875485404099567e-07
15900.056 9.993585175201116e-07
15950.056 1.0356885370998617e-06
16000.056 1.0259503911899502e-06
16050.056 9.98411647200002e-07
16100.056 9.879933422500298e-07
16150.056 9.08725831980034e-07
16200.056 8.718647241087492e-07
16250.056 8.542276131618914e-07
16300.056 8.293523740859734e-07
16350.056 8.806211300740841e-07
16400.056 9.238615307039571e-07
16450.056 9.502395220310363e-07
16500.056 1.0061818175248574e-06
16550.056 1.0052095153790507e-06
16600.056 9.668464632312522e-07
16650.056 9.215623757843503e-07
16700.056 7.575405151930582e-07
16750.056 8.097093315629036e-07
16800.056 9.400096305160042e-07
16850.056 9.314022044750038e-07
16900.056 8.975571744399912e-07
16950.056 8.507324475959789e-07
17000.056 7.918419982701816e-07
17050.056 8.561122583020856e-07
17100.056 8.378509798481808e-07
17150.056 7.749035408488758e-07
17200.056 7.630597576778619e-07
17250.056 7.061412802577928e-07
17300.056 6.706744458249587e-07
17350.056 6.224613604369286e-07
17400.056 6.391761764039871e-07
17450.056 5.941631624656924e-07
17500.056 5.933113944968365e-07
17550.056 5.830513526687329e-07
17600.056 5.499616368837694e-07
17650.056 5.450968993663099e-07
17700.056 4.482399829228829e-07
17750.056 4.190844341674003e-07
17800.056 4.620460848434856e-07
17850.056 3.822002466357491e-07
17900.056 3.8815995725967934e-07
17950.056 3.6477775198744286e-07
18000.056 3.4846933476799537e-07
18050.056 3.4382960897678583e-07
18100.056 3.353807345629965e-07
18150.056 4.014641952771554e-07
18200.056 2.982085437770935e-07
18250.056 4.01869342306461e-07
18300.056 3.676951803646089e-07
18350.056 3.2859842612619766e-07
18400.056 3.2740646331350307e-07
18450.056 3.061160808947157e-07
18500.056 3.2633089956429485e-07
18550.056 2.978027113575922e-07
18600.056 2.528506183862491e-07
18650.056 2.808513281882733e-07
18700.056 3.0484342454449364e-07
18750.056 3.042196829325294e-07
18800.056 3.440985856204973e-07
18850.056 3.9192560363597465e-07
18900.056 3.845762050987646e-07
18950.056 4.16309400571807e-07
19000.056 4.1962052387495167e-07
19050.056 3.907156966220724e-07
19100.056 4.421625995849923e-07
19150.056 4.3453960798004447e-07
19200.056 4.4280826431669957e-07
19250.056 4.0943721730676474e-07
19300.056 4.264421364172882e-07
19350.056 3.93033878944822e-07
19400.056 3.3386660046970477e-07
19450.056 4.1741502491112496e-07
19500.056 4.0930243235380595e-07
19550.056 3.36244099416262e-07
19600.056 4.039174318705836e-07
19650.056 4.1064318643189214e-07
19700.056 4.184277943796397e-07
19750.056 3.962360994490939e-07
19800.056 4.208092432588249e-07
19850.056 4.5177097238501285e-07
19900.056 3.918269715946665e-07
19950.056 4.821707604120343e-07
20000.056 4.3413612333403196e-07
20050.056 4.726143050452334e-07
20100.056 4.996363239157381e-07
20150.056 5.013587999450193e-07
20200.056 5.269574163919015e-07
20250.056 5.62830133207948e-07
20300.056 5.578036791520292e-07
20350.056 5.947442805158744e-07
20400.056 5.909861714587603e-07
20450.056 6.344373018458433e-07
20500.056 6.44794157231981e-07
20550.056 6.500496782439776e-07
20600.056 7.020914621221888e-07
20650.056 6.910440214112475e-07
20700.056 7.145800494011345e-07
20750.056 7.353765016879338e-07
20800.056 7.556930067640494e-07
20850.056 7.450437009109461e-07
20900.056 7.718365513948475e-07
20950.056 7.747094046099325e-07
21000.056 7.911355093100309e-07
21050.056 7.889922956400022e-07
21100.056 7.822254596300196e-07
21150.056 8.067381621199294e-07
21200.056 7.824429540499991e-07
21250.056 7.970303376399253e-07
21300.056 7.565165531798855e-07
21350.056 7.819275563899941e-07
21400.056 7.500019287501902e-07
21450.056 7.650822807479908e-07
21500.056 7.304499996081516e-07
21550.056 7.168575432500301e-07
21600.056 6.986458941601448e-07
21650.056 6.692251554300344e-07
21700.056 6.795870876399836e-07
21750.056 6.293076200879992e-07
21800.056 5.959190673398137e-07
21850.056 5.66130315570026e-07
21900.056 5.163826614229565e-07
21950.056 4.333385444840906e-07
22000.056 3.1729786069204363e-07
22050.056 2.5352377345683095e-07
22100.056 2.8853511088613623e-07
22150.056 3.3768161833701883e-07
22200.056 3.558011635459738e-07
22250.056 3.5136540089919683e-07
22300.056 3.2713135717097836e-07
22350.056 3.1073788110901645e-07
22400.056 2.801726080340019e-07
22450.056 2.558895134839224e-07
22500.056 2.5610460613910706e-07
22550.056 2.310616876048863e-07
22600.056 2.3724820679113554e-07
22650.056 2.314034845310105e-07
22700.056 2.152512368469946e-07
22750.056 2.1909602450305678e-07
22800.056 2.0070718292294353e-07
22850.056 1.8594365383204462e-07
22900.056 1.779814857929414e-07
22950.056 1.5814227422597256e-07
23000.056 1.805455179890026e-07
23050.056 2.1819110540894312e-07
23100.056 2.6048017793504345e-07
23150.056 2.7444530152000223e-07
23200.056 1.644900566150053e-07
23250.056 1.587073801350315e-07
23300.056 1.3798864689606114e-07
23350.056 1.350838753239978e-07
23400.056 1.4122547360804386e-07
23450.056 1.4888405860502038e-07
23500.056 1.5966183053504282e-07
23550.056 1.807094365940346e-07
23600.056 1.9311243150898426e-07
23650.056 2.2099699401395413e-07
23700.056 1.792515828770186e-07
23750.056 1.6078475371003802e-07
23800.056 1.4468606913101417e-07
23850.056 1.5952659574100598e-07
23900.056 2.0412975476701517e-07
23950.056 2.2545593657706834e-07
24000.056 2.356565523909067e-07
24050.056 2.628242517419738e-07
24100.056 2.474523669029137e-07
24150.056 2.6184122791713204e-07
24200.056 2.690178084459143e-07
24250.056 2.5217086930202526e-07
24300.056 2.6816710517805843e-07
24350.056 2.404214222989617e-07
24400.056 2.791646156410891e-07
24450.056 2.639986947098411e-07
24500.056 2.6624699442595846e-07
24550.056 2.8172856898509314e-07
24600.056 2.9164246153604355e-07
24650.056 3.274001411010298e-07
24700.056 2.7889654971490636e-07
24750.056 2.8982991774110064e-07
24800.056 2.914673790440533e-07
24850.056 3.4035252864304524e-07
24900.056 2.7023728188317987e-07
24950.056 3.459596975740293e-07
25000.056 3.2398617894906986e-07
25050.056 2.68873636837021e-07
25100.056 3.2080562476898837e-07
25150.056 2.7283499287196874e-07
25200.056 3.082502179630046e-07
25250.056 2.827973806159936e-07
25300.056 3.26698934134025e-07
25350.056 2.630604766750067e-07
25400.056 3.23004389346097e-07
25450.056 2.7002081567796646e-07
25500.056 2.816036386550732e-07
25550.056 2.7163639956198066e-07
25600.056 2.72214628488993e-07
25650.056 2.4450352146299553e-07
25700.056 3.1892420060585423e-07
25750.056 2.2621286020007938e-07
25800.056 3.109419858840476e-07
25850.056 2.531547096419399e-07
25900.056 2.9311979726998844e-07
25950.056 2.470906195990225e-07
26000.056 3.2635130728712875e-07
26050.056 3.215684257529588e-07
26100.056 3.3464659900297107e-07
26150.056 3.179454165789576e-07
26200.056 3.17536821130991e-07
26250.056 3.4687258843398273e-07
26300.056 3.3133709962403703e-07
26350.056 3.7437619848692834e-07
26400.056 3.8483600991793567e-07
26450.056 3.9384142806806045e-07
26500.056 4.1041770576884654e-07
26550.056 3.616417389608291e-07
26600.056 4.476843018399056e-07
26650.056 3.242924343389581e-07
26700.056 3.3082707282604233e-07
26750.056 2.7540087675989204e-07
26800.056 3.407231822258992e-07
26850.056 2.57261418874985e-07
26900.056 3.6436193079804514e-07
26950.056 2.491461872209404e-07
27000.056 3.622258803011052e-07
27050.056 3.072780282900325e-07
27100.056 3.047483036239304e-07
27150.056 3.545178297710146e-07
27200.056 3.2889592224510705e-07
27250.056 3.232804154821465e-07
27300.056 4.082279603130158e-07
27350.056 3.834227535639015e-07
27400.056 2.874140974799559e-07
27450.056 4.4558808995182216e-07
27500.056 4.1214179870991546e-07
27550.056 3.4768226789091695e-07
27600.056 4.523258054719214e-07
27650.056 3.230157958239501e-07
27700.056 3.046468087980611e-07
27750.056 4.47084047060848e-07
27800.056 3.034475746029587e-07
27850.056 3.443195542237739e-07
27900.056 3.603055569780463e-07
27950.056 4.4179296017398383e-07
28000.056 4.1047099906611714e-07
28050.056 2.816074738520733e-07
28100.056 4.6747074480514123e-07
28150.056 3.568331913740433e-07
28200.056 2.8865598962303456e-07
28250.056 4.184734678590356e-07
28300.056 4.932907631140324e-07
28350.056 3.370064803718979e-07
28400.056 3.763587565729532e-07
28450.056 4.180500689558695e-07
28500.056 4.0795228613289484e-07
28550.056 2.6981868440989307e-07
28600.056 4.77844650469921e-07
28650.056 4.363982948949499e-07
28700.056 3.993283219279282e-07
28750.056 4.602437286230252e-07
28800.056 4.223598437871128e-07
28850.056 4.65949128706075e-07
28900.056 3.390628004630041e-07
28950.056 5.095211919310017e-07
29000.056 4.2159856822589353e-07
29050.056 4.4078014433692054e-07
29100.056 3.569838121790661e-07
29150.056 4.818854823731313e-07
29200.056 4.1314331604308747e-07
29250.056 4.994488597120018e-07
29300.056 3.840108084027905e-07
29350.056 5.843327686918516e-07
29400.056 4.4342839596290255e-07
29450.056 4.704366475659757e-07
29500.056 4.829967242499175e-07
29550.056 4.649520422130079e-07
29600.056 5.09366549472879e-07
29650.056 4.866485705319382e-07
29700.056 4.211232205698576e-07
29750.056 5.296066361792496e-07
29800.056 5.414608681399588e-07
29850.056 5.241250304939245e-07
29900.056 4.811033744611826e-07
29950.056 5.436690910519004e-07
30000.056 5.323613379819153e-07
30050.056 4.959032541899609e-07
30100.056 4.307174746378515e-07
30150.056 5.858181228499654e-07
30200.056 4.993175019090091e-07
30250.056 5.501539126501417e-07
30300.056 4.950897182199774e-07
30350.056 4.606639812980387e-07
30400.056 5.240500260020241e-07
30450.056 4.3294823577806194e-07
30500.056 3.654353910490502e-07
30550.056 4.0413286454205145e-07
30600.056 4.1372072484300717e-07
30650.056 3.7790834405193164e-07
30700.056 3.6768247135998126e-07
30750.056 3.442465106599752e-07
30800.056 3.224783413220607e-07
30850.056 2.888242514859292e-07
30900.056 3.005330109239499e-07
30950.056 2.672424649400532e-07
31000.056 2.471872816769975e-07
31050.056 2.6604007657001387e-07
31100.056 2.2187247425498062e-07
31150.056 2.3589909404298675e-07
31200.056 2.508687148790215e-07
31250.056 2.0789033553097336e-07
31300.056 2.0980381626498196e-07
31350.056 1.958076121560021e-07
31400.056 1.8154903760601659e-07
31450.056 1.7942043929097885e-07
31500.056 1.7029518684496356e-07
31550.056 1.7519636008900083e-07
31600.056 1.5788034304398905e-07
31650.056 1.523575833099978e-07
31700.056 1.5278025565598127e-07
31750.056 1.414377547630423e-07
31800.056 1.5896963315597439e-07
31850.056 1.461678830790153e-07
31900.056 1.6156706074899731e-07
31950.056 1.3108723695801679e-07
32000.056 1.4742819535297984e-07
32050.056 1.540668446850067e-07
32100.056 1.5653627499501925e-07
32150.056 1.5934413996198064e-07
32200.056 1.4699058009799648e-07
32250.056 1.7261317186801366e-07
32300.056 1.4939978297299887e-07
32350.056 1.7947845063598043e-07
32400.056 1.4801131354199186e-07
32450.056 1.7871212651794109e-07
32500.056 1.7914318979302314e-07
32550.056 1.7464256884999188e-07
32600.056 1.8173609951999736e-07
32650.056 2.1997782734398174e-07
32700.056 2.070871733910269e-07
32750.056 2.1745689939700468e-07
32800.056 2.1164437367101642e-07
32850.056 2.200178004619647e-07
32900.056 2.398168477619895e-07
32950.056 2.367392018589795e-07
33000.056 2.1795871285694825e-07
33050.056 1.977727562480502e-07
33100.056 1.6033873633299275e-07
33150.056 1.24651274207001e-07
33200.056 9.758794793298431e-08
33250.056 7.600305453098306e-08
33300.056 7.292992299000832e-08
33350.056 8.366420728900027e-08
33400.056 9.471210139498645e-08
33450.056 1.0752010149799844e-07
33500.056 1.2912435396401952e-07
33550.056 1.3964147342802623e-07
33600.056 1.6525639148099025e-07
33650.056 1.8081625141900232e-07
33700.056 1.750833054019798e-07
33750.056 2.097840426480022e-07
33800.056 2.100442603589867e-07
33850.056 2.2646027415297573e-07
33900.056 2.0594698205299385e-07
33950.056 2.0250530873999049e-07
34000.056 2.2252756520201643e-07
34050.056 1.9239502569895672e-07
34100.056 2.2659245934796343e-07
34150.056 2.122479227829852e-07
34200.056 1.8959399838995059e-07
34250.056 2.104045126669336e-07
34300.056 1.9262955618190536e-07
34350.056 1.7452372141599403e-07
34400.056 1.7643659321300143e-07
34450.056 2.0124249781198203e-07
34500.056 1.9616918705999638e-07
34550.056 1.92530384660996e-07
34600.056 2.1768183987999815e-07
34650.056 2.104007830269754e-07
34700.056 2.022590184219846e-07
34750.056 2.1588137968998216e-07
34800.056 2.0857443318796824e-07
34850.056 1.967054312400199e-07
34900.056 2.2729845607497357e-07
34950.056 2.1462532185996466e-07
35000.056 2.5576512040503496e-07
35050.056 2.1149270082796382e-07
35100.056 2.280902074300014e-07
35150.056 2.328864968319966e-07
35200.056 2.435622295370095e-07
35250.056 2.619590355299662e-07
35300.056 2.4702252089903154e-07
35350.056 2.3190463561995454e-07
35400.056 2.4615993986005154e-07
35450.056 2.0484381940006786e-07
35500.056 2.725029726400215e-07
35550.056 2.764332623199725e-07
35600.056 2.547999035420573e-07
35650.056 2.784421123699969e-07
35700.056 2.592049468599977e-07
35750.056 2.8240132466995285e-07
35800.056 3.4786752559001877e-07
35850.056 2.796833162999788e-07
35900.056 3.3080196157997557e-07
35950.056 3.1710362492799253e-07
36000.056 3.247871094600338e-07
36050.056 3.2768446237997863e-07
36100.056 3.420124050798182e-07
36150.056 3.416804189499957e-07
36200.056 3.728503356099679e-07
36250.056 3.6218134507994137e-07
36300.056 3.8335363003002185e-07
36350.056 3.784794252799725e-07
36400.056 3.816472098700027e-07
36450.056 4.2183759511001273e-07
36500.056 4.2657030430996104e-07
36550.056 4.4636060052011496e-07
36600.056 4.6926103969002466e-07
36650.056 4.780682509398988e-07
36700.056 5.085576714199768e-07
36750.056 5.24471282200118e-07
36800.056 5.410796426399799e-07
36850.056 5.508546104499308e-07
36900.056 5.381603609800047e-07
36950.056 6.186573387099556e-07
37000.056 6.176454540299758e-07
37050.056 6.101954629599715e-07
37100.056 6.689114223900418e-07
37150.056 6.200771651100503e-07
37200.056 6.755588788200164e-07
37250.056 6.995198557299305e-07
37300.056 6.547394286598703e-07
37350.056 6.45403243660135e-07
37400.056 7.927696256299599e-07
37450.056 7.321580921201073e-07
37500.056 7.357939346398989e-07
37550.056 8.063357876601118e-07
37600.056 8.49775800299998e-07
37650.056 7.754954763999944e-07
37700.056 8.972802507500928e-07
37750.056 8.247772011500089e-07
37800.056 8.592237746203077e-07
37850.056 8.036731175799887e-07
37900.056 8.313031140302082e-07
37950.056 8.403113600399168e-07
38000.056 9.543516055700504e-07
38050.056 9.499843478201098e-07
38100.056 8.847230245501415e-07
38150.056 1.0289884534299443e-06
38200.056 1.0496535397300878e-06
38250.056 9.65732703770099e-07
38300.056 1.0578882771099417e-06
38350.056 1.1123736275199868e-06
38400.056 1.0002640762298154e-06
38450.056 1.0958208934800104e-06
38500.056 9.881569183001865e-07
38550.056 1.1220058106000728e-06
38600.056 1.1800144714599188e-06
38650.056 1.0997223105799822e-06
38700.056 1.165214281000072e-06
38750.056 1.1892661905100309e-06
38800.056 1.1292509024897954e-06
38850.056 1.113870035780023e-06
38900.056 1.1678619438900313e-06
38950.056 1.2158260107399517e-06
39000.056 1.2067418995300125e-06
39050.056 1.2253535817398655e-06
39100.056 1.1563128814701688e-06
39150.056 1.2076213654000215e-06
39200.056 1.2756211390099959e-06
39250.056 1.2865626230697355e-06
39300.056 1.213672715339694e-06
39350.056 1.293759293950124e-06
39400.056 1.289736159110084e-06
39450.056 1.2739348682599297e-06
39500.056 1.208584016620024e-06
39550.056 1.2600635264799819e-06
39600.056 1.328145654279739e-06
39650.056 1.2748310936999835e-06
39700.056 1.2949081321199603e-06
39750.056 1.233745936010012e-06
39800.056 1.2661845930198866e-06
39850.056 1.3156853612899433e-06
39900.056 1.2874211609401056e-06
39950.056 1.3229263324597958e-06
40000.056 1.2934868620300739e-06
40050.056 1.2626612468500696e-06
40100.056 1.289870301619977e-06
40150.056 1.2636536310398204e-06
40200.056 1.2749353514798e-06
40250.056 1.21678307663972e-06
40300.056 1.2062180326701034e-06
40350.056 1.3023835661601277e-06
40400.056 1.2815165527801017e-06
40450.056 1.2719757089101882e-06
40500.056 1.1970484665201278e-06
40550.056 1.3123543274599458e-06
40600.056 1.1911391159201722e-06
40650.056 1.204603889919881e-06
40700.056 1.3158627235099907e-06
40750.056 1.204876961759623e-06
40800.056 1.1179991970399584e-06
40850.056 1.2067919276102494e-06
40900.056 1.1498593943300117e-06
40950.056 1.2033937642500084e-06
41000.056 1.1997794469199607e-06
41050.056 1.2341310342299096e-06
41100.056 1.1577312335799961e-06
41150.056 1.1233135809499792e-06
41200.056 1.1866944523600017e-06
41250.056 1.161730133770032e-06
41300.056 1.0539832529197704e-06
41350.056 1.2403030059200495e-06
41400.056 1.1634853434201318e-06
41450.056 1.171758804420232e-06
41500.056 1.1264261115000022e-06
41550.056 1.1497495205599898e-06
41600.056 1.2243023231900358e-06
41650.056 1.1433521291101903e-06
41700.056 1.0912478577898333e-06
41750.056 1.1224557107999374e-06
41800.056 1.1878247323998127e-06
41850.056 9.62191576980149e-07
41900.056 1.1487439799898775e-06
41950.056 1.071972761420273e-06
42000.056 1.0836072906001394e-06
42050.056 9.70591062059769e-07
42100.056 1.191079561880152e-06
42150.056 9.029143772897654e-07
42200.056 9.630183425000236e-07
42250.056 1.0102527131499369e-06
42300.056 8.992675204500372e-07
42350.056 1.0963822933301843e-06
42400.056 9.382349250902306e-07
42450.056 8.491934530600533e-07
42500.056 8.926611959601441e-07
42550.056 9.103360519399295e-07
42600.056 8.837059187202759e-07
42650.056 8.751274902896013e-07
42700.056 9.325948200302231e-07
42750.056 8.650631086899833e-07
42800.056 8.488471541602132e-07
42850.056 9.560840248997666e-07
42900.056 9.138168859000891e-07
42950.056 8.289601046996585e-07
43000.056 8.590666600200119e-07
43050.056 7.552724219303685e-07
43100.056 8.219669168100306e-07
43150.056 8.195461197501167e-07
43200.056 8.363008227500827e-07
43250.056 8.353696433799131e-07
43300.056 8.862944207300182e-07
43350.056 7.717900359899371e-07
43400.056 8.018675991799407e-07
43450.056 8.023176677901452e-07
43500.056 7.868509056199152e-07
43550.056 8.270063053000707e-07
43600.056 8.904312541200359e-07
43650.056 7.848285055000356e-07
43700.056 7.833845240799069e-07
43750.056 8.100434382301519e-07
43800.056 7.642907511200088e-07
43850.056 7.681431233701539e-07
43900.056 8.008408031999141e-07
43950.056 7.140061118400084e-07
44000.056 6.90238876690034e-07
44050.056 7.170060191000554e-07
44100.056 7.687376468400753e-07
44150.056 7.662859236298865e-07
44200.056 7.292718148300264e-07
44250.056 7.045852919800099e-07
44300.056 6.814576154000758e-07
44350.056 6.774794223400637e-07
44400.056 7.093845228799758e-07
44450.056 7.088652239899937e-07
44500.056 7.264634867501053e-07
44550.056 6.863628406698761e-07
44600.056 6.609824613400802e-07
44650.056 7.140768869700692e-07
44700.056 6.417167220800495e-07
44750.056 6.921621936799324e-07
44800.056 6.87384552759976e-07
44850.056 6.743259961100728e-07
44900.056 6.255426118600551e-07
44950.056 6.203550968500352e-07
45000.056 6.568611318599475e-07
45050.056 6.643297189499624e-07
45100.056 6.796679050899804e-07
45150.056 6.364769409199837e-07
45200.056 5.962454311600239e-07
45250.056 6.127316579199199e-07
45300.056 6.372533467600317e-07
45350.056 6.580312163899522e-07
45400.056 6.425453012100607e-07
45450.056 5.93141381719903e-07
45500.056 6.149194761699732e-07
45550.056 6.639934866099405e-07
45600.056 6.240827679599999e-07
45650.056 5.66682930329896e-07
45700.056 6.609457205000641e-07
45750.056 5.93956612080007e-07
45800.056 6.026713707099771e-07
45850.056 6.958363300899662e-07
45900.056 6.901502230300292e-07
45950.056 5.995599032300066e-07
46000.056 6.903271829300276e-07
46050.056 6.748386743500959e-07
46100.056 5.947813904500454e-07
46150.056 6.434463441099749e-07
46200.056 6.68652461910126e-07
46250.056 5.734847539299806e-07
46300.056 7.107432564299865e-07
46350.056 6.189721354499522e-07
46400.056 6.336854265699499e-07
46450.056 6.600806713300767e-07
46500.056 5.97710193089973e-07
46550.056 7.248743719499744e-07
46600.056 6.770111903200248e-07
46650.056 8.407851068298611e-07
46700.056 7.70988620320248e-07
46750.056 6.24549919869953e-07
46800.056 6.802817781300859e-07
46850.056 7.484406917900919e-07
46900.056 7.044970333798852e-07
46950.056 7.685553054400285e-07
47000.056 6.592029880899921e-07
47050.056 7.727259296098544e-07
47100.056 6.063778351100683e-07
47150.056 6.605300391100596e-07
47200.056 7.170613868001118e-07
47250.056 6.40081383009961e-07
47300.056 6.483160794198742e-07
47350.056 6.093589657399042e-07
47400.056 7.26111326899892e-07
47450.056 6.340376086899803e-07
47500.056 7.238488172799052e-07
47550.056 6.419379158599456e-07
47600.056 7.129628623799542e-07
47650.056 5.481857270198828e-07
47700.056 7.346003870600741e-07
47750.056 5.242030660800963e-07
47800.056 7.221600541599276e-07
47850.056 5.657524877099003e-07
47900.056 7.043694771400189e-07
47950.056 5.554306460100701e-07
48000.056 7.869323857500236e-07
48050.056 6.289617470900732e-07
48100.056 6.754400150799974e-07
48150.056 6.305149381800827e-07
48200.056 7.205315929200779e-07
48250.056 6.133538361500093e-07
48300.056 7.676935423898231e-07
48350.056 5.605216037199858e-07
48400.056 6.839666419399849e-07
48450.056 6.061622613100522e-07
48500.056 7.945226644200158e-07
48550.056 5.74675503850009e-07
48600.056 7.229231672599591e-07
48650.056 6.031580734099695e-07
48700.056 7.101157017700316e-07
48750.056 5.374371714800706e-07
48800.056 8.090241841200207e-07
48850.056 5.797253608798893e-07
48900.056 7.515636659500624e-07
48950.056 6.876274815100381e-07
49000.056 6.287294962998874e-07
49050.056 7.150419326000044e-07
49100.056 6.525554588400545e-07
49150.056 6.93894493599984e-07
49200.056 6.655806392799892e-07
49250.056 7.01252571790036e-07
49300.056 6.107649679499628e-07
49350.056 6.331905231700119e-07
49400.056 7.355478114700342e-07
49450.056 6.515896708101569e-07
49500.056 6.682621030399997e-07
49550.056 5.836933363700117e-07
49600.056 6.524301851101379e-07
49650.056 6.748593219800126e-07
49700.056 5.934972851399131e-07
49750.056 8.142714828098672e-07
49800.056 6.484868471700273e-07
49850.056 8.141238977900863e-07
49900.056 6.530481124900338e-07
49950.056 7.03840780019877e-07
50000.056 6.861648410898774e-07
50050.056 7.032056988400381e-07
50100.056 7.205876117999684e-07
50150.056 6.055692659100125e-07
50200.056 5.539712748100265e-07
50250.056 6.973580342699888e-07
50300.056 6.554364564299726e-07
50350.056 7.718144482500064e-07
50400.056 6.704986384799785e-07
50450.056 6.489060003401141e-07
50500.056 7.842748279701094e-07
50550.056 6.761235037199911e-07
50600.056 7.162406796899825e-07
50650.056 7.140227880201328e-07
50700.056 7.672942689498131e-07
50750.056 7.838345541201042e-07
50800.056 5.887496801799248e-07
50850.056 6.724606286101277e-07
50900.056 7.578561109499862e-07
50950.056 7.191004201501616e-07
51000.056 8.309776384700899e-07
51050.056 6.443132410700645e-07
51100.056 6.133071621799409e-07
51150.056 7.217617791999361e-07
51200.056 7.443641808899752e-07
51250.056 7.286244528999351e-07
51300.056 6.405693074402343e-07
51350.056 6.779210024499068e-07
51400.056 6.015940647198995e-07
51450.056 4.971002408398832e-07
51500.056 6.355009501000589e-07
51550.056 8.39898751800087e-07
51600.056 6.110911304600638e-07
51650.056 6.844662208999165e-07
51700.056 6.542603387498272e-07
51750.056 6.103473806300534e-07
51800.056 7.338717088198098e-07
51850.056 7.320526353499484e-07
51900.056 7.952047944701525e-07
51950.056 7.201297066299417e-07
52000.056 5.842576118599816e-07
52050.056 6.952776792899822e-07
52100.056 6.245043968298967e-07
52150.056 6.379866524400319e-07
52200.056 5.863318472499837e-07
52250.056 6.461880410700212e-07
52300.056 7.459379751699791e-07
52350.056 7.649041316800578e-07
52400.056 5.627669457600798e-07
52450.056 6.807729018900071e-07
52500.056 7.321238774098686e-07
52550.056 7.253100967998019e-07
52600.056 6.83983321560099e-07
52650.056 7.453925657701581e-07
52700.056 6.713353354500048e-07
52750.056 5.63863410289951e-07
52800.056 6.354352846500563e-07
52850.056 6.093725430499074e-07
52900.056 6.570982708000564e-07
52950.056 6.558309966799367e-07
53000.056 7.352146102499547e-07
53050.056 6.120351375398447e-07
53100.056 5.838700153798583e-07
53150.056 7.813684454600844e-07
53200.056 5.430655968400361e-07
53250.056 7.730369616100079e-07
53300.056 7.377505292803055e-07
53350.056 7.3290924530993e-07
53400.056 7.107564390400745e-07
53450.056 6.015811226400413e-07
53500.056 5.144930419598822e-07
53550.056 6.473253454898944e-07
53600.056 7.056127379001186e-07
53650.056 5.949401495700382e-07
53700.056 6.110997821401343e-07
53750.056 6.37258729320039e-07
53800.056 6.354766689301193e-07
53850.056 7.22763439019782e-07
53900.056 5.282365552101601e-07
53950.056 7.275764212099446e-07
54000.056 6.592005726700453e-07
54050.056 6.067499226900811e-07
54100.056 5.088150209099047e-07
54150.056 5.759574582600885e-07
54200.056 4.733665573299932e-07
54250.056 5.423298327800341e-07
54300.056 5.110703003599712e-07
54350.056 6.009928455298695e-07
54400.056 6.660797484499161e-07
54450.056 6.398909545298984e-07
54500.056 5.827319861700131e-07
54550.056 5.590493663199977e-07
54600.056 6.050413028399532e-07
54650.056 5.383715955999248e-07
54700.056 6.317178605399991e-07
54750.056 6.694990768600845e-07
54800.056 5.257992030999987e-07
54850.056 5.751161198299654e-07
54900.056 6.353555980401033e-07
54950.056 6.739230834999694e-07
55000.056 5.807186994299803e-07
55050.056 6.363530160399386e-07
55100.056 6.075571437400436e-07
55150.056 5.251645255998911e-07
55200.056 5.631090803399601e-07
55250.056 5.046426489098908e-07
55300.056 5.158908892799376e-07
55350.056 6.17828644780158e-07
55400.056 6.487680046100815e-07
55450.056 5.813236792099281e-07
55500.056 4.4917355347008477e-07
55550.056 5.538387826099039e-07
55600.056 5.617367288099711e-07
55650.056 4.890802935599685e-07
55700.056 5.576503026400282e-07
55750.056 5.784650732199466e-07
55800.056 5.147079564000594e-07
55850.056 4.850594925499667e-07
55900.056 5.653487442599373e-07
55950.056 6.969697639600005e-07
56000.056 5.131496107998971e-07
56050.056 5.750856971400059e-07
56100.056 6.097985849299773e-07
56150.056 5.035770498800469e-07
56200.056 5.645750157799052e-07
56250.056 5.059739490900514e-07
56300.056 5.967291983599316e-07
56350.056 6.557993097300417e-07
56400.056 5.48659071400019e-07
56450.056 5.320858921700003e-07
56500.056 4.814048423600112e-07
56550.056 4.530473496800175e-07
56600.056 5.922803551298662e-07
56650.056 5.47405955880038e-07
56700.056 6.40653187770056e-07
56750.056 5.021955520199359e-07
56800.056 5.844392175301063e-07
56850.056 5.294040423800046e-07
56900.056 5.102388082500244e-07
56950.056 5.905793242599717e-07
57000.056 6.028532233400409e-07
57050.056 6.183815934399302e-07
57100.056 4.316668314599887e-07
57150.056 5.573524329800676e-07
57200.056 4.81918210950007e-07
57250.056 5.165530407100051e-07
57300.056 5.607350850900668e-07
57350.056 4.6589030283996396e-07
57400.056 5.847844369199596e-07
57450.056 5.705207850699372e-07
57500.056 6.093492467600979e-07
57550.056 6.155995013500848e-07
57600.056 6.71483779779878e-07
57650.056 4.2650532453001266e-07
57700.056 4.881034514200119e-07
57750.056 5.498625445800321e-07
57800.056 4.246698446198904e-07
57850.056 5.873716976900459e-07
57900.056 6.227638562700323e-07
57950.056 5.937246402799575e-07
58000.056 5.190209939299736e-07
58050.056 5.564527654099686e-07
58100.056 5.951853735099927e-07
58150.056 5.709613820100185e-07
58200.056 4.266333345000008e-07
58250.056 4.7664650080993034e-07
58300.056 3.867296306299856e-07
58350.056 4.582026425700446e-07
58400.056 4.702246517700368e-07
58450.056 4.865161288200905e-07
58500.056 5.117163040900495e-07
58550.056 5.738410197700628e-07
58600.056 4.710945622299021e-07
58650.056 5.322544999399585e-07
58700.056 5.035546944399073e-07
58750.056 5.709013935399988e-07
58800.056 3.982066025499826e-07
58850.056 5.128390773100053e-07
58900.056 5.569638490799703e-07
58950.056 4.7096354487987683e-07
59000.056 5.318464735400069e-07
59050.056 5.197627306999326e-07
59100.056 6.120566302599675e-07
59150.056 5.852838216399714e-07
59200.056 5.453547221700026e-07
59250.056 6.166271342100978e-07
59300.056 6.071862288401065e-07
59350.056 4.878397991199941e-07
59400.056 4.524600886099497e-07
59450.056 5.267866671800533e-07
59500.056 4.4187712699993953e-07
59550.056 5.028899605499918e-07
59600.056 5.708555758700266e-07
59650.056 6.08759277859994e-07
59700.056 4.5165872461997813e-07
59750.056 5.928728477798681e-07
59800.056 5.302160006100727e-07
59850.056 5.360604338999839e-07
59900.056 4.963414394899144e-07
59950.056 5.254778392501214e-07
60000.056 6.516011282500154e-07
60050.056 5.793960027500404e-07
60100.056 5.790095680298516e-07
60150.056 5.097046031099156e-07
60200.056 5.809932184399237e-07
60250.056 5.32844989540091e-07
60300.056 5.119717103299367e-07
60350.056 4.908289057800604e-07
60400.056 5.625977129999462e-07
60450.056 4.4467649771991446e-07
60500.056 3.949404095100178e-07
60550.056 5.025072280500312e-07
60600.056 5.610302297200068e-07
60650.056 5.486264549799088e-07
60700.056 5.198369934700236e-07
60750.056 5.065475600199891e-07
60800.056 5.608171391499553e-07
60850.056 5.975418715400597e-07
60900.056 5.725572288001592e-07
60950.056 5.217868057299742e-07
61000.056 5.36473268410078e-07
61050.056 5.19637293309989e-07
61100.056 5.778707330199795e-07
61150.056 4.2625660804993745e-07
61200.056 5.617116741800447e-07
61250.056 6.181812022799235e-07
61300.056 6.02790887150021e-07
61350.056 6.200926024299687e-07
61400.056 6.251859270499595e-07
61450.056 5.334870498500352e-07
61500.056 5.490617835101011e-07
61550.056 5.292119265399721e-07
61600.056 4.974596253000748e-07
61650.056 5.327784712999412e-07
61700.056 4.6909522817997114e-07
61750.056 5.539162460998622e-07
61800.056 6.191734620500443e-07
61850.056 4.979305093899634e-07
61900.056 5.941415190501325e-07
61950.056 5.802825349901049e-07
62000.056 5.493792678200425e-07
62050.056 5.27373000039892e-07
62100.056 5.868376895101251e-07
62150.056 5.556488640500947e-07
62200.056 5.442649330599247e-07
62250.056 6.120004472999653e-07
62300.056 6.068709874499783e-07
62350.056 5.664798411799143e-07
62400.056 4.785814881300821e-07
62450.056 5.435344915600516e-07
62500.056 5.846856126499685e-07
62550.056 5.770779793800118e-07
62600.056 6.104002053600539e-07
62650.056 5.184038757000518e-07
62700.056 5.629192655999803e-07
62750.056 6.166817612e-07
62800.056 5.448251015899081e-07
62850.056 6.114585064200862e-07
62900.056 5.504797629198111e-07
62950.056 5.806498638800615e-07
63000.056 5.708694685600621e-07
63050.056 6.366598908600446e-07
63100.056 6.153954536099342e-07
63150.056 5.166529185899589e-07
63200.056 6.043444850199872e-07
63250.056 5.690700659600227e-07
63300.056 5.562002102200379e-07
63350.056 6.138824514300023e-07
63400.056 5.151455609499696e-07
63450.056 4.808850003300333e-07
63500.056 5.805124470899968e-07
63550.056 4.985426827099482e-07
63600.056 5.758892754200394e-07
63650.056 5.525821799600686e-07
63700.056 5.015056291800032e-07
63750.056 4.93167191379997e-07
63800.056 4.924572919899647e-07
63850.056 5.200028246100915e-07
63900.056 4.962770316500818e-07
63950.056 5.134550050200411e-07
64000.056 5.378560252900119e-07
64050.056 5.13888975199915e-07
64100.056 3.7068357437001727e-07
64150.056 4.343202494899499e-07
64200.056 4.106120793399632e-07
64250.056 5.020335692999171e-07
64300.056 4.391412259400046e-07
64350.056 4.148534090400047e-07
64400.056 4.838309567900235e-07
64450.056 4.5716340830000486e-07
64500.056 4.144678761999372e-07
64550.056 4.3512513749002677e-07
64600.056 4.1171015692996045e-07
64650.056 4.963546364500926e-07
64700.056 3.5392234538994445e-07
64750.056 3.9712416640998896e-07
64800.056 3.5506686500004677e-07
64850.056 3.8728661115001113e-07
64900.056 3.9172678442995044e-07
64950.056 3.7860467576997553e-07
65000.056 4.23653887060033e-07
65050.056 4.3401947061001624e-07
65100.056 4.28770273410006e-07
65150.056 4.3025411155001197e-07
65200.056 4.176197167399868e-07
65250.056 4.48762446409958e-07
65300.056 4.48449680860022e-07
65350.056 5.143820800299559e-07
65400.056 4.2962594467996604e-07
65450.056 4.4694421993998476e-07
65500.056 4.6398622527994564e-07
65550.056 4.2024259863997586e-07
65600.056 4.4835600561007817e-07
65650.056 4.300565702599848e-07
65700.056 4.5607911416998957e-07
65750.056 4.286043302200616e-07
65800.056 4.755568903199926e-07
65850.056 4.99000023219929e-07
65900.056 4.037302413000651e-07
65950.056 3.1548254180999005e-07
66000.056 4.03234342139907e-07
66050.056 5.199206846001059e-07
66100.056 4.455410912600152e-07
66150.056 4.13090360119932e-07
66200.056 3.5865804642003767e-07
66250.056 4.0229025994000373e-07
66300.056 3.363227261499681e-07
66350.056 3.57318267010148e-07
66400.056 4.043811984899097e-07
66450.056 4.655097181699362e-07
66500.056 5.38464634700029e-07
66550.056 4.845480325098796e-07
66600.056 4.184755559001377e-07
66650.056 4.803984954200988e-07
66700.056 4.424868297499388e-07
66750.056 4.708300524500718e-07
66800.056 5.173954372100576e-07
66850.056 4.003324385802282e-07
66900.056 4.2458476900020397e-07
66950.056 5.329120629200401e-07
67000.056 5.19453843479935e-07
67050.056 4.4498224157990653e-07
67100.056 4.729110017700797e-07
67150.056 4.1392106993997163e-07
67200.056 4.521408139301342e-07
67250.056 4.571725279099876e-07
67300.056 4.5199146829999926e-07
67350.056 4.7394959004994686e-07
67400.056 5.169725766898999e-07
67450.056 4.609489137100114e-07
67500.056 4.066722488600291e-07
67550.056 4.4836765910999556e-07
67600.056 5.39085712159972e-07
67650.056 4.678726213100462e-07
67700.056 4.364127069798679e-07
67750.056 4.070114580299591e-07
67800.056 4.35369265479859e-07
67850.056 4.2064081144995366e-07
67900.056 4.3252710511989704e-07
67950.056 4.2329826072997715e-07
68000.056 4.392903979598593e-07
68050.056 4.940711233199896e-07
68100.056 4.570046470599874e-07
68150.056 3.95654436819928e-07
68200.056 3.98444075600142e-07
68250.056 3.957678266799582e-07
68300.056 3.8769617057994423e-07
68350.056 3.6531946023995156e-07
68400.056 4.325328571199471e-07
68450.056 4.7377770418012085e-07
68500.056 4.4758765581003377e-07
68550.056 3.80194372029991e-07
68600.056 4.498352201500183e-07
68650.056 3.666354358299519e-07
68700.056 4.023990884500142e-07
68750.056 4.4711964680007427e-07
68800.056 4.7633936968997375e-07
68850.056 4.1030527696996023e-07
68900.056 5.090956618600294e-07
68950.056 4.952876155801606e-07
69000.056 4.653030719499677e-07
69050.056 4.217235106698532e-07
69100.056 4.941361055299302e-07
69150.056 5.31830611420005e-07
69200.056 3.947601532900702e-07
69250.056 4.917892061699434e-07
69300.056 4.900302384701725e-07
69350.056 4.395760953699161e-07
69400.056 4.0120313803989734e-07
69450.056 5.055059902401146e-07
69500.056 4.4977284559998227e-07
69550.056 4.3449116275003344e-07
69600.056 3.4622512900000557e-07
69650.056 4.353631153101272e-07
69700.056 4.5633819607996424e-07
69750.056 4.147732836199911e-07
69800.056 4.416154633100384e-07
69850.056 4.7357838589010124e-07
69900.056 4.5145546401999697e-07
69950.056 4.63657005900019e-07
70000.056 3.9607814937002263e-07
70050.056 4.6937230463002164e-07
70100.056 3.715638715900708e-07
70150.056 4.2123753713989775e-07
70200.056 3.8445078231004133e-07
70250.056 4.000368849499541e-07
70300.056 4.331222603399549e-07
70350.056 3.9873102796998517e-07
70400.056 4.38967177100061e-07
70450.056 3.529309028900208e-07
70500.056 3.68583505460063e-07
70550.056 3.558199010100759e-07
70600.056 3.7299809568996884e-07
70650.056 4.1502049744004656e-07
70700.056 3.760057099400281e-07
70750.056 3.999868343001055e-07
70800.056 3.952725291600597e-07
70850.056 3.5765538418008304e-07
70900.056 3.986976711199419e-07
70950.056 3.9590913299007683e-07
71000.056 3.815897564899668e-07
71050.056 4.0879855731006246e-07
71100.056 3.4846551745008825e-07
71150.056 3.3954204094995155e-07
71200.056 3.8407441548000055e-07
71250.056 3.9456226121005385e-07
71300.056 3.259491249799092e-07
71350.056 3.72384234390084e-07
71400.056 3.8194517180989204e-07
71450.056 3.5892719924006063e-07
71500.056 3.5014239669996923e-07
71550.056 3.341390160800437e-07
71600.056 3.6281003725997086e-07
71650.056 3.885563109500019e-07
71700.056 3.43067386349958e-07
71750.056 3.132957298499786e-07
71800.056 3.469759052700301e-07
71850.056 3.5663146241990774e-07
71900.056 3.3431718308997723e-07
71950.056 3.373867388098532e-07
72000.056 3.1959048667001437e-07
72050.056 3.239034249900765e-07
72100.056 3.1599065344998657e-07
72150.056 3.409326483899611e-07
72200.056 2.899838458000682e-07
72250.056 3.41218933740021e-07
72300.056 3.1303807929004846e-07
72350.056 3.2340156325998004e-07
72400.056 3.376414102499882e-07
72450.056 2.9765383518993783e-07
72500.056 3.3192113944005805e-07
72550.056 2.6551850737001946e-07
72600.056 3.2528054493999955e-07
72650.056 3.071070750100064e-07
72700.056 3.0589374467998717e-07
72750.056 3.20010660459903e-07
72800.056 2.952991032400918e-07
72850.056 2.9635992707002754e-07
72900.056 3.2683895590999714e-07
72950.056 2.8615798643999006e-07
73000.056 3.0347116960996135e-07
73050.056 2.996941889300394e-07
73100.056 3.159892688200332e-07
73150.056 3.112233281599457e-07
73200.056 2.7187337580989227e-07
73250.056 2.9823388161997247e-07
73300.056 2.64242779629952e-07
73350.056 2.811671960799591e-07
73400.056 2.9681722329998717e-07
73450.056 2.843202327099547e-07
73500.056 3.0794768542001317e-07
73550.056 2.9522834595997575e-07
73600.056 2.8098056575996416e-07
73650.056 2.8248539561999626e-07
73700.056 2.784812553100023e-07
73750.056 2.708605408199176e-07
73800.056 2.861286617300219e-07
73850.056 2.8723746999992885e-07
73900.056 2.9670830027992024e-07
73950.056 2.880510032900429e-07
74000.056 2.6858676221995853e-07
74050.056 3.1165953728999305e-07
74100.056 3.0572070988995644e-07
74150.056 3.028264212699437e-07
74200.056 2.7586940034993095e-07
74250.056 2.7369713855004156e-07
74300.056 2.739524645199907e-07
74350.056 2.830245280100225e-07
74400.056 2.9588534834999274e-07
74450.056 2.744367962799346e-07
74500.056 2.8341197535994627e-07
74550.056 3.0626694590004555e-07
74600.056 2.649688598600353e-07
74650.056 2.6821529728007223e-07
74700.056 2.952217740900281e-07
74750.056 2.622132874599917e-07
74800.056 2.993798247900723e-07
74850.056 3.125539393700916e-07
74900.056 3.171175115299582e-07
74950.056 2.801278203699317e-07
75000.056 3.045043521299776e-07
75050.056 2.854022469799571e-07
75100.056 3.136047518100861e-07
75150.056 3.2271981944001477e-07
75200.056 3.1475336309002907e-07
75250.056 3.2693609984999955e-07
75300.056 3.067641114400143e-07
75350.056 3.0120339202997575e-07
75400.056 3.2859792668001733e-07
75450.056 3.3109836412008867e-07
75500.056 2.993821770200194e-07
75550.056 3.002017101000153e-07
75600.056 3.428943758700651e-07
75650.056 3.2336440437998194e-07
75700.056 3.350274257099413e-07
75750.056 3.1766882602017345e-07
75800.056 3.258180327899461e-07
75850.056 3.2960038349007717e-07
75900.056 3.343726002500511e-07
75950.056 3.341633861999761e-07
76000.056 3.21759472989958e-07
76050.056 3.456972528699244e-07
76100.056 3.426776229599687e-07
76150.056 3.543236111799189e-07
76200.056 3.271134803100867e-07
76250.056 3.703431073399485e-07
76300.056 3.481170290399383e-07
76350.056 3.72005931950049e-07
76400.056 3.6190570217007227e-07
76450.056 3.758355793700843e-07
76500.056 3.537273489500368e-07
76550.056 3.364831191100392e-07
76600.056 2.5471148999996653e-07
76650.056 2.7935246475999636e-07
76700.056 2.652568366599806e-07
76750.056 2.7960795219003775e-07
76800.056 3.1012965485007147e-07
76850.056 2.922789957000596e-07
76900.056 2.6056167519996784e-07
76950.056 2.5154411281004146e-07
77000.056 2.4485878901001827e-07
77050.056 2.4234757526996776e-07
77100.056 2.418227237400003e-07
77150.056 2.619422075600203e-07
77200.056 2.41872357159981e-07
77250.056 2.5632665596002355e-07
77300.056 2.551274643099816e-07
77350.056 2.3779453371999163e-07
77400.056 2.2499042589998454e-07
77450.056 2.308507093399936e-07
77500.056 2.478236017899474e-07
77550.056 2.513961108300029e-07
77600.056 2.504665091400046e-07
77650.056 2.5601770808999506e-07
77700.056 2.491159488299549e-07
77750.056 2.4679166608997916e-07
77800.056 2.460977212600152e-07
77850.056 2.549013945200336e-07
77900.056 2.491248168199747e-07
77950.056 2.652519275399971e-07
78000.056 2.557770363399985e-07
78050.056 2.4628102213000474e-07
78100.056 2.580440084200556e-07
78150.056 2.5321745266004715e-07
78200.056 2.7572699009001507e-07
78250.056 2.674571555199755e-07
78300.056 2.6090396983996643e-07
78350.056 2.6797559016001404e-07
78400.056 2.907163643000219e-07
78450.056 2.6834854381004275e-07
78500.056 3.011308566700316e-07
78550.056 2.732485907499599e-07
78600.056 2.8785215499002667e-07
78650.056 2.7809638953999463e-07
78700.056 2.890149227000895e-07
78750.056 2.94867192590031e-07
78800.056 2.9243356745997007e-07
78850.056 2.83577280929927e-07
78900.056 2.789640312600347e-07
78950.056 2.8507816212998124e-07
79000.056 2.875370049500213e-07
79050.056 2.9220884672997595e-07
79100.056 2.9028813988998007e-07
79150.056 2.851858784800772e-07
79200.056 3.021461804099516e-07
79250.056 2.893758649199919e-07
79300.056 2.964083189000109e-07
79350.056 3.079813047900559e-07
79400.056 3.0260399595008754e-07
79450.056 2.8125530075997444e-07
79500.056 3.141201520799516e-07
79550.056 3.1370084571009795e-07
79600.056 3.0780141460999044e-07
79650.056 2.961048009199614e-07
79700.056 3.080617117300204e-07
79750.056 3.1068659779005413e-07
79800.056 2.786363610701148e-07
79850.056 3.2461696072000865e-07
79900.056 3.2414516011001213e-07
79950.056 3.3603454649998655e-07
