# %ECSV 1.0
# ---
# datatype:
# - {name: wav, unit: Angstrom, datatype: float64}
# - {name: flux_nu, unit: erg / (cm2 Hz s), datatype: float64}
# meta: {C/O: '1.00', Kzz: '1.0000E+05', Teff: '275.', Y: '0.28', '[Fe/H]': '-0.50', f_hole: '1.00', f_rain: '0.00', grav: '18.'}
# schema: astropy-2.0
wav flux_nu
4000.0559999999996 nan
4050.0559999999996 1.4187999783660236e-20
4100.056 3.1665257550700517e-19
4150.056 1.4301444472400109e-18
4200.056 1.549150173222007e-18
4250.056 9.285374794200064e-18
4300.056 2.1122137115000002e-17
4350.056 4.047094683200019e-17
4400.056 6.786313054999984e-17
4450.056 1.0796652355599965e-16
4500.056 1.9045098793000097e-16
4550.056 2.53206036997e-16
4600.056 1.675484687899996e-16
4650.056 1.3251854368899948e-16
4700.056 8.412220235999999e-17
4750.056 5.3800452118000115e-17
4800.056 3.8415005695999863e-17
4850.056 2.3970503307999916e-17
4900.056 1.7919189003999987e-17
4950.056 1.5571223041999992e-17
5000.056 1.3581424362999968e-17
5050.056 1.245983426270016e-17
5100.056 1.5271426325200244e-17
5150.056 1.9392425138000076e-17
5200.056 2.4010111331000086e-17
5250.056 2.9035057470000065e-17
5300.056 3.494269789800009e-17
5350.056 4.188203229700009e-17
5400.056 4.829763335500015e-17
5450.056 5.678720272400067e-17
5500.056 6.76669154130003e-17
5550.056 8.059869888600011e-17
5600.056 9.31798816180002e-17
5650.056 1.0266121521799993e-16
5700.056 9.863155355400002e-17
5750.056 9.688362675500024e-17
5800.056 8.438227419499944e-17
5850.056 5.4134145215999136e-17
5900.056 1.385120112647556e-17
5950.056 9.890216164000507e-17
6000.056 2.729243060739973e-16
6050.056 6.084182321700074e-16
6100.056 1.1069541961000129e-15
6150.056 1.7931560481000124e-15
6200.056 2.7302464677000157e-15
6250.056 3.8657995728e-15
6300.056 5.520528156900001e-15
6350.056 7.681858109300012e-15
6400.056 1.0406518089600013e-14
6450.056 1.1980875325299717e-14
6500.056 1.5322161275510236e-14
6550.056 2.088572293149912e-14
6600.056 2.859260900740099e-14
6650.056 4.0051236847000316e-14
6700.056 5.449032889500024e-14
6750.056 7.217909002800036e-14
6800.056 8.954230476000073e-14
6850.056 1.0424594663300021e-13
6900.056 9.555384293500204e-14
6950.056 7.452238352272187e-14
7000.056 9.340622740799672e-14
7050.056 9.97846317367008e-14
7100.056 1.182755360549976e-13
7150.056 8.517451548713687e-14
7200.056 5.527917474724717e-14
7250.056 6.993756308744418e-14
7300.056 7.546452133417018e-14
7350.056 1.1693923452470741e-13
7400.056 1.635160094772083e-13
7450.056 2.385402704890136e-13
7500.056 2.9764430696000147e-13
7550.056 3.2640887096000013e-13
7600.056 3.1641065811999893e-13
7650.056 1.1295469190859555e-13
7700.056 8.2761694331803e-14
7750.056 3.312539324900052e-13
7800.056 4.885428810000021e-13
7850.056 7.080442979099883e-13
7900.056 8.659084012499721e-13
7950.056 9.460048388759972e-13
8000.056 1.1999274033600036e-12
8050.056 1.3590559948000242e-12
8100.056 8.340229644053938e-13
8150.056 4.76006286478986e-13
8200.056 1.0984881750146657e-12
8250.056 1.1302901432673124e-12
8300.056 1.1938643398952006e-12
8350.056 1.2253982113052808e-12
8400.056 1.5211608179954592e-12
8450.056 2.4216159712219875e-12
8500.056 3.0189987453499937e-12
8550.056 3.832715562100069e-12
8600.056 4.61129893470001e-12
8650.056 4.967606224200025e-12
8700.056 4.3054858712000535e-12
8750.056 4.0177466381999996e-12
8800.056 3.1936099706198797e-12
8850.056 2.0045013136098516e-12
8900.056 1.0171664900518525e-13
8950.056 4.356775283210466e-14
9000.056 3.9529212896884e-14
9050.056 2.457117650819723e-13
9100.056 3.5641738568726945e-13
9150.056 6.579849073712012e-13
9200.056 1.9542320032256217e-12
9250.056 1.4299266661657642e-12
9300.056 9.398888517359101e-15
9350.056 1.0755751506102329e-14
9400.056 1.3651018642219419e-13
9450.056 1.012353653248421e-13
9500.056 8.338230912101441e-14
9550.056 8.181891035498499e-14
9600.056 1.186612351433458e-13
9650.056 3.454021827764125e-13
9700.056 1.670350886079129e-12
9750.056 9.416847290860949e-13
9800.056 9.094114743635192e-13
9850.056 9.56517020890645e-13
9900.056 1.3472342434928962e-12
9950.056 1.2202299440102276e-12
10000.056 1.0852738158822152e-12
10050.056 1.034181990750992e-12
10100.056 7.973004625499911e-13
10150.056 3.595693177993165e-13
10200.056 7.715409778587215e-14
10250.056 1.012159191440128e-13
10300.056 2.399224445976987e-13
10350.056 7.468565964813256e-14
10400.056 3.4081396162638424e-13
10450.056 6.729619483902584e-13
10500.056 1.2645484952138413e-12
10550.056 2.3301917124250763e-12
10600.056 3.0451693613801397e-12
10650.056 3.0290717068600042e-12
10700.056 2.279013846669928e-12
10750.056 2.0684597478359325e-12
10800.056 1.8377461579332232e-12
10850.056 1.4755023572237185e-12
10900.056 1.1144755195850442e-12
10950.056 6.52536413826801e-13
11000.056 3.6137285718668777e-13
11050.056 1.7740937636192513e-13
11100.056 6.748391560574539e-14
11150.056 1.6158551276840634e-14
11200.056 5.0929326508387146e-15
11250.056 3.0928829429801443e-15
11300.056 1.3782923498298898e-14
11350.056 1.7525015333979234e-15
11400.056 2.4320681790610802e-14
11450.056 1.1574359380365062e-14
11500.056 1.1227368069125859e-14
11550.056 1.7198836814592962e-15
11600.056 3.205818194454345e-16
11650.056 4.472026037591229e-15
11700.056 5.968396970465439e-15
11750.056 1.3737813759483348e-15
11800.056 9.31858431614844e-15
11850.056 7.790913021335884e-15
11900.056 7.405239831337369e-15
11950.056 1.3037299758088446e-14
12000.056 2.0050302513474773e-14
12050.056 3.171570132300331e-14
12100.056 4.0264012011229177e-14
12150.056 5.526578511169484e-14
12200.056 6.139474223809492e-14
12250.056 1.5982112578009724e-13
12300.056 3.7717942729089416e-13
12350.056 4.839720264798477e-13
12400.056 9.807465024549945e-13
12450.056 2.077473754520053e-12
12500.056 2.754378563900241e-12
12550.056 3.1580464510690003e-12
12600.056 5.911765307111071e-12
12650.056 1.1504068014802179e-11
12700.056 1.3633572436421084e-11
12750.056 8.563804728258444e-12
12800.056 4.384659175505474e-12
12850.056 1.919939048366774e-12
12900.056 1.2404253219102564e-12
12950.056 1.007819459697667e-12
13000.056 1.0600680222364572e-12
13050.056 6.467477861779827e-13
13100.056 5.661692983549269e-13
13150.056 2.634214397951366e-13
13200.056 3.6469352275888196e-13
13250.056 4.4154029406950904e-13
13300.056 1.7075684854520957e-13
13350.056 7.800664604887015e-14
13400.056 3.43077460879917e-14
13450.056 5.078256343012682e-15
13500.056 7.666154332357002e-16
13550.056 8.692536595139402e-17
13600.056 4.6867197884607654e-18
13650.056 8.354141066279801e-17
13700.056 2.4380850255492584e-17
13750.056 2.081669442269881e-16
13800.056 1.4650321888309587e-16
13850.056 4.820963501255622e-17
13900.056 1.9787261819225633e-16
13950.056 1.1200588750799335e-16
14000.056 2.570824391214724e-16
14050.056 3.4606703759008985e-16
14100.056 4.58878273004991e-16
14150.056 2.653598940161647e-15
14200.056 1.4919974843155317e-15
14250.056 3.167896598226653e-15
14300.056 1.2409498911341975e-14
14350.056 1.0317399513805656e-14
14400.056 9.971757378357317e-15
14450.056 2.6291547360484313e-14
14500.056 7.495477902265698e-14
14550.056 1.0525367882613369e-13
14600.056 1.0811518817057002e-13
14650.056 2.982497890567739e-14
14700.056 1.0537171381453615e-14
14750.056 1.6692115871981213e-15
14800.056 3.2842233804565226e-15
14850.056 3.876734416284029e-15
14900.056 3.3661488865029097e-15
14950.056 1.6392980308077038e-15
15000.056 7.726865133417268e-15
15050.056 1.0513630610308907e-14
15100.056 2.736549808400783e-15
15150.056 6.453940232431343e-16
15200.056 7.191766159268866e-15
15250.056 1.711060734597035e-14
15300.056 2.545702215245986e-14
15350.056 4.913192793050918e-14
15400.056 5.0674017808650184e-14
15450.056 8.291572865744718e-14
15500.056 1.1604315882544878e-13
15550.056 4.3054547629605013e-13
15600.056 8.463814225117525e-13
15650.056 2.0897263797956605e-12
15700.056 4.829111746985277e-12
15750.056 7.854424813559674e-12
15800.056 9.921101229076742e-12
15850.056 1.3930624465739535e-11
15900.056 1.767879909115882e-11
15950.056 2.374372793739887e-11
16000.056 2.25138560368014e-11
16050.056 1.511216946974856e-11
16100.056 8.070997536329582e-12
16150.056 3.3807786313414114e-12
16200.056 1.2280642430490338e-12
16250.056 4.974114731528322e-13
16300.056 1.8353412174596539e-13
16350.056 2.5741777501274063e-13
16400.056 3.4012225007717524e-13
16450.056 2.7587137447824816e-13
16500.056 1.8257239721687073e-13
16550.056 1.608195457773006e-13
16600.056 6.098911729489513e-13
16650.056 3.125614762166702e-13
16700.056 3.599686334099227e-14
16750.056 1.465481016847399e-13
16800.056 2.721459074586807e-13
16850.056 2.871373407691552e-13
16900.056 7.144633638545626e-14
16950.056 3.3442128846879816e-14
17000.056 1.1187246351988033e-14
17050.056 2.474203831314155e-14
17100.056 8.505204303431761e-14
17150.056 3.453924061098063e-14
17200.056 2.423350215658516e-13
17250.056 5.0042537333436445e-14
17300.056 3.417659839275464e-14
17350.056 5.6356095659400344e-14
17400.056 1.5850637778799267e-13
17450.056 1.997144848407423e-13
17500.056 3.5576274429599616e-13
17550.056 3.196936571925993e-13
17600.056 2.5395214785234335e-13
17650.056 1.5607158258191996e-13
17700.056 1.2706155531145473e-13
17750.056 1.1345964383185752e-13
17800.056 4.2866149645740376e-13
17850.056 1.1464701088960063e-13
17900.056 7.922370316403138e-14
17950.056 6.260904898242986e-14
18000.056 1.0419155036523068e-13
18050.056 7.144079278359845e-14
18100.056 9.044580872821634e-14
18150.056 3.864148781632389e-14
18200.056 2.981624050523544e-14
18250.056 1.4448944994992117e-13
18300.056 1.0792400856362558e-14
18350.056 8.16715971039973e-15
18400.056 3.0712907569885895e-15
18450.056 4.847269100694536e-14
18500.056 3.827814885502171e-14
18550.056 1.584814250821372e-14
18600.056 4.312418913513393e-14
18650.056 3.312462775766355e-14
18700.056 1.4862186761188489e-15
18750.056 3.2295155109136686e-15
18800.056 8.209538785368676e-14
18850.056 6.584159650552107e-14
18900.056 8.462901542158724e-14
18950.056 8.928833893313179e-14
19000.056 1.2819591176158126e-14
19050.056 5.247995712080804e-15
19100.056 2.1098640806905377e-14
19150.056 8.224234399217216e-15
19200.056 1.8528796148413937e-14
19250.056 1.3532481728329442e-14
19300.056 6.931430022598337e-15
19350.056 7.125873620450986e-15
19400.056 5.162842066290799e-15
19450.056 6.287782403078823e-15
19500.056 3.926253655492682e-15
19550.056 1.2295591591106165e-14
19600.056 2.908624288245234e-14
19650.056 1.78071280764178e-14
19700.056 2.5512236846275888e-14
19750.056 3.606388468060681e-14
19800.056 2.1841345382845506e-14
19850.056 2.5269565782146363e-14
19900.056 4.2964736287588804e-14
19950.056 4.7537845741598224e-14
20000.056 5.5828376609561785e-14
20050.056 4.060630964079047e-14
20100.056 5.966012213069197e-14
20150.056 3.700582698009434e-14
20200.056 2.3041325809868445e-14
20250.056 5.2314794864302786e-14
20300.056 6.315603118267747e-14
20350.056 6.343403000398816e-14
20400.056 5.793782778145078e-14
20450.056 8.293151973359367e-14
20500.056 8.547551536514566e-14
20550.056 8.634249969216521e-14
20600.056 8.477157812172402e-14
20650.056 8.668902222663408e-14
20700.056 8.503744153407824e-14
20750.056 8.029922639189707e-14
20800.056 7.08914039962902e-14
20850.056 7.154074704120021e-14
20900.056 6.75394982689976e-14
20950.056 6.123523227500119e-14
21000.056 5.6508793098700806e-14
21050.056 5.661555695699881e-14
21100.056 5.531572647200107e-14
21150.056 5.689346000900102e-14
21200.056 5.85212295110043e-14
21250.056 6.239793008399724e-14
21300.056 6.33692343029969e-14
21350.056 6.817329543031695e-14
21400.056 7.822043730105262e-14
21450.056 7.457846359307247e-14
21500.056 7.405915461304305e-14
21550.056 7.913482955311667e-14
21600.056 7.382626736301812e-14
21650.056 6.301190578107543e-14
21700.056 5.70909670357317e-14
21750.056 6.553474250955789e-14
21800.056 5.3464907689234665e-14
21850.056 5.2585341032927596e-14
21900.056 4.455793114879856e-14
21950.056 1.859746239397169e-14
22000.056 1.4962943954364613e-15
22050.056 4.189835869103657e-15
22100.056 1.5698749399166887e-14
22150.056 9.035504717260941e-15
22200.056 7.840525419781039e-15
22250.056 6.028390674488478e-15
22300.056 2.436523716312361e-15
22350.056 4.252914564434921e-15
22400.056 1.4307606092185925e-15
22450.056 2.493340127053615e-15
22500.056 1.800628771310106e-15
22550.056 6.769398699402974e-16
22600.056 5.089740684076292e-16
22650.056 9.320528522934674e-16
22700.056 1.023163739916461e-15
22750.056 1.8163013903229073e-15
22800.056 2.4571002073353296e-15
22850.056 1.5821516754925894e-15
22900.056 9.04236388992268e-16
22950.056 5.259416957815875e-16
23000.056 7.637828128007379e-16
23050.056 6.00206531095337e-16
23100.056 8.42170666643215e-15
23150.056 8.574681330128748e-15
23200.056 2.5244370497796913e-16
23250.056 1.8943497097080017e-15
23300.056 1.2088268777171804e-15
23350.056 2.1524332737205263e-15
23400.056 1.614034963928573e-15
23450.056 6.270026469110857e-16
23500.056 6.17913751130915e-16
23550.056 1.6954233654742518e-15
23600.056 4.841856833246331e-15
23650.056 6.519333498918468e-15
23700.056 7.786894398044884e-16
23750.056 1.0705037131654597e-15
23800.056 6.793318342467097e-15
23850.056 3.592805201551286e-15
23900.056 7.738672562504928e-15
23950.056 3.066163715750957e-15
24000.056 1.0378167941850438e-14
24050.056 1.253957885724482e-14
24100.056 1.927596910848041e-14
24150.056 2.866693932418273e-14
24200.056 1.836455010338177e-14
24250.056 1.412998128269161e-14
24300.056 3.1984716941687916e-14
24350.056 3.233414743832814e-14
24400.056 7.662882365488071e-14
24450.056 9.996613594540639e-14
24500.056 9.477205367266506e-14
24550.056 1.598742962986626e-13
24600.056 2.1482864796890699e-13
24650.056 3.189788515784746e-13
24700.056 2.7581068340569493e-13
24750.056 4.088494605432288e-13
24800.056 3.9617506393268006e-13
24850.056 5.722055092502282e-13
24900.056 4.2134104137168756e-13
24950.056 6.226993970614741e-13
25000.056 8.807044605210624e-13
25050.056 6.691299844658535e-13
25100.056 8.915853009150121e-13
25150.056 4.643309496955455e-13
25200.056 7.996153391328797e-13
25250.056 3.86276148988723e-13
25300.056 3.5032969610211973e-13
25350.056 2.171196202499502e-13
25400.056 4.800667421113518e-13
25450.056 1.1361228310313125e-13
25500.056 8.672203668437621e-14
25550.056 2.614242918121354e-13
25600.056 8.51012003542941e-14
25650.056 3.371826395797762e-14
25700.056 1.7877837494732182e-14
25750.056 5.052978791027297e-15
25800.056 3.4692249116869365e-14
25850.056 3.5141136025288368e-15
25900.056 4.47992766493937e-15
25950.056 1.01566316230223e-15
26000.056 1.879045365885515e-14
26050.056 1.3599904655317218e-15
26100.056 6.697072195141599e-15
26150.056 2.147788457923978e-15
26200.056 3.1445167430575443e-15
26250.056 3.625482413380954e-14
26300.056 3.717831737617338e-15
26350.056 1.5240823929501065e-13
26400.056 4.2417357846835316e-13
26450.056 1.7578486457363972e-13
26500.056 7.248049993126286e-13
26550.056 2.205352817072529e-14
26600.056 1.8425436279762822e-14
26650.056 2.170967407135625e-15
26700.056 1.940144499186787e-15
26750.056 3.87283468899983e-15
26800.056 2.1334924056616537e-14
26850.056 1.1477178115859549e-14
26900.056 7.629561848777631e-14
26950.056 1.232831705803691e-14
27000.056 9.888750696612809e-14
27050.056 2.3956925548179734e-13
27100.056 5.00226613368865e-15
27150.056 1.4994413109282998e-13
27200.056 6.059550503179735e-15
27250.056 3.6843340933917155e-14
27300.056 7.553298608610317e-13
27350.056 1.4127906754174078e-13
27400.056 5.12565541211016e-15
27450.056 2.7744735972432976e-13
27500.056 3.6530024863652535e-13
27550.056 3.4441407515911575e-14
27600.056 1.5298436768478354e-13
27650.056 2.7118777795745362e-14
27700.056 3.688539270604449e-14
27750.056 3.7110123042180824e-13
27800.056 8.415362791704756e-14
27850.056 2.416813832478072e-13
27900.056 3.152354301861424e-13
27950.056 6.800030891859388e-13
28000.056 1.042448420567425e-12
28050.056 4.394426288679245e-14
28100.056 1.0366985461596046e-12
28150.056 7.697628984502607e-13
28200.056 9.380250242908456e-14
28250.056 1.4716920507433552e-12
28300.056 1.3008686007299603e-12
28350.056 1.267948912025937e-13
28400.056 7.147931660407249e-13
28450.056 1.6390749458473138e-12
28500.056 6.291801067489267e-13
28550.056 1.147372995891152e-13
28600.056 1.5521512854602564e-12
28650.056 6.098010453557812e-13
28700.056 1.7453235515845365e-12
28750.056 2.470727516187574e-12
28800.056 4.970786282209669e-13
28850.056 4.608080360573624e-12
28900.056 1.2367083909221655e-12
28950.056 1.7602499824018016e-12
29000.056 8.241229528083996e-13
29050.056 1.5727843442162338e-12
29100.056 6.036499813604419e-13
29150.056 4.944470613271824e-13
29200.056 5.216044248539152e-12
29250.056 2.4062369426193448e-12
29300.056 1.4008730439851665e-12
29350.056 3.926100993857082e-12
29400.056 2.419676750076514e-12
29450.056 5.162633560675014e-13
29500.056 5.385107635051985e-12
29550.056 1.1626765618308762e-12
29600.056 1.0635837844791434e-12
29650.056 7.202401245562145e-12
29700.056 8.075655566706387e-13
29750.056 5.92213481922462e-12
29800.056 2.149298338789166e-12
29850.056 6.2608669111199804e-12
29900.056 1.904246111929199e-12
29950.056 2.8741808233651945e-12
30000.056 1.8652457319344937e-14
30050.056 3.178361657675774e-13
30100.056 2.1929576875500822e-12
30150.056 8.874787199794998e-12
30200.056 4.507344609902153e-12
30250.056 6.5483635994514135e-12
30300.056 1.1902605606792528e-11
30350.056 1.2802319952216474e-12
30400.056 1.1107085330802358e-11
30450.056 1.2751797849156452e-11
30500.056 2.204663346265973e-12
30550.056 2.362033630777859e-12
30600.056 6.602090283143992e-11
30650.056 1.9533378192542095e-11
30700.056 4.6864382518047096e-12
30750.056 1.6203405722665354e-11
30800.056 2.4578406067649595e-11
30850.056 2.3338937046158472e-11
30900.056 9.657436000568572e-12
30950.056 5.77986141339478e-12
31000.056 9.578444822680263e-12
31050.056 2.800599144972453e-12
31100.056 2.850544363578269e-12
31150.056 5.551853372632585e-12
31200.056 3.545664517548489e-11
31250.056 1.722240019691112e-11
31300.056 5.940651335725163e-12
31350.056 3.2895144201996794e-11
31400.056 2.2360828709890868e-11
31450.056 1.9999377205581567e-11
31500.056 4.952470766190924e-12
31550.056 1.1055023050155342e-11
31600.056 9.33739406078193e-12
31650.056 7.174045979807194e-12
31700.056 4.445387056588332e-12
31750.056 2.608494624892541e-12
31800.056 4.263040771960754e-12
31850.056 5.288066221111265e-13
31900.056 1.2579907504663182e-12
31950.056 8.768646553848205e-13
32000.056 3.3787311140571445e-13
32050.056 6.291212185185845e-13
32100.056 5.82190920052367e-13
32150.056 3.607644724120435e-13
32200.056 1.4272480829240861e-13
32250.056 3.432749161837911e-13
32300.056 7.266791514539406e-14
32350.056 3.0286063069928804e-13
32400.056 1.584559685352846e-14
32450.056 1.5601801165854622e-13
32500.056 1.3220613288879524e-14
32550.056 1.1721997580639665e-13
32600.056 7.361364012698465e-15
32650.056 3.476567252995293e-13
32700.056 1.528734418920728e-14
32750.056 1.0776253872497386e-12
32800.056 3.397814107085491e-13
32850.056 4.0510186115113926e-12
32900.056 2.8455402889358314e-12
32950.056 2.9302020595311003e-12
33000.056 5.743745512215337e-13
33050.056 4.07132014476852e-13
33100.056 5.529365888754118e-14
33150.056 3.567346408901306e-17
33200.056 4.14176004147634e-15
33250.056 8.297826662321526e-15
33300.056 2.1919130164698253e-13
33350.056 3.4596383021714577e-13
33400.056 2.236748170429502e-12
33450.056 2.9671556730208167e-13
33500.056 2.1946156052016345e-12
33550.056 2.570950681818401e-13
33600.056 9.12653220346576e-13
33650.056 9.249063219882358e-13
33700.056 1.168686018580725e-13
33750.056 1.2660949240006082e-12
33800.056 3.865074808001469e-14
33850.056 5.799740369840553e-13
33900.056 6.895593237894305e-13
33950.056 6.795796920845937e-13
34000.056 1.8602349715448396e-12
34050.056 2.6763792743707515e-13
34100.056 2.2073983458833712e-12
34150.056 7.070022529002472e-13
34200.056 3.2675846704817416e-12
34250.056 1.0417662509935905e-12
34300.056 1.6884147911969254e-12
34350.056 8.186991111187546e-12
34400.056 1.0875424610079098e-12
34450.056 5.696862407284879e-12
34500.056 1.6006246872251666e-12
34550.056 3.5218532129151714e-12
34600.056 1.7768878815586053e-11
34650.056 7.757678374506209e-13
34700.056 8.48467739484476e-12
34750.056 4.6046276764087934e-12
34800.056 3.734898215715044e-12
34850.056 1.7394277652864132e-11
34900.056 1.3473774334888572e-12
34950.056 2.0951888665463162e-11
35000.056 2.4775394857933664e-11
35050.056 2.1204711049766266e-11
35100.056 3.9091876739034807e-11
35150.056 2.9834038429656706e-11
35200.056 2.2718966679922745e-11
35250.056 4.998342297196245e-11
35300.056 1.332210706100606e-11
35350.056 9.872008627594068e-12
35400.056 5.9910611769653565e-12
35450.056 6.975937290131186e-12
35500.056 3.196489525264312e-11
35550.056 1.5018309894640458e-11
35600.056 3.4787626323291597e-11
35650.056 5.909171721214237e-11
35700.056 6.132756221678903e-11
35750.056 4.3734238221665487e-11
35800.056 2.346856883464155e-11
35850.056 1.000895138943372e-11
35900.056 1.1799607672692663e-11
35950.056 2.278217340357446e-11
36000.056 3.343289523105258e-11
36050.056 2.067618641744436e-11
36100.056 2.010730382400705e-11
36150.056 1.0207085409702366e-10
36200.056 7.986386591443735e-11
36250.056 4.1851591911235854e-11
36300.056 1.6775366655658132e-10
36350.056 7.431893036536552e-11
36400.056 1.3643663705403913e-10
36450.056 1.082941016354874e-10
36500.056 1.044369760491535e-10
36550.056 2.583694637987405e-10
36600.056 2.144103248427522e-10
36650.056 1.206507301296796e-10
36700.056 1.9178067957878848e-10
36750.056 2.511135488920226e-10
36800.056 3.333671495749228e-10
36850.056 9.253232787900462e-11
36900.056 1.787948617310725e-10
36950.056 3.3530020089666625e-10
37000.056 1.8345139176326491e-10
37050.056 3.701111300744354e-10
37100.056 1.2024579209657812e-10
37150.056 1.792482662682234e-10
37200.056 4.920726487909015e-10
37250.056 2.598397452859654e-10
37300.056 1.0071289728527882e-10
37350.056 2.182769420462498e-10
37400.056 3.8699497765516235e-10
37450.056 1.0906819934642611e-10
37500.056 2.3288473456432183e-10
37550.056 5.821260776603126e-10
37600.056 1.1693090593393663e-09
37650.056 1.8719896678471664e-10
37700.056 4.129642264784176e-10
37750.056 3.343095588234052e-10
37800.056 2.539871696443769e-10
37850.056 1.1321766461334532e-10
37900.056 1.3512085191949353e-10
37950.056 3.75423315346253e-10
38000.056 3.486769957184425e-10
38050.056 7.787491936218114e-10
38100.056 8.758166631353794e-10
38150.056 1.27772959891742e-09
38200.056 7.808050493916955e-10
38250.056 1.2476174378578093e-09
38300.056 1.954085271457679e-09
38350.056 1.2391365683787824e-09
38400.056 2.9304750572810675e-10
38450.056 6.674900977750338e-11
38500.056 6.149406923839512e-11
38550.056 4.325875753218332e-10
38600.056 5.236387810299228e-10
38650.056 6.110584331211551e-10
38700.056 2.5053326478279677e-10
38750.056 4.794389270981735e-10
38800.056 4.4513655457592175e-10
38850.056 6.595118122710632e-10
38900.056 7.774599841754848e-10
38950.056 3.789756723510141e-10
39000.056 1.0423705802129271e-09
39050.056 2.733462869526123e-10
39100.056 6.767761529067942e-10
39150.056 1.2680131837142659e-09
39200.056 6.61435261291973e-10
39250.056 1.5197298177182559e-09
39300.056 6.585651513564676e-10
39350.056 1.8396937568170904e-09
39400.056 7.240232470986651e-10
39450.056 1.4226590718154074e-09
39500.056 1.2814462096891309e-09
39550.056 3.8693443385274664e-10
39600.056 1.407022612783303e-09
39650.056 1.616351260237798e-09
39700.056 1.8212310782314605e-09
39750.056 5.768800327531395e-10
39800.056 6.232888625634785e-10
39850.056 1.9539209858304897e-09
39900.056 2.858332906659292e-09
39950.056 6.928913463155204e-10
40000.056 1.6317724414481316e-09
40050.056 2.1081052511618957e-09
40100.056 5.117789264204125e-10
40150.056 1.8045165456852094e-09
40200.056 2.0586510752290083e-09
40250.056 2.4241469522315046e-09
40300.056 2.5138887532897878e-09
40350.056 1.1259837911056493e-09
40400.056 1.6427800849984483e-09
40450.056 5.764811996057825e-10
40500.056 2.6062549337365973e-09
40550.056 2.825790100153926e-09
40600.056 2.1308733762399962e-09
40650.056 1.4034504536163673e-09
40700.056 3.0252263628729168e-09
40750.056 2.0074681393204867e-09
40800.056 1.0221912488370438e-09
40850.056 4.55636296753123e-09
40900.056 3.786173672759228e-09
40950.056 3.129615785773254e-09
41000.056 1.935652645775509e-09
41050.056 4.8942963119587544e-09
41100.056 3.985752889197126e-09
41150.056 9.742210254041792e-10
41200.056 5.19110020740092e-09
41250.056 3.4993619308396647e-09
41300.056 3.6759575749785932e-09
41350.056 5.818526048299656e-09
41400.056 4.290779363719524e-09
41450.056 6.6716086502282856e-09
41500.056 3.5991093948060546e-09
41550.056 2.9648775615710713e-09
41600.056 3.3259119990118297e-09
41650.056 5.582738589950295e-09
41700.056 8.374748289598412e-09
41750.056 5.728115325279106e-09
41800.056 5.38495199216095e-09
41850.056 5.59174662014344e-09
41900.056 3.836164543566581e-09
41950.056 3.6267934557509644e-09
42000.056 9.886849690147048e-10
42050.056 2.117840325372557e-09
42100.056 2.3570229638112563e-09
42150.056 3.3267300093425316e-09
42200.056 4.863764178065225e-09
42250.056 3.4365485150342583e-09
42300.056 2.86329894611757e-09
42350.056 6.0150366597801846e-09
42400.056 7.929963812300992e-09
42450.056 8.821778279001588e-09
42500.056 9.178999626998813e-09
42550.056 7.445910114298847e-09
42600.056 6.67631868295277e-09
42650.056 1.0341948919757557e-08
42700.056 3.681800754565301e-09
42750.056 8.6487233929517e-09
42800.056 1.3779903120701029e-08
42850.056 1.3339777825597335e-08
42900.056 1.2804276788401628e-08
42950.056 1.0808713805200189e-08
43000.056 1.2500121098300748e-08
43050.056 5.668405822536029e-09
43100.056 9.36760351974998e-09
43150.056 7.931707174230596e-09
43200.056 1.3787564542100953e-08
43250.056 1.6130135695100773e-08
43300.056 1.542221627380017e-08
43350.056 8.946542842497485e-09
43400.056 1.2860308946740833e-08
43450.056 7.2553660724700085e-09
43500.056 6.316903945627865e-09
43550.056 7.837922507590696e-09
43600.056 1.5002852019501767e-08
43650.056 8.773748004439788e-09
43700.056 1.6174544956704743e-08
43750.056 1.6644615616598015e-08
43800.056 1.3492407750528535e-08
43850.056 1.2249387893281335e-08
43900.056 8.210846663939126e-09
43950.056 5.432597295959569e-09
44000.056 6.30497588954945e-09
44050.056 1.6579977278300142e-08
44100.056 1.978373073280014e-08
44150.056 1.7874093668619464e-08
44200.056 1.7581904455300965e-08
44250.056 9.046804459598681e-09
44300.056 7.011515563040879e-09
44350.056 7.0846782443968666e-09
44400.056 6.2663126656196665e-09
44450.056 1.3696412999301464e-08
44500.056 1.2307084830821485e-08
44550.056 1.7016512983399577e-08
44600.056 1.3564992587659696e-08
44650.056 1.2563100228101251e-08
44700.056 8.998107300498694e-09
44750.056 1.5219363831902608e-08
44800.056 8.64292723486049e-09
44850.056 1.1648332017400356e-08
44900.056 1.2189378235220173e-08
44950.056 1.4176798062601846e-08
45000.056 1.7903281277500744e-08
45050.056 1.4463389903098076e-08
45100.056 1.3116196910100282e-08
45150.056 1.0752642028868046e-08
45200.056 8.26475063975085e-09
45250.056 1.0315776792337337e-08
45300.056 1.0024352992061299e-08
45350.056 6.639427295501721e-09
45400.056 2.120314611900177e-08
45450.056 1.5645483779481643e-08
45500.056 1.9617354526700634e-08
45550.056 2.0051641433995467e-08
45600.056 1.6751618626002367e-08
45650.056 1.4786382786099818e-08
45700.056 9.35767144543918e-09
45750.056 8.803782042270659e-09
45800.056 2.023573594370122e-08
45850.056 1.4313046552600601e-08
45900.056 2.031385120709908e-08
45950.056 2.074586260029908e-08
46000.056 1.9411684371802075e-08
46050.056 1.3947824317231744e-08
46100.056 2.423975940699897e-08
46150.056 1.4717068214000011e-08
46200.056 1.1506352542298156e-08
46250.056 4.223125404571735e-09
46300.056 1.3988849059600167e-08
46350.056 1.378406566192219e-08
46400.056 1.3916578609600382e-08
46450.056 1.2646567140285446e-08
46500.056 1.4628508117192468e-08
46550.056 6.901184999659718e-09
46600.056 9.460681357556673e-09
46650.056 1.5692433236700765e-08
46700.056 1.0910567978397611e-08
46750.056 4.282107659690747e-09
46800.056 2.5292697772198974e-09
46850.056 1.4098746070702063e-08
46900.056 1.6893909976799222e-08
46950.056 1.7338535272799333e-08
47000.056 1.7486131538901685e-08
47050.056 1.0788235897536973e-08
47100.056 8.56899432310087e-09
47150.056 1.3955969195181613e-08
47200.056 1.5164091300798733e-08
47250.056 6.995638412328846e-09
47300.056 4.709756502882109e-09
47350.056 1.5988329231401516e-08
47400.056 1.6127819282398478e-08
47450.056 9.98192601232641e-09
47500.056 1.7048139470840644e-08
47550.056 1.5951816213000213e-08
47600.056 1.2009314922698615e-08
47650.056 1.4462565902911548e-08
47700.056 1.115315642165619e-08
47750.056 8.596175987499957e-09
47800.056 6.140232144300982e-09
47850.056 2.325962597984481e-09
47900.056 4.4283580123120226e-09
47950.056 1.2523883312800328e-08
48000.056 1.6346445675599235e-08
48050.056 1.2514793872400176e-08
48100.056 5.603203758502681e-09
48150.056 1.1459566984600414e-08
48200.056 6.117744253865224e-09
48250.056 8.980193091999728e-09
48300.056 1.587401814799963e-08
48350.056 8.984720448898672e-09
48400.056 1.5824248074035155e-09
48450.056 3.3479742504488705e-09
48500.056 6.789477534098367e-09
48550.056 7.932860457249254e-09
48600.056 1.4233172596099299e-08
48650.056 1.7356449512999063e-08
48700.056 1.1287914017002245e-08
48750.056 9.939271877101422e-09
48800.056 1.4474916173700498e-08
48850.056 7.014838920538925e-09
48900.056 6.789985404299187e-09
48950.056 3.3426281050598658e-09
49000.056 1.9315609646111084e-09
49050.056 7.494206179388992e-09
49100.056 1.0910981671519943e-08
49150.056 8.674395530261024e-09
49200.056 1.4909287940701576e-08
49250.056 1.489083779939987e-08
49300.056 1.2197339658599411e-08
49350.056 4.07663149978262e-09
49400.056 6.365156326568206e-09
49450.056 5.280689287611161e-09
49500.056 3.829968785301228e-09
49550.056 5.041033764050114e-10
49600.056 1.737721172219571e-09
49650.056 6.875389271501017e-09
49700.056 8.668798311697962e-09
49750.056 6.2733776509421295e-09
49800.056 3.6327343286881732e-09
49850.056 1.0111681706741376e-08
49900.056 1.013387170859955e-08
49950.056 1.0089408375800042e-08
50000.056 5.142430063224357e-09
50050.056 6.493544882290712e-09
50100.056 5.639009137599524e-09
50150.056 1.8746816946785764e-09
50200.056 1.9553195291489915e-10
50250.056 1.7340149562400123e-09
50300.056 1.1108686941232733e-09
50350.056 6.39746830140122e-09
50400.056 8.276798387158592e-09
50450.056 7.00594999882106e-09
50500.056 1.0627759609560043e-08
50550.056 9.944657338000658e-09
50600.056 6.406485305015327e-09
50650.056 1.174869345390138e-08
50700.056 1.0183771157299359e-08
50750.056 5.547761711700076e-09
50800.056 1.2119962152467266e-09
50850.056 4.521564179362463e-10
50900.056 4.8370770027006226e-09
50950.056 5.667298575599292e-09
51000.056 3.590790303026404e-09
51050.056 7.416024031899249e-09
51100.056 2.2379513541560442e-09
51150.056 1.8093312779898466e-09
51200.056 8.478323698599992e-09
51250.056 6.4984848293130016e-09
51300.056 4.097078581240905e-09
51350.056 2.7279705989216404e-09
51400.056 4.839689855409242e-10
51450.056 4.567640248990423e-10
51500.056 4.762427336006028e-10
51550.056 2.5765948527206305e-09
51600.056 3.161117843620854e-09
51650.056 5.213553200800132e-09
51700.056 4.537139945055308e-09
51750.056 2.727834492330668e-09
51800.056 6.375942470699542e-09
51850.056 4.924130596519702e-09
51900.056 4.206947903099935e-09
51950.056 1.7413412821597527e-09
52000.056 1.1372498954036244e-10
52050.056 7.876639920800769e-10
52100.056 3.4438189674791475e-10
52150.056 1.693229156788774e-10
52200.056 1.0909984321500183e-09
52250.056 2.1276514001004547e-09
52300.056 2.1696754863997992e-09
52350.056 4.080395258365341e-10
52400.056 5.030483753770035e-10
52450.056 3.1248493657801955e-09
52500.056 1.936305402533618e-09
52550.056 3.705186247599908e-09
52600.056 3.2952075743501225e-09
52650.056 3.925007760300104e-09
52700.056 2.239663695939728e-09
52750.056 4.4752517985461555e-10
52800.056 1.1631303685602414e-09
52850.056 1.4203588464796313e-09
52900.056 3.124745142470292e-10
52950.056 6.785376982421375e-10
53000.056 1.8673153271102906e-09
53050.056 5.32197277141848e-10
53100.056 3.0281572262999792e-09
53150.056 2.7950467977621427e-09
53200.056 1.3055576502802836e-09
53250.056 2.1308365587781538e-09
53300.056 2.6209650249514726e-09
53350.056 1.9648248203601464e-09
53400.056 1.1036039010896671e-09
53450.056 2.589873818479092e-10
53500.056 4.1250893530987784e-11
53550.056 8.943974167420187e-11
53600.056 6.118579734421534e-10
53650.056 1.2958318244899015e-09
53700.056 9.823007260616959e-10
53750.056 1.0293805642896995e-09
53800.056 8.212134774319915e-10
53850.056 1.9271585106497578e-09
53900.056 2.546983625109952e-09
53950.056 1.68835596782893e-09
54000.056 1.3809412617343887e-09
54050.056 1.585602620059668e-09
54100.056 2.810937263659865e-10
54150.056 2.4770232322001217e-10
54200.056 3.838119817088652e-11
54250.056 9.500222896901756e-11
54300.056 3.023407161910091e-10
54350.056 6.2220101414e-10
54400.056 5.109705208278331e-10
54450.056 4.1137744148942115e-10
54500.056 6.916660662682061e-10
54550.056 5.74228610177908e-10
54600.056 2.5064058209393237e-10
54650.056 3.061364035639501e-11
54700.056 2.700738819090164e-10
54750.056 3.092101256189855e-10
54800.056 1.6429375799406324e-10
54850.056 2.919843183281224e-10
54900.056 3.797658064154408e-10
54950.056 1.0316868744362533e-09
55000.056 4.96445354933132e-10
55050.056 4.671918620446697e-10
55100.056 7.320971247224741e-10
55150.056 3.0754100479445413e-10
55200.056 1.9178513639791764e-10
55250.056 2.527153838005415e-10
55300.056 2.745570789367982e-10
55350.056 4.285343914594971e-10
55400.056 2.86380389666984e-10
55450.056 3.7158028027501463e-10
55500.056 1.153995654383137e-10
55550.056 6.340209869128331e-11
55600.056 2.0761372338672664e-10
55650.056 1.630183044362067e-10
55700.056 1.485749583910217e-10
55750.056 7.582796784234438e-11
55800.056 3.6209451936906673e-11
55850.056 6.099256284199126e-11
55900.056 2.2545976035194788e-10
55950.056 3.766232458929542e-10
56000.056 1.60291959120365e-10
56050.056 1.1725786840715588e-10
56100.056 2.220279266134127e-10
56150.056 8.001420650859603e-11
56200.056 1.0455577849999864e-10
56250.056 3.568861022301754e-10
56300.056 1.7366401049585895e-10
56350.056 4.452794755012356e-11
56400.056 3.050213098759671e-11
56450.056 3.191212790531576e-11
56500.056 1.2304047001959513e-10
56550.056 4.123962972959805e-11
56600.056 1.1933285104370736e-10
56650.056 1.0757244987147055e-10
56700.056 8.069789598558935e-11
56750.056 6.05235935147936e-11
56800.056 3.479067548856134e-11
56850.056 1.2091728304380477e-10
56900.056 4.878860038618971e-11
56950.056 1.6136944745524506e-10
57000.056 2.3178114249764398e-10
57050.056 1.6555140472596095e-10
57100.056 2.319498552806577e-11
57150.056 7.357297653535216e-11
57200.056 3.344704052271684e-11
57250.056 6.151091034300034e-11
57300.056 5.131861416011751e-11
57350.056 4.031721099378535e-11
57400.056 1.0393561778805621e-10
57450.056 3.2177115578412694e-11
57500.056 2.3056042312429955e-11
57550.056 3.148782839305513e-11
57600.056 1.5797686571835013e-11
57650.056 2.5177947881454535e-11
57700.056 5.544887277669255e-11
57750.056 8.277795813665688e-11
57800.056 6.112477795676769e-11
57850.056 1.2404768140697346e-10
57900.056 2.6392478157301954e-10
57950.056 1.824554878397379e-10
58000.056 3.502920296956937e-11
58050.056 9.988120327921718e-11
58100.056 4.1401857273312946e-11
58150.056 4.4488221968170466e-11
58200.056 2.1720638217098337e-11
58250.056 2.296382624525218e-11
58300.056 1.664726132508683e-11
58350.056 2.4807732760040452e-11
58400.056 4.318101001125716e-11
58450.056 1.3560303900401077e-10
58500.056 1.3468654782976807e-10
58550.056 3.871423475156035e-11
58600.056 2.4962033212387438e-11
58650.056 6.296003679210164e-11
58700.056 1.9662660920368432e-11
58750.056 7.746266083798819e-11
58800.056 1.4377184706557035e-11
58850.056 2.5439798158292256e-11
58900.056 1.7723554280671934e-11
58950.056 2.8453340330990543e-11
59000.056 4.035057028000166e-11
59050.056 2.447960445539299e-11
59100.056 7.758489965676586e-12
59150.056 2.94379387825783e-11
59200.056 9.802466177420745e-11
59250.056 1.2610200256350197e-10
59300.056 9.239964606198384e-11
59350.056 2.8735458523300778e-11
59400.056 2.6091477929464788e-11
59450.056 5.906781198825644e-11
59500.056 6.777880509233441e-11
59550.056 5.891667764229527e-11
59600.056 6.239230717314807e-11
59650.056 1.2112906820914968e-11
59700.056 4.408178446861e-11
59750.056 1.419186255720571e-10
59800.056 6.263503298099366e-11
59850.056 5.575940766654455e-11
59900.056 4.2916049846303606e-11
59950.056 4.250325866558184e-11
60000.056 9.267073960658896e-11
60050.056 1.7346030773312396e-10
60100.056 1.213442178153904e-10
60150.056 3.219949239198962e-11
60200.056 2.4630962093704182e-11
60250.056 1.2007399334418228e-10
60300.056 7.378801640749435e-11
60350.056 7.15216703391776e-11
60400.056 8.317203392497386e-11
60450.056 2.7182497343721352e-11
60500.056 1.3817254786867405e-11
60550.056 5.343533326287685e-11
60600.056 6.035498771378893e-11
60650.056 5.898861293452913e-11
60700.056 3.4148261685390247e-11
60750.056 1.074588618195449e-11
60800.056 4.727056447010749e-11
60850.056 8.514946608162193e-11
60900.056 4.7497025719900114e-11
60950.056 2.4202499456831906e-11
61000.056 8.990947083523665e-11
61050.056 4.202728384418948e-11
61100.056 3.1367267474452346e-11
61150.056 1.877448648686732e-11
61200.056 6.27974805469068e-11
61250.056 4.009264054240801e-11
61300.056 1.7600531445332298e-11
61350.056 6.822980962367671e-11
61400.056 2.6363252298103004e-11
61450.056 8.954743091680869e-12
61500.056 4.8612668483117496e-12
61550.056 1.501517808357949e-11
61600.056 1.3199193833147399e-11
61650.056 8.902962098863735e-12
61700.056 3.73634380437067e-11
61750.056 2.6566760526380146e-11
61800.056 3.014239917745854e-11
61850.056 1.222284167922842e-11
61900.056 8.743577661301866e-11
61950.056 3.831123429140936e-11
62000.056 2.3841858029656582e-11
62050.056 1.6760316258304066e-10
62100.056 2.0792088130799463e-11
62150.056 9.910547287527668e-11
62200.056 9.709964036641013e-11
62250.056 1.0538751821774294e-10
62300.056 2.340191955285031e-10
62350.056 3.4727730243606405e-10
62400.056 1.7313005515255668e-10
62450.056 1.2235167641414664e-10
62500.056 2.2624026919014303e-10
62550.056 7.088708105779647e-10
62600.056 9.32032405643764e-11
62650.056 7.205727677964568e-11
62700.056 2.924774158524118e-11
62750.056 1.984924484266864e-10
62800.056 1.4239282555155554e-10
62850.056 6.720067519956147e-11
62900.056 3.5607643994558536e-10
62950.056 4.463149994829934e-10
63000.056 7.250178311135477e-11
63050.056 7.394134635753108e-10
63100.056 1.0689749727018623e-09
63150.056 7.83312928680103e-10
63200.056 3.6282815286682277e-10
63250.056 2.657972423934737e-10
63300.056 2.712745872622053e-11
63350.056 8.290177669304492e-11
63400.056 7.679524884457668e-11
63450.056 2.16969248521234e-11
63500.056 1.6355594756085414e-10
63550.056 2.3446280800193276e-10
63600.056 5.244782224513054e-11
63650.056 1.4554253900104095e-10
63700.056 7.13205878589861e-11
63750.056 8.041327685974591e-11
63800.056 2.1418023796864753e-10
63850.056 1.7603318869614948e-10
63900.056 6.195042067199733e-11
63950.056 4.374864259032089e-11
64000.056 1.1813671078905277e-10
64050.056 1.5348827554602308e-11
64100.056 4.346491739820838e-11
64150.056 4.901478015620044e-11
64200.056 2.910070985294102e-11
64250.056 1.4228597805696113e-10
64300.056 1.102940369225673e-10
64350.056 4.764150434698966e-11
64400.056 1.490676630521128e-10
64450.056 1.2181590430145963e-10
64500.056 1.5029859807201837e-10
64550.056 1.546509116811191e-10
64600.056 7.460520373186086e-11
64650.056 1.3715857804985884e-10
64700.056 4.0224449633065577e-11
64750.056 8.547855036636664e-11
64800.056 2.709707152011881e-11
64850.056 4.5606924727009996e-11
64900.056 2.7003736203681392e-11
64950.056 3.041399381919466e-11
65000.056 3.765543589110687e-11
65050.056 8.834945603848984e-11
65100.056 5.351447283859567e-11
65150.056 6.960976252629141e-11
65200.056 3.9380350288922044e-11
65250.056 3.6527447164743716e-11
65300.056 8.244163210896392e-11
65350.056 1.4826926245337702e-10
65400.056 8.372719354499426e-11
65450.056 1.1927484175636776e-10
65500.056 1.3288062742741073e-10
65550.056 7.89750004986155e-11
65600.056 1.559836066982587e-10
65650.056 1.220022280233838e-10
65700.056 9.557024689171415e-11
65750.056 7.535283473334453e-11
65800.056 1.098825338031989e-10
65850.056 2.542366559819543e-10
65900.056 6.955615148447886e-11
65950.056 4.876649525220772e-11
66000.056 6.721605537463918e-11
66050.056 1.2645212498475074e-10
66100.056 1.2569742190703262e-10
66150.056 1.2876755171669513e-10
66200.056 2.304917594129935e-10
66250.056 8.557630844083226e-11
66300.056 1.0183296868822826e-10
66350.056 5.6646547581804356e-11
66400.056 8.027967866002482e-11
66450.056 1.8226774283303326e-10
66500.056 2.3536343864508237e-10
66550.056 2.189572457839521e-10
66600.056 2.1411256785687315e-10
66650.056 6.284488789212411e-11
66700.056 9.039445054253974e-11
66750.056 1.7658490276887754e-10
66800.056 1.1881513037599653e-10
66850.056 8.42813119104143e-11
66900.056 3.120547458494334e-10
66950.056 1.962267760003392e-10
67000.056 3.901891909932066e-10
67050.056 1.981125919431088e-10
67100.056 1.6740236784402182e-10
67150.056 1.9575265868099804e-10
67200.056 2.5836356300996923e-10
67250.056 2.743208809711056e-10
67300.056 4.946364636609661e-10
67350.056 1.0839552047416652e-10
67400.056 3.437839448046494e-10
67450.056 2.495912045079032e-10
67500.056 1.8827546327003277e-10
67550.056 7.89761820480384e-10
67600.056 1.2589009063799044e-09
67650.056 6.730604293156096e-10
67700.056 4.531354070710389e-10
67750.056 2.47831124088074e-10
67800.056 1.873973698925122e-10
67850.056 1.813272394280047e-10
67900.056 1.4537915908081622e-10
67950.056 1.7360650823094579e-10
68000.056 4.3736439870093987e-10
68050.056 1.9335224593233037e-10
68100.056 4.905612045127681e-10
68150.056 5.133449706157763e-10
68200.056 2.6001330142866984e-10
68250.056 1.1532385513797654e-10
68300.056 3.829621627700171e-10
68350.056 4.952670458339424e-10
68400.056 7.305865929700775e-10
68450.056 8.10163509680071e-10
68500.056 3.5462378116585327e-10
68550.056 1.535421228180034e-10
68600.056 1.455197375410283e-10
68650.056 1.164623046910235e-10
68700.056 2.2664912971608718e-10
68750.056 3.6690439963199086e-10
68800.056 2.598570704287254e-10
68850.056 2.720588547328832e-10
68900.056 1.0400185460499634e-09
68950.056 1.0872944498000895e-09
69000.056 3.3812191358626837e-10
69050.056 2.2722683403697275e-10
69100.056 8.235454766500284e-10
69150.056 1.4337539061204356e-09
69200.056 1.6455695117002081e-09
69250.056 1.1831570596949823e-09
69300.056 1.2187221010203655e-09
69350.056 1.476406431410059e-09
69400.056 5.975864813668054e-10
69450.056 1.1635026240993835e-09
69500.056 7.17285111500022e-10
69550.056 4.0194378954802716e-10
69600.056 1.264784992809907e-10
69650.056 4.207742697411027e-10
69700.056 7.439827052139774e-10
69750.056 3.838151420456369e-10
69800.056 1.1913711974901239e-09
69850.056 1.038633444247296e-09
69900.056 5.7012082504585e-10
69950.056 5.574172966342507e-10
70000.056 7.021184158088744e-10
70050.056 1.6681421493726735e-09
70100.056 1.2725279852050169e-09
70150.056 7.910231955477581e-10
70200.056 4.920656004278097e-10
70250.056 4.648098219241243e-10
70300.056 9.72537106953931e-10
70350.056 1.0801736315098669e-09
70400.056 3.806448268198765e-10
70450.056 1.4263864386504562e-10
70500.056 4.456183428910986e-10
70550.056 4.402783493379696e-10
70600.056 5.08411554591078e-10
70650.056 8.52096057479891e-10
70700.056 1.4408186253906687e-09
70750.056 2.426544354850738e-09
70800.056 7.098614768415404e-10
70850.056 1.0865729617460826e-09
70900.056 1.6263608170858629e-09
70950.056 2.1518988137006864e-09
71000.056 1.6941324190699765e-09
71050.056 2.0819158734580267e-09
71100.056 1.3058736229198826e-09
71150.056 6.147398025447524e-10
71200.056 6.034041735798519e-10
71250.056 1.7992018900106951e-09
71300.056 2.5739101556499636e-09
71350.056 2.1135942332547013e-09
71400.056 1.3531416342196838e-09
71450.056 3.7102876889603277e-10
71500.056 5.66624932375905e-10
71550.056 6.613383314120189e-10
71600.056 6.832215720818476e-10
71650.056 3.4173174767461627e-10
71700.056 3.0887980441404483e-10
71750.056 9.018831667504131e-10
71800.056 1.6618539233799945e-09
71850.056 1.693025547950395e-09
71900.056 1.15855165334967e-09
71950.056 1.4225614660912666e-09
72000.056 9.855717565202244e-10
72050.056 4.124662425168814e-10
72100.056 5.215801998956845e-10
72150.056 1.1680210400056326e-09
72200.056 1.2293402310641478e-09
72250.056 3.0403214891002106e-09
72300.056 7.242283029711681e-10
72350.056 1.7373424944977355e-09
72400.056 1.2974953635800403e-09
72450.056 1.1764221191093011e-09
72500.056 1.5364834655601112e-09
72550.056 3.138996353728114e-10
72600.056 5.803351434910136e-10
72650.056 1.135179823298449e-09
72700.056 4.471482442137453e-10
72750.056 6.078641285979511e-10
72800.056 2.5752323993163586e-10
72850.056 4.72770047375244e-10
72900.056 1.7123487649000776e-09
72950.056 6.455133435087229e-10
73000.056 6.791290374129857e-10
73050.056 1.7973046104104942e-10
73100.056 2.519063075155066e-10
73150.056 1.303862341989844e-09
73200.056 2.3564560346202094e-10
73250.056 3.5994299499396644e-10
73300.056 1.53504768459802e-10
73350.056 1.569589481657257e-10
73400.056 4.612823800200934e-10
73450.056 1.899102904419779e-10
73500.056 9.56721491744183e-11
73550.056 2.8711872023508734e-10
73600.056 3.406628326748015e-10
73650.056 1.960992166088381e-10
73700.056 1.3425960598653267e-10
73750.056 4.265477562605657e-11
73800.056 1.7807536928517225e-10
73850.056 2.561692451498261e-10
73900.056 6.1211360764831e-11
73950.056 1.1380285532166997e-10
74000.056 3.077586643576002e-11
74050.056 2.385587906611436e-10
74100.056 3.206481555123668e-10
74150.056 1.968815855409341e-10
74200.056 3.797645593735888e-11
74250.056 1.2942876809455294e-11
74300.056 1.581721595900706e-10
74350.056 2.95584439160089e-10
74400.056 1.5505635179067152e-10
74450.056 4.231527987697128e-11
74500.056 1.9097626334573297e-11
74550.056 5.641346573264382e-11
74600.056 1.3382368846623347e-10
74650.056 1.7566637024901301e-10
74700.056 1.2205280035103813e-10
74750.056 2.1668475888081846e-11
74800.056 3.2400151711402394e-11
74850.056 2.0601170587107125e-10
74900.056 2.643512941133828e-10
74950.056 1.5101263337594826e-10
75000.056 6.78317144518692e-11
75050.056 5.552132622891063e-12
75100.056 8.451969249479167e-11
75150.056 2.90194948956099e-10
75200.056 3.1880447620995255e-10
75250.056 1.25686525359927e-10
75300.056 6.092425660200059e-11
75350.056 1.155430540983933e-11
75400.056 1.3460049944604522e-10
75450.056 3.814340208600819e-10
75500.056 2.999497380459223e-10
75550.056 1.4156885746782842e-10
75600.056 1.323854819149617e-10
75650.056 5.266637724767691e-11
75700.056 4.2967516287008243e-10
75750.056 4.6419268142031784e-10
75800.056 4.816714292061822e-10
75850.056 4.014827350544685e-10
75900.056 3.4015557367887006e-10
75950.056 7.660261926750854e-11
76000.056 5.987476843550342e-10
76050.056 9.315805617697684e-10
76100.056 6.487213618585135e-10
76150.056 6.239790836399114e-10
76200.056 3.1187105412000114e-10
76250.056 4.5790776005679945e-11
76300.056 3.3785419708007557e-10
76350.056 5.807644765700678e-10
76400.056 3.783187130739817e-10
76450.056 2.427859518400394e-10
76500.056 1.2535672397197633e-10
76550.056 2.796550489152121e-11
76600.056 6.064780998528917e-12
76650.056 9.394608510362787e-12
76700.056 1.2291096144031787e-11
76750.056 1.6946499264941716e-11
76800.056 3.379710463598929e-11
76850.056 3.767019872617171e-11
76900.056 6.361758573808218e-11
76950.056 5.0146225992385746e-11
77000.056 1.824864699189604e-10
77050.056 3.206204615419054e-11
77100.056 6.461291113389471e-11
77150.056 1.4018964508158423e-10
77200.056 5.454775008235707e-11
77250.056 2.8750402692987916e-11
77300.056 1.8039101776895767e-10
77350.056 1.1936806383661817e-10
77400.056 2.709856966597347e-10
77450.056 6.790958024036785e-10
77500.056 3.4082073531622477e-10
77550.056 1.0306188833851531e-10
77600.056 2.2748867470108095e-11
77650.056 3.907308951538862e-11
77700.056 1.778207379329357e-10
77750.056 3.011878042186976e-10
77800.056 4.718268501220453e-10
77850.056 4.4718398157985975e-10
77900.056 7.974906130367862e-11
77950.056 2.2890525599643777e-11
78000.056 8.786200800478643e-11
78050.056 1.1285474991436798e-10
78100.056 2.515254963740058e-10
78150.056 5.119832684013482e-10
78200.056 8.054028788999551e-10
78250.056 2.7216894493793354e-10
78300.056 4.033336265667839e-11
78350.056 1.4418514930248346e-10
78400.056 6.687217369051544e-11
78450.056 1.339085281396018e-10
78500.056 4.819569446626836e-10
78550.056 8.204328856099479e-10
78600.056 4.592696151999531e-10
78650.056 5.869437686602801e-11
78700.056 6.770937738273726e-11
78750.056 1.75175283013962e-10
78800.056 7.223859657065445e-11
78850.056 5.0188247061582045e-11
78900.056 1.4439561216333835e-10
78950.056 3.9620252173506995e-10
79000.056 1.906191106784662e-10
79050.056 1.7247181191027852e-10
79100.056 2.851331454510786e-10
79150.056 1.2749380063300497e-10
79200.056 1.7441459957800793e-10
79250.056 7.140152498121746e-11
79300.056 1.1436964961493965e-10
79350.056 1.7737850496799733e-10
79400.056 6.971978684351557e-11
79450.056 4.4888351651811713e-10
79500.056 9.536834365250893e-10
79550.056 6.221476557398015e-10
79600.056 2.0388246483399255e-10
79650.056 6.730360465798807e-10
79700.056 1.9777111887200366e-10
79750.056 2.1264744801306393e-10
79800.056 1.818490108795139e-10
79850.056 4.779045265711188e-10
79900.056 1.3818389792603006e-09
79950.056 2.0571166716999995e-09
